run	log_tbg	log_alphap	log_betap	b14D6_log_P	b14D6_weight	b14D7_log_P	b14D7_weight	b14D8_log_P	b14D8_weight	b15A2_log_P	b15A2_weight	b15A3_log_P	b15A3_weight	b15A5_log_P	b15A5_weight	b15A6_log_P	b15A6_weight	b15A7_log_P	b15A7_weight	b15A9_log_P	b15A9_weight	b15B1_log_P	b15B1_weight	b15B2_log_P	b15B2_weight	b15B3_log_P	b15B3_weight	b15B4_log_P	b15B4_weight	b15B5_log_P	b15B5_weight	b15B6_log_P	b15B6_weight	b15B7_log_P	b15B7_weight	b15B8_log_P	b15B8_weight	b15B9_log_P	b15B9_weight	b15C1_log_P	b15C1_weight	b15C2_log_P	b15C2_weight	b15C5_log_P	b15C5_weight
fit	-5.821840333101084	5.166191923159755	0.14959265739307084	-5.155694675723314	1.0	-5.150682473207262	1.0	-5.187031389474522	1.0	-6.581133360683236	1.0	-5.614742260079443	1.0	-4.167914860515196	1.0	-3.228060824503529	1.0	-3.67697806191349	1.0	-6.46640873077773	1.0	-10.603001385177034	1.0	-8.116469495202901	1.0	-6.873993150025237	1.0	-2.544650652965365	1.0	-4.0965135412911575	1.0	-10.245497831304267	1.0	-4.069998414810555	1.0	-6.833522718585422	1.0	-10.22216945397538	1.0	-5.671909464193591	1.0	-7.084536846683401	1.0	-5.186657736545659	1.0
samp_00	-5.6854326254889616	5.3939069735300365	0.06634604791298095	-5.1754628959121165	1.0		0.0		0.0	-6.649027655925216	2.0	-5.643316141165189	2.0		0.0	-3.220523936446826	1.0	-3.6612302155373966	1.0		0.0		0.0	-8.248581581707132	3.0		0.0	-2.539066450848734	2.0	-4.088151354346483	2.0		0.0	-4.071811781097888	1.0	-6.911259861702804	1.0	-10.382592582755754	1.0	-5.697731945977921	1.0	-7.1739842861531375	1.0	-5.212596774465107	2.0
samp_01	-5.8623473938754485	4.8598890025924435	0.2608205160266993	-5.123287566856062	1.0		0.0	-5.15574392596128	2.0		0.0		0.0	-4.163633398263492	1.0		0.0	-3.703633806878579	1.0	-6.386603992638563	1.0	-10.420541747304858	1.0	-7.976784260534507	1.0	-6.782255620712652	3.0	-2.5564604956719412	1.0	-4.108600384743614	2.0	-10.028797197994873	1.0	-4.0672860097931505	2.0		0.0	-10.026649839027444	1.0		0.0	-6.983736226947221	2.0	-5.146657706302058	1.0
samp_02	-5.163155239642518	5.530602334528898	0.08150207635300168	-5.229697253176103	1.0	-5.221219861032052	1.0		0.0	-6.786798846537802	2.0	-5.721544606808954	1.0	-4.193334616760186	2.0		0.0	-3.66861490694052	2.0		0.0		0.0	-8.486778159728493	1.0		0.0		0.0	-4.10490587801119	2.0	-10.66221157743436	1.0	-4.092784693553204	2.0	-7.0759820363433015	1.0		0.0	-5.781242145746815	1.0	-7.37032071867748	2.0	-5.26921911338641	2.0
samp_03	-5.8588017666752545	4.952305592453481	0.21016089946219363	-5.126734600862666	1.0	-5.123976401820745	2.0		0.0		0.0		0.0	-4.160319079302696	3.0	-3.2350763383368055	1.0	-3.691051392064806	1.0		0.0	-10.458864677081158	1.0	-8.004377744707625	1.0	-6.798980974364852	1.0	-2.5506746285415542	1.0	-4.100104179103158	2.0	-10.073649694563365	1.0	-4.063660714541913	1.0		0.0	-10.067307597783632	3.0	-5.6361990803223465	1.0	-7.002995307417169	1.0		0.0
samp_04	-5.362916474787955	5.495012294523732	0.03831977884667214	-5.196118776826006	2.0		0.0	-5.22653223744276	2.0	-6.713872378804547	1.0	-5.674679424940076	1.0	-4.177539657938062	1.0	-3.220766257507133	1.0	-3.6596622860092882	2.0	-6.591199347981751	2.0		0.0		0.0		0.0	-2.5388155978318063	1.0	-4.090861785205946	3.0		0.0	-4.078220258034821	2.0	-6.990576129974055	1.0		0.0	-5.730569326400757	2.0		0.0		0.0
samp_05	-5.831700310001821	5.256495143398023	0.028495177813447774		0.0		0.0	-5.1577327011439555	2.0	-6.554288370948678	2.0	-5.58249819559412	2.0	-4.147248938206697	1.0	-3.213464919921919	2.0	-3.6538773724016895	3.0	-6.4387919436943	1.0	-10.573223227708072	1.0	-8.087854277069471	2.0	-6.842170896174009	2.0	-2.5356094368809594	1.0	-4.071455741840084	1.0	-10.209449407278598	1.0		0.0		0.0		0.0		0.0		0.0		0.0
samp_06	-6.185625554519821	5.0761803589597205	0.13567629775452963		0.0	-5.116754123552251	3.0		0.0	-6.512519485565279	1.0	-5.57017240902726	1.0		0.0	-3.223536632895174	2.0	-3.6719630817854636	2.0		0.0	-10.470381420337658	1.0	-7.9805154047760505	2.0	-6.784666273532848	1.0		0.0	-4.084298666440822	2.0		0.0	-4.0547609855754825	2.0		0.0	-10.04442098167698	1.0	-5.625770396922567	1.0	-6.993577073669791	1.0	-5.150736614896332	1.0
samp_07	-5.478969532430691	5.07608774102167	0.28360031885976744	-5.201408692481295	1.0		0.0	-5.234607801552447	1.0		0.0	-5.670372166627195	2.0	-4.199996270877817	2.0	-3.2494698362198875	1.0		0.0	-6.5278303569974865	2.0		0.0	-8.22386048962624	1.0		0.0		0.0		0.0	-10.363930809015718	2.0		0.0	-6.905151519261862	1.0	-10.311634892428044	2.0	-5.7336202022223945	2.0	-7.168258739219754	2.0	-5.2283342407895095	2.0
samp_08	-5.356428135459213	5.24389537049464	0.13350765370065135	-5.181835237536201	1.0	-5.17656353531802	2.0	-5.213776666486913	1.0		0.0		0.0	-4.178110820593059	1.0	-3.2296928478816094	1.0	-3.6782367864466425	1.0	-6.531522674202872	2.0		0.0		0.0	-6.979427855175674	1.0	-2.5450027098457335	1.0	-4.1031351808229495	1.0	-10.400996767247507	2.0	-4.079216039980515	2.0	-6.916916961133104	2.0	-10.340705679373134	1.0	-5.713606096224812	2.0		0.0		0.0
samp_09	-6.239464125216098	4.779633387094286	0.3591641247534651	-5.137310462349269	1.0	-5.136351164670748	2.0	-5.170071494596868	2.0	-6.494760832815087	1.0	-5.582076631433899	1.0	-4.180720510677214	1.0		0.0	-3.7273833174987936	1.0	-6.38584889067415	1.0	-10.396608140856847	1.0	-7.933172569761503	1.0	-6.767370279914141	1.0		0.0		0.0		0.0	-4.084147594755899	3.0	-6.733523815185369	1.0	-9.9596850930737	1.0	-5.642578601207642	3.0		0.0		0.0
samp_10	-5.528728412739975	5.846878063078689	-0.08483094260786142		0.0	-5.188603943268655	1.0	-5.229629180423077	3.0	-6.778924078493695	1.0	-5.681059254671568	1.0		0.0	-3.212436169458955	2.0	-3.6399124719931533	4.0	-6.648452792016073	1.0		0.0		0.0		0.0		0.0	-4.075738119747363	2.0	-10.76419540712662	1.0		0.0	-7.064524179626307	1.0	-10.69404691441989	2.0		0.0		0.0	-5.253002283551964	2.0
samp_11	-5.12648612164002	5.3510132671066	0.12885505690082255		0.0	-5.208734492520217	2.0	-5.247120180587585	2.0	-6.729043404159943	1.0		0.0		0.0	-3.2319398039955103	3.0		0.0	-6.608237126036726	2.0		0.0	-8.384189877448184	1.0	-7.092354720164146	3.0	-2.5456538451763833	1.0		0.0	-10.535435726705295	2.0		0.0	-7.01039763629885	2.0		0.0		0.0		0.0	-5.2486678987277715	2.0
samp_12	-6.126387165991995	4.810691510359362	0.3452908341276124		0.0	-5.1405489949321685	1.0	-5.174497749324771	2.0	-6.50655671550331	1.0	-5.588523167964641	2.0		0.0	-3.2570454670937425	1.0		0.0	-6.397066243127453	1.0	-10.426596957688952	2.0	-7.960441067928691	2.0	-6.783363224766217	1.0		0.0	-4.12919959829319	1.0	-9.977800638680103	1.0	-4.084343798459971	4.0	-6.747419675467989	1.0		0.0	-5.649194881701083	1.0		0.0		0.0
samp_13	-5.057991319834304	5.576640918825421	0.04988659516007562		0.0	-5.222922337098325	1.0	-5.263114130368718	2.0		0.0		0.0		0.0	-3.225518938931371	1.0	-3.6652274767933455	1.0	-6.6804665890936	1.0		0.0	-8.517259981387454	1.0	-7.194039239357348	1.0	-2.54122311732345	1.0	-4.102275456632119	5.0		0.0	-4.091986677911224	2.0	-7.101532314718512	2.0		0.0		0.0	-7.402071010116306	1.0	-5.272571257864865	2.0
samp_14	-5.527464222446512	5.038573173219474	0.1438590849314614		0.0	-5.12620307232614	1.0	-5.1615948885044025	1.0		0.0		0.0	-4.1561625869934025	1.0	-3.227685429826368	1.0	-3.6792565459038884	1.0	-6.425681826789582	2.0		0.0	-8.075749789295543	2.0	-6.843515142291549	3.0	-2.545360837793597	1.0	-4.091514501690516	1.0	-10.173556437025205	1.0	-4.059288021909814	1.0		0.0	-10.135833040471017	1.0	-5.645226382436359	2.0	-7.047287867016549	2.0		0.0
samp_15	-5.472461850598299	5.203187923052304	0.15093399458342002		0.0	-5.170320501097041	2.0	-5.207168933510027	1.0	-6.6278947973664595	3.0	-5.642805561113681	2.0	-4.176632527488027	1.0		0.0	-3.680500304381566	1.0	-6.511276329213449	1.0		0.0	-8.216301939237006	1.0	-6.946850833362884	2.0		0.0		0.0	-10.358649223793444	1.0		0.0	-6.890842446360276	2.0	-10.306332529539857	1.0	-5.702610032478087	2.0		0.0	-5.206332081771141	1.0
samp_16	-5.999709531971215	5.202281681759216	0.14069513662096902	-5.156307244672732	1.0	-5.150719171875969	1.0	-5.187266392222076	1.0		0.0	-5.614387650814868	1.0	-4.167344979750597	1.0		0.0	-3.6734962841592194	1.0	-6.466322790832749	1.0	-10.612739826680052	2.0	-8.100305359307853	2.0		0.0	-2.5434002969942924	1.0	-4.094038452095836	2.0	-10.224214486786789	1.0	-4.069390172948705	1.0	-6.830692500473701	2.0	-10.216523789048528	1.0	-5.670030672503604	1.0		0.0	-5.188523523652822	1.0
samp_17	-5.850063414767047	5.133161886742174	0.11167307348501158		0.0	-5.126789678578218	1.0		0.0	-6.54308366571647	3.0		0.0		0.0		0.0	-3.6693739159440892	1.0	-6.429282056252424	1.0	-10.534964611273741	2.0	-8.059519811179202	1.0	-6.830566657143843	3.0	-2.541546226924209	3.0		0.0	-10.16263447457863	2.0	-4.057407481509755	1.0	-6.792541999544428	1.0	-10.148083560941231	1.0		0.0		0.0	-5.162151498215859	1.0
samp_18	-6.17400501023322	5.4290903495298455	0.03586275463132095	-5.159017889262618	1.0	-5.15036777134178	1.0	-5.188274225438167	2.0	-6.611776405961997	4.0	-5.618848797390294	1.0		0.0		0.0	-3.6524472795693788	1.0		0.0	-10.708724728898469	3.0		0.0		0.0	-2.535964989017278	2.0	-4.077751563491106	2.0	-10.298781397405518	1.0		0.0		0.0		0.0	-5.669052280965687	1.0	-7.110975950524518	1.0	-5.198010897823669	1.0
samp_19	-5.810624615693275	5.194357355037423	0.23739501633150123	-5.198982006157165	4.0	-5.1941122645672975	2.0	-5.231040328840573	2.0	-6.64458681498941	2.0	-5.666318211625154	2.0	-4.193316901089736	2.0		0.0		0.0	-6.52869928615872	1.0	-10.712133989494257	1.0		0.0		0.0	-2.5514547575509248	1.0		0.0	-10.371361988132925	1.0		0.0		0.0	-10.337883566728285	2.0		0.0	-7.156814818314495	1.0		0.0
samp_20	-5.453812413382031	5.477583790370699	0.01984583314013434		0.0		0.0		0.0	-6.683603477837155	2.0	-5.655276949446889	1.0		0.0	-3.217980510555793	1.0	-3.655862046475565	1.0	-6.561969683322626	1.0		0.0	-8.327808694979971	2.0		0.0	-2.537304049378175	1.0	-4.08486120671241	2.0	-10.506549453218629	2.0		0.0		0.0	-10.445356098909224	2.0	-5.709806025994701	1.0	-7.229425397510043	3.0	-5.221131314103125	2.0
samp_21	-5.843052970434935	5.211025467675486	0.05026303654853524		0.0	-5.119600619349366	1.0	-5.155925206421858	1.0	-6.5450896788174004	3.0		0.0		0.0	-3.2153660310164573	3.0	-3.657613974841345	1.0		0.0	-10.55047858848012	1.0	-8.069944821264587	2.0	-6.832020102245969	2.0	-2.536957564525235	1.0	-4.073919837015295	1.0	-10.181491860318935	1.0		0.0	-6.795519888207345	2.0	-10.164901223922296	1.0	-5.634146786950967	1.0		0.0		0.0
samp_22	-5.600591376013308	5.252882899073116	0.11973389836027559	-5.169451911512508	1.0		0.0	-5.200741467656365	2.0	-6.621827314729129	1.0	-5.635059608392984	3.0	-4.17160771157936	2.0		0.0	-3.6726071801310276	2.0		0.0	-10.67155147109239	1.0		0.0		0.0	-2.5429671688502866	2.0		0.0	-10.353951138481346	2.0	-4.073167596645231	2.0		0.0		0.0	-5.692658837649358	1.0	-7.142978690904328	2.0		0.0
samp_23	-5.730232647995696	4.9325625227126775	0.24491731688056978	-5.139386578845886	1.0		0.0	-5.171867658933273	2.0		0.0	-5.5921982170112186	1.0	-4.169521303589501	2.0	-3.241430992779861	3.0		0.0		0.0	-10.48302307669173	1.0		0.0	-6.824631752235703	2.0	-2.554609393792176	1.0		0.0	-10.124053059577545	2.0	-4.072451392680248	2.0	-6.779707708950289	1.0	-10.103482331414542	3.0		0.0		0.0		0.0
samp_24	-5.680941059637419	5.226707375667936	0.07041058792224407	-5.141211174904031	2.0	-5.135380102405455	1.0		0.0		0.0		0.0		0.0		0.0	-3.662794289673985	1.0	-6.459077470508819	1.0	-10.59596199181066	1.0	-8.127993095600708	2.0		0.0	-2.539015776165739	1.0	-4.081633192090835	1.0	-10.258912934424208	2.0	-4.058569289425878	1.0	-6.83016314738718	2.0	-10.22495895801809	1.0	-5.655988145459566	5.0		0.0		0.0
samp_25	-5.815533838722254	5.300581157706139	0.07068828563258363	-5.154205825141551	1.0		0.0	-5.184596303241918	1.0		0.0		0.0		0.0	-3.219314254563301	3.0	-3.661416022225932	1.0	-6.481948262105775	1.0	-10.654715559085941	1.0	-8.154428705200154	2.0		0.0		0.0	-4.083675412775802	3.0	-10.30512837605824	1.0	-4.063757870225933	1.0	-6.853710541971419	2.0	-10.276847492729843	1.0	-5.6694483924304695	2.0		0.0	-5.189066386562777	1.0
samp_26	-4.145991658509372	5.90431579655049	-0.01548212101732295	-5.364182661497161	1.0	-5.3541522539832	3.0		0.0	-7.153881862310971	1.0	-5.947704890583892	3.0		0.0	-3.2391198518325717	1.0	-3.680042301492706	1.0		0.0		0.0		0.0	-7.708265484141798	5.0	-2.5480155079471682	3.0	-4.13641707587086	1.0		0.0	-4.135327637207289	1.0	-7.491333784611828	1.0		0.0		0.0		0.0		0.0
samp_27	-5.762551378252689	5.238434844578438	0.1557110940920712	-5.176171457775885	4.0		0.0	-5.207512767926962	2.0	-6.622291039951216	1.0	-5.640886435906945	1.0		0.0		0.0	-3.677858496967385	1.0		0.0		0.0	-8.185849306476811	2.0		0.0	-2.545088905006566	2.0		0.0		0.0	-4.07830214875054	2.0		0.0	-10.307893629004528	3.0		0.0	-7.135240402077143	3.0		0.0
samp_28	-5.667848391984037	4.938542003221722	0.30537765325040117		0.0		0.0	-5.2022867390675245	1.0	-6.571917844715398	1.0	-5.62702117871973	1.0		0.0		0.0		0.0	-6.459589641933135	2.0	-10.548714319867328	2.0	-8.09978822548878	3.0	-6.873713250554499	1.0		0.0	-4.130306173973749	1.0	-10.208129414323517	4.0	-4.09095151662649	1.0		0.0	-10.176887831350815	1.0	-5.689362552815657	2.0		0.0	-5.1934133758560455	1.0
samp_29	-6.557916009333666	5.0790525133756566	0.13799450471382685	-5.117951247816009	1.0	-5.113231983723279	1.0		0.0		0.0	-5.5642933120341524	3.0	-4.149961774490109	3.0		0.0	-3.670603488217913	3.0	-6.389326692085599	1.0	-10.416927685969586	2.0		0.0	-6.761588132932772	2.0	-2.542293964679555	2.0	-4.082607903539494	1.0		0.0	-4.05347639363957	1.0		0.0		0.0		0.0		0.0	-5.147871809595333	1.0
samp_30	-6.584139523122282	4.9273478061634925	0.22048936621434745		0.0		0.0	-5.1449913166586585	2.0		0.0	-5.556740218654828	1.0		0.0		0.0	-3.68917080201376	1.0	-6.367115432040047	3.0	-10.347398842549438	1.0		0.0	-6.737514564341112	1.0		0.0	-4.095579557727411	2.0		0.0	-4.058744844310148	2.0	-6.712242355302983	1.0		0.0	-5.613365107070029	4.0	-6.942350772079467	2.0	-5.1395167710690375	1.0
samp_31	-6.54918709168615	4.85276576877211	0.28523262422696877		0.0	-5.1194241027007825	1.0	-5.153478301323176	3.0	-6.478322366960637	2.0	-5.564393603756414	4.0		0.0	-3.244615289316395	1.0		0.0	-6.369350341119851	1.0	-10.345353426201866	1.0		0.0	-6.740943629547039	3.0	-2.557681994251343	1.0		0.0		0.0	-4.068744871488585	1.0		0.0		0.0	-5.622493191267913	1.0	-6.943746015048411	1.0	-5.145426824049374	1.0
samp_32	-5.234638347347103	5.238473890953468	0.06337566427788567	-5.156464228378089	1.0	-5.151112293712978	2.0	-5.1880477420095525	1.0		0.0		0.0		0.0	-3.221769172052516	4.0	-3.666909077001256	2.0		0.0		0.0	-8.217828240400442	2.0	-6.95089418476868	4.0	-2.5404093631778655	1.0	-4.087998052509059	1.0	-10.343098146980148	1.0		0.0	-6.885023546162582	1.0		0.0		0.0		0.0	-5.188334384600436	1.0
samp_33	-5.96375827468323	4.93073733725553	0.3287839466624371	-5.170301191245779	1.0	-5.168214602203695	2.0	-5.203109798973929	1.0	-6.562019267934472	2.0	-5.624925339342261	1.0	-4.191830590315507	1.0		0.0		0.0		0.0	-10.539243885411203	2.0	-8.056260693107628	1.0	-6.848787876200659	1.0		0.0	-4.133335680434108	2.0	-10.14665788732801	1.0	-4.093673617786054	1.0	-6.808619357576248	1.0	-10.142656678532717	3.0		0.0		0.0	-5.1947447810588585	1.0
samp_34	-6.029535467964602	5.007633898665476	0.20441901947545366		0.0	-5.131898289255799	1.0		0.0	-6.526115361095895	1.0	-5.586363459184103	1.0		0.0		0.0	-3.688171948318552	2.0	-6.414289076042881	1.0	-10.488478190214707	1.0		0.0	-6.805959836134693	1.0		0.0	-4.100337799221324	1.0		0.0	-4.066550083342295	4.0	-6.770728394787089	1.0	-10.081827613693351	3.0	-5.644347668322697	2.0	-7.0123226237540495	1.0	-5.162548828708151	1.0
samp_35	-5.238089741586662	5.458946292040205	0.10576199879097055	-5.22172703425045	2.0		0.0	-5.25328618454175	1.0		0.0	-5.708588539392961	2.0	-4.191795864365383	2.0	-3.2286545449692667	2.0		0.0	-6.631776815116826	1.0		0.0	-8.432854535745482	2.0		0.0	-2.543394199889042	2.0	-4.106535489793872	1.0	-10.605547365051788	1.0	-4.091500227992311	1.0	-7.037539524054743	3.0		0.0		0.0	-7.324661058914501	1.0		0.0
samp_36	-5.612982387818109	5.059574293278914	0.1733620903084548	-5.14511633970051	1.0		0.0		0.0	-6.559446436221397	1.0	-5.602698539213965	2.0	-4.165500584720862	1.0	-3.2317953342019305	2.0	-3.6846935556133853	2.0		0.0	-10.541984188815956	1.0		0.0	-6.8616308472986995	2.0		0.0	-4.099771830274816	1.0	-10.207933254941342	2.0	-4.068047538042789	3.0	-6.813452157475677	1.0		0.0	-5.662444337972024	1.0		0.0	-5.172940342508673	1.0
samp_37	-5.825225379540316	5.150028940147469	0.13289358098350895	-5.144956586187183	1.0		0.0	-5.176172454628352	3.0		0.0	-5.6018142044437855	2.0		0.0	-3.2256104669398717	3.0	-3.673746233766714	1.0	-6.449852977846148	1.0	-10.572238937002934	1.0	-8.091791577831847	1.0		0.0		0.0		0.0	-10.209760332466518	1.0	-4.06445131282538	1.0		0.0	-10.189504261621526	1.0		0.0	-7.065074157532814	5.0		0.0
samp_38	-5.99096762959337	5.19284593367537	0.14502421821626973	-5.156108670983042	1.0		0.0	-5.187139003031247	2.0		0.0	-5.614081506009911	3.0		0.0	-3.2268196623115486	2.0	-3.6744856671651727	1.0	-6.4651234912454925	1.0	-10.608819832976359	1.0	-8.098648723834545	1.0		0.0		0.0	-4.094780602701562	1.0		0.0	-4.069665996122959	2.0		0.0	-10.213252246347183	3.0	-5.669929178012182	1.0	-7.0766523277942674	1.0	-5.188052772223746	1.0
samp_39	-5.803066523688215	5.317038025036878	0.11012970939370201		0.0	-5.1668211984484405	1.0	-5.204304392338113	1.0	-6.629261076116725	2.0	-5.638672176905845	1.0	-4.172443808890308	1.0	-3.2242425943866913	4.0		0.0	-6.511860782453286	2.0	-10.707947322049234	1.0		0.0	-6.9273782629853216	1.0	-2.541567498977399	1.0	-4.093625747505839	2.0	-10.367438320989775	1.0		0.0		0.0		0.0		0.0	-7.143384516755372	1.0	-5.20862632111323	2.0
samp_40	-6.523006976527823	4.832936901838165	0.28801804022711597	-5.117520624913629	1.0	-5.115651974237531	1.0	-5.1495760616665525	1.0		0.0		0.0	-4.16343262153599	1.0	-3.245056931601067	1.0		0.0	-6.362916772810744	2.0	-10.334485382522848	1.0	-7.883821462019789	3.0	-6.734703274460434	1.0		0.0	-4.109557962178604	3.0		0.0	-4.067372958679225	1.0	-6.707002284344984	1.0		0.0	-5.618016416134145	2.0	-6.936999546085459	1.0	-5.1410264602130855	1.0
samp_41	-6.248689221782541	4.63955787961903	0.4035817562002658		0.0		0.0	-5.148699490550171	3.0		0.0		0.0	-4.175765657366001	3.0		0.0		0.0		0.0	-10.30763728683923	5.0	-7.873135304134586	1.0	-6.723468523782582	1.0	-2.5758552011795057	1.0		0.0	-9.804180884028897	1.0		0.0	-6.689124853647125	1.0	-9.864065470195078	3.0		0.0	-6.920908316172765	2.0		0.0
samp_42	-5.813537382812562	5.2470091366569935	0.021430431253055427	-5.123134642211196	1.0		0.0		0.0	-6.5473336877497506	3.0		0.0		0.0	-3.2125109310019098	1.0	-3.6527169277283202	1.0		0.0		0.0	-8.079406109227204	3.0	-6.83535500828604	1.0		0.0	-4.069467653389678	1.0		0.0		0.0	-6.79876201087021	1.0	-10.176622550675095	1.0	-5.631130547013471	6.0	-7.048897620842954	1.0	-5.156917667606435	1.0
samp_43	-5.923427834840241	4.450804522494025	0.5521164913551023		0.0		0.0	-5.163041234074088	1.0		0.0	-5.566806989637702	2.0		0.0		0.0		0.0	-6.348609542329281	2.0	-10.308822164973641	2.0	-7.895297480050663	1.0	-6.737850372229841	3.0		0.0	-4.172084202825291	1.0	-9.886950413860484	2.0	-4.107486805656827	2.0	-6.694458103783573	1.0	-9.903302326171382	1.0	-5.631718121919468	2.0		0.0	-5.142990594752711	1.0
samp_44	-5.602262850148567	5.149582297260816	0.11155329560864802	-5.14194424143025	1.0	-5.137168781896341	1.0	-5.173332043849534	1.0		0.0		0.0	-4.159155945971327	1.0	-3.223994874350669	1.0	-3.6716176540792875	1.0	-6.453205780216675	2.0	-10.568411021692617	1.0		0.0	-6.871000806613226	2.0	-2.542347993615796	2.0		0.0	-10.23879807671353	3.0		0.0	-6.823712916336798	1.0	-10.201288969628374	2.0		0.0	-7.079201681517997	2.0		0.0
samp_45	-6.125369495783248	4.78479831558411	0.36670250097533996	-5.14392377341902	1.0	-5.14304800983121	2.0		0.0	-6.506029739255147	1.0		0.0	-4.184720761838387	1.0		0.0	-3.730187132310882	1.0		0.0	-10.422652275027481	2.0	-7.958289855186638	1.0	-6.783083025466013	1.0		0.0		0.0	-9.973466779370717	1.0	-4.087911193252761	2.0	-6.746696962050878	3.0		0.0	-5.651401771291732	1.0	-6.983588177559005	3.0	-5.16538727169659	1.0
samp_46	-6.036049087910788	5.252379457781194	0.10202884085946712	-5.151164662186228	1.0		0.0	-5.18165056499523	1.0	-6.579963862354226	3.0	-5.6087348418750675	1.0	-4.162288744705749	1.0	-3.221581483544918	2.0	-3.665611543846171	1.0	-6.464675676942467	1.0	-10.61971056814327	1.0	-8.099550634377419	1.0	-6.861913745874262	1.0	-2.5403916527387986	1.0	-4.086525087653199	1.0		0.0		0.0	-6.829446283859874	1.0	-10.220167735839905	2.0		0.0	-7.076506210736607	1.0	-5.184945486833041	1.0
samp_47	-5.894659883509249	5.485108356185778	0.07494117852728747	-5.190139826590731	3.0		0.0	-5.219887366124859	2.0	-6.676710656464417	2.0	-5.660054453992222	1.0	-4.176796207483006	1.0		0.0	-3.6597822152405217	1.0		0.0	-10.825418579483	1.0		0.0		0.0	-2.5390353632297042	3.0		0.0		0.0		0.0		0.0	-10.450162205121552	5.0		0.0	-7.197962597021573	1.0	-5.230148174467777	1.0
samp_48	-6.17136445656612	5.011179215527107	0.24128890440317716	-5.149294743022325	4.0	-5.145892712023739	1.0		0.0	-6.540550167759851	2.0	-5.601301870084815	1.0	-4.173161797660411	2.0		0.0	-3.6955261888014577	2.0		0.0	-10.510283678743741	1.0	-8.012826269447315	2.0	-6.816607808728089	1.0		0.0		0.0		0.0	-4.0756142274639116	2.0	-6.783799556530984	1.0	-10.089013059810213	1.0	-5.659239032614387	1.0		0.0		0.0
samp_49	-5.343339424750692	5.513855941539568	0.0924826098230549	-5.221695711769287	1.0	-5.213135976076782	3.0	-5.252646910004701	1.0	-6.759454716723514	2.0	-5.707609389979195	3.0	-4.190646888556975	2.0		0.0		0.0		0.0		0.0		0.0		0.0	-2.542026572713396	4.0		0.0	-10.633342845183677	2.0		0.0	-7.040953327995475	1.0	-10.561617497252216	1.0		0.0		0.0	-5.261248540531548	1.0
samp_50	-5.590741294750192	5.084930512048851	0.11264032469485347	-5.126671455617487	1.0	-5.1225397083835755	1.0	-5.158178351636342	1.0		0.0		0.0		0.0	-3.223314068601696	2.0	-3.671946925429456	1.0		0.0	-10.510885775440421	1.0	-8.074180628324298	2.0	-6.839255250984721	2.0	-2.542443242826322	1.0	-4.085173359866876	2.0	-10.175867384598336	3.0	-4.055520454579666	1.0	-6.792241258063476	1.0	-10.141970383765667	1.0	-5.640371809919139	1.0		0.0		0.0
samp_51	-5.538744149690749	5.331070140857049	0.09904174054565483		0.0	-5.173519425799367	1.0	-5.211232127349739	1.0	-6.65251274225509	1.0		0.0		0.0	-3.2246813626584925	2.0	-3.6688186261247715	1.0		0.0	-10.728934845341033	1.0	-8.259375635636932	2.0	-6.96976045744843	1.0		0.0	-4.095281939109038	1.0	-10.424298018110381	3.0		0.0	-6.91742092062945	1.0	-10.371642378844625	1.0	-5.707168151686424	1.0	-7.183629171522831	1.0	-5.215095997565027	3.0
samp_52	-6.204675312918056	5.202385953682636	0.09169823317493313	-5.13295415620032	1.0	-5.127004648406603	2.0		0.0	-6.543546891734141	1.0	-5.585322771722247	1.0	-4.153518755703164	1.0	-3.2190373286052254	2.0	-3.662876272619206	1.0	-6.429684469012009	1.0	-10.54445544372278	3.0		0.0		0.0	-2.53921721109906	1.0	-4.0801251771758364	1.0		0.0		0.0		0.0	-10.120924818539951	3.0	-5.63899718935134	1.0	-7.029269046333141	2.0		0.0
samp_53	-6.29702252965836	5.616689540585326	0.0518591447560224	-5.194543292281763	1.0	-5.18357897944189	1.0		0.0		0.0	-5.662987446947883	1.0	-4.177210029280679	1.0		0.0	-3.6522192626184644	2.0	-6.568096205745794	1.0	-10.888870743706324	3.0		0.0		0.0	-2.53694363672694	3.0	-4.085114772566346	1.0		0.0	-4.07796542802469	1.0	-6.945388391570948	1.0	-10.478060144847989	1.0		0.0		0.0	-5.238952495852962	4.0
samp_54	-6.438956113130968	4.922359569366486	0.17575761126346956	-5.0950549523429665	1.0	-5.091982290623223	2.0	-5.126317668456011	2.0		0.0		0.0		0.0	-3.226735130980792	1.0	-3.679203813396883	2.0		0.0	-10.327989615507157	3.0	-7.876594428837644	1.0	-6.718436807119532	2.0	-2.5461252583843685	1.0		0.0		0.0	-4.046661292546702	1.0		0.0	-9.859112123622337	1.0	-5.592898942219743	2.0	-6.923151504927773	1.0	-5.1211492580611555	1.0
samp_55	-5.777461690492967	5.0185087844073655	0.2876972561132838	-5.179426945273162	1.0	-5.176557002107847	1.0	-5.21213678040728	1.0		0.0		0.0	-4.191118365276006	2.0		0.0		0.0	-6.47939169782383	1.0		0.0	-8.12325998616944	3.0		0.0		0.0	-4.127796254983119	3.0		0.0	-4.092459309089558	2.0	-6.8448597798228805	1.0	-10.220743482892047	1.0	-5.700493572800075	2.0	-7.095817188769529	1.0	-5.205763487761359	2.0
samp_56	-5.608352873508609	5.570572372454897	0.03254765991723227		0.0	-5.188127812851852	1.0	-5.227542061300502	2.0	-6.717243195091851	2.0	-5.674170057755081	1.0		0.0	-3.2190218605659418	2.0	-3.6552623560045268	2.0		0.0	-10.88613914323474	1.0	-8.376793188230192	1.0		0.0	-2.537648912630293	2.0		0.0	-10.589444905465932	2.0	-4.078480758354491	1.0		0.0	-10.531164826704108	1.0		0.0	-7.26352597464771	1.0	-5.2401725677986954	2.0
samp_57	-5.468131184435478	5.15403742368905	0.26705522360034273		0.0		0.0	-5.246605204755476	1.0	-6.673232455634812	1.0	-5.687047116193552	1.0	-4.202742631540182	2.0	-3.2467191233149446	1.0		0.0	-6.556621414386687	1.0		0.0	-8.273723116093816	1.0		0.0		0.0		0.0	-10.428146004350452	4.0		0.0		0.0	-10.371739133347441	4.0	-5.749837784677277	1.0	-7.2055724095061855	2.0	-5.2424707695937895	2.0
samp_58	-6.268160919628019	5.288679325232988	0.03989298143288606	-5.130710267713703	2.0	-5.123596971339356	2.0		0.0	-6.549971989753823	1.0		0.0		0.0		0.0	-3.6530530300720803	2.0	-6.435102476931697	1.0	-10.56838350096894	3.0		0.0	-6.819617858515329	1.0	-2.535560734882571	2.0	-4.0718354904163165	2.0		0.0		0.0		0.0	-10.138265547016848	2.0	-5.63462031817515	2.0		0.0	-5.166062804960994	1.0
samp_59	-5.82719008291569	5.232314095461791	0.12371763530834695		0.0	-5.154291256428585	2.0		0.0	-6.596586857380221	1.0	-5.6209981137671265	3.0	-4.16778127657043	1.0	-3.2251436060502985	1.0		0.0		0.0	-10.639845031246985	1.0	-8.143234620032665	1.0		0.0	-2.542538032338423	2.0	-4.093073232381148	3.0	-10.28649996620728	1.0	-4.069685290820251	1.0	-6.850492350981638	1.0		0.0	-5.677109249495328	1.0	-7.1032180040486566	1.0	-5.192906062986814	1.0
samp_60	-5.771031269629524	4.974601544376298	0.2539339674423397	-5.15352600960756	1.0	-5.150888495197487	3.0	-5.18600789326169	2.0	-6.5531137577615555	2.0	-5.608857808520987	1.0	-4.176639379519849	3.0	-3.2428902806928095	1.0	-3.7020177764373914	1.0	-6.4408281091933075	1.0		0.0		0.0	-6.847217618586179	2.0		0.0		0.0		0.0		0.0		0.0	-10.146312934057145	1.0	-5.669389657825861	2.0	-7.051286376365542	1.0		0.0
samp_61	-5.3854587173782456	5.60550967193178	-0.004800618108595399	-5.19896599678227	3.0	-5.1888004994967485	1.0	-5.228505800034642	1.0	-6.737338854202699	1.0	-5.6789171621373065	3.0		0.0		0.0	-3.652424695857062	1.0	-6.6122815242913395	2.0		0.0	-8.426211889097893	1.0		0.0	-2.5366576642643417	1.0	-4.085389761544661	1.0	-10.62120840112795	3.0		0.0		0.0	-10.551655652737294	2.0		0.0	-7.302063663115462	1.0		0.0
samp_62	-5.888163619629	4.622154682386758	0.39886807337341806	-5.113963832971204	2.0	-5.114584290152501	2.0		0.0		0.0	-5.555163720884478	1.0	-4.174532869576408	3.0		0.0	-3.7419911522881026	1.0	-6.349210587381302	1.0	-10.328060625192482	1.0		0.0	-6.739952434211372	3.0		0.0	-4.1334676875613265	1.0	-9.91653796834693	1.0		0.0		0.0	-9.926852795732172	3.0	-5.618138702669388	1.0	-6.9358528486090405	1.0		0.0
samp_63	-5.790073231306563	5.185167181826902	0.2464211890798734	-5.201299590408027	1.0		0.0	-5.233481396862808	1.0	-6.647065805605855	2.0		0.0	-4.1951538109382565	2.0		0.0	-3.69627139849847	1.0	-6.5312038808330755	1.0	-10.713566580439863	1.0		0.0	-6.949466009517939	1.0	-2.552296053683744	1.0		0.0	-10.376053393752414	1.0	-4.0955146276999965	1.0	-6.904065850958092	2.0	-10.340901750651877	1.0		0.0	-7.160324792290453	1.0	-5.231954151118332	4.0
samp_64	-5.569439940573902	5.301239106774996	0.12158507284737502		0.0		0.0	-5.213109973469868	2.0	-6.64866088426546	3.0		0.0	-4.176871660299721	1.0	-3.2269508216890865	2.0		0.0	-6.530591840002404	2.0		0.0	-8.247962551204981	1.0	-6.963554957008687	1.0	-2.5431510414378558	1.0	-4.098905304129242	1.0	-10.411457759657768	1.0	-4.077970071432342	1.0	-6.912166803130977	2.0	-10.361163680125294	2.0	-5.708790706652581	1.0		0.0		0.0
samp_65	-5.566566884155223	5.255707748345173	0.11542979818413111		0.0	-5.163619404847843	2.0	-5.2007197527869575	1.0	-6.623687681962755	4.0		0.0	-4.1713115990914265	2.0		0.0	-3.672156662108555	1.0	-6.50661949821978	1.0		0.0		0.0	-6.935468616439817	2.0	-2.5427945205531004	1.0	-4.09561046110174	1.0	-10.358889961905076	1.0		0.0	-6.884940899600992	2.0	-10.311585698664452	2.0	-5.693272742788766	1.0		0.0		0.0
samp_66	-5.20246765108743	5.545950609262767	0.011464734733528565		0.0	-5.193933529572292	1.0	-5.233409550937896	2.0	-6.74335506964164	2.0	-5.686724554262605	1.0		0.0	-3.2200439541030943	2.0	-3.6576438789788863	1.0	-6.61899578935268	1.0		0.0	-8.4298730579244	1.0		0.0	-2.5382270839902867	4.0		0.0	-10.602287876225724	1.0		0.0		0.0		0.0	-5.74344718208359	2.0	-7.3171572382234755	2.0	-5.243462320066123	1.0
samp_67	-6.503658890598674	4.628596552881003	0.5267718065683462	-5.16527382841828	2.0	-5.165999095805687	1.0	-5.198836126779679	3.0		0.0		0.0	-4.2157322136573585	2.0	-3.2950734164234836	1.0		0.0		0.0	-10.37084398278131	1.0	-7.913178950180999	1.0	-6.771577405451722	2.0		0.0		0.0		0.0	-4.11900082838768	1.0	-6.739154113248531	2.0		0.0		0.0	-6.9689909480327055	1.0	-5.1830795163582355	4.0
samp_68	-5.615285769053773	5.137990559681132	0.13558658698573045	-5.148705074059175	1.0	-5.144146359078503	1.0	-5.1802958502018255	1.0	-6.575225795567717	1.0	-5.608286045480916	2.0		0.0		0.0		0.0	-6.460459025802592	1.0	-10.57908521678782	1.0		0.0	-6.87853167897569	1.0	-2.544247408646434	2.0	-4.094107507693253	2.0	-10.24907404605306	2.0	-4.06630991472867	1.0	-6.830950326188021	1.0		0.0	-5.666828410979223	2.0	-7.086438016099347	2.0		0.0
samp_69	-5.772138118603222	5.372025417953102	0.1349226831629482	-5.195485715090245	1.0	-5.188228028213286	1.0	-5.226322991132703	2.0		0.0	-5.666378705079253	1.0	-4.1829930826615245	1.0	-3.227577675316355	1.0		0.0		0.0	-10.78503027489992	1.0	-8.267190893967687	1.0		0.0	-2.5432267844478034	1.0	-4.10149841394655	4.0	-10.45858239343977	1.0	-4.083584406358508	1.0	-6.9324286251626885	1.0		0.0		0.0	-7.193863473987709	1.0	-5.231792208477657	3.0
samp_70	-5.551759148483292	5.306693571154922	0.14251887161764273	-5.1921693680279075	1.0	-5.185957239745378	1.0	-5.223646084068262	1.0	-6.665300372603034	1.0	-5.664015111859594	1.0	-4.182606637838067	1.0	-3.229639851632623	1.0	-3.6766117673195264	1.0	-6.546860616162762	1.0		0.0		0.0	-6.983857108078629	1.0	-2.5446741175742944	2.0		0.0	-10.441839705831615	1.0	-4.08331744880282	2.0	-6.930450355285222	1.0	-10.388864259135117	2.0	-5.722215227742523	1.0		0.0	-5.226175735866939	2.0
samp_71	-5.852346161234169	5.199599994024361	0.0757804001767992		0.0		0.0		0.0		0.0	-5.587949399106974	1.0	-4.152470564749116	2.0	-3.2184404646755693	1.0	-3.6623009266885496	2.0	-6.438659670472581	1.0	-10.56283443604611	2.0	-8.079059394629672	1.0	-6.841048895101852	1.0	-2.538829938041995	4.0		0.0	-10.194118862372694	2.0		0.0	-6.804011150479944	2.0		0.0		0.0	-7.053026476644915	1.0	-5.165160720729558	1.0
samp_72	-5.992457251554472	5.271926145578714	0.13886336525507437		0.0	-5.164618300752706	1.0	-5.201749243053803	1.0	-6.6115497709826645	1.0		0.0		0.0		0.0		0.0	-6.495517423485205	1.0	-10.676829032833101	2.0		0.0		0.0	-2.543136693518059	3.0	-4.0965735883532854	2.0	-10.299886438004338	1.0	-4.07480605676658	1.0	-6.863705795281634	1.0	-10.285122298843362	1.0	-5.687965579896007	1.0	-7.113849998970762	2.0	-5.204934024485035	3.0
samp_73	-6.1028108849946845	4.966944000246788	0.2599559994240648	-5.147153285449317	1.0	-5.144296995645696	2.0		0.0	-6.5338289698945	1.0	-5.598436638441716	1.0	-4.174170400898974	4.0		0.0		0.0		0.0	-10.4945597529043	2.0		0.0	-6.812184168660722	1.0	-2.5547646728881097	2.0	-4.113241831803687	2.0	-10.063634793014355	1.0	-4.076770480207169	1.0		0.0		0.0	-5.657236968806141	1.0	-7.01751466637854	1.0	-5.1731620791751975	1.0
samp_74	-5.699072841502033	5.064210582169197	0.20018096502527236	-5.155311193737027	1.0		0.0		0.0	-6.570507634141209	1.0	-5.613650797516455	1.0	-4.172242645264335	1.0	-3.2352987519151886	1.0		0.0		0.0	-10.564977648514576	1.0	-8.105343625924371	1.0	-6.869398449504469	1.0	-2.549643989034236	1.0		0.0	-10.221695384987951	2.0		0.0	-6.823531588647692	3.0	-10.191584913344022	2.0	-5.673275960557694	1.0	-7.075655277736146	3.0	-5.183227909185999	1.0
samp_75	-5.846119241289383	5.0933485121352975	0.1388224484008635	-5.133192748718365	4.0		0.0	-5.164535207038344	1.0	-6.540016260857881	1.0	-5.586988747331609	3.0		0.0		0.0	-3.6749993298122168	1.0		0.0	-10.523721512515705	1.0		0.0	-6.827850766829047	1.0	-2.5438091663310503	1.0		0.0	-10.150523879697346	1.0		0.0	-6.7890053320919215	1.0		0.0	-5.644256129564021	3.0	-7.036133182040493	3.0		0.0
samp_76	-5.426851519987379	5.051556152734608	0.24864253302497066	-5.181625523228871	1.0		0.0	-5.214641927774331	1.0	-6.614833700318338	2.0		0.0	-4.188482987101799	1.0	-3.2445841369514175	2.0		0.0	-6.500229840722401	2.0		0.0		0.0	-6.935905428394783	3.0		0.0	-4.123602011756789	2.0	-10.312319353561206	1.0	-4.089696380895932	3.0		0.0	-10.26027307908546	1.0		0.0	-7.138201371503178	1.0	-5.2081338117620355	1.0
samp_77	-6.208154594890758	5.028644796920629	0.23420641321589605		0.0	-5.146435636070604	2.0	-5.181800922665134	2.0	-6.542877015845438	1.0	-5.602263954567762	3.0	-4.172766334582646	1.0	-3.2378644152840477	1.0		0.0	-6.431035747114754	1.0	-10.515402629867463	2.0	-8.013332453061947	1.0		0.0	-2.5515816916822778	1.0		0.0		0.0	-4.07516820461868	2.0		0.0	-10.089930974718312	2.0	-5.6598202062359	2.0		0.0		0.0
samp_78	-5.8123168680249755	5.115965923918459	0.21433379195029667		0.0		0.0		0.0		0.0		0.0		0.0	-3.2369340886438414	1.0	-3.690880364196335	1.0	-6.480497574369261	3.0	-10.617448814127446	1.0	-8.131188564664502	2.0	-6.890290136052988	1.0		0.0		0.0	-10.263684920896416	1.0	-4.0815854529093745	2.0	-6.84757029446446	3.0	-10.23825746984162	3.0		0.0	-7.099012218592641	1.0	-5.200306334977971	2.0
samp_79	-5.147347810247834	5.8104556786845185	-0.07440288999700627		0.0		0.0	-5.247790161522042	1.0	-6.827957314688964	1.0	-5.710289707728498	2.0		0.0	-3.216045615331124	1.0	-3.6461902403497706	5.0	-6.696314581658109	1.0		0.0	-8.589257855036152	2.0		0.0		0.0	-4.083755449656572	1.0		0.0	-4.082897731837695	1.0		0.0		0.0		0.0	-7.436879117833914	3.0	-5.267868569329974	3.0
samp_80	-5.855129762883102	4.979559661108855	0.23174567786342623	-5.14327127536857	2.0	-5.14039706762119	1.0		0.0	-6.537816677829741	1.0		0.0	-4.169833682562301	2.0	-3.2388481134973084	1.0	-3.696007079197479	1.0	-6.425820273267582	2.0	-10.504083327931026	2.0		0.0	-6.826328628435799	2.0		0.0		0.0	-10.12657846508651	2.0		0.0	-6.785510290927819	1.0	-10.115376771985984	2.0		0.0	-7.031090203998513	2.0		0.0
samp_81	-5.207249819404927	5.214242929497208	0.09314759244504761	-5.164207585427514	1.0		0.0	-5.196180809146394	1.0	-6.625826370625016	1.0		0.0	-4.1679635038986875	1.0		0.0	-3.6729801195635687	1.0	-6.508724266930505	1.0		0.0	-8.228149504850643	1.0	-6.963489352274696	3.0	-2.5427333514389914	4.0		0.0	-10.352757008284051	1.0	-4.069737596895313	1.0	-6.894802496394213	1.0		0.0	-5.6950299020478825	2.0	-7.166392613132819	2.0		0.0
samp_82	-5.622091109685096	5.027337381315942	0.14857586709084764		0.0	-5.12258452081462	2.0		0.0	-6.529299086810766	1.0	-5.57985043416418	2.0	-4.1548194036665915	1.0	-3.2275990064228486	2.0		0.0	-6.416411333971792	1.0	-10.489028828978824	1.0		0.0	-6.827559370984311	3.0	-2.5454300304082085	2.0		0.0	-10.147087099072879	2.0		0.0	-6.781080514398827	1.0		0.0	-5.639163172437374	1.0	-7.032059871989847	2.0		0.0
samp_83	-5.133472494424875	5.713756036382453	-0.00017351524300761594		0.0		0.0	-5.261602553788646	1.0	-6.831593796628605	1.0		0.0	-4.190013206647516	1.0	-3.221183208505327	1.0	-3.655797883798063	2.0	-6.702029680918111	1.0		0.0	-8.576142373850942	1.0		0.0	-2.5385090314393435	3.0	-4.094230692744092	2.0	-10.766439875759744	2.0		0.0	-7.130543810656765	3.0		0.0		0.0	-7.43595312824992	1.0	-5.277131676036636	2.0
samp_84	-6.127962243265249	4.768799277818334	0.38819636994862283		0.0	-5.1482669222564805	4.0	-5.181974533382203	1.0	-6.509987777170988	1.0	-5.5954179100579795	2.0		0.0	-3.2654569565048366	1.0		0.0		0.0	-10.427477972082071	2.0	-7.962052871403826	1.0	-6.787424163647852	1.0		0.0		0.0	-9.978617615504255	1.0	-4.092713568392822	2.0	-6.750654293744035	2.0		0.0	-5.656850635175145	2.0		0.0	-5.169898072616942	1.0
samp_85	-6.120356067000573	4.9361936253959975	0.1799642194888596	-5.104796667879112	1.0		0.0		0.0		0.0		0.0		0.0	-3.2287297972560287	1.0	-3.6820076464132185	1.0	-6.365693188030727	3.0	-10.3901155568836	1.0		0.0	-6.749102458761834	2.0		0.0	-4.0875402230066475	2.0		0.0	-4.051398368193243	2.0	-6.716763667716988	1.0	-9.967041310446454	2.0	-5.607149316281341	2.0	-6.953692882046088	3.0		0.0
samp_86	-5.656189704285331	5.535251867959545	0.03959071851478011	-5.1928230794036265	1.0		0.0	-5.222473488986941	2.0	-6.700378672332995	1.0	-5.6667011124759465	2.0	-4.176097454125239	1.0		0.0	-3.656126028229285	2.0		0.0	-10.856438304607487	2.0	-8.34290172005871	2.0		0.0	-2.537797225367918	2.0		0.0	-10.55180899023865	3.0		0.0	-6.969254050114307	1.0		0.0		0.0		0.0	-5.234023558294564	2.0
samp_87	-5.795240570069319	5.488236144270151	0.08585702670234543	-5.197586661811048	1.0		0.0	-5.227591404920544	3.0	-6.692923810137504	2.0	-5.670423987800392	1.0	-4.1804445782830735	2.0		0.0	-3.6621994114899987	2.0	-6.5719274165260755	1.0	-10.8462869984983	1.0		0.0		0.0	-2.539965820967067	1.0	-4.093745952350272	1.0	-10.523866568853554	1.0	-4.081023740650894	1.0	-6.95714438461916	2.0		0.0		0.0		0.0	-5.237467116622898	2.0
samp_88	-5.664353292919623	5.347880842835491	0.1525541194351041	-5.2010368667910996	2.0		0.0	-5.232292190055269	1.0	-6.679839530865659	1.0		0.0	-4.186643189943739	2.0		0.0	-3.676467234751408	1.0	-6.5608727015794495	1.0		0.0	-8.288019051108117	2.0		0.0	-2.5448205879531094	2.0		0.0		0.0		0.0	-6.943977581297686	1.0	-10.425024222652162	1.0	-5.731113916406091	2.0	-7.208831922628639	1.0	-5.236347096231553	4.0
samp_89	-6.032510957561156	4.836263115562625	0.37798772339157266		0.0	-5.1639977242208	1.0		0.0	-6.540781555053348	3.0		0.0	-4.195601853918745	3.0		0.0		0.0	-6.430584404172063	1.0	-10.49076490754747	2.0		0.0	-6.823648789971698	2.0	-2.5691049779791166	1.0		0.0	-10.075671095975245	1.0		0.0	-6.784557523347586	1.0	-10.084352870756002	1.0		0.0	-7.025165002631932	3.0	-5.187349947096386	2.0
samp_90	-6.138830779515866	5.21373468058853	0.13983081841225561	-5.155783087048363	4.0	-5.149957674038959	1.0	-5.186546255130687	2.0		0.0		0.0		0.0	-3.2256845439225614	1.0	-3.672289578689774	2.0	-6.463182961356492	1.0	-10.608171901552172	1.0	-8.081290591099268	1.0		0.0		0.0		0.0		0.0	-4.06904437882203	1.0	-6.8250122879181285	2.0	-10.196902252679553	1.0	-5.6676081475872255	1.0	-7.069280410627383	2.0	-5.18848890183925	1.0
samp_91	-5.797277225507175	5.336227964729727	0.06583791916376759	-5.160321119279468	1.0	-5.153153566059214	1.0	-5.190603548984426	1.0	-6.6133497075792995	2.0	-5.622964933491689	2.0		0.0	-3.2192389506258277	2.0	-3.6605496586142467	1.0		0.0		0.0		0.0		0.0		0.0	-4.084325963093678	1.0		0.0	-4.0658851944749745	1.0	-6.870097275613968	3.0	-10.3097964981456	4.0	-5.677099866885807	1.0	-7.12620185139156	1.0		0.0
samp_92	-5.44854800048733	5.094623174543603	0.25239449004996084		0.0		0.0	-5.226389512106534	1.0	-6.636632807190221	2.0		0.0	-4.193534318867784	1.0	-3.2449528415319757	1.0		0.0	-6.521253076018907	1.0		0.0	-8.219112762060796	1.0	-6.95917800706033	2.0		0.0	-4.1263234762589835	2.0	-10.35609185902095	1.0	-4.094265452098266	1.0	-6.899305394449151	1.0	-10.302703906413631	1.0	-5.724822918771361	1.0	-7.163080425703319	2.0	-5.220942660417601	3.0
samp_93	-5.784275001256452	5.28374115306239	0.12698585805238513	-5.173787122528662	3.0	-5.1674685572403005	1.0	-5.204749362903092	1.0		0.0		0.0		0.0		0.0	-3.67180076307017	2.0	-6.50819335083672	1.0	-10.69409509960215	1.0	-8.192251089228561	1.0	-6.92408943618501	1.0	-2.54283885072792	1.0		0.0	-10.354657201820512	1.0		0.0	-6.882199533390762	1.0	-10.320646794326189	2.0		0.0	-7.13866589369245	2.0	-5.207803521733595	3.0
samp_94	-6.028687207784198	5.009553595566044	0.2137039478490913		0.0	-5.136357011685736	2.0		0.0	-6.5320641889005095	3.0		0.0		0.0		0.0		0.0	-6.420160029525176	1.0	-10.498945548617161	2.0	-8.016493636423899	2.0	-6.812505877953826	2.0	-2.5502524598733274	1.0	-4.103088575823346	1.0	-10.085550068740801	1.0		0.0	-6.776979100961675	2.0	-10.093060317085648	1.0		0.0	-7.01890686523135	2.0	-5.166939823368189	1.0
samp_95	-5.718410442001442	5.33822399245953	-0.04301885903926101		0.0		0.0		0.0		0.0		0.0		0.0	-3.207206000747618	3.0	-3.643061683863718	4.0	-6.442294278376017	2.0	-10.591050013444912	1.0	-8.114362545804818	2.0	-6.851970957040938	1.0		0.0		0.0	-10.247572507035256	2.0		0.0		0.0	-10.216965643931317	3.0	-5.628257619095194	1.0	-7.068457770127058	1.0	-5.157301157393806	1.0
samp_96	-4.25523934815651	6.124910671607672	-0.11793568782845198	-5.339364835886669	3.0	-5.324612669780569	2.0	-5.371054238733953	1.0		0.0	-5.911063669532485	1.0		0.0	-3.2311231566414698	1.0	-3.6635037026865063	2.0	-7.057946565499197	2.0		0.0		0.0	-7.763960260606692	3.0		0.0		0.0		0.0		0.0	-7.544814729061232	2.0		0.0	-5.986307088052488	2.0	-7.889866374486183	1.0	-5.394288453696419	1.0
samp_97	-6.526419141682924	5.202489010145241	0.12476803913261476	-5.141479085343734	1.0		0.0	-5.171812348665723	2.0		0.0	-5.593380269349417	2.0	-4.1595574069853605	3.0	-3.222354145662954	2.0	-3.667527938119577	2.0		0.0	-10.526938235367851	3.0	-8.001219533530227	1.0		0.0		0.0	-4.086061207487475	1.0		0.0		0.0	-6.788203316127806	2.0		0.0	-5.646483450646356	1.0		0.0	-5.174409537716131	1.0
samp_98	-6.007653158581622	5.098065048669586	0.12214541224772137	-5.1241686027714985	1.0		0.0		0.0		0.0		0.0		0.0	-3.2225958669910124	2.0	-3.6702958269067008	2.0	-6.410921752062485	1.0	-10.497912359776961	2.0		0.0		0.0		0.0	-4.083623952688775	1.0	-10.08859619705059	1.0	-4.055001935095892	3.0	-6.7693675145498275	2.0	-10.093936367233741	2.0	-5.6311794883036494	2.0	-7.012199832931956	2.0		0.0
samp_99	-5.5786467282551	4.938491160741466	0.29163000619035445	-5.165680714651832	2.0	-5.163789940963426	1.0	-5.19878807402756	1.0	-6.5707124412680935	1.0	-5.624055608178961	1.0	-4.186199026323758	1.0	-3.250365455631435	1.0		0.0	-6.4582215521499045	1.0	-10.542103883953294	1.0	-8.106129834027149	1.0	-6.877271874273198	1.0		0.0		0.0	-10.212883333884477	3.0		0.0		0.0	-10.175624449602967	1.0	-5.686835397872027	2.0	-7.078515154225247	3.0		0.0
