run	log_tbg	log_alphap	log_betap	b3D3_log_P	b3D3_weight	b7G5_log_P	b7G5_weight	b7G6_log_P	b7G6_weight	b7G7_log_P	b7G7_weight	b7G8_log_P	b7G8_weight	b7G9_log_P	b7G9_weight	b7H1_log_P	b7H1_weight	b7H2_log_P	b7H2_weight	b7H3_log_P	b7H3_weight	b7H4_log_P	b7H4_weight	b7H5_log_P	b7H5_weight	b7H6_log_P	b7H6_weight	b7H7_log_P	b7H7_weight	b7H8_log_P	b7H8_weight	b7H9_log_P	b7H9_weight	b7I1_log_P	b7I1_weight	b7I2_log_P	b7I2_weight	b7I3_log_P	b7I3_weight	b7I4_log_P	b7I4_weight	b7I5_log_P	b7I5_weight	b7I7_log_P	b7I7_weight	b7I8_log_P	b7I8_weight	b7I9_log_P	b7I9_weight
fit	-6.65278141594919	3.757705832612029	0.06849562294956434	-4.591527053465357	1.0	-9.956535948993903	1.0	-9.019281815161216	1.0	-5.135061322315092	1.0	-5.002029587048261	1.0	-2.40986843918801	1.0	-3.097087870376855	1.0	-4.862249515424544	1.0	-0.05893710660294544	1.0	-4.054965227007404	1.0	-2.570148020192039	1.0	-4.051250458049127	1.0	-6.389358755021233	1.0	-5.77548598103333	1.0	-5.3571074434182195	1.0	-11.270749039122588	1.0	-3.84448019036813	1.0	-1.59190073509514	1.0	-7.946530291201784	1.0	-3.995805673440667	1.0	-8.5312623135814	1.0	-10.939814233902286	1.0	-7.536086740664653	1.0
samp_00	-5.889665641265308	4.301886710653146	-0.15183513323493078	-4.653241051806979	1.0	-10.630534453386018	2.0		0.0	-5.241610776542611	1.0	-5.1047366217540215	2.0		0.0	-3.0572488935092283	2.0	-4.956687169630765	2.0	-0.049172735520087725	1.0	-4.095323183765165	2.0		0.0	-4.076768076931567	3.0	-6.573432592118039	2.0		0.0		0.0	-11.829298599528437	1.0		0.0	-1.565733414354361	1.0		0.0	-4.0257323850278395	2.0	-8.872037918811222	1.0		0.0		0.0
samp_01	-6.514259300305158	3.597197226898932	0.27016834455045213		0.0		0.0		0.0	-5.1718816382117705	1.0	-5.037979439708518	2.0		0.0		0.0	-4.899146277929765	4.0	-0.07960764545281945	1.0	-4.10017968641767	2.0	-2.6199279420657167	1.0		0.0	-6.419231711644842	1.0	-5.806740286332338	2.0	-5.389180210616176	3.0	-11.351144756452252	2.0	-3.8839858774366447	1.0		0.0		0.0		0.0	-8.576511277199334	1.0		0.0	-7.585531249454376	2.0
samp_02	-5.985881761724124	3.557272553580916	0.1343773111487633		0.0	-10.118163554203043	1.0	-9.065719942624643	1.0	-5.093214298652003	1.0		0.0	-2.4166847094786323	1.0	-3.1064522713844838	1.0	-4.821216047248863	1.0		0.0	-4.02911218671925	1.0	-2.5782966087662778	2.0	-4.030034573162587	2.0		0.0	-5.728361592533634	1.0	-5.309899191076486	3.0	-11.358046419098653	1.0	-3.8166548028387957	1.0	-1.605728413134354	1.0		0.0	-3.973420723499295	1.0	-8.522929014075489	1.0		0.0	-7.571148318311655	3.0
samp_03	-6.576194434639612	3.861986477242492	0.04654382381460318		0.0		0.0		0.0	-5.166176159310574	2.0	-5.032480584681094	1.0	-2.4096140521290126	2.0		0.0	-4.891303204101708	1.0	-0.05757833277014225	2.0		0.0	-2.569385576191539	3.0	-4.067431715237888	1.0		0.0	-5.812748873901111	1.0	-5.3913601563273765	1.0	-11.373483811904856	2.0	-3.863377185223138	2.0	-1.587825798302081	2.0		0.0	-4.012400016453555	1.0	-8.594754758348083	1.0		0.0	-7.595904441355634	1.0
samp_04	-7.224404079555573	3.8150727730400935	0.016622612618819553	-4.582699867801678	1.0	-9.65260093556157	1.0	-8.9059924915897	1.0	-5.128255286174424	1.0		0.0	-2.4003877269933827	1.0		0.0	-4.8561606636782395	2.0	-0.0545588724351656	1.0	-4.046535717595169	1.0	-2.5593804307603154	2.0	-4.040971160445857	1.0	-6.379858524224645	1.0		0.0		0.0	-11.091844340058428	1.0		0.0	-1.5836712429553617	2.0	-7.907468616360048	2.0	-3.9863476308280466	1.0	-8.475199640748425	1.0	-10.860841240923927	3.0		0.0
samp_05	-5.922328683857819	4.555408059652682	-0.2120508482222009	-4.681880661708083	1.0	-10.822578817870472	1.0	-9.649507163211851	1.0	-5.294927932132034	1.0	-5.15677283392477	1.0	-2.391259579269631	1.0	-3.048033740398939	2.0	-5.004274954487734	1.0		0.0	-4.116031038686004	1.0	-2.5442704609896762	1.0	-4.08947756392441	1.0		0.0	-6.000770682434216	1.0	-5.549992311598055	1.0		0.0	-3.919493448768689	1.0	-1.562206478298741	2.0	-8.389898588266213	2.0	-4.041309239826586	1.0	-9.019206749123917	3.0		0.0		0.0
samp_06	-5.76654973906367	4.380664030487798	-0.18214030894266633		0.0	-10.718063436028313	3.0		0.0	-5.256901099323171	1.0	-5.119169076391848	1.0		0.0	-3.0524439829066803	5.0		0.0	-0.04878373839999487	1.0	-4.099662071112847	2.0	-2.5441253094320264	1.0	-4.078693139163474	1.0	-6.605501757960808	1.0	-5.9481632093054495	1.0		0.0	-11.9310754747883	1.0	-3.899325766903067	1.0	-1.5637055330108134	3.0		0.0		0.0	-8.92842827154421	1.0		0.0		0.0
samp_07	-6.907026553958708	4.155525207442161	-0.048936377388746025		0.0		0.0		0.0	-5.22574811713969	1.0	-5.091457184508542	2.0		0.0	-3.0773881929127365	1.0		0.0	-0.052936026711484105	1.0	-4.100810922861667	1.0		0.0	-4.086722952200966	1.0	-6.514469334447825	1.0	-5.888648308089875	3.0	-5.461239582355069	1.0	-11.477642739317021	4.0	-3.89497101531994	1.0	-1.5745958759208132	1.0	-8.086886017454693	1.0	-4.034008924719326	1.0	-8.67948020102723	1.0	-11.147661229043505	2.0		0.0
samp_08	-6.278331363999837	3.838175571005689	0.02946212180335052	-4.6017381067823315	1.0	-10.186054900651017	2.0		0.0		0.0	-5.017744276236755	1.0	-2.4052683906407455	1.0	-3.0899094324692724	1.0		0.0	-0.05610379945629066	2.0	-4.061312525600488	1.0	-2.5647263838475	1.0	-4.0557096987472026	2.0		0.0	-5.798667599006801	3.0	-5.376274016292968	1.0		0.0		0.0	-1.5859624427129015	1.0		0.0	-4.000683836602938	2.0	-8.607425688729544	2.0	-11.025490505988937	1.0	-7.622938559448023	1.0
samp_09	-7.747268045138109	4.006088306889493	0.04403251878105194		0.0		0.0		0.0	-5.212451799451243	1.0		0.0	-2.4132674094234443	2.0	-3.0994148260162375	1.0	-4.936506710156098	3.0		0.0	-4.104543497628543	2.0		0.0	-4.09496633526636	2.0	-6.478115242977408	2.0	-5.863159255189299	1.0	-5.4420646714977385	1.0		0.0	-3.895143514548154	2.0		0.0	-7.999388753334687	1.0	-4.040649063953757	1.0	-8.560400812743204	2.0	-10.942286681953968	2.0		0.0
samp_10	-6.609622230814481	3.799817047550856	0.05423260960058724		0.0		0.0		0.0	-5.14514367694132	3.0		0.0	-2.408583391637473	1.0	-3.0950224413859857	2.0	-4.871582792005451	2.0	-0.05785740521196818	2.0	-4.060331426695517	3.0	-2.568543533920941	1.0	-4.055640989868414	2.0		0.0	-5.787990712341008	1.0		0.0	-11.310562077247827	1.0		0.0		0.0	-7.966950093498185	2.0	-4.000419639792726	1.0	-8.554572006015963	1.0		0.0	-7.558296679523095	1.0
samp_11	-7.485784613677126	2.513358758277033	1.0218070229208558	-4.5685795434852094	1.0		0.0		0.0	-5.059859617488111	2.0	-4.92875205062339	1.0		0.0	-3.3224683667527763	1.0	-4.7978161782300175	1.0		0.0		0.0		0.0	-4.0863386066914025	1.0	-6.250421527251243	1.0	-5.6608029006613645	3.0	-5.258372611310368	2.0	-10.688183321981986	1.0	-3.851409159922909	1.0		0.0		0.0	-4.026750086578611	2.0	-8.290531047615765	1.0	-10.571871495258266	2.0	-7.319122593702432	3.0
samp_12	-6.193959099077224	4.253014743770822	-0.10770407488624577		0.0	-10.522630514150176	2.0		0.0	-5.240196027045438	1.0	-5.104239065619155	1.0	-2.3957382530140108	3.0	-3.065867054182884	2.0		0.0		0.0		0.0	-2.5514936743475194	2.0	-4.083594050172585	1.0		0.0	-5.915540152808791	3.0	-5.48015278940357	2.0		0.0	-3.8968794656604397	1.0	-1.569261318903856	2.0		0.0	-4.031877214600468	1.0	-8.819198565152833	1.0	-11.277728613996528	1.0		0.0
samp_13	-6.66624084594768	4.043721490899495	0.01403603809858819	-4.65393453714903	3.0	-10.208312131600001	1.0		0.0		0.0	-5.083975055650378	1.0	-2.409370998094185	2.0		0.0	-4.940292497786724	1.0	-0.05619046966032736	1.0	-4.103227226540921	1.0	-2.5680898184196	2.0	-4.0926793607674465	1.0	-6.500198011613626	1.0	-5.875822100769265	1.0	-5.449820047852789	2.0		0.0	-3.8943402958073947	2.0	-1.5821556160286547	1.0	-8.083505947436608	1.0		0.0	-8.681841267246154	1.0	-11.13707384453349	1.0		0.0
samp_14	-6.953452656672648	-13.92369258922695	17.287831329373265	-4.5448117569351405	2.0	-9.35558719305879	3.0	-8.645920831990683	3.0		0.0	-4.879244236662003	1.0		0.0		0.0		0.0		0.0	-4.073799548132223	1.0		0.0	-4.10029888104004	3.0	-6.177446805887902	1.0		0.0	-5.196813951005031	2.0		0.0	-3.8624684074237305	1.0		0.0		0.0	-4.041329971450568	2.0	-8.225892649590396	1.0	-10.521980892819366	2.0	-7.262738139832653	1.0
samp_15	-5.817143062503922	4.032306479759595	-0.03204716805225178		0.0	-10.498203295007075	2.0		0.0		0.0		0.0	-2.4017586474456163	4.0	-3.0816940886610986	2.0	-4.923885681334355	1.0		0.0	-4.086683717315828	3.0		0.0	-4.0764172106716705	1.0		0.0	-5.868643083373823	2.0	-5.4360355240064315	1.0	-11.719448429675086	1.0	-3.8783032676082256	1.0	-1.577736123606386	2.0		0.0	-4.022364493804804	1.0	-8.76839780270048	1.0		0.0	-7.839296427386477	1.0
samp_16	-7.222769613677001	3.795224740330543	-0.005510848830609465	-4.56575324403545	3.0	-9.614301006298668	2.0	-8.878374971373887	1.0	-5.109574855057791	1.0	-4.977702271458959	1.0		0.0	-3.0736374921234955	1.0	-4.838218526565301	1.0		0.0		0.0		0.0	-4.026425963581499	1.0		0.0	-5.749015521436827	2.0	-5.332804504909884	1.0		0.0		0.0	-1.5806193813080824	1.0	-7.884300632906577	1.0	-3.9719816152336938	1.0	-8.450529292030836	3.0	-10.825659085288283	3.0		0.0
samp_17	-7.790398950130281	3.8875364119179925	-0.005964902429033912		0.0		0.0		0.0	-5.142997070413953	1.0	-5.010961333559089	1.0	-2.3987214317839847	1.0		0.0	-4.870436362434041	1.0	-0.053220059838922334	1.0		0.0	-2.5571431104334184	1.0	-4.04746456339523	1.0	-6.396612728059643	2.0	-5.786154828404814	1.0	-5.368918118805303	2.0		0.0		0.0	-1.5801685904055922	3.0	-7.907933507661301	2.0	-3.993367417605856	3.0	-8.463187403516486	1.0	-10.789810618825973	1.0	-7.471780903848883	1.0
samp_18	-5.931167531031549	4.046433053249495	-0.0637278849846514	-4.624928627351946	1.0	-10.442179421421804	2.0	-9.323182965702886	1.0	-5.191560373996816	2.0	-5.055941845209081	2.0		0.0		0.0	-4.9117783195614155	1.0		0.0		0.0	-2.5533733095294493	4.0	-4.064875888878474	1.0	-6.489402721482888	1.0	-5.854416173805537	3.0		0.0	-11.653264162476745	1.0		0.0	-1.573933201304277	1.0		0.0		0.0	-8.739053997391695	2.0		0.0	-7.787764464641989	1.0
samp_19	-6.596454068033667	4.065023163625	-0.009621980298080706	-4.649237244477654	2.0	-10.242996984375031	1.0	-9.213503383707597	1.0	-5.215418135548659	1.0	-5.080812125670441	2.0	-2.4057218094811286	1.0		0.0	-4.936884580816856	2.0	-0.05474806221597183	1.0	-4.098489729716693	2.0		0.0	-4.087204068904518	1.0		0.0		0.0	-5.447543457385723	1.0	-11.512207066615591	1.0	-3.8905012693840844	1.0	-1.579377044582332	2.0	-8.089744442370575	1.0		0.0	-8.690466314550966	2.0	-11.144038973482923	1.0		0.0
samp_20	-7.409313778644011	3.1456480796495816	0.447225075861174		0.0	-9.370856929083143	1.0	-8.728339712538126	2.0	-5.060987216679833	1.0	-4.929540441793742	2.0	-2.4870481609032953	2.0		0.0		0.0		0.0	-4.033455374286339	2.0		0.0	-4.042339959333176	2.0		0.0		0.0		0.0	-10.776341813106848	1.0	-3.8175729653783708	1.0		0.0	-7.771818616326995	1.0	-3.9840161437805626	1.0	-8.325999666024689	3.0	-10.631372489440198	3.0	-7.347802199561612	1.0
samp_21	-5.801142008080828	4.211283161705284	-0.06379997060718402		0.0	-10.655280137971763	1.0	-9.497882790523418	3.0	-5.256129972481209	2.0	-5.1183322603422905	1.0		0.0	-3.0779176316775034	1.0	-4.970852118608965	1.0	-0.05308192043262476	2.0		0.0	-2.5591066689115145	2.0	-4.097734698889332	3.0	-6.582629478219502	1.0	-5.934301495824138	1.0	-5.494605246646238	1.0		0.0	-3.9062146167421083	1.0	-1.5739527921551781	1.0	-8.270076640094642	1.0	-4.0448689914881735	1.0		0.0		0.0		0.0
samp_22	-7.356578424190418	3.999865084753892	-0.056748249354130385		0.0		0.0	-8.9565652476409	2.0	-5.162134571615161	2.0	-5.02961014075858	1.0	-2.393806978055645	1.0	-3.069280715821429	1.0	-4.887624574177861	2.0		0.0		0.0	-2.551016106678686	2.0		0.0		0.0	-5.812509897697945	2.0	-5.3918742004147315	1.0	-11.156885141647809	1.0		0.0	-1.5737744565016392	1.0	-7.9603157713311035	2.0		0.0	-8.52887622918795	2.0	-10.932482181097289	3.0		0.0
samp_23	-6.065452944577611	3.9756779627506273	-0.042277445919060366	-4.6123992254725525	2.0	-10.342521588392804	1.0	-9.249432385718745	2.0		0.0	-5.037905948569143	1.0		0.0	-3.0751700214175015	3.0	-4.894981801784003	3.0	-0.051873277985037436	1.0	-4.066985765925447	1.0		0.0	-4.057747031309338	1.0	-6.458515912909962	1.0	-5.829388784112423	1.0		0.0	-11.55521828123927	1.0	-3.8594758098372224	1.0	-1.576323262709616	1.0		0.0	-4.003817084807875	1.0	-8.683677685526318	1.0		0.0	-7.714491713242789	1.0
samp_24	-7.373509529542115	3.657271951776723	0.07418434807409156	-4.557451756044516	1.0	-9.4965337461807	1.0	-8.818073244059402	1.0		0.0	-4.9614348714173815	1.0	-2.4053995780247845	1.0	-3.0903179078126093	1.0		0.0		0.0	-4.0274234568763125	1.0	-2.5655545250123204	3.0		0.0		0.0	-5.725859369622119	5.0	-5.312357968664847	1.0		0.0	-3.8175667740897707	1.0	-1.5933536454418982	1.0	-7.845665319230665	1.0		0.0	-8.405678969320407	1.0	-10.750666152526994	2.0	-7.4169725878452555	1.0
samp_25	-7.346519451654355	3.523498343865223	0.14928580828787313	-4.546881021334146	3.0		0.0	-8.78514061830468	3.0	-5.075368660596291	1.0	-4.943829085833198	1.0	-2.417036509077179	1.0		0.0		0.0	-0.0665895169681657	1.0	-4.020867771455197	1.0	-2.5786929087334447	2.0	-4.021968996670683	1.0	-6.305696544624028	1.0		0.0	-5.291188082238442	1.0	-10.881913306752207	1.0		0.0		0.0	-7.815745942425705	2.0		0.0	-8.374300470626423	1.0	-10.707232822210493	2.0	-7.388959429367543	1.0
samp_26	-7.134433882975543	3.052699586661855	0.1619348753685029	-4.372716021187539	1.0	-9.164912454751333	3.0	-8.527912828497612	2.0	-4.87929869877558	1.0		0.0		0.0	-3.0381388586806635	2.0		0.0	-0.06865933323424521	1.0	-3.866706439162642	1.0		0.0	-3.8742761412461535	2.0		0.0	-5.4904446418978035	1.0	-5.086087897107512	1.0		0.0		0.0	-1.6125407140238601	3.0		0.0	-3.8177995122500756	1.0		0.0	-10.38064072847861	2.0	-7.1573594307653305	2.0
samp_27	-6.209474172521543	4.158964747761066	-0.07395480005142992		0.0	-10.451163448648158	2.0	-9.344266179951981	2.0	-5.223149224738839	3.0		0.0	-2.3980270851853347	3.0	-3.0723613654854827	1.0		0.0		0.0		0.0	-2.554687652036316	1.0	-4.0805698176757	1.0	-6.526730820800282	3.0		0.0	-5.459163267576178	2.0		0.0		0.0		0.0		0.0	-4.027888205096589	2.0	-8.772219311972774	2.0	-11.222657200552455	1.0		0.0
samp_28	-6.537094885249407	4.051660814447456	0.037357998313912164		0.0	-10.31182410571682	1.0	-9.25799567086114	1.0		0.0	-5.0994918056897	2.0	-2.4141492949714576	3.0		0.0	-4.955357788352099	2.0	-0.0578916992441901	2.0		0.0		0.0	-4.104869780777112	1.0	-6.520558945676772	2.0	-5.893746672704985	1.0	-5.466234516837507	2.0		0.0	-3.905342258462164	1.0	-1.5848335482955054	1.0	-8.118288790222087	2.0		0.0	-8.723009443872279	1.0	-11.18111106276755	1.0		0.0
samp_29	-6.644904814134446	3.842407734944948	0.036155945814116706		0.0	-10.018250560443228	1.0	-9.061004414339543	1.0		0.0	-5.019334060246682	1.0		0.0	-3.0914087048271828	1.0	-4.878562638865499	2.0	-0.05658682159967461	2.0	-4.063678086190137	1.0		0.0		0.0	-6.414168202492644	1.0	-5.797537091072099	1.0	-5.377249913161497	1.0	-11.324452740061218	3.0		0.0	-1.5864726818033312	1.0	-7.978046109768201	3.0		0.0	-8.566061221600538	2.0	-10.985337376668951	1.0	-7.567422517963471	1.0
samp_30	-7.47576434087986	3.7141674314588022	0.04427464425974158	-4.562089833402251	2.0		0.0	-8.820853224844784	1.0		0.0		0.0		0.0	-3.0842987873769636	2.0	-4.830588080897454	1.0	-0.05619938585999062	2.0	-4.030439660333793	2.0		0.0	-4.027111287222395	1.0		0.0	-5.735916549477405	1.0	-5.321694960545215	1.0	-10.915272390810365	1.0	-3.8213992593662067	2.0	-1.5881820814349303	3.0		0.0		0.0		0.0	-10.753858350600641	3.0	-7.424666530601675	1.0
samp_31	-6.912991466214501	3.996319636101793	0.009121288504888051		0.0	-10.005650063912	1.0	-9.09234359793698	1.0	-5.196090236959909	1.0	-5.0623553525271605	2.0		0.0	-3.0894359043594632	1.0	-4.919693942210537	1.0	-0.05559649177774262	1.0	-4.089415432576768	1.0		0.0	-4.07986644426309	1.0	-6.468402484375118	1.0	-5.848725570146132	1.0	-5.425649345416478	1.0	-11.373284348072117	3.0	-3.8809247764987846	2.0	-1.5817905856009709	2.0		0.0		0.0		0.0	-11.058345780631097	3.0		0.0
samp_32	-6.900314046608181	4.2819376788662655	-0.14810377592165552	-4.639885997283023	3.0		0.0		0.0		0.0	-5.087111364887559	2.0	-2.389677174882839	1.0	-3.054894942073164	3.0	-4.940957379629883	2.0		0.0		0.0		0.0	-4.068839309695775	1.0		0.0	-5.892134391506712	1.0		0.0	-11.50716037370906	2.0	-3.886322468874832	2.0		0.0	-8.102315179426645	1.0	-4.018149264283586	2.0	-8.697417057460775	2.0	-11.172554362773523	1.0		0.0
samp_33	-6.869433102962555	3.390488835092115	0.33069306731797377	-4.588590673174724	1.0		0.0	-8.897111349835932	1.0		0.0	-4.979395629938225	3.0	-2.4634422549271586	1.0		0.0		0.0		0.0	-4.062892989008138	1.0	-2.6289487648156737	1.0		0.0	-6.34009426005855	1.0	-5.7362740666813945	1.0	-5.324344975812513	1.0	-11.101605470694764	3.0	-3.8471183359136316	1.0		0.0	-7.870307727450052	1.0	-4.009968757675981	2.0	-8.442685886709478	2.0	-10.822419707927349	1.0	-7.455482981851851	2.0
samp_34	-5.536848104856963	4.180483545937526	-0.04331487863335517	-4.6799533132671876	2.0		0.0	-9.539329151889937	1.0		0.0		0.0	-2.4055078024023713	1.0	-3.0842480056124084	1.0	-4.976180823907135	2.0	-0.05433088212986983	1.0	-4.117849776884378	1.0		0.0	-4.1040158175805805	2.0	-6.598963727403589	1.0		0.0	-5.500693798344346	3.0		0.0	-3.909409103214941	3.0	-1.57649692585268	3.0	-8.308120158177244	1.0		0.0		0.0		0.0	-8.068168257237122	1.0
samp_35	-6.557830272352385	4.017597832593974	0.044772919352334226		0.0	-10.271062353948773	1.0	-9.230147833539586	1.0	-5.22534836619904	2.0	-5.0904168319713055	1.0		0.0		0.0		0.0	-0.05823609178998084	2.0	-4.110645362655456	3.0		0.0	-4.101084063978816	1.0		0.0	-5.88200756833875	1.0	-5.455671311752227	1.0		0.0	-3.9004037512100993	2.0	-1.586059607783278	2.0	-8.099215154736859	4.0		0.0	-8.701405714820947	1.0	-11.155154490307408	1.0		0.0
samp_36	-6.135037044532867	4.090237323232126	-0.01213676960339247	-4.659645883691293	1.0	-10.471836300593957	1.0		0.0	-5.230219188832286	1.0	-5.094213812125816	2.0	-2.4067529239963252	1.0		0.0		0.0	-0.055006458458837	2.0		0.0		0.0	-4.09385810998622	5.0	-6.529603563637028	2.0	-5.895072926833668	1.0	-5.463520866058109	1.0	-11.66930278186739	1.0	-3.8970730106940654	1.0	-1.57933324494603	1.0	-8.166817618770306	1.0	-4.040018346750514	1.0	-8.779485587931978	1.0		0.0		0.0
samp_37	-7.0272408826086865	4.13858860321083	-0.139166661976435	-4.606255345091044	3.0		0.0	-9.060388001666297	1.0	-5.174328743543366	1.0		0.0		0.0	-3.0524323840513676	3.0	-4.897819886196604	2.0	-0.04709255807944883	1.0		0.0	-2.540595811931562	1.0		0.0	-6.456862657024987	2.0		0.0	-5.409296807513967	2.0	-11.332077766391025	1.0		0.0	-1.5652340101549755	1.0	-8.013153261244891	3.0		0.0	-8.595597230451599	1.0	-11.036378451155299	1.0		0.0
samp_38	-5.976742555924598	3.764843655148803	0.01379192461888849		0.0	-10.21231689863486	2.0	-9.139150387882848	2.0	-5.118802105419533	2.0	-4.984787082809314	1.0	-2.3986413384818945	1.0	-3.080749447988673	2.0	-4.844453938238112	2.0	-0.05433717655970864	2.0		0.0	-2.5577706500855437	1.0		0.0	-6.385655018135269	2.0		0.0		0.0	-11.442867654416904	1.0		0.0	-1.5843336311580554	1.0		0.0		0.0	-8.584781276708762	2.0		0.0	-7.630566774357868	2.0
samp_39	-6.85734302058733	3.0877170712182638	0.2244183270150058	-4.418054200916581	1.0	-9.346742767520182	1.0		0.0	-4.926728104061872	1.0		0.0		0.0		0.0		0.0	-0.07961764585816866	1.0	-3.9088565295819	2.0	-2.561264065680683	1.0		0.0	-6.1360369009972695	1.0		0.0	-5.133938947097587	2.0	-10.707682425754147	2.0	-3.6978840744790498	1.0	-1.6296565356657822	2.0	-7.642027578462308	1.0		0.0	-8.199512556714607	1.0	-10.494367542941914	1.0	-7.2272364894138645	5.0
samp_40	-5.7189638662579565	4.156129062267699	-0.08890788596653686		0.0	-10.597904086947732	1.0	-9.44272885209523	2.0	-5.225131638675142	1.0		0.0	-2.396455903232878	1.0	-3.070287189606859	3.0	-4.941538339719672	3.0	-0.05107365263868603	1.0	-4.092093479207658	2.0		0.0	-4.078225751544226	1.0	-6.545185197085655	2.0	-5.899161241975016	2.0	-5.461372457773259	1.0		0.0		0.0		0.0		0.0	-4.025345328525144	1.0	-8.832766355700706	1.0		0.0	-7.927822436301291	1.0
samp_41	-7.303100272593371	3.859864301782889	0.018659518001455423	-4.597647167631943	2.0		0.0	-8.923536806930574	1.0	-5.146315949427801	1.0		0.0	-2.402871031727365	1.0	-3.0856624950160474	2.0	-4.873407917098047	1.0	-0.055075948814224625	2.0	-4.05895982996982	1.0		0.0	-4.052461095856144	5.0		0.0		0.0	-5.371381524281739	1.0	-11.11039717183118	1.0		0.0		0.0	-7.9287316967396855	1.0	-3.997939976629776	2.0		0.0	-10.886946696022985	2.0		0.0
samp_42	-7.453129450834897	3.8975866336092784	0.05638779894417194	-4.6269646477303725	1.0	-9.654787292352049	1.0		0.0		0.0	-5.045856826936163	3.0	-2.4123885051397367	1.0	-3.099636287102747	1.0	-4.904688758537613	1.0	-0.05832645513218743	2.0		0.0		0.0	-4.0773671892595225	1.0	-6.436536630839888	1.0		0.0	-5.404881060381677	1.0		0.0	-3.874399610148663	3.0	-1.5883983991702293	2.0	-7.962075346561498	2.0		0.0		0.0	-10.923360785368688	3.0		0.0
samp_43	-7.5211552782936595	3.301790545451552	0.40731904763301036	-4.590652547480425	2.0	-9.423625364204176	1.0		0.0	-5.108942677848276	1.0	-4.977050516469562	1.0		0.0	-3.187226476195279	1.0	-4.841547398189835	2.0		0.0		0.0		0.0	-4.075013610809258	2.0	-6.327396994148063	3.0		0.0	-5.319435823342656	1.0		0.0	-3.8518639837948	1.0		0.0	-7.829528559858986	1.0	-4.016771047257287	2.0	-8.384606983655006	2.0	-10.704733685257455	2.0	-7.403029491569637	1.0
samp_44	-7.226004935205627	3.9972321022008948	-0.11003941776965694	-4.578973510549129	3.0	-9.703720275403931	1.0		0.0	-5.135725745350303	2.0	-5.003701439472159	1.0	-2.3836303050856795	1.0	-3.0536905909364456	2.0		0.0		0.0		0.0	-2.539738301050542	1.0	-4.029020302673407	1.0	-6.401683359989831	3.0	-5.785692600823396	1.0		0.0	-11.148458283423754	1.0		0.0	-1.567509221711529	1.0	-7.936719658012358	1.0		0.0	-8.50717388795913	1.0	-10.907706380589289	3.0		0.0
samp_45	-7.052898394918749	4.300162585901505	-0.12342216682713204	-4.654819814670963	2.0		0.0		0.0		0.0	-5.103865965656833	1.0		0.0	-3.0610329116131574	2.0	-4.957273782419708	3.0	-0.05010880924770743	1.0	-4.099635610745512	1.0		0.0		0.0		0.0	-5.910225239501466	1.0	-5.479606553095295	1.0	-11.506820681148007	1.0	-3.897908169356809	2.0	-1.5673554401516738	5.0		0.0		0.0	-8.704320910590624	2.0	-11.18862537972667	1.0		0.0
samp_46	-6.6121519521694125	3.9454343180600815	0.03871567214235397	-4.637110680222888	3.0	-10.154012734920236	1.0	-9.15201816672314	1.0		0.0	-5.060081597113366	2.0		0.0	-3.0972662451517454	1.0	-4.917739743098426	1.0	-0.057376248293729656	2.0	-4.090827374604694	1.0	-2.570546559991967	1.0	-4.082861705415825	1.0	-6.466828393273816	2.0	-5.845686355985122	1.0	-5.422119266847817	1.0	-11.43765506960841	2.0	-3.8809409558515084	1.0		0.0		0.0		0.0	-8.6402901745119	1.0	-11.080220053832939	1.0		0.0
samp_47	-7.343691999595355	3.6365316983261473	0.2099594349926578	-4.616295442052469	1.0	-9.610010227468242	1.0		0.0	-5.152058111286283	2.0		0.0		0.0		0.0	-4.880924721855905	1.0	-0.07260005285809491	2.0		0.0	-2.6028568055026016	1.0		0.0		0.0	-5.784843656691591	2.0	-5.370415162493	4.0		0.0	-3.8678331019426984	2.0		0.0	-7.910594696667879	1.0		0.0	-8.474863209382777	3.0	-10.852513930878958	2.0	-7.483185944305132	1.0
samp_48	-6.676643223854889	3.6250720261597187	0.2113899999102014	-4.615928908436269	1.0	-9.955240733650516	1.0		0.0	-5.15231989491507	1.0	-5.018973934223368	2.0		0.0	-3.1398229974137366	1.0	-4.880192284259925	1.0		0.0	-4.080904403414086	4.0	-2.6033445963371147	1.0	-4.081140400124492	2.0	-6.398068192685445	1.0		0.0	-5.370452548261046	2.0	-11.27392285191975	1.0	-3.866459108374904	1.0		0.0		0.0	-4.02412986382529	1.0	-8.535642078761931	1.0	-10.94542717556259	1.0	-7.542080014007868	1.0
samp_49	-6.021736394768418	4.187068362097653	-0.07327822042770145	-4.658608222031895	1.0	-10.549757466803033	3.0		0.0	-5.23725565170411	1.0		0.0	-2.3994422080859135	2.0		0.0		0.0		0.0	-4.102176315236242	2.0	-2.5560969937313867	2.0	-4.087417863588498	1.0		0.0	-5.909906525673264	2.0		0.0		0.0		0.0	-1.5727796954299043	1.0	-8.20851697265107	2.0	-4.034741381469624	4.0	-8.823983607142674	1.0	-11.27843313234167	1.0		0.0
samp_50	-5.469174814255457	4.192178961443301	-0.0817676807130591	-4.666125967632143	1.0	-10.718463070345909	1.0	-9.526742570165968	1.0		0.0	-5.110948067188547	1.0	-2.399715694839301	2.0	-3.074687674602775	3.0	-4.96303204241302	2.0	-0.052197893324196235	1.0	-4.10557279395969	3.0		0.0		0.0	-6.5885423799831235	1.0	-5.93212259638758	2.0	-5.488039295103538	2.0		0.0		0.0		0.0	-8.29856440300055	1.0	-4.038005021617505	1.0		0.0		0.0	-8.073716436349526	1.0
samp_51	-7.5870661685523215	3.5022543966353394	0.2580509357181187		0.0		0.0	-8.808734451775392	2.0	-5.11958065381769	1.0	-4.987562326948214	2.0	-2.4465753545306175	3.0		0.0	-4.850508291656765	2.0		0.0	-4.063286073262002	1.0	-2.6108620452589726	1.0		0.0	-6.348343129574726	1.0		0.0		0.0		0.0	-3.8488791847455186	2.0		0.0	-7.853404338566569	4.0	-4.0085446692448174	2.0		0.0	-10.733563650615482	1.0	-7.424185589535571	1.0
samp_52	-6.319229553413677	3.6746406230411193	0.12827831716340354	-4.594874469130393	2.0	-10.097718778556933	2.0	-9.080492030446115	1.0	-5.134665893337801	1.0	-5.001020269578966	1.0	-2.4208424547922407	1.0	-3.1133063407547827	1.0	-4.861681913110695	1.0		0.0	-4.059378354999196	2.0	-2.582558354456509	1.0	-4.058011893298409	1.0	-6.388780810286893	1.0		0.0	-5.354336945015664	1.0	-11.347011625032295	1.0	-3.8469003472534795	2.0	-1.6025713460772637	1.0		0.0	-4.00170751916922	1.0		0.0	-10.964925923690261	1.0	-7.575803357877853	1.0
samp_53	-6.531166239903673	3.893169030875592	0.08460125329468078	-4.643780676916874	2.0	-10.189069369235382	1.0	-9.1683660774199	2.0	-5.1978963393457045	1.0	-5.063491078410617	2.0	-2.4189799516047747	1.0		0.0	-4.921555934003073	1.0		0.0		0.0	-2.579638653395775	1.0		0.0		0.0	-5.847140532435275	1.0	-5.423982428959175	1.0		0.0	-3.886353864848779	1.0		0.0	-8.050390787829434	4.0	-4.036255982052798	4.0		0.0	-11.085285092276642	1.0		0.0
samp_54	-6.332109455067158	3.4010065186865015	0.20437811046271098		0.0	-9.880178225052383	3.0	-8.922973308652203	1.0	-5.0574246497125115	1.0		0.0	-2.42577053947221	1.0		0.0	-4.788480665668272	2.0	-0.0741156220007532	3.0	-4.009663926796756	1.0		0.0	-4.013461699466288	2.0		0.0		0.0	-5.270431128392852	2.0	-11.155217918102702	2.0		0.0		0.0		0.0	-3.9564159533856924	1.0	-8.425152994391466	1.0	-10.799263856354218	1.0	-7.451872091368562	2.0
samp_55	-5.871176421436458	3.7454406008406926	0.08045990956649032		0.0	-10.29975622281107	1.0		0.0	-5.146427765542469	1.0	-5.0114651908595125	2.0		0.0	-3.1029274196919685	1.0	-4.870803780855779	1.0		0.0	-4.060970943554876	2.0	-2.5741685762699356	2.0	-4.058062044672783	2.0	-6.416816661147344	1.0	-5.792319751325805	2.0		0.0	-11.531398455272416	1.0	-3.8490541537465783	1.0	-1.5945840298032556	1.0	-8.035408156519328	1.0	-4.002057447028989	2.0		0.0		0.0	-7.693624860802831	2.0
samp_56	-7.222944393151456	3.3058214331352613	0.17126916190276967	-4.477030821135413	1.0	-9.343671913351201	1.0	-8.678955889578326	1.0	-4.994485897563061	1.0		0.0	-2.4069605330702446	2.0	-3.087049730724301	3.0	-4.72888718271563	1.0	-0.06992233703155273	1.0	-3.9605971459345097	1.0		0.0		0.0		0.0		0.0	-5.205675825980976	2.0	-10.73576573738085	1.0	-3.749703209834608	1.0	-1.6151813089000564	1.0	-7.715636148104405	1.0	-3.908590362456835	1.0		0.0	-10.570275732441981	2.0	-7.292287585333041	2.0
samp_57	-7.771548682317363	4.108746012784289	-0.04972114053862256	-4.637252165238726	2.0		0.0		0.0	-5.203689167913995	1.0	-5.070647278890387	1.0	-2.3991683646636726	1.0		0.0		0.0		0.0	-4.088754700548914	2.0	-2.5562397033857893	4.0	-4.075697370813222	2.0	-6.478073002036817	1.0	-5.860117131800549	3.0	-5.437192867699711	1.0		0.0	-3.8832466508660803	1.0	-1.5743461455425516	1.0		0.0	-4.022942617125102	1.0		0.0	-10.94409485351645	2.0		0.0
samp_58	-6.575660469583772	3.88203502463956	0.053074255474336154		0.0		0.0		0.0	-5.177277408587578	1.0	-5.043370724805589	1.0	-2.411807787421417	3.0		0.0	-4.901865294356894	2.0	-0.05823072030320475	1.0		0.0	-2.5717357366251083	1.0	-4.074985919177685	2.0	-6.444346260909479	1.0		0.0	-5.403077637096728	1.0	-11.39965948655376	1.0	-3.8710150980637104	1.0	-1.5885297166823282	1.0	-8.01914434924639	3.0	-4.019922895295631	2.0	-8.612577846032439	1.0		0.0	-7.612292949696495	1.0
samp_59	-6.304098450804931	4.015475932094485	0.033165995034176575	-4.657995489604126	1.0	-10.373390225627237	1.0	-9.288064761047849	3.0	-5.222104698884832	1.0	-5.086714658541485	1.0	-2.4126498082414387	2.0	-3.0987396773124947	1.0	-4.942906382949346	1.0		0.0	-4.106557334015863	1.0	-2.571936320455687	2.0	-4.097056685850062	1.0		0.0		0.0		0.0	-11.587960807903656	3.0	-3.896441000808572	3.0		0.0		0.0	-4.042469046554843	1.0	-8.731299492319401	1.0		0.0		0.0
samp_60	-5.953182095687342	3.600125168470333	0.20370352659927315	-4.609564157764514	2.0	-10.247655928693186	3.0		0.0	-5.1470198049461064	1.0	-5.0122704541778775	2.0	-2.437768251870931	1.0		0.0	-4.8729875514821765	1.0		0.0	-4.073738694502354	2.0		0.0		0.0		0.0	-5.785680655241243	1.0	-5.364646766866239	2.0		0.0	-3.8587586440263713	1.0	-1.617353237943415	1.0		0.0	-4.017408840606448	2.0	-8.606505554982716	1.0	-11.025328084252765	1.0	-7.658153801367021	2.0
samp_61	-6.587042739892632	3.9699296797425156	-0.023271065584541322		0.0	-10.124921854054435	1.0	-9.128382162426066	3.0	-5.172978144481468	1.0	-5.039265726748552	1.0	-2.3996188071289417	1.0	-3.0791485351379464	1.0		0.0	-0.05297170980847222	1.0	-4.0707747970446535	2.0	-2.5576936604412466	1.0	-4.061608066631181	4.0	-6.446847294239667	1.0		0.0		0.0		0.0		0.0	-1.5781886551823125	1.0		0.0	-4.007696580522609	1.0	-8.618330003801503	3.0	-11.051131178638501	1.0		0.0
samp_62	-6.768348055644949	3.0442183993549943	0.3594953156852271		0.0	-9.468687511214233	3.0	-8.69701075960739	2.0	-4.974849134768996	1.0		0.0		0.0	-3.124788860884652	2.0	-4.710292768091988	1.0	-0.1046845920252685	1.0	-3.956280948211808	1.0		0.0		0.0	-6.184625265679381	1.0		0.0	-5.181075312803251	1.0	-10.82471922135385	2.0	-3.742723090857849	1.0		0.0		0.0	-3.9078724519276817	2.0	-8.259849009983286	1.0	-10.578233529406278	2.0	-7.286485247487317	2.0
samp_63	-5.898963131044937	4.122536702328162	-0.09077319470998836	-4.634332901363134	2.0	-10.504189772498153	4.0	-9.373318938050696	2.0	-5.207254211120691	3.0	-5.071200519337139	1.0		0.0	-3.0678352453643902	1.0	-4.925898468921636	1.0	-0.050413568844549304	1.0	-4.082378374974521	1.0	-2.550968570839533	1.0	-4.069199976165316	1.0	-6.515190686228632	1.0		0.0		0.0	-11.713050199926533	2.0		0.0	-1.5710931430482924	1.0		0.0		0.0	-8.780386963848532	1.0		0.0		0.0
samp_64	-6.869899046453772	3.300207030154528	0.20105747801288038		0.0	-9.513185728010985	2.0		0.0		0.0		0.0		0.0	-3.0990598181721465	2.0	-4.742081647616755	1.0	-0.07425483432624322	2.0	-3.972959476424515	1.0	-2.577477403044185	1.0		0.0		0.0		0.0	-5.219354179689353	2.0	-10.885215556579135	2.0	-3.761176373273601	2.0	-1.6220804184306845	1.0		0.0	-3.9210838789932265	2.0	-8.309553376110017	1.0	-10.642137719685898	2.0	-7.330140626006075	2.0
samp_65	-7.801244100187687	3.9789911816871526	-0.022028903620790442		0.0		0.0		0.0	-5.1696578352684	2.0	-5.037207890355538	2.0		0.0	-3.0783723689828157	2.0	-4.89547298101773	2.0		0.0	-4.070624300110906	1.0		0.0		0.0	-6.431331820161141	2.0	-5.817997432708136	2.0	-5.398546674998837	3.0		0.0	-3.8637556597358587	1.0	-1.5778431435834939	1.0		0.0	-4.007367558991444	1.0		0.0	-10.850153488361928	3.0	-7.5096095999235235	1.0
samp_66	-6.391680601595398	3.3407911232553062	0.2160315589749811	-4.515716739026386	1.0	-9.801151231046854	1.0		0.0	-5.03668815863806	1.0		0.0		0.0	-3.1121135751165245	1.0		0.0		0.0		0.0		0.0	-3.999627560125738	2.0	-6.26542296010853	1.0		0.0	-5.248423663320835	2.0	-11.090212728054276	2.0	-3.7820951288813607	1.0	-1.6251524712444545	1.0	-7.810471529752657	3.0	-3.9425161922075107	1.0	-8.387485485854489	2.0		0.0	-7.4139141646162745	4.0
samp_67	-6.589542934360739	4.090928393038009	-0.06590355805628709	-4.629903545052042	1.0	-10.211905930177988	1.0	-9.190357179336496	1.0		0.0		0.0	-2.3964341224763066	3.0	-3.0714577052372065	2.0	-4.919001883691	2.0		0.0	-4.081268071337141	3.0	-2.553356245788011	1.0	-4.068766259726771	1.0	-6.483191408684189	2.0		0.0		0.0		0.0		0.0	-1.573082251680893	1.0	-8.071255923362624	1.0	-4.015840182196147	2.0	-8.670476689015898	1.0	-11.118478770814546	1.0		0.0
samp_68	-6.554252317888339	3.6866114722455245	0.0943862230978041	-4.580764589487276	1.0		0.0	-9.007739248743652	2.0	-5.120123271076639	2.0	-4.987168277195456	1.0	-2.4126526526661456	1.0	-3.101283167839267	2.0	-4.8480926161612965	1.0	-0.06111495854150475	3.0		0.0	-2.5735095759473112	2.0	-4.044746400957675	1.0	-6.370275191478755	1.0		0.0		0.0	-11.255457403603604	2.0	-3.8356223763384745	2.0		0.0		0.0		0.0	-8.513868475403632	1.0		0.0	-7.523436156361904	1.0
samp_69	-6.138997343525376	3.981883199252294	0.03351272104434821	-4.649950370595103	2.0		0.0	-9.30237619209815	1.0	-5.212076088487786	1.0		0.0	-2.4119492714612054	1.0	-3.0983364189117912	1.0	-4.932986718939162	1.0	-0.0574412960514229	3.0	-4.099857674180151	1.0		0.0		0.0		0.0		0.0	-5.441363972379826	4.0		0.0	-3.8894932086851446	1.0	-1.585418830053924	1.0	-8.124655071201163	3.0	-4.036450102262101	1.0	-8.732926569510083	1.0		0.0	-7.754641951554824	1.0
samp_70	-5.46191868296763	4.154605701183064	-0.018093818367097333		0.0	-10.746912120711487	2.0		0.0	-5.269317055526302	1.0	-5.129467411769174	2.0	-2.409352510012571	1.0	-3.0911981959516193	1.0	-4.98157725461372	1.0	-0.055667172929267844	2.0		0.0	-2.5674736113846106	3.0	-4.11099319919239	1.0	-6.6065148356456795	1.0		0.0	-5.505659014878062	1.0		0.0	-3.9139300936375743	2.0	-1.5793876817232086	1.0	-8.320369373527177	1.0	-4.056839047536295	1.0	-8.919540738100487	1.0		0.0	-8.103288109102147	1.0
samp_71	-6.518368923848002	4.137409947091701	-0.06358622265007113	-4.644411756283456	1.0		0.0	-9.250036393546814	1.0	-5.215995766335838	3.0	-5.081310266425226	4.0	-2.398622523701867	1.0	-3.0737271418120558	1.0	-4.936504688723563	2.0	-0.051929257065157164	1.0		0.0	-2.55548652099597	2.0	-4.078991903485734	2.0		0.0		0.0	-5.4509809789532975	2.0	-11.551633885811794	1.0		0.0		0.0	-8.109989748489273	1.0		0.0	-8.714760202379896	1.0		0.0		0.0
samp_72	-5.435656737550322	4.124396484336821	-0.07432355027403821	-4.651501753318769	1.0	-10.668822158109998	3.0	-9.478674283948894	1.0	-5.229382264488742	1.0	-5.090661578475042	2.0	-2.3987127104156314	2.0	-3.0750213713250254	3.0	-4.943897606625944	4.0	-0.05189689408874718	1.0	-4.094431880843894	1.0	-2.5557719728190027	1.0		0.0		0.0	-5.90612675727874	1.0		0.0		0.0		0.0		0.0	-8.258262165298852	1.0		0.0		0.0		0.0	-8.033538710281046	1.0
samp_73	-5.686991978305326	4.146704684883272	-0.030878982906400742		0.0	-10.657416306304532	1.0		0.0		0.0		0.0	-2.406184388748641	1.0		0.0	-4.967181162329397	4.0		0.0		0.0		0.0	-4.10104264831428	1.0	-6.575864072250994	1.0	-5.927544519191121	1.0	-5.4881083681703196	4.0		0.0	-3.9054318823526106	1.0	-1.577637160478637	2.0	-8.266862600583721	1.0	-4.047303720203456	1.0	-8.875305034335952	3.0		0.0	-7.983541496263655	2.0
samp_74	-6.667536043015599	3.8819912503421596	0.01379074501907172		0.0	-10.024956681422156	1.0		0.0	-5.156789914731192	1.0	-5.0234586900398295	3.0	-2.4033496353442945	1.0	-3.0862525132033465	1.0		0.0	-0.055018797576618816	1.0	-4.064240715374327	1.0		0.0	-4.057392876420269	2.0		0.0	-5.803634252843345	1.0	-5.382647231462045	2.0	-11.334882263199216	2.0		0.0	-1.5831924407110245	1.0	-7.985939970955815	2.0		0.0	-8.574322071573011	2.0	-10.997022429486325	1.0	-7.5738764749276895	1.0
samp_75	-6.15219068917671	3.8194997264602333	0.010105899408092542	-4.587525035270134	2.0	-10.198066450841361	2.0		0.0	-5.136292967215089	1.0	-5.0023627012631895	3.0	-2.4003149753505606	1.0		0.0		0.0	-0.05441062629496111	1.0	-4.048716809232062	2.0	-2.5593561912139964	2.0	-4.043372984186663	1.0	-6.404362133052602	1.0	-5.782862585173622	1.0		0.0		0.0		0.0	-1.5834175850882368	3.0		0.0	-3.98845464330385	1.0		0.0	-11.012308356015668	1.0	-7.624104490573326	1.0
samp_76	-6.710918382917952	3.6970541587264827	0.136562550614271		0.0	-9.933191379105567	1.0		0.0	-5.144042372962604	2.0	-5.010902261392123	1.0	-2.4234299237086607	1.0	-3.116979947171759	1.0	-4.871597423641689	1.0	-0.06524875532485576	1.0		0.0		0.0	-4.0659914424681265	2.0	-6.393727266347436	1.0		0.0	-5.364251114965825	1.0	-11.26108875049534	1.0	-3.855370361801796	1.0		0.0	-7.946310354504854	3.0	-4.0097708748193215	3.0	-8.529419334759792	1.0	-10.938455350119826	1.0	-7.534345742817352	1.0
samp_77	-7.623673805299963	3.272355578359242	0.22815570763799883	-4.49100725434371	2.0	-9.235415303274909	1.0	-8.649484815818424	2.0		0.0		0.0	-2.421833381075615	1.0	-3.105437021271725	1.0	-4.741563283092301	1.0	-0.07824041150168821	1.0	-3.974755031430092	1.0	-2.5835511096787918	1.0		0.0		0.0	-5.624603635652291	2.0	-5.217369595241167	1.0		0.0	-3.7627889552962435	2.0	-1.6284992786387946	1.0	-7.714576286177346	1.0		0.0	-8.263033347282777	1.0	-10.51948110395106	2.0	-7.286599546991876	2.0
samp_78	-5.945074672457853	4.229178861192527	-0.1825678883197204	-4.61951130038086	1.0	-10.504295573957148	1.0	-9.375533928415695	1.0	-5.199104136468634	1.0		0.0		0.0	-3.047323739180375	5.0	-4.917486685210192	2.0		0.0	-4.068567994997563	1.0		0.0	-4.051688690238572	2.0	-6.515798576685537	1.0		0.0	-5.438250141485904	3.0	-11.708199175823655	1.0	-3.8674460168766944	1.0		0.0	-8.172899327981971	1.0	-4.000633028488116	1.0		0.0		0.0	-7.827439549810579	1.0
samp_79	-6.350384548982931	4.090039318436408	-0.06759467112182296	-4.630850011565978	1.0		0.0		0.0		0.0	-5.064201238720949	1.0		0.0	-3.071529074038885	1.0	-4.920027416125816	1.0		0.0		0.0	-2.5533723382785554	1.0	-4.069104815431104	3.0	-6.490061657899516	6.0		0.0	-5.4321100913865745	2.0		0.0	-3.875621794521598	1.0	-1.5730742771515278	1.0		0.0	-4.016106991175931	2.0	-8.704774090665232	2.0		0.0	-7.705889058929216	1.0
samp_80	-7.510994383424667	3.6494084660645556	0.04028645836360395	-4.5381525417511845	2.0	-9.410571225706736	1.0	-8.773992223594927	1.0	-5.07272406552294	1.0		0.0	-2.3964321583483694	2.0	-3.077317924023203	1.0		0.0		0.0	-4.010125946900865	1.0	-2.555750166118748	1.0		0.0	-6.3093561666318925	3.0	-5.704568378720866	2.0		0.0		0.0		0.0	-1.5877768580855476	1.0	-7.81722939330676	1.0		0.0	-8.37296270055614	3.0	-10.690663540573563	2.0	-7.386683797963535	1.0
samp_81	-4.963015682490561	4.012458909691391	-0.005921821666891723	-4.665705590590182	2.0		0.0		0.0	-5.24145946169838	2.0		0.0	-2.4093772700403293	1.0	-3.0953786499215505	1.0		0.0	-0.05608312073287745	2.0	-4.105158283684514	3.0		0.0	-4.096849283899201	2.0	-6.584695429693066	1.0		0.0	-5.472171579638362	1.0		0.0	-3.8925810105223912	1.0	-1.5827987288929846	2.0	-8.28961831746938	1.0		0.0	-8.859765164722592	1.0		0.0	-8.208578031435492	3.0
samp_82	-6.617969454051938	3.589398087790239	0.17691241321993956		0.0	-9.910356519051932	1.0		0.0	-5.120785885618118	1.0	-4.987850322509724	3.0		0.0		0.0		0.0	-0.06966338169253881	1.0	-4.055003118071698	1.0	-2.591610578998649	1.0		0.0	-6.363770587060593	1.0	-5.753829849807997	3.0	-5.338119934890583	2.0	-11.222439018325746	2.0	-3.8417955049089723	1.0	-1.6122075806907923	1.0		0.0	-3.998814086309629	2.0		0.0	-10.893987186107703	1.0	-7.50766120331726	2.0
samp_83	-5.901620160057582	4.216386825758138	0.019552481489566072	-4.712847284517741	1.0	-10.716839634510148	1.0	-9.556500719176269	2.0	-5.298141534492981	1.0	-5.159473129074355	1.0		0.0	-3.099663585144947	1.0	-5.011297576220059	1.0	-0.05789098873952896	3.0	-4.1467127721026955	2.0		0.0		0.0		0.0	-5.977190357913406	1.0	-5.536653684718624	3.0		0.0	-3.9366622117095638	2.0		0.0	-8.317671462259227	1.0	-4.078320477145696	1.0	-8.93854761884717	2.0		0.0		0.0
samp_84	-6.802424077270858	3.6882870219322625	0.05915340907796657		0.0	-9.790982343186357	1.0	-8.928266657355517	1.0		0.0		0.0	-2.4038710440358537	2.0	-3.088311474690828	2.0	-4.830277473760108	1.0	-0.057602022425686926	3.0		0.0	-2.5638008856605436	1.0		0.0	-6.34733397904482	1.0	-5.737239014204003	1.0		0.0		0.0	-3.821186824795178	2.0	-1.5909396934481088	2.0	-7.888306158741284	2.0	-3.9730493977354855	1.0	-8.464598486314582	1.0	-10.85346933062114	1.0	-7.472130776147617	1.0
samp_85	-6.3055765176467204	4.116011008859734	0.006294218015726815		0.0	-10.454073600476985	1.0	-9.351235203342538	1.0		0.0	-5.110240491640335	2.0	-2.4105008243159936	2.0	-3.093268294823572	1.0		0.0	-0.056272191662808585	2.0	-4.117671792842518	2.0		0.0		0.0	-6.544644509459764	2.0	-5.9115343254630845	1.0	-5.480339573076588	3.0	-11.658857587141313	3.0	-3.9087459669558906	1.0	-1.5809855368596923	1.0		0.0	-4.0515355742035375	1.0		0.0		0.0		0.0
samp_86	-6.784991612646401	3.7696745739975017	0.07743172741568975		0.0	-9.906586513969469	1.0	-9.004744051270913	1.0	-5.143203387352891	1.0		0.0		0.0		0.0		0.0	-0.05971567275686147	1.0	-4.061685343158755	1.0	-2.5728578223403855	2.0	-4.057789246071721	3.0	-6.396879366870498	3.0	-5.78371547900012	2.0	-5.365547082218878	1.0		0.0		0.0		0.0	-7.947391535306501	2.0		0.0	-8.529136103213775	3.0	-10.93993829808731	1.0	-7.531687478937918	1.0
samp_87	-7.13180480306516	3.581900906389163	0.16601766353020228	-4.576471453137061	1.0	-9.620051652581587	2.0	-8.866753904266286	3.0	-5.108800697963812	1.0	-4.976642087833555	2.0	-2.4251062496699447	1.0		0.0		0.0	-0.0683406910702759	1.0	-4.0464655576442246	1.0		0.0		0.0	-6.345139067838707	2.0	-5.739384193898943	1.0	-5.325954988295591	1.0		0.0	-3.8340021813456255	1.0	-1.6101572621752192	1.0		0.0	-3.9903528178905603	1.0	-8.434280174218085	1.0	-10.805633713775437	3.0		0.0
samp_88	-8.218655730268754	2.9358157227159207	0.5165294719676925	-4.497062731537144	1.0		0.0	-8.580809951169256	2.0	-5.0001662676675345	1.0	-4.869542043555452	2.0	-2.4936069054822485	2.0	-3.1748073788837066	1.0	-4.736912181721858	1.0		0.0		0.0		0.0	-4.0002241944104915	1.0	-6.199813586003102	1.0	-5.608370574323629	1.0	-5.204559362037052	1.0		0.0	-3.773719062969696	1.0		0.0		0.0	-3.9418424917754344	2.0	-8.217408041557508	1.0	-10.376491715658487	2.0	-7.248644363626788	3.0
samp_89	-6.236485916380201	3.8572107951034553	0.13778919371340576		0.0	-10.342778058711875	1.0		0.0		0.0	-5.079105662861628	3.0		0.0		0.0	-4.937016595805577	2.0		0.0	-4.113602886788215	1.0	-2.5920479719460534	1.0	-4.1088366300162535	1.0	-6.48888511938451	3.0	-5.864531902995844	1.0		0.0	-11.556914261758823	2.0	-3.8997668059758315	3.0	-1.6007290949814506	1.0	-8.098503732780545	1.0	-4.052588055287258	1.0	-8.703800410258154	1.0		0.0	-7.7190080685271285	1.0
samp_90	-6.63220416235479	3.924632573271523	0.01736728385142315	-4.620363797797151	2.0	-10.095722595775715	1.0	-9.113399122601864	1.0	-5.175404384794639	1.0	-5.0416625277032825	1.0	-2.4059063588126377	1.0	-3.0896026344278633	1.0		0.0	-0.055657573683028524	2.0	-4.076605141329569	1.0	-2.5649424769827656	1.0	-4.068871375920182	1.0	-6.444859168349463	1.0	-5.825119133100345	1.0		0.0	-11.390480939286455	2.0	-3.8675651781502296	1.0	-1.58345695005512	1.0	-8.017107825542775	1.0	-4.014354767347833	1.0	-8.609327051288332	1.0	-11.041253433603332	1.0		0.0
samp_91	-7.1781380907156525	3.5389373757780413	0.19067274037487378	-4.573058617749129	1.0		0.0		0.0	-5.103018164491298	3.0	-4.9709613071256085	2.0	-2.429573283728247	1.0	-3.1236010134934777	1.0		0.0		0.0		0.0	-2.5922986950234286	1.0		0.0	-6.336254218005639	1.0		0.0	-5.319090298293599	1.0	-11.004723074224895	1.0	-3.831619814191409	1.0		0.0	-7.855212219588032	3.0	-3.989132355688506	2.0	-8.419761250133327	2.0	-10.78288660325896	1.0	-7.431311906505745	2.0
samp_92	-6.644059074538538	3.848766676637496	0.1349300567655642	-4.65346900130866	2.0	-10.136576514143641	2.0		0.0		0.0		0.0		0.0		0.0	-4.928748620993337	1.0	-0.06483188168726065	1.0	-4.108169381652318	1.0		0.0	-4.1033423412361145	1.0	-6.46919200907487	1.0	-5.8509296712967975	4.0	-5.429090004267891	1.0	-11.428350253042748	2.0	-3.894992702874957	3.0	-1.6001789879890052	1.0		0.0	-4.047315401421941	1.0		0.0	-11.075720216229591	2.0		0.0
samp_93	-5.896730927109066	4.0236485931374455	0.018047356994571943	-4.658153946194874	2.0	-10.51549745416073	1.0	-9.383033698821288	3.0		0.0		0.0	-2.41076137481996	1.0	-3.0959566129153178	1.0	-4.943885490398795	1.0	-0.056729346583548855	2.0		0.0		0.0	-4.095391663123695	1.0	-6.525091876602099	1.0		0.0	-5.4559941710130495	1.0		0.0	-3.8947225023724705	2.0	-1.5835328206498271	1.0	-8.17937512424468	1.0	-4.0407311264766985	2.0	-8.788840399980884	2.0		0.0	-7.845784318452244	1.0
samp_94	-6.390296637758924	3.4777495427808702	0.1599196443566055	-4.539638372844048	1.0	-9.886834315131075	3.0	-8.935051357371815	2.0	-5.067435128578624	1.0		0.0		0.0	-3.106571124461545	1.0		0.0		0.0		0.0	-2.5797157695736863	1.0		0.0		0.0	-5.696330682053724	2.0		0.0	-11.167296190126365	3.0	-3.801669366807735	1.0	-1.6112245164089212	1.0	-7.85847734408299	1.0	-3.9594137105343203	4.0		0.0	-10.81756549264552	1.0	-7.462069414128428	1.0
samp_95	-5.60306873118154	4.11236360653122	-0.02543861829243623		0.0		0.0	-9.482641759055983	1.0	-5.244553666066238	2.0	-5.106196490825529	1.0		0.0	-3.087290923627121	1.0	-4.959677081906297	1.0	-0.05472968187239327	2.0	-4.10979727349684	2.0	-2.564351231946689	1.0	-4.097831673103449	1.0	-6.56714461862993	2.0		0.0	-5.479075109752473	4.0		0.0		0.0	-1.5785115445200648	1.0	-8.259546391980058	1.0	-4.043782379732976	2.0		0.0		0.0	-7.9941605197171	1.0
samp_96	-6.337072373336694	3.942808138460739	0.04574547670718107		0.0		0.0	-9.228364325964279	1.0	-5.200088879012411	1.0	-5.065261649969146	2.0	-2.4127695448115776	1.0		0.0	-4.922593276097717	1.0	-0.05803946438300997	2.0	-4.094478700305515	2.0	-2.5724791494179966	1.0		0.0	-6.478340999588233	2.0	-5.853474535088285	2.0	-5.427947583341153	3.0	-11.520073455846756	1.0	-3.8839997341104535	1.0	-1.5871314900546158	2.0		0.0		0.0		0.0		0.0	-7.689859078146231	1.0
samp_97	-8.206554468213325	3.2126793647359024	0.24121243015920196	-4.4734389271002835	1.0		0.0	-8.581586580795397	2.0	-4.986438319142108	2.0	-4.856111623022877	1.0	-2.4204198195684903	1.0	-3.1012400648779104	1.0		0.0	-0.08082844289759725	2.0	-3.9597299005978295	2.0		0.0		0.0		0.0	-5.601594327195843	2.0		0.0		0.0	-3.747969844345667	2.0	-1.6324771197643764	1.0		0.0		0.0	-8.21788031774484	1.0	-10.37947768642155	2.0	-7.246167721483709	3.0
samp_98	-6.0734179603076495	3.6399010093954667	0.11152996521604558	-4.576858984047101	1.0	-10.146711517178858	2.0	-9.095535884687052	1.0	-5.1151135396087355	1.0	-4.981277144427335	3.0	-2.415270862782965	1.0		0.0		0.0	-0.06295929735702695	2.0		0.0	-2.5765609858200382	1.0	-4.042370563241262	1.0	-6.37078937873823	2.0	-5.753548153527054	1.0		0.0	-11.380511517241871	2.0	-3.8310737491333966	1.0	-1.600494017512809	1.0		0.0		0.0	-8.55387744789022	1.0		0.0	-7.591470001369838	2.0
samp_99	-7.025588289418952	3.9968867756453164	0.016420245234381185	-4.639360242829309	2.0		0.0	-9.071758018429218	1.0	-5.199076374856416	1.0	-5.065411471312492	1.0		0.0	-3.0914969530120557	1.0	-4.92277191837014	1.0	-0.055954833383892025	1.0	-4.092277973002906	2.0	-2.5668339461669425	1.0	-4.082759045857916	1.0	-6.470092078646629	2.0	-5.851299545859417	4.0	-5.428599488104719	1.0	-11.346936405048886	1.0	-3.883577568703924	1.0		0.0		0.0		0.0	-8.60546898386171	1.0	-11.048824146991631	1.0		0.0
