run	log_tbg	log_alphap	log_betap	b9E5_log_P	b9E5_weight	b9E8_log_P	b9E8_weight	b9F3_log_P	b9F3_weight	b9F4_log_P	b9F4_weight	b9F5_log_P	b9F5_weight	b9F6_log_P	b9F6_weight	b18F3_log_P	b18F3_weight	b18F8_log_P	b18F8_weight	b18F9_log_P	b18F9_weight	b18G1_log_P	b18G1_weight	b18G2_log_P	b18G2_weight	b18G6_log_P	b18G6_weight	b18G7_log_P	b18G7_weight	b18G9_log_P	b18G9_weight	b18H1_log_P	b18H1_weight	b18H3_log_P	b18H3_weight	b17E2_log_P	b17E2_weight
fit	-7.022849144554368	1.7217878590212257	-0.003561286558595466	-0.5447328958129264	1.0	-9.742583627667072	1.0	-8.839486052289203	1.0	-9.60182329919536	1.0	-9.033936290110512	1.0	-7.128749705377654	1.0	-6.309093769475548	1.0	-7.945398085588756	1.0	-3.1097961693054192	1.0	-7.325232322995426	1.0	-3.617361491458695	1.0	-1.2185409542693062	1.0	-6.410993870269555	1.0	-5.130430887979298	1.0	-4.652012847832648	1.0	-3.6709407756848105	1.0	-5.518750028122731	1.0
samp_00	-9.240070952748516	1.852170033269482	-0.15213829086474123		0.0		0.0	-8.660603543031295	2.0		0.0	-8.830578221247471	3.0	-7.0874387153974325	1.0	-6.281217989130982	2.0		0.0	-3.091425077872813	1.0	-7.260578418791227	1.0		0.0	-1.1575862877123375	1.0	-6.380929630047978	1.0	-5.113488999260577	2.0	-4.636695782728792	1.0	-3.651471317755738	1.0	-5.499918174956051	1.0
samp_01	-6.662410134509389	2.397995236124893	-0.4266319421184252		0.0		0.0	-9.085581491553075	4.0	-9.980669472561589	1.0		0.0	-7.278754360782997	4.0	-6.445074743768352	2.0	-8.15127052173263	1.0		0.0		0.0	-3.6927962439454793	2.0	-1.088929827738035	1.0		0.0		0.0	-4.7606706028785	2.0		0.0		0.0
samp_02	-7.1654676274403215	1.6215521037843148	0.05224566037231649		0.0		0.0	-8.788660740841678	1.0	-9.516430998356952	1.0	-8.979470083924037	2.0	-7.101103321711849	1.0		0.0		0.0	-3.0936195568635387	2.0	-7.293387930385779	3.0		0.0	-1.2350758830197217	1.0	-6.385641966767273	1.0		0.0		0.0	-3.654147385846461	2.0	-5.496114472038063	3.0
samp_03	-17.913480780591858	-9.056992451932384	10.544630372435321		0.0		0.0	-8.533364305740967	2.0	-9.068035183475446	1.0	-8.699729526785012	3.0	-6.979365292236385	2.0		0.0	-7.719868293459608	2.0		0.0	-7.150695830886586	3.0	-3.560825938928438	1.0		0.0		0.0	-5.025118128933575	3.0		0.0		0.0		0.0
samp_04	-6.8434287898754445	1.8299433815132593	-0.09710658814142471		0.0		0.0		0.0	-9.689785763673878	1.0	-9.08239871303585	2.0		0.0	-6.319963614848189	1.0	-7.975883769157969	1.0	-3.1100219331608625	1.0	-7.345172992110141	1.0	-3.618505433094463	2.0	-1.1829930723717481	1.0		0.0	-5.137173975584808	3.0	-4.657574959924702	1.0	-3.6714788013152653	2.0	-5.526653443913643	1.0
samp_05	-7.3523223980149774	1.6382822431359285	0.16369183419255928	-0.6220512334714381	2.0	-9.694393601991766	3.0		0.0		0.0	-9.026761802247844	2.0	-7.162400259652646	1.0		0.0		0.0	-3.15703950587963	2.0	-7.352720950232961	1.0		0.0		0.0	-6.448016481582997	1.0		0.0	-4.695101999605147	1.0	-3.7184785575223054	1.0	-5.559589261696385	3.0
samp_06	-7.15340830677823	2.004615409919979	-0.27682434930109745	-0.4616115556517884	1.0		0.0		0.0	-9.559955839467296	1.0	-9.01476986014699	2.0	-7.12881544659378	2.0	-6.309711460612698	1.0		0.0		0.0	-7.3219712746453345	1.0		0.0	-1.115823909371572	4.0		0.0	-5.12914105084559	4.0		0.0	-3.6552664227940816	1.0		0.0
samp_07	-6.210444430059594	2.2578216223528695	-0.3469637946753964		0.0		0.0		0.0	-10.228221969022192	1.0		0.0	-7.278066164132619	2.0	-6.433406524016893	1.0	-8.21590751548538	1.0	-3.1635504667331658	1.0		0.0	-3.677275703727167	2.0	-1.109185950507419	2.0	-6.539546551800808	1.0	-5.225435885593413	2.0	-4.738843658456939	3.0	-3.7277118173413797	1.0		0.0
samp_08	-6.157083002768849	1.7338524828019488	0.03178987537949117	-0.5648023415780907	1.0		0.0	-9.097584298457827	1.0		0.0		0.0	-7.2023711205827246	1.0	-6.361911268611538	1.0	-8.130134952017933	1.0	-3.1338478256060354	2.0	-7.438829286064083	2.0	-3.642703008501163	1.0	-1.2394775977977095	1.0	-6.467457771012015	1.0		0.0	-4.680658201894986	1.0	-3.696651197181961	3.0	-5.55556033006731	1.0
samp_09	-7.060112985913564	1.2096479664251907	0.23653073179640258	-0.5938546387095106	2.0	-9.542147204312776	1.0	-8.670238662580708	1.0	-9.391580837881335	3.0		0.0		0.0	-6.171157558538806	1.0	-7.787867088301422	1.0		0.0	-7.177933002544453	3.0		0.0		0.0	-6.272422009225088	2.0	-4.999103539429636	1.0	-4.523256432600787	1.0	-3.5577605340696845	1.0		0.0
samp_10	-6.557649230432247	2.0535104982896906	-0.1606012153291341	-0.5162724621709759	1.0		0.0	-9.059724384677128	1.0	-9.972988910304286	2.0	-9.267931563975214	1.0	-7.243324891629666	1.0		0.0	-8.12187087657086	1.0	-3.1723467788108777	2.0		0.0	-3.684406866681413	2.0	-1.173362773971869	2.0	-6.514611506887608	1.0		0.0		0.0	-3.7365000150171	1.0	-5.609210543816436	2.0
samp_11	-6.986328124594263	1.7508296191736339	-0.04832820418945743	-0.5264326928672285	3.0	-9.744800026140041	2.0	-8.836349526579351	1.0	-9.60448345586132	2.0		0.0	-7.121752835710755	1.0	-6.301574586479729	1.0		0.0		0.0	-7.318882947237272	1.0	-3.607735450696266	1.0	-1.1985606515569767	2.0	-6.40355145823147	1.0		0.0	-4.6435532825808465	1.0	-3.6610852088868717	1.0		0.0
samp_12	-7.772715037892716	1.6381114882676617	-0.03241377707283254	-0.5164080684348218	1.0	-9.466911374250344	3.0	-8.678583389986441	2.0		0.0		0.0		0.0	-6.241849520395712	2.0		0.0		0.0	-7.2343020508239455	2.0		0.0	-1.1908968124508357	1.0		0.0	-5.071720398626917	2.0	-4.595237549429524	2.0	-3.6178169582461654	1.0	-5.458097136987268	1.0
samp_13	-6.880744822479542	1.5288337042827322	0.19119141996697434	-0.6234820997317966	1.0		0.0	-8.86777352308371	3.0	-9.662906466549895	1.0		0.0	-7.135380990392613	1.0	-6.314069178903638	1.0	-7.9637826865521575	1.0		0.0	-7.336112856804307	1.0	-3.6287964059274436	4.0		0.0	-6.416286209248825	1.0	-5.135193671808949	1.0		0.0	-3.6834463197106513	1.0	-5.523076468693247	1.0
samp_14	-7.137020903452927	1.7329689858941233	0.134944036994382	-0.617284903085621	2.0	-9.811124261966551	1.0	-8.91260433042961	1.0		0.0	-9.106531591237674	1.0	-7.203344896263605	2.0	-6.383890650891747	1.0	-8.01951014305882	1.0	-3.1840814297704902	2.0		0.0		0.0		0.0		0.0	-5.205498096386758	4.0	-4.727046917303428	2.0		0.0		0.0
samp_15	-7.247478856682675	-14.251465599053594	16.031452252656013		0.0	-9.71083465940719	1.0	-8.840622138365294	1.0		0.0	-9.030967988187678	1.0	-7.155646616198462	2.0	-6.342348617491742	1.0	-7.959291100028956	1.0	-3.2215565478837886	3.0	-7.348505735466018	1.0	-3.712128403429507	1.0		0.0		0.0	-5.177291210410506	1.0	-4.705410937883416	1.0	-3.770674684050982	2.0	-5.5599449361301945	1.0
samp_16	-7.350706079362161	1.732974574902961	0.10428517898798402	-0.601405165278402	2.0	-9.719670374645553	3.0	-8.859521542192658	1.0		0.0	-9.048685068871135	3.0	-7.180628651808839	1.0		0.0		0.0	-3.1685098669226424	1.0	-7.3714418015956	1.0		0.0		0.0		0.0	-5.188776801634754	2.0	-4.710902346957064	2.0		0.0	-5.576443394513129	1.0
samp_17	-7.1519021676292835	1.8108404652519947	-0.07017872526437027	-0.5244672074872402	2.0		0.0	-8.831231036940977	1.0		0.0	-9.023130202770819	1.0	-7.136010292122959	4.0		0.0	-7.944513156682007	1.0	-3.114972558465992	1.0	-7.329591133569199	3.0	-3.6232055295501766	1.0	-1.194430102207788	2.0		0.0		0.0		0.0	-3.6762671614502125	1.0		0.0
samp_18	-7.433298798426051	1.8513191319660323	-0.1617473217854885		0.0	-9.59521200823521	1.0	-8.760917345092855	2.0	-9.445628580979744	1.0	-8.946854874062678	2.0	-7.101768263114128	1.0	-6.286928196692075	2.0		0.0	-3.086739198501094	1.0	-7.288872236649239	1.0		0.0	-1.1529780527482238	1.0	-6.38800076795442	2.0	-5.111583374926254	1.0		0.0	-3.647082447449422	1.0	-5.499597130737249	1.0
samp_19	-6.8170357850742525	1.504750438100726	0.1487755645811464	-0.5954140653166464	2.0	-9.777369087420011	1.0	-8.838860185674903	1.0	-9.64003376185886	2.0		0.0		0.0	-6.281290182835151	2.0	-7.932815513964273	1.0		0.0	-7.304146440097897	1.0	-3.5961571459061346	1.0		0.0		0.0	-5.102206829884684	2.0	-4.624380515054122	2.0	-3.6507760651267507	1.0	-5.490101336895034	1.0
samp_20	-7.153238431944482	-16.29410491022371	17.81377670474871		0.0	-9.561181424594787	2.0		0.0	-9.41168437811255	1.0		0.0		0.0	-6.210625179248507	1.0	-7.82152844842256	1.0	-3.085188943374572	2.0	-7.214091302206149	3.0	-3.578367907737122	1.0		0.0	-6.311565109744029	4.0		0.0		0.0	-3.6372957051813004	1.0	-5.428660697327151	1.0
samp_21	-7.845335156545069	1.4100298607308746	0.21164735286960787	-0.6171070093102015	2.0	-9.463862876413899	1.0	-8.681541382142965	1.0		0.0	-8.860836192633007	1.0		0.0		0.0		0.0		0.0	-7.241174176056152	2.0	-3.583242930449205	4.0		0.0	-6.350706776647516	3.0	-5.082709349271572	1.0		0.0	-3.6380784270555053	2.0		0.0
samp_22	-7.277435055398515	-13.61207230599279	15.292628314381638		0.0	-9.632467979157779	3.0		0.0	-9.48504957234353	1.0	-8.965168536428598	1.0	-7.103091975576612	2.0	-6.290959605165509	3.0		0.0		0.0	-7.293849802831288	2.0	-3.6610271095886144	1.0		0.0		0.0	-5.126814990688442	2.0	-4.654941319248725	2.0		0.0		0.0
samp_23	-6.886274665890913	1.627572934066469	0.0808262188901474	-0.5756979574457188	2.0	-9.788288475150683	1.0	-8.859277007802378	2.0	-9.651357394898648	1.0		0.0		0.0		0.0	-7.956095962000958	2.0	-3.1108756572375897	2.0		0.0	-3.617799179180753	1.0	-1.2519294256144833	1.0	-6.409667793080883	2.0	-5.127830392225475	2.0		0.0	-3.6719148456861435	1.0		0.0
samp_24	-6.6659592426943295	1.8507199470818527	-0.09519747063623367	-0.5184230292337954	1.0	-9.921932118155166	1.0	-8.938443381814562	1.0	-9.796284835316714	5.0		0.0	-7.16344004218857	1.0	-6.336364302879543	1.0		0.0		0.0		0.0	-3.6290014230586074	2.0	-1.1863634011502893	1.0	-6.439496231583596	2.0	-5.149777427218509	1.0		0.0		0.0	-5.5400993200173625	1.0
samp_25	-6.98621531219916	-14.483561962115743	16.207848424912104		0.0	-9.76082695311605	1.0	-8.850379363464565	2.0	-9.621471456579515	1.0		0.0	-7.135091310870877	1.0		0.0	-7.954603381881113	1.0	-3.1926442774322066	3.0		0.0		0.0		0.0	-6.420222798916869	4.0		0.0		0.0	-3.742535150937759	1.0	-5.533863534904036	3.0
samp_26	-8.540802732520618	1.343650895088648	0.23705817909820073	-0.6210437309619724	1.0	-9.352831756930057	1.0	-8.619535233600448	4.0		0.0	-8.792408997999528	1.0		0.0	-6.2258628273480054	1.0	-7.787567839180747	1.0		0.0	-7.207720298926551	2.0	-3.564897201492615	1.0		0.0	-6.325634723383622	1.0	-5.061595637234952	1.0	-4.5869926803340775	2.0	-3.619903067464066	1.0		0.0
samp_27	-7.147880798611862	1.73127398972836	0.22648013886334062	-0.6649106154636352	1.0	-9.874757002163578	1.0		0.0		0.0	-9.162666647476827	2.0	-7.250321636612981	3.0		0.0		0.0	-3.229517302556526	3.0	-7.448139062126874	1.0	-3.7385426303121463	2.0		0.0		0.0	-5.25108369816612	2.0	-4.772518172430346	1.0		0.0	-5.639375526548567	1.0
samp_28	-6.398818447026997	1.9114075193669147	-0.28271503898078015		0.0		0.0		0.0	-9.852937023249646	2.0		0.0		0.0	-6.278199844730176	4.0	-7.984394525524422	1.0		0.0	-7.326506130932273	1.0	-3.5615738606728837	1.0	-1.1022772490503625	2.0	-6.382075257970407	2.0		0.0	-4.605129757289547	2.0	-3.613621512979166	1.0	-5.478225711931352	1.0
samp_29	-6.9737995569501185	1.8503618248809917	-0.1747896509669339	-0.4812854746512637	1.0	-9.730157052305422	1.0		0.0	-9.589117721304275	2.0	-9.017014717352163	1.0		0.0	-6.287345636055715	1.0		0.0		0.0		0.0		0.0	-1.1464762466437681	2.0		0.0	-5.106841444400518	5.0		0.0	-3.6406261133502635	2.0	-5.495929369802944	2.0
samp_30	-7.264921265633744	1.7944282616433729	-0.027563510776698046		0.0	-9.695886459332678	2.0		0.0		0.0	-9.019490388426673	1.0	-7.146290632429111	1.0	-6.329270375255275	3.0	-7.948650134380643	1.0	-3.129073460487766	2.0		0.0		0.0	-1.2145526090498255	1.0	-6.4307234680152865	1.0	-5.152490873624334	1.0	-4.674153680136361	2.0		0.0	-5.54060229127097	2.0
samp_31	-7.362049266813846	1.7464240118981675	-0.10340520624180818		0.0	-9.582970768329444	4.0		0.0	-9.433483288602439	1.0	-8.929444243115967	1.0		0.0	-6.26476676581595	1.0		0.0	-3.070517335852257	1.0	-7.267484862956703	2.0		0.0	-1.1690389585012837	1.0		0.0	-5.090215543247216	4.0	-4.612536943045765	1.0		0.0	-5.477778950278583	1.0
samp_32	-6.783878535544809	1.9393933686925267	-0.12588251752432775	-0.5165600859553694	1.0	-9.91056606090385	1.0	-8.94871329997585	1.0	-9.783072215343719	1.0		0.0	-7.188485460443707	1.0	-6.3626606846717575	2.0	-8.032800921880902	1.0	-3.1420912664415495	2.0		0.0	-3.6521607059835763	1.0	-1.1801395665598982	2.0		0.0	-5.176537671334496	1.0		0.0	-3.704702651861924	2.0	-5.567027137125114	1.0
samp_33	-6.846142992460721	1.9645855707576168	-0.13426317514080807	-0.5161482111417719	1.0	-9.896017180760616	1.0	-8.945790147937736	1.0	-9.766693291628899	2.0	-9.145890866172502	1.0	-7.194532335495057	1.0	-6.36958324809564	1.0		0.0		0.0		0.0	-3.658779226551254	1.0	-1.1783591882956268	1.0	-6.4723183950696335	1.0	-5.184070590962513	1.0	-4.703337970657124	3.0		0.0	-5.574510824900108	2.0
samp_34	-7.847055819462277	1.83400780235294	-0.13668955698739493	-0.49623838471223725	1.0	-9.510137126966024	1.0	-8.723170093489085	1.0		0.0	-8.903063139250602	3.0	-7.097868469023121	1.0		0.0	-7.871246698295733	1.0		0.0	-7.279334139445189	1.0	-3.5992343666632425	3.0	-1.1632576135908832	2.0	-6.387046578628133	1.0		0.0		0.0	-3.651890286770041	2.0		0.0
samp_35	-7.166839774538537	1.5110043832054025	0.2275061560325642	-0.6419699743070708	1.0	-9.707127114356831	1.0	-8.827639732307556	1.0	-9.5632940362959	1.0	-9.019182609991141	3.0	-7.134944634628293	1.0	-6.317881168557276	1.0	-7.942237681629086	2.0	-3.1327634937058306	1.0		0.0	-3.6387010618316715	1.0		0.0	-6.419399556803371	1.0		0.0	-4.666019538500959	1.0	-3.6934184407424353	1.0	-5.530039848484854	1.0
samp_36	-10.347923486369542	1.8824221439221318	-0.11577847818665424	-0.5130141677686595	1.0		0.0		0.0		0.0	-8.847484930924079	1.0	-7.118134337369802	2.0	-6.312981374201254	1.0		0.0		0.0		0.0	-3.630558132319495	1.0	-1.1790114701838366	1.0	-6.412535000733949	2.0	-5.145978180298136	3.0	-4.669153519163071	2.0	-3.68305835821349	3.0		0.0
samp_37	-7.053856447965329	1.8425923220548495	-0.12222699402434511	-0.5044691331361313	1.0	-9.73286805040144	1.0	-8.83526294057929	1.0	-9.591316398445988	1.0	-9.02905629234232	1.0		0.0	-6.308859761000399	1.0	-7.943030732256249	1.0	-3.102800629665178	1.0		0.0	-3.611075202909683	1.0	-1.1717189392849412	2.0		0.0	-5.1292083261452275	2.0		0.0	-3.6638641435033446	2.0	-5.5180788710901885	2.0
samp_38	-6.3506091369540805	1.799489926471596	-0.13578100116015276	-0.49153568388017455	2.0		0.0		0.0		0.0	-9.176440899250615	1.0	-7.13215624957073	2.0		0.0	-8.016591483272252	4.0		0.0		0.0		0.0	-1.1599008182797934	3.0		0.0	-5.10713416986117	2.0	-4.625942681218161	1.0		0.0	-5.498457037480733	2.0
samp_39	-7.194505803427371	-15.250700839786852	16.992122562140334		0.0	-9.700366530533548	2.0	-8.825425304639575	1.0		0.0		0.0	-7.137111384874281	1.0	-6.323464037208335	1.0	-7.942421135089862	1.0	-3.2014553188396646	2.0	-7.330538412843103	1.0	-3.6923965964554175	1.0		0.0	-6.424604011129048	1.0	-5.158033849403991	1.0	-4.686022461510012	3.0	-3.751000335018021	1.0	-5.540783601124126	1.0
samp_40	-6.486423280843431	1.755979232393184	0.03225724100599166	-0.5677305817424875	1.0	-10.041993088738218	1.0		0.0		0.0		0.0	-7.19132150698278	2.0	-6.359930356911223	2.0	-8.069041986900473	3.0	-3.1431437684944483	2.0		0.0	-3.651924634179347	1.0	-1.2420741783211124	1.0	-6.463834157698969	1.0		0.0	-4.68922758627202	2.0		0.0	-5.5606886756047595	1.0
samp_41	-5.805942397694398	1.8497490605650977	-0.010613640892602083		0.0		0.0	-9.295515237651164	1.0		0.0		0.0	-7.27852299517336	1.0		0.0	-8.295463516847512	1.0	-3.163335273914621	2.0	-7.549646417531627	3.0	-3.674417630227731	4.0	-1.2299349205165688	1.0	-6.530853941842275	1.0	-5.2054025494006115	2.0	-4.7191015575173925	1.0		0.0		0.0
samp_42	-6.965474648229312	-14.039573843045597	15.741684788800944		0.0	-9.752636581670691	1.0	-8.84042346905805	1.0		0.0		0.0		0.0	-6.307614638661792	2.0	-7.944112686552528	1.0	-3.1810620071312528	3.0	-7.322686505203689	2.0	-3.672499594666685	3.0		0.0		0.0	-5.1394437190815285	1.0	-4.666835900403684	1.0		0.0	-5.522777404180306	2.0
samp_43	-6.799466902904897	-1.4554043454902001	3.110533690610007		0.0		0.0		0.0	-9.649647570057187	2.0	-9.042978875156576	1.0		0.0	-6.286850290171003	3.0		0.0		0.0		0.0	-3.645725353532569	1.0		0.0		0.0	-5.11601762683626	5.0	-4.642649530936323	1.0	-3.7043558074441165	4.0		0.0
samp_44	-7.572187263244126	1.9165382655763339	-0.24091690875682487		0.0	-9.552217401121261	2.0	-8.736933226869814	2.0		0.0		0.0		0.0	-6.2776969540793	3.0		0.0	-3.075365772650928	1.0	-7.276152185758665	1.0		0.0	-1.1223264895881526	2.0	-6.3785723969953825	2.0	-5.102758041344372	1.0	-4.624383956664898	2.0		0.0	-5.490899966156959	1.0
samp_45	-7.165178653936249	-12.570080746877021	14.142537940500954		0.0		0.0	-8.728769584745205	3.0	-9.444601409641292	2.0	-8.918460466156002	1.0	-7.050146590268273	1.0	-6.23743478884184	2.0	-7.849924622916863	2.0		0.0	-7.24160481211673	1.0	-3.605553312509246	1.0		0.0	-6.338399961006322	1.0		0.0		0.0	-3.6643954887187666	1.0	-5.455321922661304	2.0
samp_46	-7.280566828746816	1.465194455775233	0.10865716823114648	-0.5653160802866075	1.0		0.0	-8.713163811612079	2.0		0.0	-8.900656370060853	1.0		0.0		0.0	-7.839935765632671	3.0	-3.051793686273485	1.0	-7.235003338205217	2.0	-3.5568711144151175	1.0	-1.2408346506979175	1.0	-6.333077978299087	1.0	-5.05975249860241	1.0	-4.583339574437439	2.0		0.0	-5.446188612965003	1.0
samp_47	-7.3438289976724445	1.6968555954799271	-0.123191650307139	-0.47964816518700937	1.0	-9.541917760624383	1.0		0.0		0.0		0.0	-7.044418173068305	2.0	-6.229923238690183	3.0	-7.834713818857502	1.0		0.0	-7.231705123255793	2.0		0.0	-1.1513822759983647	2.0		0.0	-5.056058640958045	2.0		0.0	-3.5983589901478923	1.0	-5.44337420062183	2.0
samp_48	-6.451259727366863	-11.766921849010654	13.457351571782825		0.0		0.0		0.0		0.0	-9.161771705182083	1.0	-7.142299089665791	3.0	-6.3155540692228325	2.0	-8.01504747952835	3.0		0.0	-7.359472073114201	1.0	-3.667450275428982	3.0		0.0	-6.418912100542625	1.0	-5.13777823427895	1.0	-4.663318088724347	1.0	-3.726287141095918	1.0		0.0
samp_49	-20.148534804981313	1.769682338584868	-0.1696902446091377	-0.46954619356086197	1.0		0.0		0.0		0.0	-8.755473302097597	3.0		0.0	-6.229434806377267	3.0	-7.774426240945167	1.0		0.0		0.0	-3.553421348864297	1.0	-1.1378837846436527	3.0		0.0	-5.064018083305208	2.0		0.0	-3.6060953031338707	1.0	-5.4497678318214025	2.0
samp_50	-6.921370137092132	2.2687404714987607	-0.43067310058476943		0.0	-9.870325826677176	1.0	-8.934578007501932	4.0	-9.738114556836988	2.0	-9.13302147743307	1.0	-7.194528437755848	1.0	-6.3691997017063136	1.0		0.0		0.0	-7.396068125492404	1.0		0.0	-1.0773097514951293	1.0		0.0		0.0	-4.697111783819534	2.0	-3.6876695883245043	3.0		0.0
samp_51	-6.937158576875561	1.8340426558087946	-0.00474011153502925	-0.5589491440915216	1.0	-9.85743500712878	2.0		0.0	-9.724222273635723	1.0	-9.123845682383601	1.0	-7.190352009688305	1.0	-6.36767612016016	1.0	-8.020839497667058	1.0	-3.157657589426415	2.0		0.0	-3.6670076807949052	2.0	-1.2306364610254559	1.0		0.0		0.0		0.0	-3.7202932923825607	1.0	-5.574770291827008	3.0
samp_52	-5.975104866779302	1.8201629419421053	-0.027035993337120572	-0.5469577178950701	1.0		0.0	-9.187381150230795	1.0		0.0		0.0	-7.233994742403872	1.0	-6.386061373616068	3.0	-8.202518149389551	2.0	-3.142066984177778	1.0	-7.485891380869962	1.0	-3.652104140535067	3.0	-1.2183364139999742	1.0		0.0		0.0	-4.694369706815351	1.0	-3.705720508755953	2.0		0.0
samp_53	-7.020270199041697	1.6837848309137882	0.051318114222338236	-0.5677941894868593	1.0		0.0	-8.850442652522597	1.0	-9.615703439453048	1.0	-9.04515892336421	2.0		0.0	-6.318051110006361	1.0	-7.9555398555554335	1.0	-3.1206914499347063	2.0		0.0	-3.6280961906074687	1.0	-1.2433034137439374	1.0	-6.419969532932962	2.0		0.0		0.0	-3.681954393037398	1.0	-5.527786883057453	3.0
samp_54	-7.686184010348131	1.379429621135506	0.22741486623789206	-0.621523048881064	2.0	-9.484216488196642	1.0	-8.686965312675438	2.0	-9.331766576124927	1.0	-8.868181613383756	3.0		0.0		0.0	-7.831614975935793	1.0	-3.0726518641642726	1.0	-7.237895167979994	2.0	-3.57710598511952	1.0		0.0		0.0	-5.0760314744089206	1.0		0.0		0.0	-5.461473411144494	2.0
samp_55	-7.2832060225300825	1.3883460150471716	0.22398174940103394	-0.6210202085165336	2.0	-9.584362801948307	1.0	-8.735291481763664	1.0	-9.435301760570459	1.0	-8.923100954181828	1.0	-7.066316353988333	1.0	-6.251940905030972	2.0		0.0	-3.075184672015196	1.0	-7.255431160209292	3.0	-3.579852410788488	1.0		0.0	-6.353034685245484	1.0	-5.080153799161481	2.0		0.0		0.0		0.0
samp_56	-7.543271712327721	-15.677204526623376	17.37944755266976		0.0	-9.576664021526412	1.0	-8.755932912886538	2.0		0.0	-8.940089426869696	1.0	-7.107979687327665	1.0	-6.298457557612163	1.0	-7.89279798908438	1.0	-3.180794925578575	1.0	-7.294349932004007	1.0	-3.671962869905631	2.0		0.0	-6.398927239836651	1.0	-5.136695544454707	1.0	-4.665325912541011	2.0	-3.7305513410555147	1.0	-5.518704040548377	1.0
samp_57	-9.439179911672628	1.319216583756811	0.19761700701420315	-0.5917399664388546	2.0		0.0	-8.563332823802876	2.0		0.0	-8.732307668277608	1.0		0.0		0.0		0.0	-3.0294402008234704	2.0	-7.168289061221012	5.0		0.0	-1.263306742791421	1.0	-6.29097198066573	1.0	-5.028995499029941	2.0	-4.554768535356947	1.0		0.0		0.0
samp_58	-7.7462142887298375	1.5642939260122841	0.1304111351604262	-0.5937674773404424	4.0	-9.527598909954518	1.0	-8.730676412698632	1.0		0.0	-8.911831930691609	3.0	-7.098667310659754	1.0		0.0	-7.875373187800545	2.0	-3.1072302728460994	1.0		0.0		0.0		0.0		0.0	-5.117806663553743	2.0		0.0	-3.667496938485904	1.0	-5.503903962085368	1.0
samp_59	-6.632702889050895	1.8092349741832574	0.06796275072390531	-0.5915523666428723	3.0	-10.031926725260957	1.0	-9.028653250644881	2.0	-9.916211072315928	2.0		0.0	-7.230883227163055	3.0		0.0	-8.097867402630795	2.0	-3.1837678877654256	1.0		0.0		0.0		0.0	-6.5049341814185615	1.0		0.0	-4.732231926933017	1.0	-3.747249273012641	1.0		0.0
samp_60	-7.222309529819638	1.3965645649272997	0.17126611836442954	-0.5903257592301248	2.0		0.0	-8.717568801485227	1.0	-9.422983999044405	1.0	-8.906111310269646	1.0	-7.0448990216398935	1.0	-6.230083816939117	4.0	-7.841367644732804	1.0		0.0	-7.234533215601801	1.0	-3.5568780033865424	1.0		0.0	-6.331223148692387	3.0		0.0		0.0		0.0	-5.444120866677878	1.0
samp_61	-6.178760178465461	1.6104216112959215	-0.08490237260860517	-0.48378957761467756	1.0		0.0		0.0	-9.939596227162285	1.0		0.0		0.0	-6.234069940866505	2.0	-7.965347985370427	2.0		0.0	-7.293419198779358	2.0		0.0	-1.158325281359814	2.0	-6.3385411249886054	2.0	-5.041729215727282	2.0	-4.561121304645063	1.0	-3.5811686980005604	1.0	-5.432685758455456	1.0
samp_62	-6.995531824136031	1.6985255622575148	0.008693362740921298		0.0	-9.744765798584085	3.0	-8.837625352115005	1.0	-9.604374315619602	2.0		0.0	-7.123990007118139	1.0	-6.304106090463381	2.0	-7.942140007869063	1.0	-3.105798446874551	2.0	-7.321006462292453	1.0		0.0	-1.2221216556804702	1.0		0.0	-5.1253985707040055	1.0		0.0		0.0	-5.513670948476655	2.0
samp_63	-6.836076569818098	1.8458876050125563	-0.0022057509553823915	-0.5615764210098348	2.0	-9.910587986698102	2.0		0.0	-9.78244068793608	1.0	-9.157359406244998	1.0	-7.20237692747122	1.0		0.0	-8.043531798073003	2.0	-3.164060336709982	2.0		0.0		0.0	-1.2331004461063269	1.0		0.0	-5.193299523103433	1.0	-4.713289195929283	2.0	-3.727003441681131	2.0		0.0
samp_64	-7.2564843801847445	1.4459248681760715	0.27829321393142276	-0.6629988422613389	1.0		0.0		0.0		0.0	-8.994843197223538	1.0	-7.1249422352299066	1.0	-6.30933736602509	1.0		0.0	-3.1290865267428307	1.0	-7.3161787232260895	2.0	-3.634384576412053	3.0		0.0	-6.410627671062413	1.0	-5.136191751100971	3.0	-4.659677932343124	1.0	-3.6893420837906286	2.0		0.0
samp_65	-8.038873789875204	1.9538550600929354	-0.31570942960774145		0.0	-9.442892378811917	2.0	-8.676133876131185	2.0		0.0	-8.853427786389771	1.0		0.0	-6.254264248332766	2.0		0.0		0.0		0.0	-3.561537823612165	1.0	-1.091893173873622	2.0	-6.354615598789886	3.0	-5.081822802152527	1.0		0.0	-3.6129874902360326	1.0	-5.469579590085529	2.0
samp_66	-7.042478090026136	1.9823243324769189	-0.19832254507692043		0.0	-9.783153589464337	1.0	-8.876770105438652	2.0	-9.64423101748431	1.0	-9.07163700311207	2.0		0.0	-6.340928400971235	1.0	-7.980933156321184	1.0	-3.124059748543576	2.0	-7.359079524983377	1.0	-3.6337855731836877	1.0	-1.149697209881624	2.0	-6.443010216675073	1.0		0.0	-4.6786415607372085	1.0	-3.685799050020903	1.0		0.0
samp_67	-6.685813773793078	2.0308242282106783	-0.2730440483435852		0.0		0.0		0.0	-9.787514572489972	1.0	-9.138330583280727	1.0		0.0	-6.335717664428225	2.0		0.0	-3.107870724592065	1.0	-7.3713369163742355	1.0		0.0	-1.12043712058175	2.0	-6.43885784017887	2.0	-5.147069436174496	2.0	-4.665519128605866	4.0		0.0	-5.5384155324075435	1.0
samp_68	-8.792607416301033	1.6047964195571849	-0.02865047291248184	-0.5124752245833446	1.0		0.0	-8.608218957510498	2.0		0.0	-8.779690801739621	2.0	-7.027665094705924	1.0		0.0	-7.7799600996560665	2.0	-3.0450824513954804	1.0	-7.202124680282012	2.0	-3.550557215686546	1.0	-1.1874996497669228	2.0		0.0	-5.0556193090085415	2.0		0.0	-3.6042360859039277	1.0		0.0
samp_69	-7.8574321203202295	-13.40036764472663	14.962210755657795		0.0	-9.425619663445131	2.0	-8.648000044285183	1.0		0.0	-8.82667031392203	1.0		0.0	-6.224168826921554	1.0	-7.800462124469147	2.0		0.0		0.0	-3.599554731450737	2.0		0.0	-6.324141616804198	4.0	-5.064854992082296	2.0	-4.593713546755931	1.0	-3.6583160010590414	1.0		0.0
samp_70	-6.961675008306265	1.9577002008808755	-0.04230980473750924	-0.555493392000246	2.0	-9.91321943319553	1.0	-8.976711498128816	4.0	-9.78298189755362	1.0	-9.175281217150484	1.0		0.0		0.0		0.0	-3.190948426104946	2.0		0.0	-3.7021741362078586	1.0	-1.2221355092667912	1.0	-6.513472070674385	1.0		0.0		0.0	-3.754978446039336	2.0	-5.616724144564877	1.0
samp_71	-6.9734158538481354	1.5132528905476423	0.09901011648078442	-0.5680486137252855	3.0	-9.685495444148568	1.0		0.0	-9.542036374749541	2.0	-8.977670259854262	1.0		0.0	-6.2566087870814435	1.0		0.0	-3.0688852847850536	1.0	-7.271238073623569	2.0	-3.574528268599118	1.0	-1.2440588008854008	1.0	-6.358381279095736	1.0	-5.080133918509497	1.0		0.0	-3.628966322445922	1.0	-5.467532327012877	1.0
samp_72	-6.6870970483151035	2.000120735277742	-0.15055542979385603	-0.5137950628451549	1.0	-9.983435649616892	1.0		0.0	-9.86289777336885	2.0	-9.200178834511705	1.0	-7.212532742293826	3.0		0.0	-8.070503522008655	1.0		0.0	-7.423335574429394	1.0		0.0	-1.1737632602771355	1.0	-6.48722674020978	1.0		0.0	-4.712844646608278	4.0	-3.7184922796022013	1.0		0.0
samp_73	-6.388852932850446	1.8100161733469957	-0.17920378388470787		0.0		0.0		0.0	-9.861402818086892	3.0		0.0		0.0		0.0	-7.987846536607084	2.0	-3.0613565121369897	1.0	-7.329099816680246	1.0	-3.569053502918961	1.0	-1.1393300444209697	2.0	-6.384211051266882	3.0	-5.089731432950475	1.0	-4.608796281171272	1.0	-3.62189324509282	1.0	-5.480813550821646	1.0
samp_74	-7.192674284022115	1.4663616657957406	0.11371742887458364	-0.5684547940115178	2.0	-9.589358456245284	1.0	-8.728923358757218	1.0	-9.440792150886034	1.0	-8.918179588872444	1.0		0.0	-6.236497182003972	1.0	-7.850607637915694	2.0	-3.054941518419154	1.0	-7.242290534116952	1.0	-3.5600691101156374	1.0	-1.2440177021746681	1.0	-6.337731760445476	1.0	-5.063287433018843	1.0		0.0	-3.614622339766996	2.0		0.0
samp_75	-6.509610352610311	1.7012676651620007	0.005644320923477152	-0.5466810802878052	1.0		0.0	-8.946623066533547	1.0	-9.845634712377672	2.0		0.0		0.0	-6.316722242274135	1.0	-8.01304308526093	1.0	-3.1059703573828257	1.0	-7.360267363159339	1.0	-3.6137118927420975	1.0	-1.2210346957092617	1.0		0.0	-5.129121944084776	1.0	-4.649064652274366	1.0	-3.6675085337271316	3.0	-5.519245275518036	2.0
samp_76	-6.964109065679072	-14.430220775228753	16.276119052129584		0.0	-9.859411510033764	2.0	-8.931655211336185	1.0	-9.72597774508711	1.0	-9.129053983925507	1.0	-7.200137149060989	2.0	-6.38190975494	1.0	-8.028810731844919	1.0	-3.2561633503244884	3.0		0.0	-3.7463064064723377	1.0		0.0	-6.483804381092888	1.0		0.0	-4.739817371395476	1.0	-3.804828093130674	1.0	-5.59596921808714	1.0
samp_77	-6.699307510608273	1.8131985114570892	-0.013463622718135235	-0.5522486174244409	2.0		0.0	-8.95959880472313	1.0	-9.814937067174437	1.0	-9.16301683161246	1.0	-7.185523797101336	1.0		0.0	-8.037850931093075	1.0	-3.144647086185541	1.0	-7.394499985234177	1.0	-3.6537574718035963	1.0	-1.224116404000815	1.0		0.0		0.0	-4.692498836162206	2.0	-3.7071348613936275	2.0	-5.562762139273085	2.0
samp_78	-19.996383087610646	1.393775130890335	0.1324026833999453	-0.5660050016382591	2.0		0.0		0.0		0.0	-8.718700667545528	4.0		0.0	-6.194333878623662	1.0	-7.738012489884231	3.0	-3.0306783750267843	1.0		0.0		0.0	-1.2404340718122386	1.0	-6.29363092540086	1.0	-5.032324314611427	1.0		0.0	-3.589462257816272	2.0	-5.416517972899018	1.0
samp_79	-6.970224246123394	1.7445054490949208	0.015773236595394615	-0.5577527878937137	1.0		0.0	-8.87549562863329	1.0	-9.655518900700384	1.0	-9.071687749846507	1.0	-7.152734421353653	1.0	-6.33175609885846	2.0		0.0	-3.1293856772870217	2.0		0.0		0.0	-1.231697319568829	1.0	-6.433878296473576	3.0	-5.151726265801436	2.0		0.0	-3.69104912363529	1.0	-5.5403721535901385	1.0
samp_80	-7.649292556157732	1.465998405748865	0.1357161453847844		0.0	-9.488419890342332	1.0	-8.687512004182333	1.0		0.0	-8.86921223553646	1.0		0.0	-6.241808813664682	1.0	-7.830758669890374	1.0	-3.0656768947489956	2.0	-7.236160338473775	2.0		0.0	-1.2565970199614216	1.0	-6.342353856299921	1.0	-5.072479119901703	3.0		0.0		0.0	-5.458296187461096	3.0
samp_81	-7.015297768777336	2.0912611040377835	-0.29660873034537083		0.0	-9.801075894889271	3.0	-8.888421891678352	1.0	-9.663466861213642	1.0		0.0	-7.168372355746654	3.0		0.0	-7.990112629611076	1.0		0.0	-7.366277067186775	1.0	-3.6310200917048276	3.0	-1.1158224190845496	1.0	-6.448386437715512	1.0		0.0		0.0	-3.682139069399243	1.0	-5.552542090623877	1.0
samp_82	-6.53050251079553	1.6820873144003405	-0.07787138155442662		0.0		0.0		0.0	-9.75050281294649	1.0	-9.080388696976895	1.0	-7.089887492880483	1.0	-6.262498538763699	1.0	-7.945676407650254	1.0	-3.0557710068960136	2.0	-7.299968968816373	5.0		0.0	-1.173494897207796	2.0		0.0	-5.0769169430297	1.0	-4.597361299201597	1.0	-3.616160409872469	1.0		0.0
samp_83	-6.5315482160522675	1.8234019648226008	0.021856901858133885		0.0		0.0		0.0	-9.947862641754245	2.0	-9.242557326310443	1.0		0.0	-6.387954087110565	1.0		0.0	-3.1668647772479055	3.0	-7.4373439362580855	1.0		0.0	-1.2435747238719368	1.0	-6.491866697588304	1.0	-5.197404582534569	1.0	-4.716280698758668	3.0	-3.730150773710293	1.0	-5.588423962163326	2.0
samp_84	-6.931038710951241	-14.048741654239503	15.705855195414761		0.0	-9.733550382302877	2.0	-8.81893586620137	1.0	-9.593090044105175	3.0	-9.014737106468607	1.0	-7.101842462854142	2.0	-6.285134519798229	1.0	-7.9219633354625385	3.0	-3.157512184610233	1.0		0.0		0.0		0.0	-6.3867701272364545	1.0	-5.116828032574304	2.0		0.0		0.0		0.0
samp_85	-6.701879161229721	1.9006519632583234	-0.11999877259825162	-0.5139581266219777	1.0		0.0		0.0	-9.79785978290812	1.0	-9.149441513459303	1.0	-7.174984809050501	1.0	-6.348108434213984	5.0		0.0	-3.128841847320755	1.0	-7.383233213761026	1.0	-3.638359804427	4.0	-1.1792784833902434	2.0		0.0		0.0		0.0		0.0		0.0
samp_86	-7.047871183749405	1.8642447604207693	-0.1920806030337418	-0.47561965737474826	1.0		0.0	-8.806700138792781	2.0		0.0		0.0	-7.103501879414415	1.0	-6.284041158602353	1.0	-7.915917175471623	2.0		0.0		0.0	-3.5853513640358807	2.0	-1.1396526162931189	3.0	-6.385866257672399	2.0		0.0	-4.625332917767463	1.0		0.0	-5.493358595961365	2.0
samp_87	-6.607563864566941	1.9664851450396645	-0.1424625338050546	-0.5129513804714526	1.0		0.0	-8.998971022431734	2.0	-9.885316335200846	2.0		0.0		0.0		0.0		0.0	-3.1454180202788167	2.0	-7.416634675859674	1.0		0.0	-1.1747407555225844	2.0		0.0	-5.182956348764816	1.0	-4.701307972834666	1.0	-3.70837091468639	3.0	-5.574402375748737	2.0
samp_88	-7.19346846512035	1.9356376983449997	-0.19567602155647904	-0.48528887417041777	1.0	-9.699374786038817	3.0	-8.824118660458293	1.0	-9.554931807591007	1.0		0.0	-7.134091882573203	1.0	-6.315756425893266	1.0		0.0		0.0		0.0	-3.6146501365641672	1.0	-1.146138499170206	2.0		0.0	-5.136542114170137	2.0		0.0	-3.666808232325791	1.0	-5.525608317000086	3.0
samp_89	-6.750144578023157	1.7159333992365537	-0.05493642817052092	-0.5177544892270163	1.0		0.0	-8.857792398212561	1.0		0.0		0.0	-7.109394645895262	2.0	-6.285722131369263	2.0	-7.946083344218928	1.0		0.0	-7.312824627607331	2.0	-3.589085248074811	1.0	-1.1905282311188732	1.0		0.0	-5.103369572505075	1.0	-4.624289332384249	1.0		0.0	-5.492463637805336	4.0
samp_90	-6.731161762499175	1.635794195158831	0.17921931993906637	-0.6303865907430103	1.0	-9.93591690718572	1.0	-8.962159103705254	1.0	-9.811029517110374	3.0	-9.164874378136904	1.0		0.0	-6.366750748644879	1.0		0.0	-3.1642753901754936	1.0	-7.400737441847098	1.0	-3.67193279262455	2.0		0.0		0.0		0.0	-4.704046524204393	2.0	-3.7263543230048195	2.0	-5.57222376825155	1.0
samp_91	-8.115508292401147	1.4977219998175637	0.014876803922985755	-0.5167714137857722	2.0	-9.358921962103258	2.0		0.0		0.0	-8.779599576587868	1.0		0.0	-6.192954552884857	1.0		0.0		0.0	-7.179025084448168	3.0	-3.523706931739218	1.0	-1.1929549130061583	2.0	-6.293005760470357	1.0	-5.02601422282654	1.0	-4.550540457749402	1.0	-3.5778448030458256	1.0	-5.411443345474285	1.0
samp_92	-6.707365126885529	1.6856274002258416	-0.1144759304962024		0.0		0.0		0.0	-9.628969563991175	2.0	-9.011500008223146	1.0		0.0	-6.240449386262099	3.0	-7.898672762442427	1.0		0.0	-7.266527598612325	2.0	-3.545313748408031	2.0	-1.1544816029345506	1.0	-6.342941065107163	1.0		0.0		0.0	-3.598693652182566	2.0	-5.447520393937123	2.0
samp_93	-7.084670900514964	1.5879672106142035	0.19771127167929675	-0.6348199321926998	1.0	-9.769197224383605	3.0	-8.870458354106892	1.0	-9.62907125226565	1.0		0.0	-7.162208921674824	2.0	-6.343310212094621	1.0		0.0	-3.1521324739407475	1.0	-7.358454152788991	1.0	-3.6589678934197827	2.0		0.0	-6.4451216976652725	1.0	-5.166351163119597	1.0		0.0	-3.7134559093888764	1.0	-5.553943018346152	1.0
samp_94	-6.829616290830569	1.748517117103414	0.1856662910541247	-0.6451250234024617	1.0	-9.983708477973545	2.0	-9.018530076715	1.0	-9.860975405742238	2.0	-9.220458030595685	2.0	-7.251347961839275	2.0		0.0		0.0	-3.2166583010375347	2.0	-7.4590886561302705	1.0	-3.7259984728156392	2.0		0.0	-6.528472442196311	1.0	-5.241192037061337	1.0		0.0		0.0		0.0
samp_95	-6.882067354999432	1.5814120602429163	0.048492855209806694		0.0	-9.733353627167338	1.0		0.0		0.0		0.0		0.0	-6.267255987353789	2.0	-7.910674344621956	1.0	-3.0740915441567283	1.0	-7.286494027805395	2.0	-3.5802978108163086	2.0	-1.2268524944990309	1.0	-6.369319886179283	1.0	-5.0887132222689875	1.0	-4.610789191822371	1.0	-3.634437600998192	2.0	-5.476680372771227	2.0
samp_96	-6.965121117489847	-13.734530925292846	15.310990343657636		0.0	-9.663752735758582	2.0		0.0	-9.51919680517462	2.0		0.0		0.0	-6.242970224214968	2.0	-7.8716595312970705	1.0	-3.1151736168705315	1.0	-7.254519249138993	2.0		0.0		0.0	-6.3443874581482	1.0		0.0	-4.603068221313525	2.0	-3.6667244487167587	1.0	-5.458923712900952	3.0
samp_97	-7.533319927612922	1.5496503414324525	0.04032391654102461	-0.5408541413566915	2.0	-9.505947055530987	1.0	-8.69247601281855	3.0	-9.354117336811006	2.0	-8.875803170523191	3.0		0.0	-6.236677256051505	1.0	-7.831068516738875	2.0		0.0		0.0	-3.560863927881227	1.0	-1.2168209627830167	1.0		0.0		0.0		0.0	-3.6149684000606594	1.0		0.0
samp_98	-7.030903093642192	1.3084216967788893	0.3839804349937751	-0.707831877618324	1.0		0.0		0.0	-9.579311824670437	1.0	-9.016198019064417	3.0	-7.11556165875004	1.0	-6.297544361287361	1.0	-7.930108608559886	1.0	-3.120114903318771	2.0	-7.311597280053502	3.0	-3.62435706544438	1.0		0.0		0.0	-5.122923782673854	1.0	-4.646469595824716	1.0		0.0	-5.509485479675959	1.0
samp_99	-7.004450614571251	1.7707284616873715	-0.08561171214818483		0.0	-9.72557370063194	3.0		0.0	-9.58407103816311	2.0		0.0	-7.111956355025981	1.0		0.0		0.0	-3.0901373256230285	1.0	-7.3082360095415915	2.0	-3.5977286729714786	1.0	-1.1816276738102252	1.0	-6.394037910192149	2.0		0.0	-4.634254882510462	1.0	-3.65088104946661	1.0	-5.501507021282915	2.0
