run	log_F	b1I8_log_P	b1I8_weight	b2F5_log_P	b2F5_weight	b2G8_log_P	b2G8_weight	b2B1_log_P	b2B1_weight	b2G4_log_P	b2G4_weight	b2H8_log_P	b2H8_weight	b2A5_log_P	b2A5_weight	b2G3_log_P	b2G3_weight	b2H3_log_P	b2H3_weight	b2F3_log_P	b2F3_weight	b2G7_log_P	b2G7_weight	b2A6_log_P	b2A6_weight	b2B6_log_P	b2B6_weight	b2B4_log_P	b2B4_weight	b2B2_log_P	b2B2_weight	b2B7_log_P	b2B7_weight	b2B5_log_P	b2B5_weight	b2A2_log_P	b2A2_weight
fit	-1.91378421380588	-5.077686622468819	1.0	-2.4226116633525443	1.0	-4.8123315520563885	1.0	-4.693410003665962	1.0	-0.6439700809137981	1.0	-4.772436631293036	1.0	-4.840255458929376	1.0	-5.192284565080727	1.0	-1.7064101264812785	1.0	-4.20225724141563	1.0	-4.639230018326235	1.0	-7.5934431967491065	1.0	-4.7379062725829195	1.0	-0.32953431986857984	1.0	-4.036123316385839	1.0	-4.497667847829985	1.0	-4.993412000488046	1.0	-6.07120448160613	1.0
samp_00	-1.589792103382308		0.0		0.0	-4.930622316960877	1.0	-4.808333410812419	1.0	-0.637047490166986	1.0	-4.890505424200542	1.0	-4.958108739046729	1.0	-5.316704367779917	2.0		0.0		0.0	-4.752304833528309	1.0		0.0		0.0	-0.3373285597498529	2.0	-4.1427065776656855	3.0	-4.612876580770489	1.0	-5.116951843044818	1.0	-6.207625142349416	3.0
samp_01	-2.046818875472911	-5.026056328836315	1.0		0.0		0.0	-4.644434013058655	1.0		0.0		0.0	-4.790242321854047	2.0	-5.139937582798358	3.0	-1.71302986508071	2.0	-4.158613438260312	1.0	-4.59091520243065	2.0	-7.524440089697976	2.0	-4.6874676008118925	1.0		0.0	-3.9900101316265064	1.0	-4.44852660891848	1.0	-4.941332185103131	1.0		0.0
samp_02	-1.815420079964646		0.0	-2.4239551811513294	2.0	-4.848887627545831	1.0		0.0	-0.6420809405974548	1.0	-4.808932584866542	3.0		0.0	-5.230571363865644	1.0		0.0	-4.233611393706152	1.0	-4.674308836846596	1.0	-7.64504157218132	1.0		0.0	-0.3323675714783239	2.0	-4.069398627623478	1.0	-4.533374321777839	2.0	-5.03147281946797	1.0	-6.112877007285052	1.0
samp_03	-1.8902787934639715	-5.086744175023518	2.0		0.0	-4.821107629700822	1.0		0.0	-0.6435361718676779	1.0		0.0	-4.848996803532603	1.0	-5.201474631233867	3.0		0.0	-4.209823761298251	2.0		0.0	-7.605716890498005	1.0	-4.746745836698368	1.0	-0.3302498622974686	2.0	-4.044138522011247	2.0		0.0	-5.002537292900514	2.0		0.0
samp_04	-2.237619384893892	-4.951073268769738	2.0	-2.4035651087543437	1.0	-4.689015657703198	1.0	-4.572857616733049	3.0	-0.6478479341615166	4.0	-4.649270415460172	2.0	-4.717340600535472	2.0	-5.0640386452319905	1.0		0.0	-4.093896316464948	1.0		0.0		0.0		0.0		0.0		0.0		0.0		0.0	-5.933386655122959	1.0
samp_05	-1.9458754112646797	-5.065290635887656	2.0	-2.42171471608765	1.0		0.0	-4.681676222165781	2.0		0.0	-4.76042139237908	2.0		0.0	-5.179705460813872	1.0	-1.7082095929553713	1.0	-4.19185812681923	1.0	-4.627661213046888	1.0	-7.576697581901792	1.0	-4.725811121055808	1.0	-0.3285239965031553	1.0	-4.025117401098632	1.0	-4.4858968776141195	2.0	-4.9809062935954795	1.0		0.0
samp_06	-1.7754620799915488	-5.1306046271653845	3.0	-2.4239369954055126	1.0	-4.863592865559235	1.0	-4.743310034999254	1.0		0.0		0.0	-4.8913346300225005	3.0		0.0		0.0		0.0		0.0	-7.66611156647165	3.0	-4.789435571987875	1.0		0.0	-4.082698460102674	2.0	-4.547709897977159	1.0		0.0	-6.12975447004984	2.0
samp_07	-1.778071800917402	-5.129613213952354	2.0	-2.4239492235596707	1.0	-4.862636423754014	2.0	-4.742380339399001	1.0	-0.6412829271831131	1.0	-4.822656669196398	1.0		0.0		0.0	-1.6975271895746358	1.0	-4.245294663199907	1.0		0.0	-7.664733319338133	2.0	-4.788474220896385	1.0	-0.33330067104058764	1.0	-4.081834473633395	1.0		0.0	-5.045805541068556	1.0	-6.1286535077639135	2.0
samp_08	-1.9890659578101366	-5.048547783441141	2.0		0.0	-4.784029648973831	1.0	-4.66580303772007	2.0		0.0		0.0	-4.81204936804115	1.0		0.0		0.0	-4.17772543472972	2.0	-4.612001183781713	2.0	-7.554276969352197	2.0	-4.709458558853842	1.0	-0.32707647149178737	2.0	-4.010175413643719	1.0	-4.469969882424719	1.0	-4.964017790081795	1.0		0.0
samp_09	-2.0796368677584023	-5.013220441812868	1.0	-2.415664209025704	2.0	-4.749651857704854	3.0	-4.632218261236878	1.0		0.0		0.0		0.0		0.0		0.0	-4.147644983015611	2.0	-4.5788559568356435	3.0		0.0		0.0	-0.323738525152525	1.0	-3.978458344512364	2.0	-4.436272129410237	2.0	-4.928401862569459	1.0		0.0
samp_10	-1.995799036456772	-5.045930404523861	2.0		0.0	-4.7814882900088636	1.0	-4.66332022270707	2.0	-0.6453510538748188	4.0	-4.741638256222576	1.0	-4.809514903051635	1.0		0.0	-1.7107534052462323	1.0	-4.175499404382714	1.0		0.0	-7.550783728230235	1.0	-4.706904468789893	1.0	-0.32684344439623975	1.0	-4.007837256723026	1.0		0.0		0.0	-6.036351542092743	1.0
samp_11	-2.3306996312530064		0.0	-2.393996188194724	2.0	-4.652971289109406	1.0	-4.537505355509625	4.0	-0.6479617751431154	3.0		0.0	-4.681405449782502	3.0		0.0	-1.7182699909247507	1.0	-4.061566634261049	1.0		0.0		0.0		0.0	-0.3117037372614045	1.0		0.0	-4.341142238277649	1.0		0.0	-5.893810592169959	1.0
samp_12	-2.166222843330652	-4.979230751623684	2.0	-2.4096945457371017	1.0	-4.716517571494677	1.0	-4.599798835929474	1.0	-0.6474064377971481	2.0		0.0		0.0	-5.0925275679022155	1.0	-1.7168495265264911	2.0	-4.118376443810328	1.0	-4.54682729050226	3.0	-7.463373660521902	1.0		0.0		0.0		0.0	-4.4037181898837625	1.0		0.0	-5.963787686310515	2.0
samp_13	-1.6595014716468535		0.0		0.0		0.0	-4.784214051987064	2.0		0.0		0.0		0.0	-5.29039449075531	1.0	-1.6884288384562147	3.0	-4.281518926903641	1.0		0.0	-7.727644043616268	4.0	-4.8317964216443565	1.0	-0.33599926886044995	1.0	-4.12054117045724	2.0	-4.588710091487245	1.0		0.0	-6.17851649095042	2.0
samp_14	-2.1800082937786818		0.0	-2.408589843182209	2.0		0.0	-4.594604613949006	1.0	-0.6475197881707213	3.0		0.0	-4.739476737392313	2.0	-5.087039542974139	2.0	-1.7171457802046344	2.0		0.0		0.0		0.0		0.0	-0.31942229823097545	3.0	-3.9427238225670798	1.0		0.0		0.0	-5.957924304155726	2.0
samp_15	-1.8056547925759843		0.0		0.0	-4.852491371026558	1.0	-4.732515942910819	3.0		0.0	-4.8125317505890255	2.0		0.0	-5.234357577782808	2.0	-1.6994796364441385	1.0	-4.236676986895677	1.0		0.0	-7.650176202951492	3.0	-4.778276936563971	2.0		0.0	-4.072659882767615	1.0	-4.536886430798205	1.0		0.0	-6.117005110633318	1.0
samp_16	-2.0924971066972335		0.0	-2.414859666459731	1.0	-4.744751866866032	2.0	-4.627430962646271	1.0	-0.6466786521653719	1.0	-4.704949689329714	2.0	-4.772898389009241	2.0		0.0	-1.7147386408900498	1.0	-4.1433384625076135	1.0	-4.574123140166845	3.0	-7.500970601633391	1.0	-4.6699813891625155	1.0		0.0	-3.9739121692793224	1.0		0.0	-4.923307916747409	1.0		0.0
samp_17	-2.202457242771602		0.0	-2.406707689402012	2.0	-4.702577415566148	1.0		0.0		0.0	-4.662819333955973	1.0	-4.730861750585732	1.0	-5.0780821736362975	3.0	-1.717560260539835	1.0	-4.105991906600409	1.0	-4.53333407771539	2.0	-7.445012860528862	2.0	-4.627593636369864	2.0	-0.3183812244203492	2.0		0.0		0.0		0.0		0.0
samp_18	-1.8902556811838667		0.0	-2.4231182731356875	1.0		0.0	-4.701976315581649	2.0	-0.6435405176351067	1.0	-4.781220802720114	1.0	-4.849024024512303	1.0		0.0	-1.7050239942462662	1.0	-4.209823559458163	1.0	-4.647671919584114	3.0		0.0	-4.7467423006645	3.0		0.0	-4.044150902923656	1.0		0.0	-5.002553218707518	3.0		0.0
samp_19	-2.046129641329227	-5.026321863216489	1.0	-2.417539761421666	1.0		0.0	-4.644687830418652	1.0	-0.6460753732806445	1.0	-4.722586582510264	1.0	-4.79050282495761	3.0	-5.140196061649797	2.0		0.0	-4.158842617479387	1.0	-4.591165268597509	1.0		0.0	-4.687739792113764	2.0	-0.3250053406226712	1.0	-3.9902516709813396	1.0	-4.448783455209729	2.0		0.0		0.0
samp_20	-1.6937092301562877		0.0	-2.4228874913405694	1.0		0.0		0.0		0.0	-4.853339404345034	1.0	-4.9210063959801635	1.0	-5.277366247774426	1.0	-1.691160671891604	1.0	-4.271207783118867	1.0	-4.716847125389486	2.0		0.0	-4.819383058895578	3.0	-0.33525778615488644	1.0	-4.109494422786035	1.0	-4.576706281404154	1.0	-5.077928594090394	1.0	-6.164166336564616	3.0
samp_21	-2.0256266344639453	-5.0343202450977715	1.0	-2.4185987236208044	1.0	-4.770194099895433	2.0	-4.652293459902943	2.0	-0.6457995681595302	1.0		0.0	-4.798260186007039	2.0	-5.148311553898187	1.0	-1.7121265003644301	2.0		0.0	-4.598671076521117	1.0	-7.535371195105784	1.0	-4.695553388615589	2.0		0.0		0.0		0.0	-4.949674111486163	1.0	-6.023658097026618	1.0
samp_22	-2.0937662280592986	-5.007695824818594	2.0	-2.414795130648521	2.0	-4.744270357541042	1.0	-4.626957960104537	1.0		0.0	-4.704466247188579	2.0	-4.772420159325781	2.0	-5.121339063247229	1.0		0.0	-4.142909665052022	1.0	-4.573660485002059	1.0	-7.50033395196969	1.0		0.0	-0.3231409542586018	1.0	-3.9734589770211493	1.0	-4.43098021342105	1.0		0.0	-5.994654703592201	1.0
samp_23	-1.9415239058363656	-5.066973872370777	1.0	-2.4218583341073123	1.0	-4.801931452138202	1.0	-4.683268443297859	1.0		0.0	-4.762051001727184	2.0	-4.829890566675099	1.0	-5.1814178613556985	1.0		0.0	-4.193269996061012	2.0	-4.629230559721503	1.0	-7.578976029316666	2.0	-4.7274525247415795	1.0	-0.3286598480710365	1.0	-4.026606270044072	1.0		0.0		0.0	-6.059420814179584	2.0
samp_24	-1.9215401259105722	-5.074694257039635	2.0		0.0	-4.8094253471728905	1.0	-4.69057813113771	3.0		0.0	-4.769534903546916	1.0	-4.837360199499547	2.0	-5.189249202996782	2.0		0.0		0.0	-4.636438542478625	1.0		0.0	-4.734986944270861	2.0		0.0		0.0	-4.494827533145767	3.0		0.0	-6.0679128466439405	1.0
samp_25	-2.2308583666504997	-4.953746184808092	1.0		0.0		0.0		0.0	-0.6478197437046312	2.0		0.0	-4.719942714624033	2.0	-5.066740366544278	3.0	-1.7179681983801796	2.0	-4.096227041885438	2.0	-4.5227257562610115	2.0	-7.430686517836905	1.0		0.0	-0.3170037160441183	1.0		0.0		0.0	-4.868418927107875	1.0	-5.936264219753829	1.0
samp_26	-1.9626420941458342	-5.058795700754449	1.0	-2.42117565821649	1.0	-4.793990840472481	1.0	-4.675522893510751	3.0	-0.6448149853889822	1.0		0.0	-4.821975829720963	2.0		0.0		0.0		0.0	-4.621588614149739	2.0		0.0		0.0	-0.3279728646883038	2.0	-4.01933619378932	1.0	-4.479728241443083	2.0		0.0	-6.050450369583939	2.0
samp_27	-2.0164177541110218		0.0		0.0	-4.773684431778426	2.0	-4.655700915758019	2.0	-0.6456623457901668	2.0		0.0	-4.801739467856919	1.0	-5.15194997807789	1.0	-1.7117245585105372	2.0	-4.168703921406775	1.0	-4.602036057506499	1.0	-7.54012239451032	2.0	-4.699061451046202	1.0	-0.3261061044345257	1.0		0.0	-4.459835329631932	1.0		0.0	-6.0275788936739945	1.0
samp_28	-1.6479532027869879	-5.178540606491806	2.0		0.0	-4.909861208561608	1.0		0.0	-0.6384015488360361	3.0	-4.869790894475773	1.0	-4.9374340632486655	2.0		0.0	-1.6874904860533335	1.0		0.0		0.0	-7.733795495848845	2.0	-4.835960832789891	1.0	-0.33621319482629525	1.0		0.0		0.0	-5.09520020511362	1.0	-6.183346169011302	3.0
samp_29	-1.8724767222968826		0.0		0.0		0.0	-4.7084254345173795	1.0	-0.6431885047752606	1.0	-4.787825570714268	3.0	-4.855613690625089	2.0		0.0	-1.7039015073442023	1.0		0.0	-4.6540325559356335	3.0		0.0	-4.75339803308383	2.0	-0.3307594954971332	1.0	-4.050185082499307	3.0	-4.512731146665903	1.0		0.0		0.0
samp_30	-1.882226238577237		0.0	-2.4232641499209735	1.0	-4.824116277225873	1.0	-4.704898508966692	1.0		0.0	-4.784200542246772	3.0	-4.85200229694052	1.0	-5.2046098583661395	1.0	-1.7045067924595942	1.0		0.0	-4.650546165780801	3.0		0.0	-4.749750500930451	1.0		0.0	-4.046867575383363	1.0	-4.509186422783635	2.0	-5.005666406492302	1.0	-6.084585694451383	1.0
samp_31	-2.182256731670592	-4.972925372676042	1.0		0.0	-4.710354375327982	2.0	-4.593763957283239	3.0	-0.6475311643717769	2.0		0.0		0.0	-5.086134864637844	1.0	-1.7171922892041036	3.0	-4.112905276131077	2.0		0.0	-7.455237184042129	1.0	-4.635408427257336	3.0		0.0		0.0		0.0		0.0		0.0
samp_32	-1.8897711286388912	-5.086934264487827	2.0	-2.423126960914552	2.0		0.0	-4.702156648303841	1.0	-0.6435245415403159	2.0	-4.7813962028360395	1.0		0.0	-5.201672977060692	1.0	-1.7049714390206085	1.0	-4.209992288782318	1.0		0.0		0.0	-4.746922380454786	2.0	-0.330259956871637	1.0		0.0	-4.506437704485236	1.0	-5.002740564496543	1.0	-6.081393050487286	2.0
samp_33	-2.240157727276627	-4.950073460688619	1.0	-2.4033232917226495	3.0	-4.68804341060335	2.0	-4.571904919129756	1.0	-0.647861096429341	1.0	-4.6482952523597385	1.0	-4.716369081072897	1.0		0.0	-1.7180732276921167	2.0	-4.093031081896902	1.0	-4.519254735590289	1.0	-7.426015487222173	2.0	-4.612981477119445	1.0		0.0		0.0		0.0		0.0	-5.932310124938388	1.0
samp_34	-1.981896178736279	-5.051332201684644	4.0		0.0	-4.786734818914218	2.0	-4.66844359436649	1.0		0.0		0.0	-4.814746593024762	1.0	-5.165554382985484	1.0		0.0	-4.180082096186674	1.0	-4.614608786743561	1.0	-7.557994612351616	1.0	-4.712178421286191	2.0	-0.32732966861372587	2.0	-4.012665524156166	1.0		0.0	-4.966826882844123	1.0		0.0
samp_35	-2.1807256377551933	-4.973523982381852	2.0	-2.4085258353436214	2.0	-4.710941047689943	3.0		0.0	-0.6475077261551355	1.0		0.0	-4.7391997601559215	2.0	-5.086749271579921	2.0	-1.7171530697476192	1.0		0.0	-4.541441177315641	1.0		0.0		0.0	-0.3193860272735633	1.0	-3.942478188392352	1.0	-4.3982388830640256	2.0		0.0		0.0
samp_36	-2.0508331388335015	-5.024496033922388	2.0	-2.4172980210076656	2.0	-4.760643434301975	1.0	-4.642945036648813	2.0		0.0		0.0	-4.788725566178128	2.0	-5.1383539862002	4.0		0.0		0.0		0.0		0.0		0.0	-0.3248267275943358	1.0		0.0	-4.4470454069565015	1.0	-4.939758936318773	1.0	-6.01293943350336	2.0
samp_37	-2.006548287807884	-5.041738247094251	1.0	-2.4194548173290356	1.0		0.0	-4.659343367878033	1.0	-0.6455231842896239	1.0	-4.737576133130258	3.0		0.0	-5.15584328082348	4.0		0.0	-4.171964064136619	2.0		0.0		0.0	-4.702815107898096	3.0		0.0	-4.00408875818276	2.0		0.0		0.0		0.0
samp_38	-1.9117929877270323	-5.078454416847229	2.0		0.0		0.0	-4.694133632181188	1.0		0.0	-4.773181389987371	1.0	-4.840996830876038	3.0		0.0		0.0	-4.202900044324287	1.0	-4.63994461546913	2.0	-7.594481616453176	2.0	-4.738654938547592	2.0	-0.3295966573517425	1.0	-4.036802957571456	2.0		0.0	-4.994185244345811	1.0		0.0
samp_39	-1.7798980488970648		0.0	-2.423954693732981	2.0	-4.861954449571455	1.0		0.0		0.0	-4.821978614760306	1.0		0.0	-5.244307148150301	2.0		0.0		0.0	-4.686824498357832	3.0	-7.663764406733583	1.0		0.0	-0.3332392889393836	2.0	-4.0812279586985785	2.0		0.0	-5.045103447485293	3.0	-6.127896437488369	1.0
samp_40	-2.066149050257303	-5.0185055412036705	1.0	-2.4164446864559124	1.0	-4.754796411975751	1.0		0.0	-0.6463561925839457	1.0	-4.71498247039749	3.0	-4.7829176076155235	2.0		0.0	-1.713800328499519	1.0	-4.152163245028202	3.0		0.0		0.0	-4.6800768394992645	1.0	-0.32425650571242326	1.0		0.0	-4.441313741869797	2.0		0.0	-6.006410466750729	1.0
samp_41	-1.8208207776266343		0.0	-2.423940235660799	1.0	-4.846896712760087	1.0		0.0		0.0	-4.806945211837355	2.0	-4.874697838492764	1.0		0.0	-1.7005231670429628	1.0	-4.231910099981288	3.0		0.0	-7.642186443450446	2.0		0.0	-0.33220002098920726	2.0	-4.067590247631008	1.0	-4.531429190611094	1.0	-5.029393207912615	1.0	-6.11059507460136	2.0
samp_42	-1.9539455379067825		0.0		0.0	-4.797265263563134	1.0		0.0	-0.6446709680822559	1.0	-4.75739235279552	2.0	-4.825241489000155	2.0	-5.176536922826121	1.0		0.0	-4.1892224925172155	3.0	-4.624751042299733	1.0	-7.572517664881392	1.0	-4.722763023849287	1.0	-0.3282590431070453	2.0	-4.022338288862074	1.0		0.0		0.0	-6.054146720035655	2.0
samp_43	-1.8687035800200242	-5.0950288423803665	1.0		0.0	-4.829146751128703	1.0		0.0	-0.6431286035673931	1.0	-4.789227886930276	3.0		0.0	-5.209883100112195	3.0		0.0	-4.216731970642449	1.0	-4.655380480556527	2.0	-7.617026868972036	1.0	-4.754809006756325	1.0		0.0	-4.051464590236803	3.0		0.0		0.0	-6.0903251610241895	1.0
samp_44	-1.8937201534782475		0.0	-2.423052628937096	1.0	-4.819831529026677	1.0		0.0		0.0	-4.779918976056012	2.0		0.0	-5.200127901449208	2.0	-1.7052248393292757	2.0		0.0	-4.646429331976208	2.0	-7.603922924026055	2.0	-4.745443505919682	1.0	-0.3301413183804848	2.0	-4.042968932811169	1.0	-4.504997432469318	1.0		0.0	-6.079717612961205	1.0
samp_45	-1.9892362198103315	-5.04847380898161	1.0		0.0		0.0	-4.665739295712587	2.0	-0.6452482371193845	2.0		0.0		0.0	-5.162657457371838	1.0	-1.7104480731136429	4.0	-4.1776750066976165	1.0		0.0	-7.554178496096189	2.0	-4.709386115109379	2.0	-0.3270718070494543	1.0	-4.010116306696565	1.0		0.0		0.0	-6.039141694465594	1.0
samp_46	-1.8734532173233405		0.0	-2.4233468690968727	1.0	-4.8273778367014755	2.0	-4.708087064449668	1.0		0.0	-4.787476739609975	1.0	-4.855249539698796	2.0	-5.208026501192862	2.0	-1.7039656629909703	1.0	-4.215209522929331	1.0		0.0	-7.614531994826131	1.0		0.0	-0.3307313135833867	1.0	-4.049849991804007	1.0	-4.512377645279163	1.0	-5.0090725312723015	1.0	-6.088313801260342	2.0
samp_47	-2.135560710485825	-4.991296179494056	2.0	-2.4119786438597814	1.0	-4.728284546843891	1.0	-4.6113186568127045	1.0	-0.6471528662782877	3.0		0.0	-4.7564823126594	2.0		0.0	-1.7160821066802647	2.0	-4.128797906702516	2.0		0.0		0.0	-4.653427954106377	1.0		0.0	-3.958619021836221	1.0		0.0	-4.906279772956217	1.0	-5.976849450381987	1.0
samp_48	-2.3160405429344513	-4.9200411597908005	1.0	-2.3956198944494185	5.0	-4.658662174199855	1.0	-4.5430945046577715	1.0		0.0		0.0	-4.687083692579773	1.0	-5.032659262573114	1.0	-1.7183479468013847	1.0		0.0	-4.490755713717279	1.0	-7.388044598775602	1.0	-4.583449333160762	2.0	-0.31258769358373106	2.0		0.0		0.0		0.0	-5.900041500708227	1.0
samp_49	-1.840672649051516	-5.105765033803733	3.0		0.0		0.0	-4.71992578954312	1.0	-0.6425740075067314	2.0	-4.79961432495423	2.0	-4.8673811780298335	3.0		0.0		0.0		0.0	-4.665358944078971	1.0	-7.631743596792649	2.0		0.0		0.0		0.0	-4.524265095236123	1.0	-5.021739976431464	2.0	-6.102193727210531	1.0
samp_50	-1.7367371387716495		0.0		0.0	-4.877753428424172	1.0	-4.757070043863297	1.0	-0.640391146780925	1.0	-4.83774634763854	1.0	-4.905442986930484	1.0		0.0	-1.694476818153359	2.0	-4.2580754506624325	2.0	-4.7019249204956095	1.0		0.0	-4.803678963245325	2.0		0.0	-4.095462024765798	1.0	-4.561502989829658	1.0	-5.0615918148416235	3.0	-6.14607697280878	1.0
samp_51	-1.9160709121212123	-5.076799740015153	2.0	-2.4225582490247053	1.0	-4.811474321139413	1.0	-4.692573685988357	1.0	-0.6440082494434595	1.0	-4.771577011710344	2.0	-4.839401361381542	1.0	-5.191390552535269	2.0		0.0		0.0	-4.638405445541203	1.0		0.0		0.0	-0.3294569510192362	1.0	-4.035344225595135	2.0	-4.496831295428293	2.0	-4.992519906294441	1.0		0.0
samp_52	-2.026012048157804		0.0	-2.4185535675770318	2.0	-4.770047298078786	1.0	-4.65214790609497	1.0	-0.645805498829687	1.0	-4.730212569388813	1.0	-4.798113144689171	1.0	-5.1481613385334	1.0	-1.7121490593453805	3.0		0.0		0.0	-7.535167828039388	1.0	-4.695406308408438	2.0	-0.32576153149325016	2.0		0.0	-4.456269646321704	1.0	-4.949517277580409	1.0		0.0
samp_53	-1.9431644105896562	-5.066366328514098	1.0	-2.4217961815448805	1.0		0.0	-4.6826871868460875	1.0		0.0	-4.76145782334881	2.0	-4.829281330036854	2.0	-5.180797630561246	3.0		0.0	-4.1927437973527635	1.0	-4.62865703925902	1.0		0.0		0.0	-0.3285729298879403	1.0	-4.0260769546561495	2.0		0.0	-4.981988484704147	1.0	-6.0587751292860625	2.0
samp_54	-2.03199602618629	-5.031835008311575	2.0	-2.418260439991127	3.0	-4.767779719723923	1.0		0.0		0.0		0.0	-4.795857736526373	2.0	-5.145798020170387	1.0		0.0	-4.163542116849627	1.0	-4.596343065336937	1.0	-7.532078559167639	2.0	-4.693126101428609	3.0		0.0		0.0	-4.454045913323713	1.0	-4.947162692934403	1.0		0.0
samp_55	-1.7964511276690573		0.0	-2.423987296600452	2.0	-4.85588000873244	1.0	-4.735826814723222	1.0	-0.641664301636666	2.0	-4.8159169145435206	4.0	-4.883650050594715	1.0		0.0		0.0		0.0		0.0		0.0	-4.781682479169753	2.0	-0.3328295417840968	1.0		0.0	-4.540192495398478	4.0		0.0		0.0
samp_56	-2.2535043370739314	-4.9447978121367395	1.0	-2.4020570164244672	1.0	-4.682877536809321	3.0	-4.566843088839815	1.0	-0.6479095311184783	1.0		0.0	-4.711227604869977	4.0		0.0		0.0	-4.088406323180685	2.0	-4.514241440341905	2.0		0.0	-4.6077940116831115	1.0	-0.3158755490441608	1.0		0.0		0.0		0.0	-5.926626256165835	1.0
samp_57	-1.997903723831854	-5.045108997398464	2.0	-2.419829426432825	1.0	-4.780689619093428	2.0	-4.662539775299938	2.0		0.0	-4.740842556586748	1.0		0.0	-5.1592512563819275	1.0		0.0	-4.174814044617252	2.0		0.0	-7.549697918063602	1.0	-4.706101781989645	2.0	-0.3267605270195297	2.0	-4.007103723218944	1.0		0.0		0.0	-6.03544788347162	1.0
samp_58	-2.1434783743839265		0.0	-2.4114168545837216	2.0	-4.725238963961372	1.0		0.0	-0.6472060098950025	1.0		0.0		0.0	-5.1015878916374	2.0	-1.7162916528240235	1.0	-4.126115304121051	5.0		0.0		0.0	-4.650375098745652	3.0		0.0	-3.955813712737856	1.0	-4.412295351508747	1.0		0.0	-5.973461400682527	1.0
samp_59	-1.800216482033867		0.0	-2.4239958185673114	2.0		0.0	-4.734459621046639	1.0	-0.6417545179915759	1.0	-4.814502504110647	2.0	-4.882255482771629	3.0	-5.236447193898538	1.0	-1.6991054412526372	1.0		0.0		0.0		0.0	-4.780274208324321	1.0		0.0	-4.074448554467675	2.0	-4.538830083670434	1.0		0.0	-6.119311799312628	3.0
samp_60	-1.76273400530657		0.0		0.0	-4.868258209088739	1.0	-4.747841612438653	1.0	-0.6409399333165005	1.0	-4.828268826642708	1.0		0.0		0.0	-1.6964114762798512	2.0	-4.2500550328656	2.0	-4.692842892638206	1.0	-7.672847813692387	3.0		0.0	-0.33365399992520267	1.0	-4.086901928708246	3.0		0.0	-5.051668389011995	2.0		0.0
samp_61	-1.7138403244146536		0.0		0.0	-4.886072605004644	1.0	-4.765151013244428	1.0	-0.639888853185747	1.0	-4.846060350662656	3.0		0.0		0.0	-1.6927296157447196	1.0	-4.265083795741775	1.0	-4.709887224472232	2.0		0.0	-4.812042104130197	3.0		0.0	-4.102949461156557	1.0	-4.5696083473293525	2.0		0.0	-6.155701848775269	2.0
samp_62	-2.0855736835348146	-5.010899955758179	1.0	-2.4152756822457504	1.0	-4.7473908065359876	1.0	-4.630006235426317	1.0	-0.6465801892849491	1.0	-4.70758412999192	1.0	-4.775531617393226	1.0		0.0	-1.7145176665955968	1.0	-4.145651940889422	1.0	-4.57667694610845	2.0		0.0		0.0	-0.32347669292955056	4.0	-3.976354570364726	1.0		0.0	-4.926046572272262	2.0		0.0
samp_63	-2.107055827167074	-5.00248346578638	1.0	-2.413941339392722	1.0		0.0		0.0	-0.6468382168412905	1.0	-4.699394998252835	1.0	-4.767359336224568	2.0	-5.1160632052473485	4.0	-1.715231307921955	1.0	-4.138434177213174	1.0		0.0	-7.493522609690514	1.0		0.0	-0.3225941962721136	2.0	-3.9687553622418856	1.0	-4.42599611245189	2.0		0.0		0.0
samp_64	-2.0675889516278634	-5.017935327821822	1.0		0.0	-4.754252735965912	1.0	-4.636715244058398	1.0	-0.6463588157018808	1.0	-4.714417930897896	2.0	-4.782377570792307	2.0		0.0	-1.713860178979681	1.0	-4.151680696815706	2.0	-4.583282409645801	2.0	-7.513774591246459	1.0		0.0	-0.3241992873245107	1.0	-3.982713440983781	2.0		0.0		0.0	-6.005811528542789	1.0
samp_65	-1.8574402380937851	-5.0993497649320885	1.0	-2.4236321463017347	1.0		0.0	-4.71387177637344	2.0	-0.6429022473224253	1.0	-4.793402746731723	2.0	-4.86118953312819	1.0	-5.214270579379099	1.0	-1.7029792874409568	1.0	-4.2203174974995	1.0		0.0	-7.622937051687897	4.0		0.0		0.0		0.0		0.0	-5.0152568367330455	2.0	-6.095096833244434	1.0
samp_66	-2.217591892851598	-4.958986147131729	3.0		0.0		0.0	-4.5804324897895325	2.0	-0.6477539016976535	1.0		0.0	-4.725046101470053	1.0	-5.072038849799177	3.0		0.0	-4.100793127291843	2.0	-4.527684533336287	1.0		0.0		0.0	-0.31765325524166876	3.0	-3.929208610684518	1.0		0.0	-4.8737006873582684	1.0		0.0
samp_67	-2.1385425962239344	-4.990126701723566	2.0	-2.411776457290422	1.0		0.0	-4.610197832149292	2.0	-0.647152499578152	1.0	-4.687355228327484	3.0	-4.75534720207882	2.0		0.0	-1.7161674389998252	1.0		0.0	-4.557102121892311	2.0	-7.477449396716333	1.0		0.0	-0.3212658708247957	1.0		0.0	-4.414159555437756	2.0		0.0		0.0
samp_68	-1.560206482934008	-5.210988134927158	2.0		0.0	-4.941091488228045	2.0	-4.818468582540201	1.0		0.0		0.0	-4.968533557102781	2.0		0.0		0.0		0.0		0.0	-7.7806810380432045	1.0		0.0	-0.33785527738317184	1.0	-4.151966413692781	1.0	-4.623030634793893	4.0	-5.127954995801117	2.0	-6.219939373021464	2.0
samp_69	-2.0688350098389283	-5.017445094913323	1.0	-2.416308014954704	1.0		0.0	-4.636243766958905	2.0	-0.6463952279930457	2.0	-4.713972251066774	2.0		0.0	-5.1312293943577085	2.0		0.0	-4.151264606058755	3.0	-4.582847872782166	1.0		0.0	-4.679049901066541	1.0		0.0		0.0		0.0	-4.932654780997118	1.0	-6.005267071465629	2.0
samp_70	-1.7592151292059865	-5.136760858964853	2.0	-2.4238342553321366	2.0	-4.86954487458588	1.0	-4.749095557803956	1.0	-0.6408818252973314	1.0	-4.829553100632335	1.0		0.0	-5.25227356545122	1.0		0.0		0.0	-4.694078810823495	1.0	-7.674701094851849	2.0		0.0		0.0	-4.088069376021444	2.0	-4.553508135268447	1.0	-5.053017859181104	3.0		0.0
samp_71	-2.0134082101210096	-5.039080350426445	1.0	-2.419147503607711	2.0	-4.774824444464136	1.0	-4.656816336892916	1.0	-0.645618088206046	1.0		0.0		0.0		0.0	-1.7115893119555379	3.0		0.0	-4.603133811296426	3.0	-7.541682728745486	1.0	-4.700204527739515	1.0		0.0	-4.001695650551181	1.0		0.0		0.0	-6.028859807165715	3.0
samp_72	-1.9235878118588483		0.0		0.0	-4.80866646378324	3.0	-4.689829217128622	2.0		0.0		0.0	-4.8366021558421926	1.0	-5.188460167402841	2.0	-1.7069681130517433	1.0		0.0	-4.6357137144049085	1.0		0.0	-4.734227221757833	2.0	-0.3292145990005237	3.0	-4.032778044780154	1.0	-4.494085264419638	2.0		0.0		0.0
samp_73	-1.9763005685352921	-5.053502485450053	1.0	-2.4206472832056267	1.0		0.0	-4.670503495444292	2.0	-0.6450592679329464	2.0	-4.748987704005787	2.0		0.0	-5.1677571024642965	1.0	-1.7097980274418105	1.0	-4.181911685073037	1.0	-4.616640576168561	2.0		0.0		0.0		0.0	-4.014605278417274	2.0	-4.474691281919011	1.0		0.0	-6.0446430634596044	2.0
samp_74	-1.8349801278805442		0.0	-2.4238525952755174	1.0		0.0	-4.7219778350879835	2.0	-0.642464326984798	3.0	-4.801718103138466	2.0	-4.869483385260529	1.0		0.0		0.0		0.0	-4.667379640209307	1.0	-7.634736660006294	1.0		0.0	-0.33181472948140955	3.0	-4.062837156307588	1.0	-4.526319804100851	2.0	-5.02393502759498	1.0		0.0
samp_75	-2.10685576433317	-5.0025520768005185	1.0	-2.4139850187057674	1.0	-4.739258332861877	1.0	-4.622057447985173	1.0	-0.6468311040434445	1.0		0.0	-4.7674269697606695	1.0		0.0	-1.7152245766470033	2.0	-4.1385087170501516	3.0	-4.568823325969506	1.0		0.0	-4.6644640109238145	2.0	-0.32260793837761925	1.0	-3.968814535143553	1.0		0.0	-4.917632518553526	1.0	-5.989064077318171	1.0
samp_76	-2.239573154739691	-4.950305905490591	1.0	-2.4033815852298943	1.0	-4.688260533444743	1.0	-4.572125031047864	4.0	-0.6478530679636679	2.0		0.0		0.0		0.0	-1.7180642169423817	2.0	-4.09321893619189	1.0	-4.519469849884607	2.0		0.0	-4.613204753970213	1.0	-0.31655947217415525	1.0	-3.921270852051146	1.0		0.0	-4.864950510227069	1.0		0.0
samp_77	-2.196508257055581		0.0	-2.407217374663675	2.0	-4.704868685802545	1.0	-4.588390093286489	1.0	-0.6476362435104456	2.0		0.0		0.0		0.0	-1.7174629923535183	5.0		0.0	-4.535552092931652	1.0		0.0	-4.6298965661108715	3.0	-0.31866162738166726	1.0	-3.9368078770559514	1.0	-4.392266195141262	1.0		0.0		0.0
samp_78	-1.9213876671715189	-5.074753303829189	2.0	-2.422419154691517	1.0	-4.809485850543646	1.0	-4.690630258746901	1.0		0.0	-4.769593059766361	2.0		0.0	-5.189313417477209	1.0		0.0	-4.199799124451903	3.0		0.0	-7.5894730977749205	2.0	-4.735046044748288	3.0		0.0		0.0		0.0	-4.990448510500455	1.0	-6.067971940587045	1.0
samp_79	-2.086236707350209	-5.010642928216891	2.0		0.0		0.0		0.0	-0.6466001021412251	1.0	-4.707336374819652	1.0	-4.7752841089862	2.0	-5.124327126552698	1.0	-1.7145309860093152	3.0	-4.145437506845899	1.0	-4.576430009109926	2.0	-7.504185567302095	2.0		0.0		0.0	-3.9761267232956583	2.0		0.0	-4.925790803594242	1.0		0.0
samp_80	-1.8399867813217012		0.0	-2.4238138837971444	2.0	-4.839803220067352	2.0		0.0		0.0	-4.799864845424613	2.0	-4.867632144270889	2.0		0.0	-1.7018179464969612	1.0	-4.225851791714053	1.0		0.0	-7.632099288370084	3.0		0.0	-0.33168348533839886	1.0	-4.06114148190337	1.0	-4.524497423937064	1.0	-5.022003098665124	2.0		0.0
samp_81	-2.1397650056472766	-4.989642908666092	1.0	-2.4116800461818313	1.0	-4.726671275385688	2.0	-4.609738007420636	3.0		0.0		0.0	-4.754879650428068	1.0	-5.103061692899021	2.0	-1.7161857424134126	2.0		0.0	-4.556649848688696	2.0	-7.476825293434152	1.0	-4.651807397265492	1.0		0.0	-3.957127226950553	1.0		0.0	-4.904611873840023	1.0		0.0
samp_82	-1.91804681001416	-5.076042581418461	1.0	-2.4225030497103366	1.0	-4.810735526651835	2.0	-4.691853825783469	1.0	-0.6440466189349637	3.0	-4.77084310293636	1.0		0.0		0.0		0.0	-4.200877068404483	1.0	-4.637695426014003	2.0		0.0	-4.736301405807083	2.0		0.0	-4.0346645536505985	2.0	-4.49610682880485	2.0		0.0		0.0
samp_83	-2.1391472494416286	-4.989885741015983	3.0	-2.4117274785836162	1.0		0.0	-4.609965663437376	3.0		0.0	-4.687126653146505	1.0	-4.755112700130828	2.0	-5.103308474427207	1.0		0.0	-4.127583018357456	2.0	-4.556880970449438	1.0		0.0	-4.6520475014038665	1.0		0.0	-3.9573452208820816	1.0	-4.413931783931804	1.0	-4.904858994677183	1.0		0.0
samp_84	-1.6963665261058007		0.0	-2.4229297352316213	1.0		0.0		0.0	-0.6394868690673492	1.0		0.0	-4.920056372886987	2.0		0.0		0.0	-4.270404482300444	2.0	-4.715932144079695	2.0	-7.70803232836526	1.0	-4.818428260589323	1.0		0.0	-4.108633482809988	2.0	-4.575769859527291	2.0	-5.076924359885817	3.0	-6.16305280015032	1.0
samp_85	-1.6474700901859942	-5.17872431047383	1.0	-2.421715891136293	2.0		0.0		0.0		0.0		0.0		0.0	-5.294950797618292	1.0	-1.6874534254970979	2.0		0.0	-4.7327328290307555	2.0	-7.734051817736122	1.0	-4.836132127026144	3.0		0.0	-4.1244000371623	1.0		0.0	-5.095375528177045	4.0	-6.183551670785263	1.0
samp_86	-2.371375707077383		0.0	-2.3892633007884765	1.0		0.0	-4.521994018398493	1.0	-0.647820284465701	3.0	-4.597462105707995	2.0	-4.665651045931554	1.0	-5.010480399775867	1.0		0.0	-4.047305592848417	6.0		0.0		0.0		0.0	-0.30932501927570744	1.0	-3.873201443569405	2.0		0.0		0.0		0.0
samp_87	-2.158573835608034	-4.9822462999277715	1.0		0.0		0.0	-4.6026753965029	2.0	-0.6473434891583617	2.0		0.0	-4.747685334258676	3.0		0.0	-1.716670235225272	3.0	-4.120983020309859	1.0		0.0	-7.467256062767393	2.0	-4.644555641312312	1.0	-0.3203979267791905	2.0		0.0		0.0	-4.897154426317281	1.0		0.0
samp_88	-1.8384618552780445	-5.106609552968513	1.0	-2.423825628074789	1.0	-4.840371113410751	1.0	-4.72072286018316	4.0	-0.6425277156054797	3.0		0.0		0.0	-5.2216424402309185	1.0		0.0		0.0		0.0	-7.632905080411514	1.0		0.0	-0.3317219930861816	1.0	-4.061670502303963	1.0	-4.52506115315692	2.0		0.0	-6.103129775676413	2.0
samp_89	-1.876515784284216	-5.092025656338518	2.0	-2.4233638591417863	1.0	-4.826236774455758	1.0		0.0	-0.643274556337392	2.0	-4.78632285379343	2.0		0.0	-5.20683796521698	1.0	-1.7041553519135517	1.0		0.0	-4.652589732668453	2.0	-7.612943492831578	1.0		0.0	-0.3306430397448085	1.0	-4.048810249594512	1.0		0.0		0.0	-6.087019228020066	3.0
samp_90	-1.6762200913708718		0.0	-2.4224903843920225	1.0		0.0		0.0	-0.6390423691016748	1.0	-4.859647441807915	2.0		0.0	-5.284026850645266	1.0	-1.6897744601403655	2.0	-4.276488269686628	1.0		0.0	-7.718738334126024	3.0		0.0	-0.3356399328412103	3.0	-4.115149401601926	1.0		0.0	-5.084537694060751	1.0	-6.1715054701217085	2.0
samp_91	-2.1524925713471896	-4.98464042113645	4.0	-2.410739580331837	3.0		0.0		0.0	-0.6472887308235074	3.0	-4.682011190902004	1.0		0.0		0.0		0.0		0.0	-4.551930393211342	2.0	-7.470350168243437	1.0	-4.64690045637952	1.0	-0.3206681465889028	1.0	-3.9525711708888664	1.0		0.0		0.0	-5.9696391632227215	1.0
samp_92	-2.2221764901223953	-4.957181489046629	1.0	-2.404998472860999	1.0	-4.694975537207322	2.0		0.0	-0.6477776515173398	2.0		0.0	-4.723281139568103	1.0	-5.070209363056311	2.0	-1.717858986668329	1.0	-4.099214944331001	3.0		0.0	-7.435060004209485	3.0		0.0	-0.31743016397996077	1.0		0.0	-4.3825373580634714	1.0		0.0		0.0
samp_93	-1.510792037346181	-5.229036981607642	1.0	-2.4160113654321704	1.0	-4.958433749921015	2.0		0.0	-0.6351218785736777	2.0		0.0	-4.9858036602675275	1.0	-5.346201930530505	1.0		0.0		0.0		0.0		0.0		0.0	-0.33868092239191694	1.0		0.0	-4.639821623360566	4.0	-5.146197297827876	1.0	-6.240424040639539	4.0
samp_94	-1.8629875955532487	-5.0972190893308795	1.0		0.0	-4.831273938632143	1.0		0.0	-0.643013507359197	1.0	-4.791346217308382	3.0	-4.859131042714178	2.0		0.0	-1.7033155009453171	2.0	-4.21855031077744	2.0		0.0	-7.620021820259653	1.0		0.0		0.0	-4.053416037054115	1.0	-4.516178961994178	2.0	-5.0131164244739805	1.0	-6.092742529056604	1.0
samp_95	-1.7309984863251013		0.0		0.0		0.0		0.0	-0.6402611728424611	1.0	-4.839834031971908	2.0	-4.9075275483495515	4.0		0.0		0.0	-4.259833610213297	1.0	-4.703922838481848	1.0	-7.689639686962372	1.0	-4.805773401922987	2.0	-0.3344229544294938	1.0	-4.097339496095685	3.0		0.0	-5.063777262512371	2.0		0.0
samp_96	-1.6656447372751972		0.0		0.0		0.0	-4.782068131853578	1.0		0.0	-4.863451031298187	2.0	-4.9310997383066155	2.0	-5.288054545985734	1.0	-1.6889214484952384	1.0		0.0	-4.726508147179349	1.0	-7.724370586877061	2.0	-4.829569173758473	2.0	-0.33585556820350676	1.0	-4.118562394056538	2.0	-4.586553933755949	1.0	-5.088537006528848	1.0	-6.175940452130872	1.0
samp_97	-1.4917457345001153	-5.235958077134921	1.0		0.0		0.0	-4.841623996835302	1.0	-0.6347323857393684	2.0		0.0	-4.992422806571686	2.0	-5.3532614883546294	1.0		0.0		0.0		0.0	-7.8173961476594345	2.0	-4.891475283319735	1.0	-0.3389867843400112	1.0	-4.173102921739737	2.0		0.0	-5.15318217919604	1.0	-6.2482926644144685	4.0
samp_98	-2.0360093233025056	-5.030272374765351	1.0	-2.4180544530434345	1.0	-4.766254359236123	1.0	-4.648445124480186	1.0	-0.6459389899343169	2.0		0.0	-4.794333868595166	1.0		0.0	-1.7126105074648086	1.0	-4.1622098472140285	3.0		0.0		0.0	-4.691594113938687	2.0	-0.3253782707696337	2.0		0.0	-4.452551605818487	1.0	-4.945586537233664	1.0	-6.01924098241637	1.0
samp_99	-1.9354056916869322		0.0		0.0	-4.804229771185458	1.0	-4.685510736000103	2.0	-0.6443535127951616	2.0	-4.764347165434112	1.0	-4.832180532794106	2.0	-5.183817765395475	2.0		0.0		0.0	-4.631440988956777	3.0		0.0		0.0		0.0	-4.0287109022485605	2.0	-4.489743992354386	1.0	-4.984991880034106	1.0	-6.062022518391852	1.0
