run	log_F	b1I8_log_P	b1I8_weight	b2F5_log_P	b2F5_weight	b2G8_log_P	b2G8_weight	b2B1_log_P	b2B1_weight	b2G4_log_P	b2G4_weight	b2H8_log_P	b2H8_weight	b2A5_log_P	b2A5_weight	b2G3_log_P	b2G3_weight	b2H3_log_P	b2H3_weight	b2F3_log_P	b2F3_weight	b2G7_log_P	b2G7_weight	b2A6_log_P	b2A6_weight	b2B6_log_P	b2B6_weight	b2B4_log_P	b2B4_weight	b2B5_log_P	b2B5_weight
fit	-1.332275152870659	-4.9781907139776305	1.0	-2.3087514781909633	1.0	-4.819493186441777	1.0	-4.608832117476134	1.0	-0.6210953843094705	1.0	-4.67239441879577	1.0	-4.788780272306649	1.0	-5.116493053200374	1.0	-1.616247610823503	1.0	-4.1455837588382725	1.0	-4.562555508119259	1.0	-7.381879845503958	1.0	-4.6878232203339065	1.0	-0.34372678755263475	1.0	-4.9742763335395415	1.0
samp_00	-1.326528220879155	-4.980122079609283	2.0	-2.308510582830073	1.0	-4.8213594442594605	1.0	-4.610606369852742	1.0	-0.6209920306091485	2.0		0.0		0.0		0.0	-1.6158771146066109	1.0	-4.147045664944272	2.0	-4.564290213300171	1.0	-7.38455113213735	2.0	-4.689710051296366	1.0		0.0	-4.97627498498758	1.0
samp_01	-1.1893886521789447		0.0	-2.301858669685707	3.0		0.0	-4.6521216723274295	1.0	-0.6186775714734871	1.0		0.0		0.0		0.0	-1.6069472777447915	1.0	-4.180462862324407	1.0	-4.604736987198888	2.0		0.0	-4.7340411233745865	2.0	-0.34498714904796246	1.0	-5.023204015017831	3.0
samp_02	-1.4917544201857043	-4.923441109545146	2.0	-2.3138653189056657	1.0	-4.766258743556796	1.0	-4.558154465733901	1.0		0.0	-4.61961903382244	1.0	-4.736314205775579	1.0	-5.060515325644049	1.0	-1.6262223231849022	2.0	-4.103630069263903	1.0	-4.513028639952594	1.0	-7.3078319884187	2.0		0.0	-0.34187421422296294	1.0		0.0
samp_03	-0.7295250430537451		0.0		0.0	-4.998110892624994	1.0	-4.776079269855349	1.0		0.0	-4.848853332818901	1.0		0.0		0.0	-1.5782310631761765	2.0		0.0	-4.724702578396863	1.0	-7.65337765860093	3.0	-4.86856021116003	6.0		0.0		0.0
samp_04	-1.5272803093808338	-4.910976102654368	1.0	-2.314569416906566	2.0		0.0	-4.546546125120332	2.0	-0.62430711586452	3.0		0.0		0.0		0.0	-1.6283490821335709	2.0	-4.093869334244004	1.0	-4.501664705446924	1.0	-7.291280435897962	2.0	-4.621791389538738	1.0		0.0		0.0
samp_05	-1.8018159667114568		0.0	-2.3134795262892	3.0	-4.657088456513997	1.0		0.0	-0.6281372259579172	1.0	-4.5111718202632805	1.0	-4.628480135389801	3.0	-4.946661803098646	1.0	-1.6423519865486036	3.0		0.0	-4.410201218363657	1.0		0.0	-4.523871929049869	1.0		0.0		0.0
samp_06	-1.135574482342775		0.0	-2.298811784083583	2.0		0.0	-4.667864140482029	1.0		0.0		0.0	-4.850208933121285	1.0	-5.182640858027506	2.0		0.0		0.0	-4.620051055047511	2.0	-7.4723367785982795	3.0		0.0	-0.34537632700813065	2.0	-5.041160230595252	2.0
samp_07	-1.266803203577781	-5.000044111971822	1.0		0.0	-4.840688677224836	1.0		0.0	-0.6199904507010892	3.0	-4.693385209312844	1.0	-4.809647200661496	1.0		0.0	-1.6120020633810783	3.0		0.0	-4.582157245477695	2.0		0.0	-4.7092389450001875	2.0		0.0	-4.996910832305674	1.0
samp_08	-1.1218889801034189	-5.047031695013854	1.0	-2.298009297108068	1.0	-4.886147981681712	2.0		0.0	-0.6175533183768238	1.0	-4.738366411044628	1.0	-4.854339473774877	1.0	-5.18711567255935	1.0	-1.6025446286069374	1.0		0.0	-4.623897186663616	1.0	-7.478584485511184	1.0	-4.755193601555036	1.0	-0.34546753709301703	1.0	-5.045686252012163	2.0
samp_09	-1.3499633152212496	-4.972220633536858	4.0	-2.3094697216331803	2.0		0.0	-4.603333654814972	2.0		0.0		0.0		0.0	-5.110384920932902	1.0		0.0		0.0	-4.5571924094815826	2.0		0.0	-4.681967659431482	1.0	-0.3435526692812455	1.0	-4.968102931135614	2.0
samp_10	-1.5058282513854055	-4.918515242621027	1.0	-2.3141679573987664	2.0	-4.761461701709354	1.0		0.0	-0.6239627051409912	1.0	-4.614855400333935	3.0	-4.731585516189616	1.0	-5.055481498003773	1.0		0.0	-4.099778617663206	1.0	-4.508542215257796	2.0		0.0	-4.629207176654424	1.0	-0.3416771800507434	1.0		0.0
samp_11	-1.3424589824950186	-4.974752361212109	1.0	-2.3091669247573585	1.0	-4.8161584125615775	1.0		0.0	-0.6212684174569759	1.0	-4.6690904381627245	2.0	-4.785497579756267	2.0	-5.11297335894639	1.0		0.0	-4.143000380130719	2.0		0.0	-7.3771690002174335	1.0	-4.684453341092814	2.0	-0.34363147584186576	1.0		0.0
samp_12	-1.2429201366158626	-5.00792235620691	3.0		0.0		0.0	-4.636149445732617	1.0	-0.6195809341517275	1.0		0.0		0.0	-5.146966028616844	3.0	-1.6104471540598606	1.0		0.0	-4.589195986100527	2.0	-7.423125252613323	1.0	-4.716954593775028	2.0		0.0	-5.005080826218283	1.0
samp_13	-1.8121190199374033		0.0	-2.313199263386523	3.0	-4.653349565133484	1.0	-4.449747706109735	4.0	-0.6282444293735342	1.0		0.0		0.0		0.0		0.0	-4.010633273918519	2.0		0.0		0.0	-4.520091709753085	1.0	-0.33604925820699694	3.0		0.0
samp_14	-1.2722960443812965	-4.99822779485453	1.0		0.0	-4.8389279715505324	1.0		0.0	-0.6200789725488948	3.0	-4.691641888131761	2.0	-4.807911795504996	2.0		0.0		0.0	-4.160549536343178	2.0		0.0		0.0		0.0	-0.3443033734830691	2.0	-4.9950273975008885	2.0
samp_15	-1.2916192203875418		0.0	-2.3069950502895153	1.0		0.0	-4.621362684364894	1.0	-0.6204176871770446	1.0	-4.685480024021458	1.0		0.0	-5.130446930413692	3.0	-1.6136155936649619	1.0		0.0	-4.5747853002571235	3.0		0.0	-4.701172260562664	1.0	-0.34410931722554644	1.0	-4.988377704051464	2.0
samp_16	-1.8329374879072322	-4.800148325406955	4.0	-2.312564696717924	1.0	-4.645777786853902	1.0		0.0	-0.6284935376455704	1.0		0.0		0.0	-4.9349224438579355	2.0	-1.6435810963441633	1.0	-4.004227886920533	4.0	-4.3994719943815825	1.0		0.0		0.0		0.0		0.0
samp_17	-1.6701074726280003		0.0	-2.3155272043660333	1.0	-4.704292595268673	4.0	-4.498800168181022	1.0	-0.6264457314782619	1.0	-4.5580983430358755	1.0	-4.675145322009215	1.0	-4.995755595010824	1.0	-1.6362560853188362	1.0	-4.053197131577386	1.0	-4.4548518258990155	2.0		0.0		0.0	-0.33902394358600957	1.0		0.0
samp_18	-1.2851928255866216	-4.99394699335469	2.0	-2.306672521306854	1.0		0.0		0.0		0.0	-4.68753071413882	2.0	-4.8038293611783365	1.0		0.0	-1.6131828168712237	1.0	-4.157371866091289	1.0	-4.576697906937872	2.0	-7.403642465123711	2.0		0.0	-0.3442014901692161	2.0	-4.990593444206295	1.0
samp_19	-1.3012137404917714	-4.988604852529648	1.0		0.0		0.0	-4.618420921735196	1.0		0.0	-4.682402993620291	3.0	-4.798730196129744	3.0	-5.1271625101353795	1.0		0.0	-4.153391772423621	1.0	-4.571912102955068	2.0	-7.396246324031733	2.0	-4.698031564292182	1.0		0.0		0.0
samp_20	-0.9073025325323791		0.0	-2.284036974039154	1.0		0.0		0.0	-0.6140935743685724	2.0		0.0		0.0	-5.254875389293811	1.0		0.0	-4.241266024588509	1.0	-4.681322394033611	1.0	-7.575303049944262	2.0	-4.81928846132006	1.0	-0.34662553590340717	4.0	-5.114256635465304	2.0
samp_21	-1.239110022946646		0.0		0.0	-4.849534772584161	3.0	-4.637293383949109	2.0		0.0	-4.702137338632563	1.0	-4.818350215749593	2.0		0.0	-1.6101976728197849	1.0	-4.168628448427483	1.0	-4.590313115710537	1.0	-7.424878879103669	3.0		0.0		0.0	-5.006379589592606	1.0
samp_22	-1.1839928915360654	-5.027133968775753	1.0		0.0	-4.866918345061456	3.0	-4.653709062224644	1.0	-0.6185884783866972	2.0	-4.719346145379663	3.0	-4.835443793215217	1.0		0.0	-1.6065974954298954	1.0		0.0	-4.606289220402382	1.0		0.0		0.0		0.0	-5.025008671479823	2.0
samp_23	-1.0418330416974106		0.0		0.0		0.0		0.0	-0.616243301129712	1.0	-4.762286228900793	2.0	-4.878098568873084	1.0	-5.212924972452004	1.0	-1.597365514904863	1.0	-4.213634028037804	2.0	-4.645947072456131	1.0	-7.514935635678455	2.0	-4.779672422607719	3.0		0.0	-5.0717964886380775	1.0
samp_24	-1.078287443980735		0.0		0.0	-4.899413508567447	1.0		0.0	-0.6168323410690504	1.0	-4.751476344591156	2.0		0.0	-5.201247431775257	2.0		0.0	-4.205713430535817	1.0	-4.635998955752676	2.0	-7.498415095166645	2.0		0.0	-0.34574765878314295	2.0	-5.059984032583665	2.0
samp_25	-1.319623987664263	-4.982441575428598	1.0	-2.3082209267197977	2.0		0.0	-4.612750140805951	2.0		0.0	-4.676482263519475	1.0	-4.792848846931993	1.0	-5.120847950712116	1.0		0.0	-4.148778162031718	1.0	-4.566382209907312	2.0	-7.387736440474106	3.0		0.0		0.0	-4.978684760976902	1.0
samp_26	-1.544269724212152	-4.904979854531367	1.0		0.0	-4.748266334174136	2.0		0.0	-0.6245741401474527	1.0		0.0	-4.718562321439618	4.0	-5.041669248586959	1.0		0.0	-4.089151683799087	2.0	-4.496189786300754	2.0	-7.283363428382282	2.0		0.0		0.0		0.0
samp_27	-1.2305883355062708		0.0	-2.3040341110001523	2.0	-4.8522385588398285	2.0	-4.639855391709147	1.0		0.0		0.0		0.0	-5.15111561080623	1.0	-1.6096408949322107	1.0	-4.170676764420144	2.0	-4.592805481956519	1.0	-7.428797750307933	1.0	-4.720913003754001	1.0		0.0	-5.009277329683325	3.0
samp_28	-1.1757994118956439	-5.029778527303966	2.0		0.0		0.0	-4.656119650276822	2.0	-0.6184544936211552	2.0	-4.721874282486801	2.0		0.0		0.0	-1.606064051817514	2.0		0.0	-4.608639416721605	1.0	-7.453941554788466	2.0	-4.7383369649454785	1.0	-0.3450666372900038	1.0		0.0
samp_29	-0.6215852911251254		0.0	-2.26353050960173	1.0	-5.025855747882854	1.0		0.0	-0.6099609168107885	1.0	-4.8761511902152535	1.0		0.0	-5.33759326988701	1.0	-1.5721885944798315	2.0		0.0		0.0	-7.699640370620207	1.0	-4.896699441336636	1.0	-0.34757305398083693	2.0	-5.19809440936443	4.0
samp_30	-1.7975330327268964	-4.813276366196109	2.0		0.0		0.0	-4.454849499142605	1.0	-0.6280909418756536	3.0	-4.51270393342834	1.0		0.0		0.0	-1.6421806436800166	3.0	-4.015099553334367	1.0	-4.411680650551641	2.0		0.0		0.0	-0.33638673835522914	2.0		0.0
samp_31	-1.7283301372290372	-4.838737659737813	4.0		0.0		0.0	-4.4788629201367325	1.0		0.0		0.0	-4.654658521221841	2.0	-4.974172828616738	2.0	-1.6391157991842087	4.0		0.0	-4.435286787344791	1.0		0.0		0.0	-0.3378986643069325	1.0		0.0
samp_32	-1.806512490155151		0.0	-2.3133527027672653	4.0		0.0	-4.451707892292344	1.0	-0.6282047114502523	1.0	-4.509469857856952	1.0	-4.626793241119107	2.0	-4.944896592670875	1.0		0.0	-4.012347881842492	1.0	-4.408593489365774	2.0		0.0	-4.522139024065474	1.0	-0.3361806063329528	1.0		0.0
samp_33	-1.2801913094688187	-4.995606662348652	1.0	-2.3064499283408137	1.0		0.0	-4.6248535409852405	1.0	-0.6202187033534227	2.0	-4.689127425266426	1.0	-4.80541231964692	1.0	-5.134337422101001	1.0	-1.6128766366527512	1.0	-4.158605591186922	1.0	-4.578186504637717	1.0	-7.405949882099716	1.0		0.0	-0.3442303989235476	1.0	-4.992314571084576	2.0
samp_34	-1.3135364333869017	-4.984483926507534	2.0	-2.3079786914354314	1.0		0.0		0.0		0.0	-4.678432923169561	2.0	-4.794799399165394	2.0	-5.122955656561747	1.0	-1.6150258276175276	1.0	-4.150306827145633	1.0	-4.568210091299929	2.0	-7.390549671457723	1.0		0.0		0.0	-4.980796265875258	2.0
samp_35	-1.3677961752128371	-4.966182048255241	3.0		0.0		0.0		0.0	-0.6216910157272701	1.0		0.0	-4.777284230081967	3.0	-5.104196272709102	1.0	-1.6185259052955017	2.0	-4.136510479219613	2.0		0.0		0.0		0.0		0.0	-4.96184901728022	3.0
samp_36	-1.3191634081256456	-4.98259454737465	1.0	-2.3081962433103316	1.0		0.0	-4.612892172720273	3.0	-0.620870652715154	3.0		0.0	-4.792988863061929	1.0		0.0		0.0	-4.148893514216701	1.0	-4.5665201809183324	1.0	-7.387945621825266	1.0		0.0	-0.3438618508805366	1.0	-4.978840642508094	2.0
samp_37	-1.4923810521646508	-4.923222992979853	3.0	-2.313882598316241	3.0	-4.7660447583360295	2.0		0.0		0.0		0.0		0.0	-5.060292662157518	1.0	-1.6262720603576535	3.0		0.0		0.0	-7.307537746328147	1.0	-4.633841869718169	2.0		0.0		0.0
samp_38	-1.3700208612477907	-4.965421616482842	1.0		0.0		0.0		0.0	-0.6217251240902278	2.0		0.0	-4.7765668564575225	3.0	-5.10342702012748	1.0		0.0		0.0	-4.551065287644055	3.0	-7.364397382743517	1.0	-4.675294600829724	2.0	-0.3433415989712197	2.0		0.0
samp_39	-1.2989691706022548	-4.9893531468419505	1.0	-2.3073103158132704	1.0	-4.830323796855524	1.0	-4.619110291150968	1.0	-0.6205269833796911	2.0	-4.683122253118507	1.0	-4.799443015526738	2.0		0.0	-1.6140979003822262	2.0		0.0	-4.572587223928772	1.0	-7.397281623686638	2.0		0.0		0.0	-4.985836914060052	1.0
samp_40	-1.5448394859961974	-4.904780654933812	1.0	-2.3148504498559546	1.0	-4.748072614572001	3.0	-4.540767977116265	2.0	-0.6245888302127861	1.0	-4.601569766561257	2.0	-4.718365195850157	3.0		0.0	-1.629382700671795	1.0		0.0		0.0		0.0		0.0	-0.3411182179216388	1.0		0.0
samp_41	-1.4307336728970848	-4.944640709226605	1.0	-2.312287987887967	1.0	-4.786895516235964	2.0	-4.577846200762905	1.0	-0.6227116434663467	1.0	-4.640091544523929	1.0	-4.756669821552634	2.0	-5.082175052646298	2.0	-1.6224934314497697	1.0	-4.120076908485755	1.0		0.0		0.0	-4.654903373196539	1.0		0.0	-4.939603201032406	1.0
samp_42	-0.9886078227609034		0.0		0.0	-4.926069874976997	1.0	-4.709237598078916	1.0	-0.6153789968489332	1.0	-4.777811290830024	1.0		0.0	-5.229737793024388	1.0	-1.593963984102799	1.0	-4.224866712061066	1.0	-4.660198214641488	2.0	-7.53893606103107	1.0	-4.795579075017529	2.0		0.0	-5.0888135453230605	3.0
samp_43	-1.184622133836904		0.0	-2.301595953238565	2.0	-4.866724207405366	1.0	-4.653521592542037	2.0		0.0	-4.719153497199319	1.0		0.0		0.0	-1.6066375212637156	1.0		0.0	-4.6061116671925895	1.0		0.0	-4.735551553423954	1.0	-0.3450218522313028	4.0	-5.024803173851158	2.0
samp_44	-1.6286573328079956	-4.874891318058472	3.0		0.0	-4.718906778044167	2.0	-4.512827160150035	1.0		0.0	-4.572610781568976	2.0		0.0	-5.010988730039242	1.0	-1.6340771679264383	1.0	-4.065231570098384	3.0	-4.46861717605128	2.0		0.0		0.0		0.0		0.0
samp_45	-0.7989186459006798		0.0	-2.2763557829613617	1.0	-4.979562466851475	1.0	-4.758965763260945	2.0		0.0	-4.83057966212357	1.0		0.0	-5.287299387561863	1.0		0.0		0.0		0.0	-7.623163325434476	4.0	-4.849753336686946	2.0	-0.34705672542402394	2.0	-5.147106343951465	1.0
samp_46	-0.8986708705026797		0.0	-2.2834315965554475	1.0		0.0	-4.733350476313894	1.0	-0.6139635900261436	1.0	-4.803338931071778	1.0	-4.918856591694211	1.0	-5.257500188923483	1.0		0.0	-4.242954334337927	1.0	-4.683521663109349	1.0	-7.57914603018408	3.0	-4.821761480440505	1.0		0.0	-5.116918505585592	3.0
samp_47	-1.2322587928964441		0.0		0.0		0.0	-4.639354155714242	1.0	-0.6194284221399187	1.0		0.0	-4.820487765617367	2.0	-5.150555278498554	1.0	-1.6097559149237075	1.0	-4.170277804115251	2.0	-4.592316345712877	1.0	-7.428032672774259	2.0	-4.720377893033768	2.0	-0.34466478329765915	1.0	-5.008710737891229	1.0
samp_48	-1.6073758818362684	-4.88252437673764	1.0	-2.315486785444486	1.0		0.0		0.0	-0.6255471651795379	1.0	-4.580012813612208	1.0	-4.696938989083332	3.0	-5.018770708960403	2.0	-1.6329163886198697	1.0	-4.071336671297259	1.0	-4.475626003475219	1.0	-7.2539347599997965	1.0		0.0	-0.3401398263425449	2.0		0.0
samp_49	-1.2791827604137702	-4.995940525511616	1.0		0.0		0.0		0.0		0.0	-4.689448326193939	3.0	-4.805731177509849	1.0	-5.134680664795662	3.0		0.0		0.0	-4.578486618608805	4.0	-7.406415801655761	1.0	-4.705219274488722	2.0		0.0		0.0
samp_50	-1.2811390260379576	-4.995290130984205	1.0		0.0	-4.836082399456443	2.0	-4.624564626539921	2.0	-0.6202280864528457	3.0	-4.688825811802562	1.0		0.0		0.0		0.0	-4.158371094142706	1.0	-4.577905217309451	2.0		0.0	-4.7045830273726486	2.0		0.0	-4.991987765186862	1.0
samp_51	-1.4052305518884909		0.0	-2.311468888732072	1.0		0.0	-4.585980953603349	2.0		0.0	-4.648549539735496	1.0	-4.765071056658546	3.0		0.0	-1.6209084799572098	2.0	-4.126782585674338	2.0		0.0		0.0	-4.663524762222872	1.0	-0.3429515913572511	1.0	-4.948661053943706	2.0
samp_52	-1.0174809979947972	-5.079629847857835	1.0	-2.291461840291791	1.0	-4.917583705531206	1.0	-4.7013025460145785	1.0		0.0		0.0		0.0		0.0	-1.5958074213151334	1.0	-4.218828569121906	1.0	-4.652508898623906	1.0	-7.525935793280205	3.0	-4.786987412791683	4.0	-0.34610520771493836	1.0		0.0
samp_53	-1.6744703065129012		0.0	-2.3154918498406745	3.0	-4.702747642621355	2.0	-4.497312476032509	2.0	-0.6265217188382374	3.0	-4.556558314119424	1.0	-4.673614557182393	1.0		0.0		0.0	-4.051920375326807	1.0		0.0	-7.222631553787421	1.0		0.0	-0.33895457641139387	1.0		0.0
samp_54	-1.1098115117495024		0.0	-2.2972846941873906	2.0		0.0		0.0	-0.6173477019846858	1.0		0.0	-4.857968776725074	1.0	-5.191046996928702	2.0		0.0		0.0	-4.62726763495011	1.0	-7.484081846075431	3.0	-4.758926730834653	2.0	-0.34555068430773944	3.0		0.0
samp_55	-1.7956715641268541	-4.813963687895533	2.0	-2.3136453324757364	2.0		0.0	-4.455490830889828	1.0		0.0		0.0	-4.630673320660579	1.0	-4.948973919055953	2.0	-1.6421089803496904	1.0	-4.01566455600553	3.0	-4.412312181825522	1.0		0.0	-4.526100126720815	1.0	-0.33643061434691796	1.0		0.0
samp_56	-0.9189959805557752		0.0	-2.2848131067491244	1.0		0.0	-4.727983948117372	1.0	-0.6143081668567936	2.0	-4.79765012897979	1.0	-4.913211803873182	1.0		0.0		0.0	-4.238967692664803	1.0	-4.6783308236402	1.0	-7.570099737967318	3.0	-4.815924397508341	3.0		0.0	-5.1106369121869095	1.0
samp_57	-1.0535051682591057	-5.068504857141032	1.0	-2.2938098554816135	2.0	-4.906862214763855	2.0		0.0		0.0	-4.758838154561052	2.0	-4.874674629647192	1.0		0.0	-1.59812424683172	1.0		0.0		0.0	-7.509649997235104	2.0	-4.776143852177449	3.0	-0.34589805935691686	1.0		0.0
samp_58	-1.3374916055730732		0.0		0.0		0.0	-4.607214153815307	3.0		0.0	-4.6707050319190015	1.0		0.0	-5.114696028013245	2.0	-1.6165799321795205	1.0	-4.144263545773271	2.0	-4.560975102434639	1.0	-7.379467982092417	2.0		0.0	-0.3436793273419152	2.0	-4.972464133328545	1.0
samp_59	-1.2515420631573693		0.0	-2.305086140901965	1.0	-4.845573439414914	2.0	-4.633546786413228	2.0		0.0	-4.698222230561214	2.0		0.0	-5.144052410044818	1.0		0.0	-4.165617779880996	3.0		0.0		0.0	-4.714174069020008	2.0		0.0	-5.002138251683909	2.0
samp_60	-0.9853204031818472	-5.089418737352488	1.0		0.0		0.0		0.0		0.0	-4.778754358810835	2.0	-4.894466627631236	1.0	-5.230782876823221	1.0		0.0		0.0	-4.661066086865636	4.0		0.0	-4.796550216413658	2.0		0.0	-5.089855739877685	4.0
samp_61	-1.9000449431001742		0.0	-2.309985313323876	4.0	-4.62118919361064	2.0	-4.418684591282844	1.0		0.0	-4.4754406434479135	1.0	-4.592959400641729	1.0	-4.909460934674431	1.0		0.0	-3.983305591812184	2.0	-4.3760922837113325	2.0		0.0		0.0	-0.33380078267936003	1.0		0.0
samp_62	-1.0475639404977026		0.0		0.0	-4.908643200229825	1.0	-4.692933755597244	1.0	-0.6163259515994961	1.0	-4.760597002396382	1.0	-4.876422684913879	1.0	-5.211097611037682	2.0	-1.5977301520745835	1.0	-4.212398997598103	1.0		0.0	-7.512341199317466	1.0	-4.77794181523399	2.0	-0.34593011778731053	1.0	-5.069953095492659	2.0
samp_63	-1.64669512989834	-4.8683935241503935	1.0	-2.315577290272847	3.0		0.0	-4.506735269501089	1.0	-0.626121124751313	1.0		0.0	-4.683307452374188	1.0	-5.004368059336518	1.0	-1.6350378990946488	1.0	-4.06001373852734	1.0	-4.462640775829663	1.0	-7.235587065778811	1.0		0.0	-0.3394680844201803	2.0	-4.86098792957567	1.0
samp_64	-1.265804082757968		0.0	-2.305769043640347	2.0	-4.841010886425883	3.0		0.0	-0.6199562362789997	2.0		0.0		0.0		0.0	-1.6119559727521973	1.0	-4.162140350280418	1.0	-4.582461368572045	1.0	-7.412584696318683	2.0	-4.709550205365953	1.0	-0.3443577705313679	1.0	-4.997247481089013	1.0
samp_65	-1.738718372592332		0.0	-2.314816122369255	2.0	-4.679842447950231	1.0	-4.475276506777895	1.0	-0.6273781743431812	1.0		0.0		0.0	-4.9702999840121	1.0	-1.6396032832804908	1.0	-4.03288686284895	3.0	-4.431765200434222	2.0	-7.192658987201647	1.0	-4.54683137328638	1.0	-0.33768050047599185	1.0		0.0
samp_66	-1.3884097177405468		0.0	-2.310897801642016	2.0	-4.801005490482578	1.0	-4.591271706561754	1.0		0.0		0.0	-4.770570805279685	1.0		0.0		0.0	-4.131170706819467	2.0	-4.545415216597804	2.0	-7.355869453253411	3.0		0.0	-0.34314648014126314	2.0	-4.9545927253817785	1.0
samp_67	-1.371899065494139	-4.964780204984333	3.0	-2.3103051453556573	1.0		0.0	-4.596467612092558	1.0	-0.6217533312012464	3.0		0.0	-4.775951114329787	1.0	-5.1027727997538115	3.0	-1.6187810578203596	1.0		0.0		0.0		0.0		0.0		0.0	-4.96040989422448	2.0
samp_68	-1.3820559362246954	-4.961323838409661	3.0		0.0	-4.803113161117222	1.0	-4.593270233149899	2.0	-0.6219259519258363	2.0		0.0	-4.7726473602004305	1.0		0.0		0.0	-4.132819998480427	2.0	-4.547369647398499	1.0	-7.358819674498925	1.0	-4.671275039319156	1.0		0.0	-4.956833268369697	1.0
samp_69	-1.119827109020742	-5.047679380942056	1.0		0.0	-4.8867754382603925	1.0	-4.6724090255431925	1.0		0.0		0.0	-4.854954171980777	1.0		0.0	-1.602409708434857	2.0	-4.196465502913067	2.0		0.0	-7.479518875842349	3.0		0.0	-0.34548043654460103	2.0	-5.0463683249788405	2.0
samp_70	-1.1639660372690501		0.0	-2.300445192115907	1.0		0.0	-4.659593317069667	1.0	-0.6182533539047971	1.0	-4.725522101988469	1.0		0.0	-5.173306192007726	1.0	-1.605288132334915	1.0	-4.186387436548461	1.0		0.0		0.0	-4.742061445926116	2.0	-0.34517585758426766	5.0	-5.031720107436144	1.0
samp_71	-1.498170646041833		0.0	-2.314010320132741	1.0	-4.764073245941618	1.0		0.0		0.0		0.0	-4.734158900948573	3.0	-5.058224074355382	1.0		0.0	-4.101878564886127	3.0	-4.5109829352772355	1.0	-7.304841299692804	2.0		0.0	-0.341784534382743	2.0	-4.915395563050595	1.0
samp_72	-1.1533065692429703		0.0		0.0	-4.876469801668864	1.0	-4.662704826394064	2.0	-0.6180776500228521	2.0		0.0	-4.84482869406907	1.0	-5.176825604038888	2.0	-1.6045900448861576	1.0		0.0	-4.615044821108513	1.0		0.0	-4.7453992773725036	2.0	-0.3452459978886462	1.0	-5.035276250182894	2.0
samp_73	-1.3251532045739438	-4.980585712343423	1.0		0.0	-4.821816619367052	1.0	-4.6110411024607965	2.0	-0.6209692393685867	2.0	-4.674696356027455	1.0	-4.79106819547642	2.0		0.0		0.0	-4.1473878173042	1.0	-4.564714573069367	2.0	-7.385178181505217	1.0	-4.6901698480150165	1.0		0.0	-4.976759235409254	1.0
samp_74	-1.353398882648295		0.0	-2.309599700115879	1.0	-4.812567084110725	2.0		0.0	-0.6214470284812599	1.0	-4.665532756223155	1.0	-4.781960051840132	1.0	-5.109195591481952	2.0		0.0		0.0	-4.556145345581418	4.0		0.0	-4.680825822979455	2.0		0.0	-4.966900445578356	1.0
samp_75	-1.2414366801979726	-5.008413257774335	1.0	-2.304584933701675	1.0	-4.848796814438399	1.0		0.0	-0.6195598859095723	1.0		0.0	-4.817622785380658	1.0	-5.147466989336048	1.0		0.0		0.0	-4.589629802176143	3.0	-7.423811413024541	2.0	-4.717431578243734	1.0	-0.34456414429509413	2.0	-5.005587926806681	1.0
samp_76	-1.181218764693646	-5.028032773390687	2.0		0.0		0.0		0.0		0.0	-4.720205998912461	1.0		0.0	-5.167605620747242	1.0	-1.6064139324182427	1.0	-4.182370837101791	1.0	-4.607087415767776	2.0		0.0	-4.736626885873629	3.0	-0.3450477618932195	3.0	-5.0259435126582686	1.0
samp_77	-1.0962527210536308		0.0	-2.2964627395806585	1.0		0.0	-4.679170137031036	1.0		0.0	-4.746098445935624	1.0	-4.862020594794172	2.0		0.0	-1.6008783267207582	3.0		0.0	-4.631037255142868	2.0	-7.490252430886563	1.0	-4.763102404251018	1.0		0.0	-5.054114387307273	3.0
samp_78	-0.8807808006932479	-5.120600414021563	1.0		0.0		0.0		0.0		0.0		0.0	-4.923787731673541	1.0		0.0	-1.5872283033931505	2.0	-4.24641283740366	1.0	-4.688037020759251	1.0	-7.587086810396505	5.0	-4.8268641601606666	1.0	-0.34674657435028566	2.0	-5.122410004721306	1.0
samp_79	-1.3536745163359862		0.0	-2.3096109005883467	1.0	-4.812477102039245	1.0	-4.60217556393575	2.0	-0.6214515466538701	1.0	-4.665443261149485	3.0	-4.781872008379235	1.0		0.0	-1.617617400125227	2.0	-4.140137931628985	1.0	-4.5560627582561635	1.0	-7.371973828753141	1.0		0.0		0.0	-4.966804546859648	1.0
samp_80	-1.204867841319795	-5.020366829805443	5.0	-2.3026906792732533	1.0		0.0		0.0		0.0		0.0	-4.829005167089987	2.0	-5.159730250055681	2.0		0.0		0.0		0.0	-7.440620733451426	1.0	-4.7291309455174755	1.0	-0.3448657980352485	1.0	-5.017989032002372	2.0
samp_81	-1.5267173001950818	-4.911171896449678	1.0	-2.3145593106272875	3.0		0.0		0.0		0.0	-4.607756787401782	2.0		0.0	-5.047992119144193	2.0	-1.628318511794568	2.0	-4.094024472130954	1.0		0.0	-7.291542916488676	1.0	-4.621986353950462	1.0	-0.34138605697139335	2.0		0.0
samp_82	-1.4125808633588013		0.0	-2.311690764540016	1.0	-4.792995176570615	3.0		0.0		0.0	-4.646095066354993	1.0	-4.762650672996896	1.0	-5.08854960069802	2.0	-1.6213450067897293	1.0	-4.124841346443784	1.0	-4.53792992702312	1.0	-7.3446509017669195	1.0		0.0	-0.342891206064125	2.0	-4.946026293059199	1.0
samp_83	-1.170216575069219	-5.0315798144812245	1.0	-2.3007964353136843	2.0		0.0	-4.657758908248171	2.0	-0.6183584274519983	2.0	-4.7236027579634	2.0		0.0	-5.171241136727096	1.0		0.0	-4.184940857190723	1.0		0.0	-7.456501160820878	1.0	-4.74009554221808	2.0		0.0	-5.029632568091004	1.0
samp_84	-1.4651792287831187	-4.9327084985087195	1.0		0.0		0.0	-4.56675277050643	2.0		0.0	-4.628569000252387	2.0	-4.7452185728759195	2.0		0.0	-1.624617259934696	3.0	-4.1108366814428985	1.0		0.0		0.0		0.0	-0.34221935749033744	3.0	-4.927268481431674	1.0
samp_85	-1.491830624299509	-4.923417727365999	2.0	-2.313872076049847	2.0		0.0		0.0		0.0		0.0	-4.736291496411815	2.0		0.0	-1.626237494351871	3.0		0.0	-4.513004881124202	2.0	-7.307793175428927	1.0	-4.634031145702236	1.0	-0.34187079556465055	1.0	-4.9176815490274794	1.0
samp_86	-1.1915451158226542	-5.024691238781489	2.0		0.0	-4.864554645573186	3.0	-4.651480327641095	1.0		0.0	-4.717006123979343	1.0		0.0	-5.16416834192835	2.0		0.0		0.0	-4.604119649698881	2.0	-7.446729458705093	2.0	-4.733358748860688	1.0		0.0	-5.022479803981609	1.0
samp_87	-1.4048828931752322		0.0	-2.3114608177127516	2.0	-4.795527650763702	2.0	-4.586058712243809	1.0	-0.6223100553281036	2.0		0.0	-4.76517295455875	1.0	-5.0912536692859405	1.0	-1.6208699546275143	2.0	-4.126869172220602	1.0		0.0		0.0	-4.663613410638127	1.0		0.0	-4.9487672527966335	2.0
samp_88	-1.4812552630757916	-4.927109548708608	2.0	-2.313630084441637	4.0		0.0		0.0		0.0		0.0	-4.739837479399551	2.0		0.0	-1.625596730952964	2.0		0.0		0.0		0.0	-4.637662092866662	1.0	-0.3420096804447826	2.0	-4.921489143722307	2.0
samp_89	-1.3672210709614732	-4.966370471207344	2.0		0.0	-4.808013862731694	1.0		0.0	-0.6216762491554382	2.0	-4.661021548965473	1.0		0.0		0.0	-1.618490274800311	1.0	-4.136659549184546	3.0	-4.551923923997462	1.0	-7.3656948941605975	1.0	-4.676228184749456	1.0	-0.34337138672329376	1.0	-4.962054150512917	1.0
samp_90	-1.0359887160963823	-5.073930513748183	1.0		0.0	-4.9120948949787255	3.0		0.0	-0.6161479309905479	4.0	-4.764008434018797	1.0		0.0		0.0		0.0	-4.214892425260238	1.0		0.0	-7.517589383409333	1.0	-4.781448003553582	2.0	-0.34600283949162114	1.0	-5.073682236944484	1.0
samp_91	-1.2453287800484132	-5.007123857500493	1.0	-2.304769340893976	1.0	-4.847554040888844	2.0	-4.635419730564544	2.0	-0.6196237689537107	1.0	-4.700179498268979	2.0	-4.816391344097118	1.0	-5.146147605757538	1.0	-1.6105997665549148	1.0		0.0		0.0	-7.42201763418733	2.0	-4.716174230992575	1.0		0.0		0.0
samp_92	-1.5317849504925716		0.0	-2.314644078215448	2.0		0.0		0.0		0.0	-4.606021258191119	1.0	-4.722807568410494	2.0	-5.0461730441855535	2.0	-1.6286107858329	4.0		0.0		0.0	-7.289181109328932	1.0		0.0	-0.3413113419316426	2.0	-4.903206604526412	1.0
samp_93	-1.2150364851115256		0.0	-2.3032287554429	2.0		0.0	-4.644504642375653	2.0	-0.6191096164064304	2.0	-4.709697157910764	1.0	-4.825856923765932	1.0		0.0	-1.6086282693987883	2.0		0.0	-4.597328058468374	1.0	-7.435944165351984	2.0	-4.725889649972331	1.0		0.0	-5.01455148060758	1.0
samp_94	-1.140441852759249	-5.041128189804661	1.0	-2.299097767390169	1.0	-4.88045082828174	1.0	-4.66645176107392	3.0		0.0	-4.73272004482396	1.0		0.0		0.0	-1.6037529405594417	1.0	-4.191792440114957	2.0		0.0		0.0	-4.749424306768186	2.0		0.0	-5.039548569213635	3.0
samp_95	-1.9589371566368963	-4.752885779881071	1.0	-2.3070447592439667	4.0	-4.5994107912619855	1.0	-4.397590341538267	1.0		0.0		0.0	-4.57139693116017	1.0		0.0	-1.6475800137781316	2.0	-3.964630011284609	1.0	-4.3553298687766135	2.0		0.0	-4.465656171912477	1.0	-0.33210425810258437	1.0		0.0
samp_96	-0.880276968207022	-5.120747143623399	1.0		0.0	-4.9571116187613855	1.0		0.0		0.0	-4.80844666547061	3.0	-4.923926730201816	2.0		0.0	-1.5871982883139184	2.0		0.0		0.0		0.0	-4.8270045604659355	2.0	-0.34674820742157997	1.0	-5.12256380267971	3.0
samp_97	-1.5755678036692546		0.0	-2.31523247993407	2.0	-4.737439659768853	2.0	-4.530594608886455	1.0	-0.6250620915673994	2.0		0.0	-4.707880381606996	1.0	-5.030345208713305	2.0	-1.6311460111036216	2.0		0.0	-4.486033932910921	1.0	-7.268769148123762	1.0	-4.604964480256902	1.0		0.0		0.0
samp_98	-1.1641228530155614	-5.033541753663802	1.0	-2.3004567445643125	2.0	-4.873112853820507	2.0		0.0	-0.6182560346533853	2.0	-4.725474282091827	3.0		0.0	-5.173258638287233	1.0	-1.6052987464700168	1.0		0.0		0.0	-7.459289256039039	2.0	-4.742008622413572	1.0		0.0		0.0
samp_99	-1.288604976682439	-4.992808909711772	3.0	-2.306856428862757	1.0		0.0	-4.622282102040916	1.0	-0.6203401746647405	2.0	-4.686438869053947	1.0	-4.802742982032006	2.0		0.0	-1.6134194757957883	1.0		0.0	-4.575679829673454	1.0	-7.402066213603912	2.0		0.0		0.0	-4.989416645462218	1.0
