run	log_F	b1I8_log_P	b1I8_weight	b2F5_log_P	b2F5_weight	b2G8_log_P	b2G8_weight	b2B1_log_P	b2B1_weight	b2G4_log_P	b2G4_weight	b2H8_log_P	b2H8_weight	b2A5_log_P	b2A5_weight	b2G3_log_P	b2G3_weight	b2H3_log_P	b2H3_weight	b2F3_log_P	b2F3_weight	b2G7_log_P	b2G7_weight	b2A6_log_P	b2A6_weight	b2B6_log_P	b2B6_weight	b2B4_log_P	b2B4_weight	b2B2_log_P	b2B2_weight	b2B7_log_P	b2B7_weight	b2B5_log_P	b2B5_weight	b2A2_log_P	b2A2_weight
fit	-5.787418518545135	-5.123133240695001	1.0	-2.340774346609461	1.0	-4.910687747207173	1.0	-4.732959714923895	1.0	-0.3851035044985185	1.0	-4.905921796550946	1.0	-4.87287269858633	1.0	-5.259600159927189	1.0	-1.7176859041454566	1.0	-4.129863293369121	1.0	-4.595719633013235	1.0	-7.667519709341787	1.0	-4.663961239340124	1.0	-0.31041669449264236	1.0	-3.9656848866784924	1.0	-4.444649207463555	1.0	-5.031850765319537	1.0	-6.0768788725165495	1.0
samp_00	-6.255689621149573		0.0	-2.2955518375851414	2.0	-4.862905638540522	3.0		0.0	-0.33712340610755415	2.0	-4.858172778256092	2.0	-4.825048870360591	1.0		0.0	-1.6740354506386406	2.0	-4.082508989533923	1.0		0.0		0.0		0.0	-0.26649159271733375	2.0		0.0	-4.3971956983347456	1.0	-4.98454691948713	1.0	-6.0302409878173355	1.0
samp_01	-5.954021405042064		0.0		0.0	-4.891619356347605	1.0	-4.713917940033088	2.0		0.0	-4.886866936918367	1.0	-4.8537890700093165	2.0		0.0	-1.7004216142313153	2.0	-4.110987974487541	1.0	-4.5767178531282635	1.0	-7.648654657295664	1.0		0.0	-0.2932686380423825	3.0	-3.9467395562051073	1.0	-4.4257247419081	1.0		0.0	-6.058217648024334	2.0
samp_02	-5.0776234134103335	-5.2363963107973115	1.0		0.0		0.0		0.0		0.0		0.0	-4.9854776921283355	1.0	-5.373335056752094	2.0	-1.8152614394568563	1.0		0.0	-4.70764080354971	2.0	-7.785062190031288	2.0	-4.775428155358514	2.0		0.0	-4.076859529872372	4.0	-4.556004887237227	1.0	-5.14336239426898	2.0		0.0
samp_03	-7.18655126871186		0.0	-2.243908777096057	2.0	-4.809321769879835	1.0	-4.631677557595081	2.0		0.0		0.0	-4.771433752749608	2.0	-5.157596204981366	1.0	-1.6235845529826411	3.0	-4.029217438233415	1.0	-4.494557862640745	2.0	-7.570807405583305	1.0		0.0		0.0		0.0	-4.343867398804966	1.0		0.0	-5.978464579777427	2.0
samp_04	-5.695396095505126	-5.134821301951943	1.0		0.0	-4.922311769570259	1.0	-4.744559380303631	3.0	-0.3963086443165913	2.0		0.0	-4.884497716856825	2.0		0.0		0.0	-4.141357100856745	2.0	-4.607294707849661	1.0		0.0	-4.675487115128083	1.0		0.0	-3.977215599094562	2.0	-4.45617382401518	1.0		0.0	-6.088278366528122	2.0
samp_05	-5.7019180559056455		0.0	-2.350852892478293	1.0		0.0		0.0	-0.3954893898825077	1.0	-4.916684635215676	3.0	-4.883649004506678	1.0	-5.270460714582994	1.0	-1.7273416380225504	2.0	-4.140516724458805	1.0	-4.6064461899985965	1.0	-7.678324439059198	1.0	-4.674640072792815	1.0	-0.31988565424823484	1.0	-3.9763724585860043	1.0	-4.455328985895056	1.0		0.0	-6.087447125416549	2.0
samp_06	-5.400429995958514		0.0		0.0	-4.965255707367687	1.0	-4.787417897629163	1.0		0.0	-4.960449561703218	2.0		0.0	-5.3146832937412185	2.0	-1.7659429749920665	1.0	-4.183747936190007	1.0	-4.6500385441297905	1.0		0.0	-4.718051645508403	1.0	-0.3566939302653345	2.0	-4.019735292630145	1.0	-4.49871807292204	1.0	-5.085905606126105	2.0	-6.130637769792695	2.0
samp_07	-6.022220173454538	-5.096822177401531	1.0		0.0	-4.884503662338039	2.0	-4.706809591339752	2.0	-0.35919153355386074	1.0	-4.879755747487944	1.0	-4.846666033288104	2.0		0.0	-1.6939245403554295	1.0	-4.10393631800042	2.0	-4.569623707718025	1.0		0.0	-4.637979848344226	1.0		0.0	-3.9396605585032263	2.0		0.0	-5.005924745114803	1.0	-6.051268762491982	1.0
samp_08	-6.785837551267271	-5.0392482087047545	1.0	-2.2611833143409097	1.0	-4.8271447193952355	3.0	-4.64948456194052	1.0		0.0		0.0		0.0	-5.175506154660855	3.0	-1.640514404126895	1.0	-4.04695323075666	2.0	-4.512384772703242	1.0	-7.587168579942189	1.0		0.0	-0.23152234147803155	1.0	-3.8824361059271206	3.0		0.0		0.0		0.0
samp_09	-5.944881405777663		0.0	-2.323754360412393	2.0		0.0	-4.714902156750755	4.0	-0.3673037545598903	2.0		0.0		0.0	-5.2413717404741895	1.0	-1.701317699628567	2.0		0.0	-4.577697370716782	1.0		0.0	-4.646018880746195	2.0	-0.2941627943439	1.0	-3.947715540812625	3.0		0.0		0.0		0.0
samp_10	-5.343538306138026		0.0	-2.4000076271832547	1.0	-4.974607081646619	2.0		0.0	-0.4445327211780355	2.0		0.0	-4.936835631051753	3.0		0.0	-1.7740187933704064	2.0		0.0	-4.659336655069847	1.0		0.0		0.0		0.0	-4.028968636931951	1.0	-4.507969251624641	1.0	-5.095171786998506	1.0	-6.139903722894813	4.0
samp_11	-6.33854972324838		0.0		0.0		0.0	-4.678517434415921	3.0		0.0		0.0	-4.818328097925342	1.0	-5.204710990659568	2.0	-1.6677956062466286	2.0	-4.07583980332115	2.0	-4.541383205025402	1.0	-7.614419796550042	3.0		0.0	-0.2600601298424094	1.0		0.0	-4.390520814202755	1.0		0.0	-6.023719027887003	2.0
samp_12	-5.952488683743933	-5.1041380005473975	2.0	-2.322976985031886	1.0	-4.891783440174414	1.0		0.0		0.0	-4.8870314323925195	2.0	-4.85395302046948	1.0	-5.240547720033963	2.0	-1.70057468830306	1.0	-4.111151458649394	1.0		0.0		0.0	-4.645204388228708	1.0	-0.29341777500235705	2.0		0.0	-4.4258871796354775	1.0	-5.013132633540878	2.0	-6.058378214745695	1.0
samp_13	-5.5290349861898065		0.0	-2.3731381517499295	2.0		0.0	-4.767628338451634	1.0		0.0		0.0	-4.907628410065297	3.0		0.0	-1.7485845019240691	2.0	-4.164188380086397	1.0		0.0	-7.702687430225088	1.0	-4.698394770231906	2.0	-0.34034552208631275	1.0	-4.000116668232745	3.0		0.0	-5.066248835337381	2.0		0.0
samp_14	-6.357579138995487	-5.066909037002252	1.0	-2.2877182499766793	1.0	-4.854710109289844	1.0		0.0	-0.32858881930169703	1.0	-4.849981850663572	2.0	-4.8168471020035994	2.0	-5.2032266943304055	1.0	-1.6664218138997866	2.0		0.0	-4.539904987095631	1.0		0.0	-4.608395955212123	1.0	-0.25863784816314606	3.0		0.0		0.0	-4.976439022252723	1.0	-6.022287976466791	1.0
samp_15	-6.339271183853107	-5.068337606767822	1.0	-2.289082470446782	1.0	-4.8561350331220945	2.0	-4.67846103984756	1.0	-0.3300701795755466	1.0	-4.851404519641908	1.0	-4.81826893824203	2.0		0.0	-1.6677483438701972	1.0	-4.075778690797057	1.0	-4.541322545487265	3.0		0.0		0.0		0.0		0.0	-4.390463427520171	1.0	-4.977846456528308	1.0	-6.023666298706051	2.0
samp_16	-5.927737836771095	-5.106832531116535	1.0	-2.325511470343922	2.0	-4.894465521714855	2.0	-4.716761471176865	1.0	-0.3691606454890488	2.0	-4.889711270885552	2.0	-4.85663731858672	2.0		0.0		0.0		0.0		0.0		0.0	-4.647867705920092	1.0	-0.29586016433598916	2.0		0.0	-4.42855199810747	1.0	-5.015788545565969	2.0		0.0
samp_17	-5.659393002556101	-5.139610663054112	1.0	-2.3560938829887608	1.0		0.0		0.0		0.0		0.0	-4.889268880109625	4.0		0.0	-1.7323532462434355	1.0	-4.14606825729835	1.0	-4.612042102628504	1.0	-7.683965382349288	1.0	-4.680213029517097	1.0	-0.32475027075306784	2.0	-3.9819483459590796	2.0	-4.4608952503695205	2.0		0.0	-6.092960660020158	1.0
samp_18	-6.435128363105663	-5.061109718313836	2.0	-2.2821759252741396	2.0	-4.848930988501069	3.0		0.0		0.0	-4.844209120961797	1.0	-4.811061680747277	1.0	-5.197413056565766	1.0		0.0	-4.068624803707582	1.0	-4.534136849071329	2.0	-7.607544200632897	1.0	-4.602656715287219	3.0		0.0		0.0	-4.38329770823229	1.0		0.0		0.0
samp_19	-5.741876872398721		0.0		0.0	-4.916337365902748	4.0		0.0	-0.39057445121178436	1.0	-4.911567183124591	2.0	-4.87852351475864	1.0	-5.265298299491869	2.0	-1.7227605604721146	1.0	-4.135459689678784	1.0		0.0	-7.673168437530077	1.0	-4.669564309079285	2.0		0.0	-3.9712945642146185	2.0		0.0		0.0	-6.0824174590440165	1.0
samp_20	-4.884796307303224	-5.277293940061082	1.0		0.0	-5.063787590003164	1.0		0.0	-0.5185449950336397	2.0		0.0	-5.02604908105808	1.0	-5.41445581600324	1.0		0.0		0.0	-4.747878877415289	1.0	-7.829998266778157	2.0	-4.815518691430072	3.0	-0.429870183169233	1.0		0.0		0.0	-5.183583414764416	3.0	-6.2290352333278625	2.0
samp_21	-6.090351476375368	-5.090062097722366	3.0	-2.3097044380640828	1.0	-4.877773101443792	2.0	-4.700084460712943	1.0		0.0	-4.873027513982788	2.0		0.0	-5.226434532304497	1.0	-1.6877552106610951	1.0		0.0	-4.562910973850289	1.0	-7.635144977084305	2.0	-4.6312952856696805	1.0		0.0		0.0	-4.411969105330716	2.0	-4.9992599338735495	1.0		0.0
samp_22	-5.454231614775953	-5.1694687546647735	2.0	-2.383597956599439	1.0		0.0	-4.778930861269912	1.0	-0.4284791995539378	1.0	-4.951947526996375	1.0	-4.918965265780235	1.0	-5.306085494310039	1.0	-1.7585205795241503	1.0	-4.175363432359099	1.0		0.0		0.0		0.0	-0.3497281274243311	1.0	-4.011323852227316	1.0	-4.490269867324956	2.0	-5.077469595856836	2.0	-6.122199825425939	2.0
samp_23	-5.410057711279149	-5.176460176668524	1.0	-2.390008855268942	2.0		0.0	-4.785875385377617	1.0		0.0	-4.958905026961054	1.0		0.0		0.0	-1.7645817529671028	1.0	-4.182223868821967	1.0	-4.648500176875937	1.0	-7.721586080633386	2.0	-4.716518973372575	1.0	-0.3554491673274797	2.0	-4.01820562452462	1.0	-4.497186320757713	1.0		0.0	-6.12910694616126	3.0
samp_24	-5.7516705959634695	-5.127574544529705	1.0	-2.344913501550074	2.0	-4.915105894836429	2.0		0.0		0.0		0.0	-4.877294900505316	1.0	-5.26405639109935	2.0	-1.7216541575269966	1.0		0.0	-4.600122079328972	2.0	-7.6719348006328865	1.0	-4.668343167337801	1.0		0.0	-3.970072483278374	2.0		0.0	-5.036224884634157	2.0	-6.081209814270627	1.0
samp_25	-5.990148044484372	-5.100138319808228	1.0		0.0	-4.887803023109099	1.0		0.0	-0.3625080181338826	1.0	-4.883052116980391	3.0	-4.84996705735116	2.0	-5.236535872105216	1.0		0.0		0.0	-4.572911067421656	2.0	-7.644915428978994	2.0	-4.641253173516162	3.0	-0.2897735678128003	2.0		0.0		0.0		0.0		0.0
samp_26	-5.876415683581704	-5.112591354913608	1.0		0.0		0.0	-4.722484580106739	1.0	-0.3748309739076953	2.0	-4.895439055332552	1.0	-4.862373064107232	2.0	-5.249023962784633	3.0		0.0	-4.1194804945948835	1.0	-4.585266698526655	1.0	-7.657100586217344	2.0		0.0		0.0	-3.955265169524638	1.0	-4.434240663033237	1.0	-5.021463162657762	1.0	-6.066603807733866	1.0
samp_27	-5.256972264001701		0.0	-2.4136252105948306	3.0	-4.989532182274823	1.0		0.0	-0.45763977357261754	1.0		0.0	-4.951768122645921	1.0	-5.339227252914805	1.0	-1.7868299397249148	1.0		0.0		0.0	-7.748767722407914	1.0	-4.742088969502298	1.0	-0.3759725298379103	2.0	-4.04369195371054	3.0	-4.522725422949812	1.0	-5.109960961010812	1.0	-6.154723177999166	1.0
samp_28	-7.6706425142569525	-5.0070395990261645	5.0	-2.229935038371196	2.0	-4.795019612388594	1.0	-4.617352508892971	3.0		0.0	-4.790333164395002	1.0		0.0		0.0	-1.6098042569369384	2.0	-4.014937448038774	1.0		0.0		0.0	-4.549064273624088	1.0		0.0	-3.850261885183632	1.0	-4.329604183786782	1.0		0.0		0.0
samp_29	-5.474397450842487	-5.166315212952944	2.0		0.0		0.0	-4.775821085320909	1.0		0.0	-4.9488321107620745	2.0	-4.915846887949153	1.0	-5.302938631674971	1.0		0.0	-4.172287484979099	1.0	-4.638474539117874	1.0	-7.711128348305682	2.0		0.0	-0.3471867449288349	1.0	-4.008241022418596	1.0	-4.4872093560096085	2.0	-5.074384058700185	2.0	-6.119138717206798	1.0
samp_30	-6.235311932935745	-5.076866389122467	1.0	-2.297196549465695	3.0	-4.864629296967126	1.0		0.0	-0.3389179994384373	1.0	-4.859895923387131	1.0	-4.8267726126129	3.0		0.0		0.0		0.0	-4.549799044353539	1.0	-7.622465766843975	1.0		0.0	-0.2681334366611049	3.0		0.0	-4.398912369518742	1.0	-4.986254550558681	1.0	-6.031920990341165	1.0
samp_31	-5.4953964102891275		0.0	-2.3777790395781047	2.0		0.0	-4.772634611248723	2.0	-0.42269623240350607	2.0		0.0	-4.912651396651846	2.0		0.0		0.0	-4.169136149890189	1.0	-4.635296621119391	1.0	-7.707839585588763	1.0	-4.703369633494076	1.0	-0.3445397278479229	1.0	-4.0050814220018065	1.0	-4.484045917095976	2.0		0.0	-6.115985231667361	2.0
samp_32	-5.816890367058706		0.0		0.0	-4.90713290981444	1.0	-4.7294110071359725	3.0		0.0	-4.902369834157568	2.0		0.0	-5.256016905673299	1.0	-1.7144814584638706	1.0	-4.126350587936482	2.0	-4.592179682756015	2.0		0.0	-4.660435464323713	1.0		0.0	-3.9621578966445585	1.0		0.0	-5.028331112000178	1.0	-6.07339466032445	3.0
samp_33	-5.909343144828868		0.0	-2.3274227824038665	1.0	-4.896493104836797	1.0	-4.718785937989344	1.0	-0.371171406483768	1.0	-4.8917372752307715	1.0	-4.858666973505078	2.0	-5.245293521605609	2.0		0.0	-4.115816094390215	1.0	-4.581576423669666	1.0		0.0	-4.649879167997937	2.0	-0.29770211859583495	2.0	-3.9515859344941533	1.0	-4.430564130790051	1.0	-5.017795262501711	1.0		0.0
samp_34	-5.31686506949308		0.0	-2.4041308284995773	1.0	-4.979115454979058	1.0		0.0	-0.4485257262563409	1.0	-4.97429915405951	3.0	-4.941346244979942	1.0	-5.328692477626719	1.0	-1.7779015377042315	1.0		0.0		0.0	-7.737736826603718	1.0	-4.731775247531184	2.0	-0.36780082905467726	2.0		0.0		0.0	-5.099637099637652	3.0	-6.144374556815106	1.0
samp_35	-6.067427943465209	-5.092300414188281	1.0	-2.3118162780700473	2.0		0.0	-4.702306321891647	1.0	-0.3546375504284804	2.0	-4.875249812646815	3.0	-4.84215514108927	1.0	-5.228673669102489	2.0		0.0		0.0	-4.565127430855417	1.0	-7.637300294669833	1.0	-4.6335046011281245	3.0		0.0		0.0	-4.41417960312878	1.0		0.0		0.0
samp_36	-5.923120658242658	-5.1073411988426285	1.0	-2.3259879953284184	1.0	-4.894972193183723	1.0	-4.717267204543441	1.0	-0.3696633403124005	3.0	-4.890216433115285	2.0		0.0		0.0	-1.7034721163136362	1.0		0.0	-4.580060935676388	1.0	-7.651951102710304	2.0	-4.648369046800945	1.0	-0.29632124085765643	3.0		0.0	-4.429053702900211	1.0		0.0		0.0
samp_37	-5.455632996238439	-5.169226880727652	1.0		0.0		0.0	-4.778708025712246	1.0	-0.4282677011411776	2.0		0.0		0.0	-5.305860768647778	4.0	-1.758323096910614	2.0		0.0		0.0	-7.7141220590973365	3.0	-4.709400047624878	1.0		0.0	-4.011101307342662	1.0		0.0	-5.07725136420552	2.0	-6.12199962754266	1.0
samp_38	-5.560849460107351	-5.153392145207993	1.0	-2.368841222804431	2.0		0.0	-4.7630010280968005	2.0		0.0	-4.935994759037291	1.0	-4.90298831753143	3.0		0.0		0.0		0.0	-4.625688254884211	1.0	-7.6979198476756	1.0	-4.693798969840505	2.0		0.0	-3.995523842612192	2.0	-4.474485279724745	1.0		0.0	-6.106460219229067	2.0
samp_39	-5.668037890287384	-5.138443207541351	1.0	-2.3550181142268034	1.0		0.0		0.0	-0.3997545687073759	2.0		0.0	-4.888114271608622	1.0	-5.274961203403971	3.0	-1.7313214823866103	2.0		0.0	-4.610889919172857	1.0		0.0	-4.679064770692818	2.0	-0.3237480686965375	1.0	-3.9807974179670276	1.0	-4.459753229160855	2.0	-5.046932528163117	1.0		0.0
samp_40	-6.131974332206161	-5.086113638445878	4.0	-2.3059672571021257	3.0		0.0		0.0		0.0	-4.869098773702077	2.0		0.0		0.0	-1.6841389238263855	1.0		0.0	-4.558987139313026	2.0	-7.631335732440244	2.0	-4.62739098485709	1.0		0.0		0.0		0.0	-4.995367890083622	1.0	-6.040874625738634	2.0
samp_41	-5.672994471199484		0.0	-2.3543994114851037	1.0	-4.9252562330544185	1.0	-4.747504525384543	1.0	-0.39910471383038604	1.0	-4.920482551054764	4.0	-4.887452534566843	1.0		0.0		0.0	-4.144274195160408	1.0	-4.610231444038883	1.0	-7.682131681456728	1.0	-4.678407966243332	2.0	-0.3232156206222296	1.0	-3.980142315811856	1.0	-4.459097677734921	1.0	-5.046277796114753	1.0		0.0
samp_42	-6.283863720876016		0.0	-2.293323597355504	3.0		0.0	-4.682894025473965	2.0		0.0	-4.855837806341518	1.0		0.0	-5.209116146183528	3.0	-1.671868521078943	1.0	-4.080188994853571	1.0		0.0	-7.618593804092907	4.0	-4.61421578562877	1.0		0.0	-3.915818628297451	1.0		0.0	-4.98223488609602	1.0		0.0
samp_43	-5.696513927100948		0.0		0.0	-4.922160240142591	1.0	-4.744414604778599	3.0	-0.3961723849756975	3.0	-4.917386378485829	1.0	-4.88435293544283	1.0	-5.271166534765012	2.0		0.0	-4.141207416722765	1.0		0.0	-7.67902094922258	2.0		0.0		0.0		0.0	-4.456033825801984	1.0	-5.043209817598654	3.0		0.0
samp_44	-5.378386505499717	-5.181642685174521	2.0		0.0	-4.968837273470331	1.0		0.0	-0.43939312114144374	2.0	-4.964028423099401	1.0	-4.93106124997562	1.0		0.0		0.0		0.0	-4.653599425347101	3.0	-7.726939819237982	1.0	-4.721596193352698	2.0	-0.359582431440605	1.0	-4.023287913191198	2.0	-4.50225154234485	1.0		0.0	-6.134184327255039	1.0
samp_45	-5.621241962493539	-5.144825235895511	2.0	-2.3609300369168262	1.0		0.0	-4.7545001426850675	1.0		0.0	-4.927482935144766	1.0		0.0		0.0		0.0	-4.151198241399209	2.0	-4.6172091762083	2.0	-7.689238575438304	1.0	-4.685358148071928	1.0	-0.32921237857577856	2.0	-3.9870874673358183	2.0	-4.466042589534966	2.0		0.0	-6.098072343449417	1.0
samp_46	-5.499132021020388	-5.162536250577605	3.0		0.0	-4.949874537619745	2.0	-4.772073189808705	1.0	-0.4221802478403587	1.0		0.0		0.0		0.0	-1.752504888807852	2.0		0.0	-4.634733455881507	1.0	-7.707252870629127	1.0		0.0	-0.3440716456097338	1.0	-4.0045323708102005	2.0	-4.4834912643904925	2.0	-5.070664912921615	2.0		0.0
samp_47	-6.765379646336664	-5.040346459063325	2.0	-2.2622391128773245	1.0	-4.828237567138076	2.0		0.0	-0.3003772942018833	2.0	-4.823529040108473	1.0	-4.790344497262036	1.0	-5.176605996693615	4.0		0.0	-4.048044217705881	2.0		0.0		0.0	-4.5820935760076225	1.0		0.0		0.0		0.0	-4.9502474244947114	1.0	-5.99666971179279	1.0
samp_48	-6.573383609815886	-5.051681721266217	1.0	-2.2731445169158597	2.0	-4.839536936697524	2.0	-4.6618744816393916	1.0	-0.31252426057352567	2.0	-4.834821292492088	1.0	-4.801656654944015	1.0	-5.187962923006386	1.0	-1.6522130038251042	1.0		0.0	-4.52475863182897	1.0	-7.598706075353493	1.0		0.0	-0.24384748090520827	2.0		0.0		0.0	-4.961426139906045	2.0		0.0
samp_49	-5.621063593580509		0.0		0.0	-4.932292773684516	1.0	-4.7545240036895144	2.0	-0.40578966305324354	2.0	-4.9275087909021495	2.0	-4.894494085711677	1.0	-5.2813923404386385	2.0	-1.7369834949147598	1.0		0.0		0.0	-7.689259113099597	1.0	-4.685382447333277	2.0	-0.3292283117587026	1.0		0.0	-4.466068731978508	2.0	-5.053247481071894	1.0		0.0
samp_50	-6.115914922076633	-5.087619363341421	1.0		0.0	-4.87533810622213	1.0	-4.69765416927712	1.0		0.0	-4.870598302030861	3.0		0.0	-5.22398373502137	1.0	-1.6855195828327176	2.0	-4.094846687428341	2.0	-4.560484565006259	1.0	-7.632798214309296	1.0		0.0	-0.27822885965454036	1.0	-3.930537034277113	1.0	-4.409553519427376	1.0	-4.996852791131127	1.0	-6.042333923844052	1.0
samp_51	-5.944368802143649	-5.105016253637446	3.0	-2.323804243102409	2.0		0.0	-4.714956308388434	1.0		0.0	-4.887904555211853	2.0	-4.854829255911116	1.0	-5.2414300775741065	1.0		0.0		0.0		0.0	-7.649675051285487	2.0		0.0	-0.29421657883435903	2.0	-3.9477732234795098	1.0	-4.426756372461848	2.0	-5.013998853268998	1.0		0.0
samp_52	-5.03583969419301		0.0		0.0	-5.031627917581984	1.0	-4.853583472158504	1.0		0.0	-5.0267704888607	1.0		0.0	-5.381847487351544	1.0		0.0		0.0	-4.715980235754612	3.0	-7.794258252830943	2.0	-4.783736581240627	1.0		0.0	-4.085115512953422	1.0	-4.564294454742251	4.0	-5.151693312812599	2.0	-6.196736792142593	1.0
samp_53	-5.416626689963711	-5.175401556787652	2.0		0.0	-4.9626592519367785	2.0		0.0	-0.43384661337439767	1.0		0.0	-4.9248761695209	1.0		0.0		0.0	-4.181188465698121	1.0	-4.647455386764825	2.0	-7.720492581679098	1.0		0.0	-0.3545934106013504	2.0	-4.017167315879859	2.0	-4.496145896775918	2.0	-5.083329766866528	1.0	-6.128079667712083	1.0
samp_54	-6.523355442817067		0.0	-2.2762909662894826	4.0		0.0	-4.665143354896529	2.0		0.0		0.0	-4.804929670607431	2.0	-5.191251797887255	1.0		0.0		0.0	-4.52802420576919	3.0	-7.601771290593767	1.0	-4.596569877061856	2.0	-0.24706313742750116	1.0	-3.8980928662191885	1.0		0.0	-4.964659912610084	1.0		0.0
samp_55	-7.564450348313797	-5.009650271430708	1.0		0.0	-4.7976248652407225	2.0	-4.6199595174628465	2.0		0.0		0.0	-4.759698285887245	2.0	-5.145859775704304	2.0	-1.6123113875167452	2.0	-4.017537742460559	1.0	-4.48288449685093	2.0	-7.5602191579358236	1.0		0.0	-0.20130152982427266	1.0		0.0		0.0	-4.919972165711902	1.0	-5.967209135357646	1.0
samp_56	-5.456171806541081		0.0	-2.383328739521692	3.0	-4.956439870334251	1.0		0.0	-0.42818337458450123	1.0		0.0	-4.918660884944233	1.0	-5.30579719209588	1.0		0.0	-4.17507126971677	1.0	-4.641274346339123	1.0	-7.7140431469451265	1.0	-4.709318893262603	4.0	-0.349515171560859	1.0	-4.01104140084672	2.0	-4.489975812727089	1.0		0.0		0.0
samp_57	-5.93628861380093	-5.105894782773021	1.0		0.0	-4.893532876672623	1.0	-4.715829145113046	1.0	-0.3682330993310023	2.0	-4.888779128121126	1.0	-4.8557046391977865	4.0		0.0		0.0		0.0	-4.57862612576455	2.0	-7.650536604681407	1.0	-4.64694163830677	2.0	-0.29501097064346526	1.0	-3.9486423220492815	1.0	-4.427624780149092	1.0		0.0		0.0
samp_58	-5.272613967787087	-5.199674381158853	1.0		0.0	-4.986772286140864	4.0		0.0	-0.45523957622904226	1.0	-4.981950761055574	1.0		0.0		0.0	-1.78447216763332	2.0		0.0	-4.671430924287556	1.0		0.0		0.0	-0.3738232879999158	1.0	-4.040970905059598	3.0		0.0	-5.107224862836636	2.0	-6.151978699242342	2.0
samp_59	-6.2038175684443955		0.0	-2.299807301233742	1.0	-4.867359249935278	1.0	-4.689667901444081	4.0	-0.34170673107203464	1.0		0.0		0.0		0.0	-1.6781522900495036	2.0	-4.086928720227436	1.0	-4.552532806305291	2.0	-7.625092305910641	1.0	-4.6209579823336435	1.0	-0.2707273059931594	1.0		0.0	-4.401622486313863	2.0		0.0	-6.034566521445159	1.0
samp_60	-5.51763018627508		0.0		0.0		0.0	-4.7693109682816335	2.0	-0.41962686218467005	2.0	-4.942314494929481	1.0	-4.909318245431282	1.0	-5.296348948102449	1.0	-1.7500739884696008	2.0	-4.165850194525318	1.0		0.0	-7.704403494515157	1.0	-4.700069334310904	1.0	-0.3417644389930439	2.0		0.0		0.0	-5.067922248941421	3.0	-6.112698874939883	1.0
samp_61	-6.394030735274509	-5.064140031350755	2.0	-2.2850696464832825	1.0		0.0		0.0	-0.3256894012175312	2.0	-4.847221116975585	1.0	-4.814077967467829	1.0		0.0	-1.6638417912140864	3.0	-4.071629907572328	2.0	-4.5371454263328275	1.0	-7.610389552719944	1.0	-4.605651399357668	1.0	-0.25597375333789857	1.0		0.0		0.0		0.0	-6.0196044977820655	2.0
samp_62	-5.4719065917346486	-5.166703571910162	3.0		0.0		0.0	-4.776208687382143	1.0	-0.42597784473049477	1.0	-4.949218101978434	2.0		0.0	-5.303338189547089	1.0		0.0	-4.172666232745954	1.0	-4.638860061597954	1.0	-7.711518166585125	1.0	-4.706918726052161	1.0	-0.3474888726633003	1.0	-4.008625021167873	3.0		0.0		0.0	-6.119519428718025	2.0
samp_63	-5.610621105098124	-5.1463055045454915	1.0	-2.362296481253813	1.0		0.0		0.0	-0.40715749046967925	2.0	-4.928951725196408	1.0		0.0	-5.282853106251414	1.0	-1.7382701958119342	1.0	-4.152651075669797	3.0	-4.61867129222771	1.0	-7.690736837252723	1.0	-4.68682087069346	2.0		0.0	-3.988543569204386	1.0	-4.46751021765586	2.0		0.0	-6.099514718633395	1.0
samp_64	-5.615635128725369	-5.1456050253722125	1.0		0.0	-4.933040171974943	1.0		0.0	-0.4064897624452119	1.0	-4.928258024020856	1.0		0.0	-5.282148969990048	2.0	-1.7376541049858725	1.0	-4.1519640199435885	1.0	-4.617981328623713	2.0	-7.6900251968370235	3.0		0.0	-0.3298731430890371	1.0		0.0		0.0	-5.053987702246538	1.0	-6.098834426671562	3.0
samp_65	-5.471417291438072		0.0	-2.3811478822107612	1.0	-4.954086657863992	1.0	-4.77627479293165	1.0	-0.42602765914181534	1.0		0.0	-4.916302553032106	1.0	-5.30340056187193	1.0	-1.7561935132020354	1.0	-4.172728536132781	2.0	-4.638926335069609	1.0		0.0	-4.706984742717172	1.0	-0.3475820691366599	1.0		0.0	-4.487659491990943	1.0	-5.074837087757293	2.0	-6.119583204862521	3.0
samp_66	-5.617042942997688		0.0		0.0	-4.932844961599776	1.0	-4.755078704140086	1.0	-0.4063177829728872	2.0	-4.928062961998928	1.0	-4.895046588243724	1.0	-5.281952423763938	2.0	-1.7374806773447093	2.0		0.0		0.0	-7.689827660070013	2.0	-4.685932603505752	2.0	-0.3297060380431455	2.0	-3.9876632324018844	1.0		0.0	-5.053794318928951	1.0		0.0
samp_67	-6.159243568513868	-5.083595701685239	2.0		0.0		0.0		0.0	-0.34581058428281153	2.0	-4.866592613250645	1.0	-4.833482798223783	2.0	-5.219950379366469	1.0		0.0	-4.090872210183878	1.0	-4.556487255325333	2.0		0.0	-4.624902838592687	2.0	-0.27446787831563285	4.0		0.0		0.0		0.0	-6.038435520822032	1.0
samp_68	-5.232576187135162	-5.206844842855122	1.0	-2.4175826461712795	1.0	-4.993894843618086	1.0	-4.8159787102472285	1.0	-0.4614142906050033	1.0	-4.989066937648763	1.0	-4.956132743219798	2.0	-5.343638309058907	1.0		0.0		0.0		0.0	-7.753412474999581	1.0	-4.746406961883426	1.0		0.0	-4.047989280874116	2.0	-4.527033855622242	3.0	-5.114284583274971	1.0	-6.159059385515634	1.0
samp_69	-4.944611421102483		0.0		0.0	-5.050713899904736	1.0		0.0		0.0	-5.045841146848874	1.0		0.0	-5.401196872553842	1.0		0.0	-4.267680565521748	1.0	-4.734914804299023	2.0	-7.815365424845604	2.0	-4.80260707044254	2.0	-0.42094082988905385	1.0	-4.103845095840478	2.0	-4.583111309731723	2.0	-5.170620371699208	1.0	-6.21588273102965	2.0
samp_70	-5.625096167220685	-5.144291608385049	1.0		0.0		0.0	-4.753969845546877	1.0		0.0		0.0	-4.893934800149633	2.0	-5.280830553125971	1.0	-1.7364940029878249	1.0	-4.150673546827563	1.0	-4.6166809427436775	3.0	-7.688698630610437	2.0	-4.684830904423224	1.0		0.0	-3.9865614874128736	2.0		0.0	-5.052693358621629	1.0	-6.097549159232661	2.0
samp_71	-5.482271649700676	-5.165104947653267	1.0		0.0	-4.952428792057846	1.0	-4.774620309513303	3.0		0.0	-4.947631603556365	3.0		0.0	-5.3017195007498765	1.0		0.0	-4.171101310337256	1.0		0.0	-7.709883608839035	1.0	-4.705341838361056	2.0		0.0	-4.007052050818248	1.0	-4.486018591509199	2.0	-5.073192996060392	2.0		0.0
samp_72	-6.227803929020938		0.0	-2.2978110113401904	1.0		0.0	-4.6875965966565465	3.0	-0.3395735613112105	1.0	-4.86053960011494	1.0	-4.827417540514363	2.0	-5.213852014445428	2.0	-1.676231672187478	1.0		0.0	-4.5504448234435255	1.0		0.0		0.0	-0.2687470236222801	2.0		0.0	-4.399549524622034	2.0	-4.986891504897083	1.0	-6.032543049505343	1.0
samp_73	-6.466979316878973		0.0		0.0	-4.846668350423443	1.0		0.0		0.0	-4.841946407210478	3.0	-4.808794277338948	3.0	-5.195127759288679	1.0	-1.6589054537528682	1.0		0.0	-4.531877117698428	3.0	-21.506671210161628	1.0	-4.600406898841767	1.0	-0.2508371527896446	2.0	-3.901947113749197	1.0		0.0	-4.968479564241043	1.0		0.0
samp_74	-5.829067147370145	-5.118109592722027	1.0	-2.3360793556526214	1.0		0.0	-4.727968950533954	3.0	-0.38022894168640164	1.0	-4.900927090773801	1.0	-4.8678702722738025	1.0	-5.254560918885193	1.0	-1.7131784096567966	1.0	-4.12491977004294	1.0		0.0	-7.662545866861519	1.0	-4.659001420050627	2.0	-0.30596922633482754	1.0		0.0		0.0	-5.026899567904978	2.0	-6.071978306542641	1.0
samp_75	-5.547504861628671	-5.155336058700812	1.0	-2.3706313167437756	1.0	-4.942715718336936	2.0		0.0	-0.41555620677257915	1.0	-4.937926401905585	1.0	-4.90492399914022	1.0	-5.291914481026259	2.0		0.0		0.0	-4.627611952660246	1.0	-7.6998951672948035	2.0		0.0	-0.33807886467557946	1.0	-3.9974394119633927	1.0	-4.476399491812092	1.0	-5.063569275899138	2.0	-6.108364959784461	1.0
samp_76	-6.582658562612267	-5.051091084814529	1.0		0.0	-4.838950005480288	1.0	-4.661287944520124	1.0	-0.3119049002515759	1.0		0.0	-4.80106421543526	2.0	-5.187369383779039	3.0		0.0	-4.058697915992321	4.0		0.0		0.0		0.0	-0.2432677167484666	1.0		0.0	-4.37336262842966	3.0	-4.9608401881024085	1.0		0.0
samp_77	-5.5070488451891535	-5.161344289918041	1.0	-2.376160894968975	1.0		0.0		0.0	-0.421083402033727	1.0	-4.943893774318162	1.0	-4.9108996041714414	1.0		0.0	-1.7514600310244786	2.0		0.0	-4.63355330586539	4.0		0.0	-4.701632177909716	1.0		0.0	-4.0033453937330306	1.0	-4.482310289251004	1.0	-5.069483141040101	2.0	-6.114255361568468	2.0
samp_78	-6.230000209103917	-5.0773229160883275	1.0		0.0	-4.865083810717695	1.0	-4.687408000753175	2.0	-0.3393796703624972	1.0	-4.86034952487108	2.0	-4.827228742478044	2.0		0.0	-1.6760534239314768	1.0	-4.084671136039555	1.0	-4.550255302807774	2.0	-7.622914475953345	2.0		0.0		0.0	-3.9203190990911003	1.0		0.0	-4.9867039604478345	1.0	-6.032358922779983	1.0
samp_79	-5.548962841423166	-5.15511952852325	1.0	-2.3704370390997105	1.0	-4.942502340763704	1.0		0.0	-0.4153620019165633	2.0	-4.937713264939136	1.0	-4.904710935936158	1.0		0.0	-1.7460177591228168	1.0	-4.161306937286651	2.0	-4.6274012291115465	1.0	-7.699678808033314	1.0	-4.695506207253641	1.0		0.0	-3.997227764686336	2.0	-4.476187414152225	2.0	-5.063359733056825	1.0		0.0
samp_80	-5.979512691995155		0.0	-2.320266018221021	1.0	-4.888914959120459	1.0	-4.711216804898177	1.0	-0.3636220433339089	1.0	-4.884164436645063	1.0	-4.851082019983229	1.0	-5.237657333574323	1.0	-1.697956351320405	1.0	-4.108308216265631	1.0	-4.574022110020158	1.0	-7.646003408064507	2.0		0.0	-0.290794805187053	3.0	-3.9440492104780236	3.0		0.0		0.0		0.0
samp_81	-5.363367587285049	-5.184108265111017	1.0	-2.396982858310052	1.0	-4.97130977176844	1.0	-4.793454874787997	1.0	-0.4415996886865817	2.0	-4.966499038749062	1.0	-4.9335358327528605	1.0		0.0	-1.7711690943979468	1.0	-4.189709953193065	1.0		0.0		0.0	-4.7240425305784965	3.0	-0.3615797057080797	1.0	-4.025709221059392	2.0	-4.50470312160421	1.0		0.0	-6.136630836860765	1.0
samp_82	-5.122101122526451	-5.227618545014245	2.0		0.0	-5.014514881851882	1.0	-4.836531650301635	1.0	-0.4789275890642804	1.0	-5.009670942365404	1.0		0.0	-5.3645118804439065	1.0		0.0		0.0	-4.698992034994413	1.0	-7.7755856181890595	2.0	-4.766804858641837	3.0		0.0	-4.068296355805371	2.0	-4.547399118517878	2.0	-5.134725008702333	1.0		0.0
samp_83	-7.10296147363049	-5.024593023417692	2.0	-2.247014127016037	1.0	-4.8125309281692905	1.0	-4.63486846958517	1.0		0.0		0.0	-4.774619822630213	2.0	-5.160826080949382	1.0	-1.6266160810763448	3.0	-4.032400766543003	1.0	-4.497782756268104	2.0	-7.5737305296714625	1.0		0.0		0.0	-3.867811096580485	2.0		0.0	-4.934711797281927	1.0		0.0
samp_84	-5.586219578197295	-5.149747349781347	2.0	-2.365488369557906	1.0	-4.937160110072621	1.0		0.0	-0.4103797756699158	1.0	-4.932375121953457	1.0	-4.89936343498975	2.0		0.0		0.0	-4.1560319748471235	1.0	-4.622082465128294	1.0	-7.6942177432168215	2.0	-4.6902109671989605	1.0	-0.33338087884693673	1.0		0.0	-4.470895591879749	1.0		0.0	-6.102890825034596	3.0
samp_85	-6.519937947087855	-5.055192402714247	1.0		0.0	-4.843035832727811	3.0		0.0		0.0		0.0		0.0	-5.191482723038919	3.0	-1.6555012496341817	5.0	-4.062765277638843	1.0		0.0		0.0		0.0	-0.2472922682045661	1.0	-3.898319284807318	1.0	-4.377428908092924	1.0	-4.964886406921487	2.0		0.0
samp_86	-5.748240769718378	-5.1280071226064186	1.0	-2.34531658970866	1.0	-4.915536412227906	1.0	-4.737801274989311	1.0		0.0	-4.910766919181935	1.0		0.0	-5.264490623340265	1.0	-1.7220408461354382	1.0	-4.134663988769728	1.0	-4.600549917735988	2.0		0.0	-4.668768922726415	3.0	-0.31469448970710945	2.0		0.0	-4.449459142696385	1.0	-5.036651576081308	1.0	-6.081632910121687	1.0
samp_87	-5.91792711042937	-5.107917372279031	1.0		0.0	-4.895545661392749	2.0		0.0	-0.3702293266920016	2.0	-4.8907862526888195	1.0		0.0	-5.244339272202117	2.0		0.0	-4.114879219308243	3.0		0.0		0.0		0.0	-0.29683739641402146	3.0	-3.950643988616044	2.0	-4.429625685711109	2.0		0.0		0.0
samp_88	-5.304810365379437	-5.194044099378892	1.0	-2.4060125293025805	3.0	-4.981179765522728	2.0		0.0	-0.4503489217558899	2.0	-4.976361714988455	1.0		0.0		0.0		0.0		0.0		0.0		0.0	-4.733819915061087	1.0	-0.3694338943897406	3.0	-4.035453747858671	3.0		0.0	-5.101683493514767	1.0	-6.146425641082236	1.0
samp_89	-5.539675193113639	-5.156483626135876	1.0	-2.371690651989604	1.0	-4.943856469335745	1.0	-4.766068159689143	1.0	-0.4166171127797694	1.0		0.0	-4.906066170932127	2.0	-5.293067328616039	1.0		0.0	-4.16264378970171	2.0		0.0	-7.701066663985213	2.0	-4.696847527630976	1.0		0.0	-3.998569450611264	1.0	-4.477529458682004	1.0	-5.064701507461984	1.0	-6.109491744184316	2.0
samp_90	-6.4791985806420636	-5.057980156414397	1.0	-2.2791819082290905	1.0	-4.845814311025914	2.0		0.0	-0.31920604565750693	1.0	-4.841093356122087	1.0	-4.8079394843079	1.0	-5.194274548429894	3.0		0.0	-4.065527112723483	1.0		0.0	-7.604601992349866	1.0		0.0	-0.25000399464881673	4.0	-3.9010940839814223	1.0		0.0		0.0	-6.013661512212134	1.0
samp_91	-6.9408031041603175	-5.031558765427572	1.0	-2.2537554583571437	1.0	-4.819477594063944	2.0	-4.641816295522011	1.0		0.0	-4.814774860635653	2.0	-4.781574491023621	1.0	-5.1678044299372345	2.0	-1.6332401142512432	2.0	-4.0393201498315126	1.0	-4.5047236245689914	1.0		0.0		0.0	-0.22379125664967922	1.0	-3.8747656920923084	1.0	-4.353979462324522	1.0		0.0	-5.988219943458184	1.0
samp_92	-6.859415821521063	-5.035464651789839	1.0	-2.2575343857942722	1.0	-4.82336951399686	2.0	-4.6457081515022125	2.0	-0.2950808584629913	1.0	-4.81866505594337	1.0	-4.785472026084118	1.0	-5.171716660298026	1.0		0.0	-4.043197431733233	2.0	-4.508614257322882	2.0		0.0	-4.577255097393476	1.0	-0.22772595179958585	1.0	-3.878661688890167	1.0	-4.357856501881516	1.0		0.0		0.0
samp_93	-5.299999960367913	-5.194878209493619	1.0		0.0		0.0		0.0	-0.4510645029660968	1.0	-4.977182702794615	2.0	-4.94424354436071	2.0	-5.331613965304243	2.0		0.0		0.0	-4.66670175533731	1.0		0.0		0.0	-0.3700920812033883	2.0	-4.036277368601333	1.0	-4.515295852310827	1.0	-5.1025036307986955	5.0		0.0
samp_94	-6.9419078018938105	-5.031507243830799	3.0	-2.2537097222148854	1.0	-4.8194263042477115	2.0	-4.641764776356265	1.0		0.0	-4.8147234563524135	2.0	-4.781522816525268	2.0	-5.167751743011761	1.0		0.0		0.0	-4.504672761039192	2.0		0.0	-4.573334303893823	2.0	-0.2237410705552061	1.0		0.0	-4.353927963832236	1.0		0.0		0.0
samp_95	-6.867693829619411	-5.035054254194322	1.0	-2.257129589610706	2.0	-4.822955990781332	2.0	-4.6453000593929135	1.0	-0.2946313967709222	2.0	-4.818246513857391	2.0	-4.785063634130321	2.0	-5.171307175031477	1.0	-1.6365478005145748	1.0	-4.042780765672274	1.0		0.0	-7.583311646533041	1.0		0.0		0.0		0.0		0.0		0.0	-5.991594786109152	2.0
samp_96	-5.39097627553749	-5.179554805030357	1.0		0.0	-4.966792859334542	2.0		0.0		0.0	-4.96197934228873	1.0	-4.929010584626656	1.0	-5.316228931263449	1.0	-1.7672550919535592	1.0	-4.185256458859789	2.0		0.0	-7.724803741185086	1.0	-4.719564612734797	1.0	-0.35791060298100397	1.0	-4.021242776107483	1.0	-4.500228764420379	1.0	-5.087397921248495	2.0	-6.132159123723995	2.0
samp_97	-5.860249045183006		0.0	-2.3326561596495936	2.0	-4.902049062909732	1.0	-4.7243351417301165	2.0	-0.3766572116697749	2.0	-4.897289220246816	1.0		0.0	-5.250892535073397	1.0		0.0	-4.121317038455022	2.0	-4.587112973165971	1.0		0.0	-4.655390814840557	1.0	-0.30270834582972406	1.0		0.0	-4.436077698526197	1.0	-5.023296033708587	2.0	-6.068414170095363	1.0
samp_98	-5.273618960994949		0.0	-2.4109480303242083	2.0	-4.986596101131714	1.0	-4.808700318564195	2.0	-0.455085259835909	1.0		0.0		0.0		0.0	-1.7843201340100483	3.0	-4.204759540106666	1.0		0.0		0.0		0.0		0.0		0.0	-4.519823193462827	1.0	-5.107051806021393	1.0	-6.151807542988353	6.0
samp_99	-5.213868365750604	-5.2102640587491775	1.0	-2.420675444460437	1.0		0.0	-4.819355805727667	1.0		0.0	-4.992454459195138	3.0		0.0		0.0		0.0		0.0	-4.6818763418905185	2.0		0.0	-4.749762907677099	2.0	-0.38194870165256534	2.0	-4.0513311281131115	1.0	-4.530384795235274	2.0	-5.117650880509547	1.0	-6.162437407240537	2.0
