run	log_tbg	log_alphap	log_betap	b14A8_log_P	b14A8_weight	b14A9_log_P	b14A9_weight	b14B1_log_P	b14B1_weight	b14B2_log_P	b14B2_weight	b14B3_log_P	b14B3_weight	b14B4_log_P	b14B4_weight	b14B5_log_P	b14B5_weight	b14B6_log_P	b14B6_weight	b14B7_log_P	b14B7_weight	b14B8_log_P	b14B8_weight	b14B9_log_P	b14B9_weight	b14C1_log_P	b14C1_weight	b14C2_log_P	b14C2_weight	b14C3_log_P	b14C3_weight	b14C4_log_P	b14C4_weight	b14C5_log_P	b14C5_weight	b14C6_log_P	b14C6_weight	b14C7_log_P	b14C7_weight	b14C8_log_P	b14C8_weight	b3E5_log_P	b3E5_weight
fit	-5.88212678311026	4.526284443505836	-0.09126642624226057	-10.354545572891158	1.0	-12.299003051461973	1.0	-5.956748901579205	1.0	-11.032095127579574	1.0	-10.168721416103242	1.0	-5.382718790143231	1.0	-11.13536711897223	1.0	-6.387610607582899	1.0	-7.219880442415202	1.0	-3.5180550202758023	1.0	-11.804799581252444	1.0	-9.9822803324948	1.0	-3.45174406171127	1.0	-5.758941289616905	1.0	-9.161597185649638	1.0	-3.6654835779809756	1.0	-5.377267655484199	1.0	-5.201227832894078	1.0	-5.115598549358268	1.0	-4.498076424144537	1.0
samp_00	-5.937113794846699	4.746571773833549	-0.1750886592415608		0.0	-12.407217735538179	1.0	-6.003985905022325	1.0		0.0	-10.290259016962246	3.0	-5.413747918609959	1.0	-11.256859827054827	1.0	-6.442474608846814	3.0		0.0		0.0		0.0	-10.099984313476076	2.0	-3.446608569695542	1.0		0.0		0.0	-3.653871560263183	2.0	-5.409599359717577	1.0	-5.226716239635979	1.0	-5.141476120788011	1.0	-4.508373261357199	2.0
samp_01	-5.893261755685133	4.6596049394670755	-0.12594952068225043		0.0	-12.39148167858539	3.0		0.0		0.0		0.0	-5.410818518508129	1.0	-11.22912019358981	1.0	-6.431452780419431	3.0		0.0	-3.5157372586803524	1.0	-11.900324517202248	2.0	-10.07264475412078	2.0	-3.452458381859314	3.0		0.0	-9.247930762193768	1.0	-3.6630292510985307	1.0	-5.406024184231353	1.0		0.0	-5.139986363420547	1.0		0.0
samp_02	-5.955798191996883	4.712568248047444	-0.20950672159859313		0.0	-12.329773606221547	2.0	-5.971250537752379	1.0	-11.083082800967547	2.0		0.0		0.0		0.0		0.0	-7.243678665769472	1.0		0.0	-11.847405147489889	1.0	-10.031495181547783	2.0		0.0	-5.767041246779044	2.0		0.0	-3.6432071458521427	4.0	-5.381405850600135	2.0		0.0	-5.115642708654029	1.0	-4.4887359548831105	2.0
samp_03	-5.847141580753666	4.543296121052081	-0.12399858094600483	-10.347245667788696	1.0		0.0		0.0		0.0	-10.160891330918382	2.0		0.0	-11.127694770136888	1.0		0.0	-7.213745436762618	1.0		0.0	-11.801968114521372	1.0	-9.973951095630355	2.0		0.0	-5.749911537317922	1.0	-9.156338495028036	2.0	-3.657232729549085	3.0	-5.368079160648503	2.0	-5.191673945428215	1.0		0.0	-4.4889770740494805	3.0
samp_04	-5.845941875323188	4.408926278030735	-0.08398132950938444	-10.252685286885301	2.0		0.0		0.0	-10.932949220961175	1.0	-10.069988674294773	1.0		0.0	-11.036564657352285	1.0	-6.336948701110694	1.0	-7.160366802706465	1.0	-3.5127664136956462	1.0		0.0		0.0	-3.4442257812922974	2.0	-5.716403267972208	3.0	-9.07297016326528	2.0	-3.65945893904605	3.0		0.0		0.0	-5.081580772094149	1.0	-4.474712255589575	1.0
samp_05	-6.048564403242108	4.6127351596989365	-0.11018848478533048		0.0		0.0		0.0	-11.063568463492235	1.0	-10.196420986859975	1.0	-5.398919208624272	1.0	-11.166014564508968	4.0		0.0		0.0	-3.5166132815434095	1.0		0.0		0.0		0.0	-5.77725572043931	1.0	-9.175691781136697	1.0	-3.6639299990046523	1.0	-5.3940457573357055	2.0	-5.21557017438454	1.0	-5.130233850280982	3.0	-4.50658748651932	3.0
samp_06	-5.742229942278663	4.823789136588924	-0.2558436687075492	-10.520694971250839	1.0	-12.511723168685222	2.0	-6.001988421804572	2.0		0.0		0.0		0.0		0.0	-6.446342397812893	2.0		0.0	-3.49428314448069	1.0	-11.992425827434033	1.0		0.0		0.0	-5.793270730409935	1.0	-9.317571433010817	3.0	-3.6390725562231263	3.0	-5.400886735788908	1.0	-5.215535327666148	2.0		0.0	-4.494861823540066	1.0
samp_07	-5.973704214752727	4.593732505719303	-0.13683388342945565	-10.353017886455666	1.0	-12.275092124768504	2.0	-5.958556971955578	2.0	-11.034208617835134	1.0	-10.169226646938576	1.0	-5.3811903104022125	1.0	-11.13696964339266	3.0	-6.389726592816094	1.0	-7.2185893466153885	1.0		0.0		0.0		0.0	-3.4449769191498474	1.0	-5.758568798509416	1.0		0.0	-3.6558501343518084	2.0	-5.3762821190924885	1.0	-5.198528577857351	1.0	-5.113462404267413	1.0		0.0
samp_08	-5.836467391337972	4.638214328207122	-0.10248508504738452	-10.467501817763905	1.0		0.0	-6.000835576418139	1.0		0.0		0.0	-5.416965845741918	3.0	-11.243289003149439	1.0	-6.4378747469494515	2.0		0.0	-3.5210532710661226	1.0	-11.923268353279202	1.0	-10.084941529760174	2.0	-3.456953923816857	1.0		0.0	-9.265292051608562	2.0		0.0		0.0	-5.232039927169204	1.0	-5.145875512153114	3.0	-4.517432936627883	1.0
samp_09	-5.84746260818347	4.362658714594341	0.004323640888644412	-10.294823148192263	1.0		0.0		0.0	-10.973472470802845	1.0		0.0		0.0	-11.077036682641609	1.0	-6.36285643948088	1.0	-7.188479020949675	2.0		0.0	-11.749221564829194	3.0	-9.92580961793502	2.0	-3.4647524229754127	2.0	-5.743385571610685	1.0	-9.110555157421118	1.0	-3.6842638169736572	1.0	-5.36579556966715	1.0		0.0	-5.108104212823747	3.0		0.0
samp_10	-5.849829067508546	4.500325705371964	-0.05907913568923974		0.0	-12.322641525413266	1.0	-5.963605998264752	1.0	-11.04501866061367	1.0	-10.181857513091584	1.0	-5.390450712465799	2.0	-11.148528028166165	1.0		0.0	-7.2293817466929795	1.0		0.0	-11.823119861610003	3.0	-9.994167284027554	1.0	-3.45828770250206	1.0		0.0	-9.17600555614323	2.0	-3.673740406154052	1.0	-5.384743892437836	1.0	-5.20924036098603	1.0	-5.123225949773841	2.0		0.0
samp_11	-5.772836782399489	4.619823955821604	-0.17281024242398385	-10.392721619333045	2.0		0.0	-5.95857246913213	2.0	-11.066848231469079	2.0		0.0	-5.3777305980439545	1.0		0.0		0.0	-7.238198096406181	2.0		0.0	-11.858851895010961	1.0		0.0		0.0		0.0	-9.199828968242747	2.0	-3.648889402772737	3.0	-5.372837479203631	1.0	-5.194115976595187	2.0	-5.108868305050193	2.0		0.0
samp_12	-5.747696069569848	4.480216144470499	-0.1024369196071741	-10.3295487174178	3.0	-12.319952755986515	1.0	-5.935979682916605	1.0		0.0	-10.141487804413586	1.0		0.0		0.0		0.0	-7.203667932264836	2.0		0.0		0.0	-9.953032714465792	1.0	-3.446059681724199	1.0	-5.739616073595028	1.0	-9.14418571930388	2.0	-3.6600474292848744	3.0	-5.358753789843473	1.0	-5.1840255876813846	1.0	-5.0983797172681635	1.0	-4.485034170114859	1.0
samp_13	-6.082648609454492	4.501643306201094	-0.08083094069257199		0.0		0.0	-5.9447826093088585	2.0	-10.975770368244898	2.0		0.0	-5.374486283657644	1.0	-11.078329094414178	3.0	-6.371440508661317	1.0	-7.18787713604809	1.0	-3.5183177054450376	2.0		0.0		0.0	-3.451510380602634	2.0	-5.747851490424353	1.0	-9.093325309665811	1.0	-3.665657695213924	1.0	-5.3691224645101565	1.0		0.0		0.0	-4.4946035125529225	2.0
samp_14	-5.835782241968076	4.700251347978428	-0.17897268202070507	-10.452802551770816	3.0	-12.409941594279111	2.0	-5.986824223655845	1.0	-11.125736694539636	1.0	-10.262431291608523	2.0		0.0	-11.229263149835282	2.0	-6.424753090576429	1.0		0.0	-3.5051690682588337	1.0	-11.90892537610223	2.0	-10.071156914644158	1.0		0.0	-5.782959706848491	1.0	-9.251439536862375	1.0		0.0	-5.395287257446004	2.0		0.0		0.0		0.0
samp_15	-5.847740931833927	4.59955582945574	-0.11178932836614601	-10.41629866426426	1.0		0.0	-5.978894837130188	1.0	-11.090675158676754	1.0		0.0		0.0	-11.194139114627225	2.0	-6.41341285425832	1.0		0.0		0.0	-11.870734886380342	2.0		0.0	-3.452113467891324	1.0	-5.778620159058794	2.0	-9.21829192590561	2.0	-3.6641647929800074	1.0	-5.393717611645152	3.0	-5.2153112874526375	2.0	-5.129507446074698	1.0		0.0
samp_16	-5.710965931495345	4.662882322928414	-0.14557378010056726	-10.477136543131111	1.0	-12.481859472997114	1.0		0.0		0.0		0.0		0.0		0.0	-6.4339232008831955	2.0		0.0	-3.5123343957843116	2.0	-11.954862767436378	3.0		0.0	-3.4492718182276256	3.0	-5.791612699323561	1.0		0.0	-3.6593333088130784	2.0	-5.402819008363316	1.0	-5.22216509615259	2.0		0.0	-4.507149172177089	2.0
samp_17	-5.925882159907613	4.316178907965243	0.014466053624257869	-10.237810028734067	2.0	-12.172372972609555	1.0	-5.918113060534016	1.0	-10.921274354878257	2.0		0.0	-5.357971607786606	1.0	-11.024389164141201	1.0		0.0	-7.158117865959879	2.0	-3.5351033818021085	1.0	-11.683350999629484	1.0	-9.877324653538844	3.0		0.0	-5.72658410366587	1.0	-9.05819515067568	1.0		0.0	-5.35151965885087	1.0	-5.181323383284462	1.0	-5.095588729845974	1.0		0.0
samp_18	-5.9056539345359695	4.223847970327167	0.12411702506643674	-10.261007209563454	1.0	-12.2000420071064	1.0		0.0	-10.942611534512013	2.0	-10.079516185118067	2.0		0.0		0.0	-6.35742873420028	3.0	-7.1746146876173755	2.0		0.0		0.0		0.0	-3.4884943494582235	2.0	-5.745554818673111	1.0		0.0		0.0	-5.371335359813978	2.0	-5.20317594342888	1.0	-5.116725675721442	1.0	-4.517249948239465	2.0
samp_19	-5.940603730669998	4.8002689500065765	-0.246073888580132	-10.460710770554353	1.0	-12.388203680403436	3.0		0.0	-11.136291835998273	1.0	-10.272139319858747	1.0		0.0	-11.239051427206418	1.0		0.0		0.0	-3.4939948529127522	1.0		0.0	-10.082602281075973	2.0		0.0	-5.781229359517878	2.0		0.0	-3.638773491411461	3.0	-5.39245437191571	1.0	-5.208375155268984	1.0	-5.124078297346575	2.0	-4.491518840275011	1.0
samp_20	-5.94680532423369	4.487214440519221	-0.08551944144327915		0.0	-12.232876455144083	3.0		0.0	-10.985945106006827	1.0	-10.121643857395373	3.0	-5.3701638063068815	1.0	-11.088873599924634	1.0	-6.368605876946935	2.0	-7.192536658097573	1.0	-3.516927388812093	1.0		0.0	-9.938751628381633	1.0		0.0		0.0	-9.114441986291641	1.0	-3.664154261232385	1.0	-5.3646313544891076	1.0	-5.189921910316691	1.0		0.0	-4.4909906801587836	2.0
samp_21	-5.925015129518338	4.384074826490382	-0.04766575807726338		0.0		0.0	-5.915879729130484	1.0		0.0	-10.063331458246953	3.0		0.0	-11.030120049820322	3.0	-6.340791553066891	1.0	-7.159067468949393	2.0	-3.521096117394706	2.0	-11.6894809091902	1.0		0.0		0.0	-5.722445486803075	1.0	-9.06294068283456	2.0		0.0		0.0	-5.17436984279598	2.0	-5.089007399826858	2.0		0.0
samp_22	-5.857496979895752	4.733970843049173	-0.17226332112165899	-10.488685978973297	1.0	-12.438308730408025	1.0	-6.003553238825352	3.0	-11.160722784589739	1.0	-10.297567278259628	1.0	-5.413373584212586	1.0	-11.264023063069601	1.0	-6.443088904842487	1.0		0.0	-3.508145130421661	1.0	-11.941578895521495	2.0	-10.105409826314558	1.0	-3.446894166495186	2.0	-5.79841570111405	1.0		0.0	-3.654587611856542	1.0		0.0	-5.226431404733681	2.0		0.0		0.0
samp_23	-5.98709737771445	4.60544048505192	-0.14851707640886871		0.0	-12.268870542323107	1.0		0.0	-11.031419217661579	1.0	-10.166062119824362	1.0	-5.379097168057048	2.0	-11.134147492630788	2.0		0.0		0.0		0.0		0.0	-9.982050724936508	1.0	-3.4429303352015785	1.0		0.0	-9.151999730741952	2.0	-3.653177789449626	3.0	-5.374297973858801	1.0	-5.19627109014765	3.0	-5.111371021111334	1.0	-4.490670046900367	1.0
samp_24	-5.923553523547409	4.840046363152796	-0.24046023476767803		0.0	-12.441916530858954	1.0	-6.008561868031671	3.0	-11.184311176653862	1.0	-10.320684839633678	3.0	-5.41144139300088	2.0	-11.287139286756396	1.0		0.0		0.0		0.0		0.0	-10.128933090665136	3.0		0.0		0.0	-9.299159981561017	2.0	-3.6421029877387534	2.0		0.0		0.0	-5.13778217477142	1.0	-4.500726803380146	1.0
samp_25	-5.839111474311016	4.494436606960852	-0.061696877580320816		0.0		0.0	-5.960053068971916	1.0	-11.039019265544528	1.0	-10.17587832487289	1.0		0.0	-11.142588719299347	1.0	-6.39103861547061	1.0	-7.225682202245508	1.0	-3.524649280046742	2.0	-11.8186036942983	3.0	-9.988162486779263	1.0	-3.4572158840742917	3.0		0.0	-9.171086294459231	2.0		0.0	-5.381609321621285	1.0	-5.206308262936853	1.0		0.0	-4.503763479638235	1.0
samp_26	-5.951134368741789	4.36241948629536	-0.06308682547190311		0.0	-12.12850798150426	3.0		0.0		0.0		0.0		0.0	-10.988290758489349	1.0	-6.320746463690828	1.0	-7.134189855302601	2.0	-3.5147765312624744	2.0		0.0	-9.843147595752768	1.0	-3.4451401062362867	1.0	-5.704684743597965	2.0	-9.023565270662653	3.0	-3.6614613825395987	1.0	-5.330017053405555	3.0		0.0		0.0		0.0
samp_27	-5.85384443544077	4.084093331649622	0.040960549752967326	-10.05122443219126	2.0	-12.006311120857701	2.0		0.0	-10.738647902461823	1.0		0.0		0.0	-10.842437272300979	1.0		0.0	-7.048326727689352	5.0	-3.5231593782604165	2.0	-11.502871001676299	2.0		0.0	-3.4471042237345055	1.0	-5.643297128783827	1.0		0.0	-3.668892103245174	1.0	-5.275611219312958	1.0		0.0		0.0	-4.442357036440226	1.0
samp_28	-5.793089867398859	4.5169358682735075	-0.0553453016938447	-10.403013425101697	2.0	-12.375164403846348	1.0		0.0	-11.07682227463378	1.0	-10.213496586410066	1.0	-5.399833628620681	1.0	-11.18075799820915	1.0	-6.408275979162253	3.0	-7.249692502833941	1.0		0.0	-11.865452859757163	3.0		0.0	-3.460803928994448	1.0		0.0		0.0	-3.6763281866916455	1.0	-5.394085940232202	1.0		0.0	-5.1315703072536065	2.0	-4.511987974481741	1.0
samp_29	-5.898835995208534	4.454589539005883	-0.049853782056088654	-10.319742872286886	1.0	-12.260113933150413	1.0	-5.946599285888623	1.0	-10.99911018954604	1.0	-10.13568832137191	1.0	-5.377401085427296	1.0	-11.102321946501004	1.0		0.0		0.0	-3.5252444833077674	1.0	-11.768101073841361	1.0	-9.951060884802894	2.0	-3.456951855824306	1.0	-5.751054939945973	3.0	-9.13037024840795	2.0		0.0		0.0	-5.197569283041149	2.0		0.0	-4.498898176034556	1.0
samp_30	-5.893765043201002	4.313172264285018	0.025633963480742022	-10.254617557402367	1.0		0.0	-5.923665399897306	1.0	-10.936153440686699	1.0	-10.073062338410217	2.0	-5.363186931360863	2.0	-11.03945616683626	1.0	-6.347948799829118	1.0	-7.1670667547013185	2.0	-3.5385783608926893	1.0		0.0		0.0	-3.46638437595517	1.0	-5.732221251596578	3.0	-9.073815095461343	1.0		0.0	-5.356654576827215	1.0	-5.186436948790571	1.0	-5.100511482177772	1.0		0.0
samp_31	-5.748947817663667	4.60485937661774	-0.1712863782248067	-10.384796805224974	4.0	-12.374369790440452	1.0	-5.953952855238897	1.0		0.0	-10.194808238390873	1.0	-5.374075610500467	1.0		0.0		0.0	-7.233701208846331	1.0	-3.502556775175294	2.0	-11.85510224034909	1.0	-10.004211400306687	2.0	-3.438871825333122	1.0		0.0	-9.193549589892209	1.0	-3.648562010194743	2.0		0.0	-5.190811488089078	2.0		0.0		0.0
samp_32	-5.875548820688621	4.3888370239487555	-0.00029947905699729676	-10.309469963183899	2.0		0.0		0.0	-10.988380094408482	2.0	-10.125258770464443	3.0		0.0	-11.091743647082206	1.0	-6.371592122552371	1.0	-7.197415196364553	1.0	-3.535831336078637	1.0	-11.760369996437404	1.0	-9.940571977159232	1.0	-3.4654292236927504	2.0		0.0		0.0		0.0		0.0	-5.200252136014001	2.0	-5.114165848433919	2.0	-4.504717903501104	1.0
samp_33	-5.9773505234908395	3.435886822021329	0.7835670362467577		0.0	-12.036109409208485	1.0	-5.905412548414556	2.0	-10.802566179125424	1.0		0.0	-5.381616430162012	1.0	-10.905544873010784	1.0	-6.314636203263352	2.0	-7.107746288962238	4.0		0.0	-11.552251477647774	1.0	-9.766725929004009	1.0		0.0	-5.7312447751414615	3.0		0.0		0.0	-5.371897987015424	1.0		0.0		0.0	-4.579917045356329	2.0
samp_34	-5.935655652139097	4.324249311482229	0.05987987464235186	-10.289564029524149	1.0		0.0	-5.945130222070635	1.0	-10.971343046646478	3.0	-10.107576049965505	1.0	-5.3835666575973145	2.0	-11.07434486369888	1.0		0.0	-7.189777353603635	1.0	-3.549850968511573	1.0	-11.73407499663082	1.0	-9.925126224215239	1.0		0.0	-5.753405572038566	1.0	-9.103098623866314	1.0		0.0		0.0		0.0	-5.120080399841992	2.0	-4.514185901063918	3.0
samp_35	-5.921339516072026	4.468747871143555	-0.04827580534357743		0.0		0.0		0.0	-11.009699972083903	2.0		0.0		0.0	-11.112751236055052	1.0	-6.3814816736003	3.0	-7.208257087018732	1.0	-3.5263997083400005	1.0	-11.775922067523638	2.0	-9.961403621684035	1.0	-3.4583306371190705	3.0		0.0	-9.138427077030116	1.0	-3.6744797955242574	1.0		0.0	-5.202517322793411	1.0		0.0	-4.502501349106049	3.0
samp_36	-5.821237413389696	4.831149840837623	-0.22536313859847104	-10.541478447065817	2.0	-12.502134176986187	2.0	-6.017382508601305	2.0	-11.211130710574505	2.0		0.0	-5.419129542080282	1.0		0.0		0.0		0.0	-3.5006219214647314	2.0	-11.999412827753776	1.0		0.0		0.0		0.0	-9.332986146172454	1.0	-3.646087037962195	1.0	-5.415487899055312	2.0	-5.2296779703307985	2.0		0.0	-4.506126626795528	2.0
samp_37	-5.744700610127334	4.24927475172593	0.012522032186683674	-10.215159852379502	1.0		0.0	-5.893147342900039	1.0		0.0		0.0	-5.335945748343007	1.0		0.0	-6.3169688005971425	1.0	-7.1394770731262405	5.0	-3.530464266970464	2.0	-11.684968628078176	1.0	-9.847471025556183	1.0	-3.4573473144693967	3.0	-5.703401352545595	2.0	-9.04295624308957	1.0		0.0		0.0	-5.160533087880846	1.0		0.0		0.0
samp_38	-5.77052046093402	4.427490131995437	-0.06102922259028504	-10.312940001704883	3.0	-12.294517237051167	1.0		0.0	-10.989595872933663	1.0		0.0	-5.3653890350999935	1.0		0.0	-6.362735918182309	1.0	-7.1955737434601685	2.0		0.0	-11.779023794485132	2.0	-9.938805782908602	1.0		0.0	-5.738838406940434	2.0		0.0	-3.6687311703982095	2.0	-5.35935974342296	1.0		0.0	-5.1001953578545915	1.0	-4.489650775391698	2.0
samp_39	-5.736240191217051	4.796437266231914	-0.20658946692571598		0.0		0.0	-6.01706276617967	2.0		0.0	-10.348776131229913	2.0	-5.420311104519827	2.0		0.0		0.0		0.0		0.0	-12.016862117913304	4.0	-10.15229443279712	1.0		0.0	-5.809371279899412	2.0	-9.339909005826954	1.0	-3.649767319567697	1.0	-5.416267821555857	1.0	-5.2313359304291485	1.0	-5.145740387790693	1.0	-4.508334032068393	2.0
samp_40	-5.917517200936175	4.537097942004733	-0.1386743407077709	-10.308238116739851	1.0	-12.244171273346321	2.0	-5.935402386381052	1.0		0.0		0.0	-5.362165415827032	2.0		0.0		0.0	-7.1917754617597	1.0	-3.505797534841952	3.0		0.0	-9.941229665620158	3.0	-3.440485413355996	1.0	-5.737271132647896	3.0	-9.118949223868153	1.0	-3.6520308057713655	1.0		0.0		0.0	-5.096100332194823	1.0		0.0
samp_41	-5.898862663892469	4.089414552796269	0.2119999910679242	-10.216014714174728	1.0		0.0		0.0	-10.898965988410342	2.0	-10.036275876167167	2.0	-5.370169331155384	2.0		0.0		0.0	-7.15103182252338	1.0		0.0	-11.663812129385013	1.0	-9.856256315355655	2.0	-3.5048525759663276	1.0	-5.733574758226767	2.0	-9.041013797993031	2.0		0.0	-5.362505805150974	1.0		0.0	-5.11097119014913	1.0	-4.520341928980947	2.0
samp_42	-5.8787718035911345	4.474530913019891	-0.04641333989182561		0.0		0.0	-5.957869029068936	2.0		0.0		0.0	-5.386802543216738	1.0		0.0		0.0	-7.218314192708342	2.0	-3.527533184965286	2.0	-11.799091364259832	1.0	-9.976634947356722	2.0	-3.459505877190165	3.0	-5.761701221397203	1.0		0.0		0.0	-5.380991165035056	2.0	-5.206296382015332	2.0	-5.1203344551883765	1.0	-4.505110136793307	1.0
samp_43	-6.041708616403782	4.270739668454903	0.04264964545764229		0.0	-12.100152875302234	2.0		0.0	-10.879257859615652	1.0	-10.01277161413296	1.0		0.0	-10.982026059010233	4.0		0.0		0.0	-3.5399608818785677	1.0		0.0	-9.837556094073902	2.0	-3.4668360454180807	1.0	-5.718685085581082	3.0	-9.012388534109327	2.0		0.0	-5.345841783668883	1.0		0.0		0.0	-4.492059560717948	2.0
samp_44	-5.890492876862078	4.091581438226271	0.2067637370786709	-10.215087294038694	1.0		0.0	-5.91788155211258	1.0	-10.897818631374179	4.0	-10.035209919598907	1.0	-5.368564055078946	3.0		0.0		0.0	-7.1500374049383755	2.0		0.0	-11.663793525145202	2.0		0.0	-3.5033334722270606	1.0	-5.732050225992404	2.0	-9.04046391939275	1.0		0.0	-5.360925567655338	1.0		0.0	-5.109368680815721	1.0		0.0
samp_45	-5.965317378285797	4.3493496619241485	0.0026452206894293268	-10.248734244304865	1.0	-12.174255964985012	1.0		0.0	-10.933559406439445	3.0		0.0	-5.363549730860009	1.0	-11.036484460110186	1.0		0.0	-7.165437297336425	1.0		0.0		0.0		0.0	-3.4624541314963344	1.0		0.0	-9.066309173730415	2.0	-3.681792611111138	2.0	-5.357265689267666	2.0	-5.186244139441124	1.0	-5.100570659169228	1.0	-4.495350415539364	3.0
samp_46	-5.930166099147026	4.544304383421578	-0.10458205529987173	-10.34706942710564	1.0	-12.279070829100675	1.0	-5.955799556256732	1.0	-11.026560602638142	2.0		0.0		0.0	-11.129540848925638	2.0	-6.386278086132186	1.0	-7.215751295645357	1.0		0.0	-11.792204495197629	1.0	-9.977460824190553	1.0	-3.449478226147558	1.0		0.0	-9.152761978807822	2.0	-3.6623545610518855	2.0	-5.375904852796719	2.0		0.0	-5.114056148698722	2.0		0.0
samp_47	-5.856101730909663	4.512865044160468	-0.11014981925794577	-10.328337437843738	2.0	-12.280841828009558	1.0		0.0		0.0	-10.14291345412354	2.0	-5.3693180296971885	1.0	-11.109637324705329	2.0		0.0	-7.203468797140754	1.0		0.0	-11.78191030797131	1.0	-9.956970979015582	1.0		0.0		0.0	-9.139255643747129	1.0	-3.6591924772288924	2.0	-5.363870567512801	1.0	-5.188362038726013	3.0	-5.102977654667973	1.0	-4.4877861426699965	1.0
samp_48	-5.923364603383125	4.480173696191889	-0.08626147095667099	-10.302306302817984	1.0	-12.236759925791077	3.0	-5.937887890318778	1.0	-10.983307670392511	2.0		0.0		0.0	-11.08638698220695	2.0		0.0	-7.1908647020341405	1.0		0.0	-11.748281513385962	2.0	-9.93611149492407	2.0		0.0		0.0	-9.11384571625454	2.0	-3.6636021068662306	1.0	-5.362284450610021	1.0	-5.1877680115000535	1.0	-5.102410071762695	1.0		0.0
samp_49	-5.909715004908532	4.2250065789213	0.15422941700720774	-10.29166090497596	1.0	-12.229146868829972	2.0		0.0	-10.97222951674548	1.0	-10.109039103132481	2.0	-5.394060722118594	1.0		0.0	-6.374331370609783	1.0	-7.193553996859668	1.0		0.0		0.0	-9.925931944233211	2.0	-3.498168581001949	1.0		0.0	-9.106375519912493	1.0		0.0	-5.386873920269409	4.0		0.0		0.0	-4.530976071584294	3.0
samp_50	-5.876923284948145	4.388565327978568	-0.03407051312694082	-10.274646172372423	1.0	-12.221610796811163	3.0		0.0		0.0		0.0	-5.361800707679817	1.0	-11.058352480221776	1.0		0.0	-7.175893783746925	1.0	-3.5257363552350727	1.0	-11.725471811941524	1.0	-9.908645134026543	1.0	-3.455961845006198	1.0	-5.732991142789186	1.0	-9.091562779490356	2.0	-3.6734998422754983	1.0		0.0	-5.183556680847232	2.0	-5.097883468303156	2.0	-4.490326678819581	1.0
samp_51	-5.981127244186133	4.49672952114145	-0.10125900345096155		0.0		0.0		0.0	-10.972522432595268	3.0		0.0		0.0	-11.075348883717774	2.0	-6.362836887886691	3.0	-7.184125546354089	1.0	-3.5129803473034507	1.0	-11.729533076992194	2.0	-9.925976198391234	2.0	-3.446371661810532	1.0	-5.738487929118467	1.0	-9.099388697576174	1.0	-3.659841142226872	1.0		0.0	-5.184705019740271	1.0		0.0	-4.486296368378082	1.0
samp_52	-6.013374657972149	4.519665111556171	-0.09566623361091563		0.0		0.0		0.0	-10.993649627584269	1.0	-10.127578525356702	2.0	-5.375004165726648	2.0	-11.096329140300199	2.0	-6.375183401601662	1.0	-7.196902050412472	1.0	-3.515698043047055	2.0		0.0		0.0		0.0	-5.749477011699793	1.0		0.0	-3.6628404770466774	1.0	-5.369695741909588	1.0	-5.194134928024929	2.0	-5.108946980732843	1.0	-4.493269209765661	3.0
samp_53	-5.906122677016021	4.278351680730246	-0.013333684076575245		0.0		0.0		0.0	-10.861817034904767	1.0	-9.998907447799864	1.0	-5.330257639242276	3.0	-10.965147938201255	1.0	-6.3091351176105785	1.0	-7.12140514854415	3.0	-3.523556965265138	1.0	-11.624137132777376	1.0		0.0	-3.4515677394255393	1.0	-5.696848639169091	1.0	-9.005888551826972	2.0	-3.6706335480899113	2.0		0.0		0.0		0.0	-4.4713361351694205	2.0
samp_54	-5.895683478496182	4.588066042734563	-0.13647486153819502		0.0	-12.30840824696711	1.0		0.0	-11.045340341390453	2.0	-10.181752798003037	2.0	-5.38140464450932	1.0	-11.148508784509046	1.0	-6.391457357317839	2.0		0.0	-3.5094995409386853	3.0	-11.816563254624098	2.0	-9.995048226920431	1.0	-3.445055511371102	1.0	-5.759317252592675	1.0	-9.172486702189207	2.0		0.0		0.0		0.0		0.0	-4.492907463215275	1.0
samp_55	-5.925511537140171	4.551397791898316	-0.09084350469816284		0.0	-12.302194420977965	2.0		0.0	-11.047923242845604	3.0		0.0	-5.390564872403092	3.0		0.0	-6.3974753746165565	1.0		0.0	-3.5192805669405187	2.0	-11.814985332163921	1.0		0.0		0.0	-5.767585678307658	1.0	-9.17291829531115	2.0		0.0		0.0	-5.208455562781469	1.0	-5.122817989208586	1.0	-4.50310173277947	3.0
samp_56	-5.887854294504881	4.3182238407154765	0.021944746974776025		0.0		0.0	-5.924198507097689	1.0	-10.938769758952752	2.0	-10.075709373940683	1.0		0.0	-11.042091328243506	1.0	-6.348698847511541	1.0	-7.168433155983627	2.0		0.0	-11.706959989964433	2.0		0.0	-3.4657887388473565	4.0		0.0	-9.076539237548179	2.0	-3.686301789579281	1.0	-5.356868821802476	2.0		0.0		0.0	-4.4968601337000225	1.0
samp_57	-5.866866851734712	4.32745593716333	0.012727274927785677	-10.262943105534243	1.0	-12.212793639547744	1.0		0.0	-10.943284719485431	1.0	-10.080387391827623	2.0		0.0		0.0		0.0	-7.170626208401436	1.0	-3.535752429879383	1.0		0.0	-9.897458482710407	1.0		0.0	-5.732370228372406	2.0	-9.08188355190402	3.0	-3.6841047711467416	1.0	-5.356260404909073	2.0		0.0		0.0	-4.495441380622149	4.0
samp_58	-5.830176802295287	4.47223675324737	-0.09148113624711862	-10.312696644495329	2.0	-12.273445911068277	4.0		0.0		0.0	-10.127269030359095	1.0		0.0	-11.094116547885616	1.0		0.0		0.0	-3.5150717519760404	2.0	-11.76967424670281	3.0	-9.941362545853766	1.0		0.0	-5.738944013594054	3.0	-9.126421293148764	1.0		0.0		0.0		0.0		0.0	-4.486613099027156	2.0
samp_59	-5.884629609733059	4.471203613846913	-0.03461812618918653		0.0	-12.29917182960747	1.0	-5.962381797932124	1.0	-11.03319899347305	1.0	-10.169905675730567	1.0	-5.391353476535159	2.0		0.0		0.0	-7.223052383637724	1.0	-3.530632489350733	1.0	-11.805497415837646	2.0	-9.983486777196259	2.0	-3.462355787653532	4.0	-5.766321681975972	1.0		0.0		0.0		0.0	-5.21083620781451	1.0	-5.124754777168362	2.0		0.0
samp_60	-5.928714165545695	2.3421351848592002	1.7594567142683524		0.0	-11.942905102995958	2.0	-5.8689304456767974	1.0	-10.699996195685202	2.0		0.0		0.0		0.0	-6.270451406981604	1.0	-7.052985376229671	6.0		0.0	-11.45065160680183	2.0	-9.671013334670644	1.0		0.0	-5.703921314879135	1.0	-8.867779894132385	1.0		0.0	-5.354744120394488	1.0	-5.211712036815045	1.0		0.0	-4.613982838246348	1.0
samp_61	-6.0412096303414	4.34939129700395	0.03892689050517475		0.0	-12.175583423423005	1.0	-5.941942703347765	1.0	-10.95285232933643	2.0		0.0	-5.380007229869789	3.0		0.0		0.0	-7.179151387393711	2.0	-3.544266927129115	1.0		0.0	-9.907227005835011	2.0	-3.472546213539905	2.0		0.0		0.0		0.0	-5.3736731776725	1.0		0.0	-5.116670809875792	3.0	-4.510065780528454	2.0
samp_62	-5.882397739686338	4.508626476987306	-0.1446833688410832	-10.282427979937841	2.0		0.0		0.0		0.0	-10.099395687672224	2.0	-5.350097296558527	1.0	-11.066164363204964	2.0	-6.349786309413527	1.0	-7.175886414244459	1.0	-3.5025676015771174	4.0		0.0	-9.915921233169565	1.0		0.0	-5.724012863928248	1.0	-9.097544762813996	1.0	-3.64848604351748	1.0		0.0	-5.169753599801081	2.0		0.0	-4.472557124704855	1.0
samp_63	-5.817945562538641	4.342528797110647	-0.026774624666897947	-10.250696245669973	2.0	-12.215939850896996	2.0		0.0	-10.930230695505053	1.0		0.0		0.0		0.0	-6.337455156955096	1.0	-7.160781370010149	3.0	-3.525032368921942	1.0	-11.709080819765695	2.0	-9.88382447569032	1.0	-3.4543015383260154	1.0		0.0		0.0	-3.6725702851819024	1.0	-5.3434792125670505	2.0	-5.172578162066687	2.0	-5.086891915578327	1.0		0.0
samp_64	-5.885524363322037	4.702139201487608	-0.1857598692039274		0.0	-12.378253706715173	1.0	-5.982004468008989	2.0	-11.110639887940566	1.0		0.0		0.0	-11.213814305580362	1.0	-6.418803607330032	1.0	-7.262438267548835	1.0	-3.50333480761623	1.0	-11.885637922020521	2.0	-10.05753363889732	1.0	-3.4417186550161953	1.0		0.0	-9.233605697169885	1.0	-3.649297435039928	3.0	-5.391250205038257	1.0	-5.209991633487941	1.0	-5.124938198686608	1.0	-4.4966680072311895	1.0
samp_65	-5.950200520512892	4.741909976574386	-0.18014216102099678		0.0	-12.391172985079445	1.0		0.0	-11.14190404444651	1.0	-10.277751865442257	2.0	-5.409434573060759	1.0	-11.244606844573518	3.0	-6.436701316486747	1.0		0.0		0.0	-11.908854008583273	1.0	-10.088225172500366	1.0	-3.4451612513209593	1.0		0.0	-9.257345163715984	1.0	-3.6522763408777057	2.0	-5.4052965867045675	2.0		0.0	-5.137563155020842	3.0		0.0
samp_66	-6.035705151681345	4.61381923464446	-0.14338477390650683		0.0		0.0	-5.961518364675712	1.0	-11.034547523985717	3.0	-10.167651609517302	1.0		0.0		0.0	-6.392402485826361	2.0	-7.2183921436136975	1.0	-3.5083181836494637	3.0		0.0	-9.98471125832553	2.0	-3.4445371707412997	1.0	-5.760880741617686	1.0		0.0	-3.654795659488901	1.0	-5.3785504586131365	1.0		0.0	-5.115384756571704	2.0	-4.493827405798887	1.0
samp_67	-6.010863866638641	4.241596374432979	0.032427453273273885		0.0	-12.07471964268978	2.0		0.0	-10.84754158481462	1.0	-9.982347827910214	1.0		0.0	-10.950447143829354	1.0	-6.311405344549146	1.0	-7.117075416131509	2.0	-3.5345159131045207	1.0		0.0	-9.807863464146596	2.0	-3.4611082721574356	3.0		0.0	-8.986748904046884	1.0	-3.6821908055896486	1.0		0.0	-5.162117641112908	1.0	-5.076773685377465	1.0	-4.480381456294681	2.0
samp_68	-6.068361486202536	4.223774498027763	0.0074847010653106925		0.0	-12.005791675035034	1.0		0.0	-10.792836934344955	1.0		0.0		0.0	-10.895736020925554	2.0		0.0	-7.086473124544988	4.0	-3.5246052833919634	1.0		0.0		0.0	-3.451427156743746	2.0	-5.680051884706409	2.0		0.0	-3.6713624661000703	2.0	-5.310016038361744	2.0	-5.1425659464805085	2.0	-5.057692876043697	1.0		0.0
samp_69	-5.948229367297785	-11.029552479159149	15.084724769434485	-9.957751293180594	1.0	-11.88673470572526	1.0		0.0		0.0	-9.792105028064343	1.0		0.0	-10.754273097764802	1.0		0.0	-7.029390300704879	5.0		0.0	-11.396249511828772	2.0	-9.626227975191542	4.0		0.0	-5.696690925690981	1.0	-8.825949340754738	2.0		0.0		0.0		0.0	-5.131639798681242	2.0		0.0
samp_70	-5.882858040805898	4.374338756791222	0.023617037618776177	-10.31718353919875	1.0		0.0	-5.950277443859153	1.0	-10.996007246440241	1.0	-10.132866554123924	1.0	-5.385307690969417	3.0	-11.099299490471637	2.0		0.0	-7.202993248774743	1.0	-3.5420997258991913	1.0	-11.767187981444382	1.0		0.0		0.0		0.0	-9.129148036518162	2.0		0.0	-5.378921372722389	1.0	-5.206915883833825	2.0	-5.1206457886786705	2.0	-4.511372734429394	1.0
samp_71	-5.885524826022616	4.544367716468301	-0.11222980490001012	-10.350713577009499	2.0	-12.294356140248116	1.0	-5.95346810391229	1.0	-11.028546465555333	2.0	-10.1650643309196	1.0		0.0	-11.131773492924728	1.0		0.0	-7.216753071849481	1.0	-3.5134245241996105	2.0	-11.800627553428267	1.0	-9.978851830765626	1.0	-3.4478000796006323	1.0	-5.755069989548824	1.0		0.0	-3.660424354487337	1.0		0.0	-5.1967879229915175	1.0	-5.111371551608929	2.0	-4.493445458455618	1.0
samp_72	-5.889488083403055	4.556798674689002	-0.040722646682817824	-10.435110894265021	1.0		0.0	-5.996252120001774	1.0	-11.109743561422151	2.0		0.0	-5.418403857899094	1.0	-11.212851026971958	1.0		0.0		0.0		0.0	-11.884015114162171	2.0	-10.057103080248957	2.0	-3.4666279135150444	2.0		0.0	-9.233649777314778	1.0		0.0		0.0	-5.235431199719089	3.0	-5.1489853742339475	4.0		0.0
samp_73	-5.885144708622077	4.587128756094134	-0.08250340711322528	-10.424415244826868	1.0		0.0	-5.987474408625516	1.0	-11.099385041043679	1.0	-10.2361138005018	1.0	-5.408123658357414	3.0	-11.20255204735997	1.0	-6.421497111949498	2.0		0.0		0.0	-11.873984918695376	1.0	-10.046975257066247	1.0	-3.458194971017974	2.0	-5.787641215819853	1.0		0.0	-3.671580918899129	1.0		0.0	-5.224710470849537	1.0		0.0	-4.5144783864042	3.0
samp_74	-5.892384902393576	4.820226877597278	-0.17727398505418457		0.0	-12.500936170145655	1.0	-6.035052214139442	1.0		0.0	-10.370348835365439	1.0	-5.437120381761299	1.0	-11.336174616434416	1.0	-6.478563051063739	1.0		0.0	-3.510198092067395	2.0	-12.010971199461286	2.0	-10.176209167931974	3.0	-3.4506250698691625	3.0		0.0		0.0	-3.656709241917351	1.0		0.0		0.0	-5.161846931234086	2.0	-4.521075733787031	1.0
samp_75	-5.8243124002526825	4.63508552751724	-0.09200971688857086		0.0	-12.438073242380739	1.0	-6.005570676438201	2.0		0.0	-10.286385839030343	2.0	-5.421500885717401	1.0		0.0	-6.44303161551715	1.0		0.0	-3.523653575387007	1.0	-11.93526651396155	1.0	-10.094025387064075	1.0	-3.4593219302138847	1.0	-5.8040238999991365	2.0	-9.275343939874492	1.0		0.0	-5.416370957361694	1.0		0.0	-5.15015683868844	3.0	-4.521179246753316	2.0
samp_76	-5.847682132010708	4.878076986575664	-0.27896621657656967		0.0	-12.480800966580697	1.0	-6.007047943048053	1.0	-11.199104315803478	1.0	-10.335861600729878	1.0	-5.406602316478998	2.0	-11.302470514367394	1.0	-6.451374383194514	1.0		0.0	-3.491181204261562	1.0	-11.982777729941153	3.0	-10.142041469480937	1.0		0.0	-5.796183632401024	1.0	-9.319143492259217	1.0	-3.635428265039422	2.0	-5.403477889773781	2.0		0.0	-5.132352650450038	1.0		0.0
samp_77	-5.899637357323646	4.487984973483162	-0.04024234174304441		0.0	-12.302604135771627	1.0	-5.966198829791539	1.0	-11.04088084376797	2.0		0.0		0.0		0.0		0.0		0.0	-3.5298710895028393	1.0	-11.811336533351561	1.0	-9.991062747409485	1.0	-3.4620094912930144	3.0	-5.769633494342335	2.0	-9.168841351113434	3.0		0.0	-5.388375640200035	3.0	-5.213247778248235	1.0	-5.127192812634692	1.0		0.0
samp_78	-5.821118863203802	4.515149008895261	-0.11025678316874443	-10.339145318981313	1.0	-12.302576704797119	2.0	-5.9442775379004695	1.0		0.0		0.0		0.0	-11.119505821924493	1.0		0.0	-7.209388785106656	1.0	-3.512664043231853	3.0	-11.797448647210802	1.0		0.0		0.0	-5.746813556637613	1.0	-9.150206083808323	3.0	-3.6595760238474324	1.0	-5.365516232727263	1.0	-5.189868758227104	1.0		0.0	-4.488699769853732	3.0
samp_79	-5.804123158056725	4.868389944196843	-0.2904712589536133	-10.516914797250092	1.0	-12.484176395863063	3.0	-5.99908030844171	1.0		0.0	-10.323751538179605	2.0	-5.3994784213972755	1.0		0.0	-6.443378801980823	2.0		0.0		0.0	-11.977856199236653	2.0	-10.129466285230482	1.0		0.0	-5.788616250079428	1.0	-9.310796519336504	1.0	-3.632668975874378	2.0	-5.396299749564835	2.0	-5.209848188531878	1.0		0.0		0.0
samp_80	-5.86108418590081	4.146688860320488	0.014496852489187443	-10.085122951452739	2.0		0.0	-5.843743414815532	1.0		0.0	-9.910172486474117	2.0		0.0	-10.875364835062511	2.0		0.0	-7.06748381295811	3.0	-3.520738644907368	1.0	-11.536457436094455	2.0	-9.73517201819704	1.0	-3.446113516247315	2.0		0.0	-8.928258180052625	3.0	-3.6667818898584517	1.0		0.0		0.0		0.0		0.0
samp_81	-5.916223053985023	4.381248922424035	-0.06516432031924792		0.0	-12.162802224872877	1.0		0.0		0.0	-10.045631748759666	3.0	-5.342709268317804	2.0	-11.012309484561667	1.0		0.0	-7.14765384369478	2.0	-3.5157699262869633	1.0	-11.672090766197934	1.0	-9.865508687039572	2.0		0.0	-5.712458292311078	1.0	-9.04727988206562	1.0	-3.662634359165661	2.0		0.0		0.0	-5.079923235078874	1.0	-4.475034833921685	2.0
samp_82	-5.869911930002452	4.467011785207374	-0.09330080638692995	-10.295648413858482	1.0	-12.244473166158178	1.0		0.0		0.0	-10.111815745427174	1.0	-5.360998192413513	1.0	-11.078467575197054	3.0		0.0	-7.185452047037647	1.0		0.0	-11.747446057654289	4.0	-9.927529818416913	2.0	-3.4465976084076715	1.0		0.0	-9.10991989654396	1.0	-3.6608972230581855	2.0	-5.3553454434926895	1.0		0.0		0.0	-4.484164536357332	1.0
samp_83	-5.821257473982467	4.321662937689522	0.07498690642104794	-10.331340284244508	2.0		0.0		0.0	-11.007965845634917	1.0	-10.14506952893588	5.0		0.0		0.0	-6.383199754126554	1.0	-7.212291802432104	1.0		0.0		0.0	-9.95827690483938	1.0	-3.4821678862984453	2.0		0.0	-9.144275798176405	1.0		0.0	-5.38636916983248	3.0	-5.215541839015017	1.0		0.0	-4.521611645067623	2.0
samp_84	-5.770019621475127	4.644547173890605	-0.15573384648079	-10.435399825466593	1.0	-12.416036262856988	1.0		0.0		0.0		0.0	-5.394644224291224	2.0	-11.212234686032087	1.0	-6.415349004085547	1.0		0.0		0.0	-11.901901419685684	3.0		0.0	-3.4452884887481483	1.0	-5.776390974614042	2.0	-9.238739923583573	1.0	-3.6550616889654117	2.0	-5.389765102705926	2.0	-5.210007761648897	2.0		0.0	-4.498629951055728	1.0
samp_85	-5.981153598049575	4.461809605942454	-0.0009599420876065462	-10.355542265636743	1.0	-12.275613932409298	2.0		0.0		0.0	-10.171840097210321	1.0	-5.402387615807299	1.0	-11.139444242801307	3.0	-6.40098111636139	1.0		0.0		0.0		0.0	-9.98755941530081	2.0	-3.470159021680136	3.0	-5.776732459142914	1.0		0.0		0.0	-5.396468380154843	1.0	-5.222082135123784	1.0	-5.135877348009653	2.0	-4.51999969013689	1.0
samp_86	-5.798529194515776	4.68611551928798	-0.18911017092435975	-10.43696635345967	1.0	-12.407115072077106	1.0	-5.9771304697027565	2.0		0.0		0.0	-5.391203487747809	2.0	-11.213757872798618	1.0		0.0		0.0	-3.50230052691911	1.0		0.0		0.0	-3.4403783558494516	2.0	-5.773769783715917	1.0	-9.23875140689239	4.0	-3.6481994633484662	4.0	-5.386678605848025	1.0		0.0		0.0		0.0
samp_87	-5.859183716177063	4.25985687612503	0.029205152552754892	-10.213560096608386	3.0		0.0		0.0	-10.89546672885557	1.0		0.0		0.0	-10.999038879849547	3.0		0.0	-7.142267070150967	2.0	-3.5358978792679974	1.0	-11.66619393114215	2.0		0.0	-3.462729163499551	1.0		0.0		0.0	-3.6838626493441367	1.0	-5.338827762144603	1.0	-5.170033025591098	2.0	-5.084265825391305	1.0	-4.485449448351715	2.0
samp_88	-5.918997376027604	4.1618663750256495	0.10582546983050731	-10.176321914907408	1.0	-12.113140632605006	2.0		0.0	-10.861732936686039	1.0	-9.9988264544534	1.0	-5.344701472953724	1.0	-10.964972974723961	1.0	-6.316229164217854	1.0	-7.125741234679008	2.0		0.0		0.0		0.0	-3.476625309218504	2.0		0.0	-9.005796785541008	2.0	-3.701334726912225	1.0	-5.337555548555867	1.0	-5.171110902590395	1.0		0.0	-4.492316672576872	3.0
samp_89	-5.903057492641061	4.4177348210141005	-0.024317601595524336	-10.307283470019803	2.0	-12.246638250213376	2.0	-5.943643410685425	1.0	-10.987224817431354	2.0	-10.123796476594231	2.0	-5.3767002457226605	2.0	-11.090427913960738	1.0	-6.37096214043441	2.0	-7.195798527949592	1.0	-3.5303415007059944	1.0		0.0		0.0	-3.4609130437870217	1.0	-5.749208854855931	1.0		0.0		0.0		0.0	-5.197641343896078	1.0		0.0	-4.501024794446866	1.0
samp_90	-6.012688366432108	4.500088058332322	-0.06801277953855679		0.0	-12.232221948037521	1.0		0.0	-11.001761194108706	2.0	-10.135781827021187	1.0		0.0	-11.104421812056032	2.0		0.0		0.0	-3.5221377734607398	1.0		0.0	-9.953796615609422	2.0	-3.4550339970436177	2.0		0.0	-9.123358132015868	2.0	-3.669860667622195	1.0	-5.376332952479223	1.0	-5.201209377348978	2.0	-5.115751260149722	2.0	-4.500257803614504	1.0
samp_91	-5.8230104528480515	4.475554105260513	-0.054151228540197986	-10.355467674691111	2.0		0.0	-5.956376565431182	1.0	-11.03143959693924	2.0		0.0	-5.3848010554247265	2.0	-11.135158928776042	1.0	-6.386984863145995	1.0	-7.221479450150886	1.0		0.0	-11.813367854165271	2.0		0.0	-3.457866893714531	1.0	-5.760160198294828	1.0	-9.16506777642767	1.0	-3.673859721014436	1.0		0.0	-5.204177449058872	2.0	-5.118145636778336	2.0		0.0
samp_92	-5.773983490833065	4.703524421446834	-0.14009835249447855	-10.509557651048013	1.0	-12.48766434096637	1.0	-6.011510932670138	3.0		0.0		0.0	-5.421960956612584	1.0	-11.28382393725555	1.0	-6.452257918571714	2.0		0.0		0.0	-11.975200614115096	1.0		0.0		0.0		0.0	-9.306629120787756	3.0	-3.662276335762118	1.0	-5.417255455185474	1.0	-5.235218948979595	2.0		0.0	-4.516159578106764	3.0
samp_93	-5.944725949603087	4.516960008554095	-0.10599846559126334		0.0	-12.243146917930618	3.0		0.0	-10.99539134528174	1.0	-10.131111093202719	1.0	-5.370573980800529	1.0		0.0	-6.371704505702594	1.0	-7.197193739492861	1.0	-3.5131263292648938	1.0	-11.757941632846574	1.0	-9.947733581611589	3.0		0.0	-5.745301018527102	3.0		0.0	-3.6600501029981354	1.0		0.0		0.0	-5.104493462501823	1.0	-4.489269366224437	2.0
samp_94	-5.9697326377081925	4.383035762782658	0.05003367659495677	-10.330313203990007	1.0		0.0	-5.964951683900861	2.0	-11.011955012060147	2.0	-10.147423887653197	1.0		0.0	-11.11474383953413	2.0		0.0	-7.2137529564698495	1.0		0.0	-11.771759741247603	1.0	-9.963978355677199	3.0	-3.47874093410984	2.0	-5.771583825250373	1.0		0.0		0.0	-5.393290958402496	1.0		0.0	-5.134639563744808	1.0	-4.523713979906048	2.0
samp_95	-5.882608888079977	4.711579929036237	-0.1785039759330824	-10.453623477808355	1.0	-12.39642692055831	1.0	-5.9898665103708275	2.0	-11.127576618340619	1.0		0.0		0.0	-11.230732540646153	1.0	-6.427463255978592	1.0		0.0	-3.505521272154768	3.0	-11.903536791703628	1.0	-10.073830355008063	1.0	-3.443958262803464	2.0	-5.7856127396944155	1.0	-9.249771952083536	1.0	-3.6517000353462263	1.0	-5.397971266217168	1.0	-5.216292494786162	2.0		0.0		0.0
samp_96	-5.942812462274839	4.57763054536079	-0.107115164053048	-10.375155739908063	1.0		0.0	-5.968289572986362	1.0	-11.054015803643084	2.0		0.0	-5.391113370651697	1.0		0.0		0.0		0.0	-3.5162608023554442	2.0		0.0	-10.00385250335272	3.0	-3.4512082450780475	1.0	-5.768830334707644	2.0	-9.17699322605002	2.0		0.0	-5.385977772979445	3.0	-5.208475850052717	1.0		0.0	-4.501847078690279	1.0
samp_97	-6.008290404082131	4.6812081657358915	-0.16027262224462085		0.0		0.0	-5.981894934487246	2.0	-11.089927793564087	3.0		0.0	-5.398016561740589	1.0	-11.192457824076127	2.0		0.0		0.0	-3.5076833432843824	2.0	-11.8479222909522	1.0	-10.03805524493112	2.0		0.0	-5.778851782804524	2.0	-9.203543230478898	1.0		0.0	-5.393597509646658	1.0	-5.213093519999619	1.0		0.0	-4.5009191792880845	2.0
samp_98	-5.850732512937004	4.918051245140085	-0.28224588288908903	-10.565056088418242	1.0		0.0	-6.021215700597219	3.0	-11.234397286788246	3.0		0.0	-5.416815851560161	3.0		0.0		0.0		0.0	-3.4922171406703955	1.0	-12.018618734334698	2.0		0.0		0.0	-5.8086124098887435	1.0		0.0	-3.6364345639783666	2.0	-5.41393016505654	1.0	-5.225518858450641	1.0	-5.141238047749239	1.0	-4.499686778392152	1.0
samp_99	-5.83932786172917	4.444945110533428	-0.055526283583169946	-10.319270703515555	2.0		0.0		0.0		0.0		0.0	-5.372639852721755	2.0	-11.100529275845938	2.0		0.0	-7.200279210064965	1.0	-3.523429588246754	1.0	-11.774902577053771	1.0	-9.947861140644912	1.0		0.0	-5.746306635173076	1.0	-9.132157807089802	2.0	-3.671194077418	1.0	-5.366724936896482	1.0	-5.192952260390095	2.0	-5.107144222675187	1.0	-4.495094229767385	2.0
