name	location	log_t_250.0	dlog_t_250.0	log_t_125.0	dlog_t_125.0	log_t_50.0	dlog_t_50.0	log_t_25.0	dlog_t_25.0	log_t_10.0	dlog_t_10.0	log_t_5.0	dlog_t_5.0	log_t_2.5	dlog_t_2.5	log_t_0.0	dlog_t_0.0
c71r18.10L01	b2F3	2.10429763634672	0.2795196789019822	1.6078566851765053	0.14581914719198166	1.060986594597111	0.09771078869983862	0.6305784022417027	0.2070698589179018	0.23644541736607053	0.07576678308922134	-0.9540575884599929	0.06081828478948222	-1.381149474592303	0.09041850657899085	-1.1766878964375571	0.29709535420962746
c71r18.10L03	b2F5	2.347573081114658	0.32849204390266296	1.99256521262262	0.06157774899456588	1.7085844961904872	0.027214244884553707	1.4706439732630654	0.06642314821324476	1.30809962122542	0.04953013852030687	0.6499192669195637	0.018369678012678383	0.28423254343122084	0.04209905803020247	0.5334025732171535	0.21561813907399827
c71r18.10L04	b2F6	-4.515713393039224	1.41139503010658													-5.639047705089472	0.3735804592070701
c71r18.10L05	b2F7	1.7419612592516636	0.27695928412233584													-2.2629074949433114	0.1285586067159075
c71r18.10L06	b2F8	1.8303680966697435	0.22421776066018423													-2.2307292570924186	0.060900190749105174
c71r18.10L07	b2F9	-4.062685950131229	0.520226421344127													-6.021306154067066	1.1394860177965083
c71r18.10L09	b2G2	-3.133318492845315	1.3710700636520188													-5.413596910497078	0.8082475913746605
c71r18.10L10	b2G3	1.7921150963815506	0.23033508128613034	1.152568829391357	0.08866738956635775	0.5290433613977112	0.04511539442678423	-0.023148793608672388	0.15167731653594155	-0.6944162252998951	0.10185089328052682	-1.8428340097990228	0.10202582564236065	-2.4406536305853623	0.0919441881914553	-2.2958748716178734	0.32062946019327304
c71r18.10L11	b2G4	2.773999494740825	0.34278472152844824	2.653682904821792	0.06797415274139883	2.4238929704507823	0.08447626564156685	2.369311725157975	0.06453859755359513	2.46272602314095	0.16649188908778478	2.057375705826689	0.09020099023275148	2.107528042208794	0.035436769224308294	1.6917676668205543	0.29505349959698113
c71r18.10L12	b2G5	0.5233718801943266	0.15319883123024006													-3.7536812209586277	0.18256725924750547
c71r18.10L13	b2G6	1.7846445338508379	0.24224260212844242													-2.3761292056728234	0.1818596196072914
c71r18.10L14	b2G7	2.0361197264975	0.17498770987612614	1.4640766116992396	0.1477204907206122	0.8949863461502248	0.11900816353493852	0.3766761396133712	0.23973511338423514	-0.1924516949301504	0.030984350764407843	-1.366693436560122	0.0579453346812534	-1.7751584821981492	0.10800001044976483	-1.6845716284822547	0.2661331613301137
c71r18.10L15	b2G8	1.9961506261584445	0.19460737423135077	1.5312033313275337	0.0867905896360034	0.8163862291943903	0.07748597393924252	0.43442157702383316	0.0590007267632046	-0.36132795801323	0.08472612120682037	-1.4257258334444123	0.04034515708945697	-2.0261352854887713	0.09743618426374336	-2.0419084501726505	0.25255492785954503
c71r18.10L17	b2H1	0.6490690318630846	0.17119337092888293													-3.8210101036736113	0.18504692139564768
c71r18.10L19	b2H3	2.4136431983552513	0.5555531345162508	2.1708387676966865	0.06931164800705857	1.9211362161433372	0.04804202043070751	1.7666096569318868	0.09330159197446752	1.6431345336578378	0.11023181945494803	1.1939710080610908	0.04541723193879163	0.8413139892910843	0.030327785564521228	1.050628849756983	0.14561726155340218
c71r18.10L20	b2H4	0.47445900428253696	0.14084212973221938													-4.101790375507961	0.14197403977440776
c71r18.10L21	b2H5	-0.3587517650909763	0.20429335765734086													-4.748940441010466	0.25460826905668604
c71r18.10L23	b2H7	0.42494121863744644	0.13315031539602248													-4.013432132988288	0.2423367142750806
c71r18.10L24	b2H8	2.172545486855997	0.19010437925596302	1.78218096501957	0.18130898374552398	1.1373390046871505	0.021081953367247563	0.5420640262132908	0.18030155594031755	-0.2526866572945518	0.06322746512076548	-1.4269558255240262	0.10221070402237226	-1.9889214292461892	0.11000476341447801	-2.070116160227821	0.27577520461931176
c71r18.35L04	b1I8	1.9468478422214246	0.17320507495928958	1.4441328203205628	0.2070848686086594	0.6670278423054946	0.07581529704554024	0.07436830830441017	0.05321896768637928	-0.4930335401158677	0.11373630117869343	-1.8006440333288463	0.04364333159676091	-2.2949661048106322	0.04850690489712521	-2.180803290480102	0.29233992315889806
c71r18.35L06	b2A1	-0.37020475215792076	0.28840415200411684													-3.9723214320273885	0.30598379066541265
c71r18.35L07	b2A2	0.83788890231986	0.19556538790425387	0.5708359495980846	0.2101820411459025			-0.3337956595819404	0.2730952475476956	-1.0977009496143864	0.28850683833469143	-1.6078225988370691	0.25079055714977544	-2.6253826280828014	0.060180311455964974	-3.653235607998351	0.4080293952260098
c71r18.35L09	b2A4	1.3802999075454132	0.19034163176985938	1.03210397219132	0.1639779663444556											-2.4465569076841907	0.21548856836772737
c71r18.35L10	b2A5	1.9920020494540027	0.2508693313558877	1.6128750518237274	0.1870612316681058	0.752052483063204	0.07618318176389725	0.2647010220917666	0.18184025208776666	-0.2645399919773055	0.12940004069455435	-1.591140012238895	0.13942947231705274	-2.060760541758406	0.1460283634937052	-1.9340668312805995	0.27786182279562244
c71r18.35L11	b2A6	-0.6292866068547586	0.1564458872927996	-0.9816443200486311	0.2529438099620453	-1.2450690837807445	0.04333429562357409	-2.0113222978952687	0.12689034119417836	-2.6509619157732747	0.38702692467558303	-3.0268629530659257	0.17410309495185275	-4.171763929177969	0.11984184032769486	-4.722707771649952	0.30338489317354667
c71r18.35L12	b2A7	-2.9530269782048886	0.4028509740794023	-3.1739564263792985	0.08657198427356272											-5.358590761500057	0.4623911246016508
c71r18.35L13	b2A8	-3.0809223286041227	0.7443658934109465	-3.0893514640572635	0.16759584194621677											-5.433919206288493	0.509689721317524
c71r18.35L14	b2A9	-0.06845587063608899	0.16866545940405464	-0.47432268382480003	0.016090986069908875											-4.228146321892343	0.19656450622780344
c71r18.35L15	b2B1	2.140194337860774	0.2001996206393266	1.669278206553361	0.34443039316080776	0.9480079118319407	0.021308316397062762	0.40444029890112654	0.1728738401019073	-0.07704258672937883	0.041521497823367	-1.3572836383997808	0.039894482487297225	-1.920886813537688	0.09212231368163436	-1.8040613963303123	0.3179671963623596
c71r18.35L16	b2B2	2.1865250513799053	0.3034425320516483	2.123143986249052	0.12757307485207328			1.4450124039126513	0.14246826688112654	0.9430633499848583	0.19530329322690565	0.5634523361080049	0.145133463349944	-0.6553841592216834	0.13570279756734271	-1.5832441043636027	0.32191649684739276
c71r18.35L18	b2B4	2.8700899664988686	0.3924904178037705	2.7272967802923564	0.22599603184780007	2.6800449660401857	0.1142422666575649	2.6954901395197335	0.20303195684449718	2.672891514022813	0.12983316320341656	2.5778075803926734	0.20348683634903847	2.0327933637933087	0.08296786320356955	1.8359756185758176	0.22629827186740076
c71r18.35L19	b2B5	1.7242896641907546	0.1885475190899527	1.384862523481697	0.3137677185902064	1.1738020614417617	0.04611350143340844	0.7085166223411219	0.18300576882224887	0.021134208426368803	0.20869527226015033	-0.4021916078856255	0.13691512372645293	-1.6749519523263725	0.21883028351441808	-2.629252576509355	0.2897166575187041
c71r18.35L20	b2B6	1.7645469401227607	0.16154050565626749	1.5609233402228142	0.09921884193396026	1.2817459520219858	0.07482891547973934	0.7719837845638003	0.1481010138586491	0.1938880782335858	0.13371844331567467	-0.37416422820979545	0.09150092856792948	-1.373490718985689	0.07541651616130848	-2.219627684672845	0.37315149585454543
c71r18.35L21	b2B7	2.070031567871325	0.21719202978651753	1.7341366614993554	0.22031356428238064			1.019102778255507	0.2030572579420555	0.5491184143110752	0.16628375652184277	0.0054385227745140695	0.13898126226918633	-1.154310998211954	0.04110229300132433	-2.013597033977112	0.25492033855806373
c71r18.35L23	b2B9	-2.766889626497455	0.35575229808235187	-2.9816917387240927	0.2690683300559264											-5.180696891746577	0.9838224309724205
61c-ocl	b5A8	-4.95558537844657	0.4772087620776486													-2.6525225010858517	0.18572712115984438
61c-oc0	b5E4	-1.691992799835585	0.1460854088001376													1.3573661202424672	0.08815415047599003
61c-ocl.35L01	b5B2	-5.42684749625954	1.395135964047372													-3.139291319838558	0.05327560689307802
61c-ocl.35L02	b5B3	-5.057493535048004	1.2328333820975363													-2.840255837685068	0.37376125621507417
61c-ocl.35L04	b5B5	-4.600446228999842	0.5509248827971346													-4.516904954152669	0.056884554288878265
61c-ocl.35L06	b5B7	-6.212295659753256	0.8243851940841309													-5.7850614610795015	0.13094079392391175
61c-ocl.35L07	b5B8	-4.0747035318981775	0.30691181964273867	-2.873467478416473	0.33673155576244956											-1.2888866157478909	0.153872512674014
61c-ocl.35L08	b5B9	-6.613824915273427	0.1315586989696283													-5.108821310974087	0.13067213782588666
61c-ocl.35L09	b5C1	-6.289219191191845	0.32481717552149963													-5.3184230959939605	0.19107051614984033
61c-ocl.35L10	b5C2	-5.617593798483294	0.22088306956021													-5.452761061587741	0.1025498519350406
61c-ocl.35L11	b5C3	-3.659991966372554	0.26343223575901603													-0.7627481461714455	0.1577412011332328
61c-ocl.35L12	b5C4	-5.8091022623250215	0.3277272051537384													-5.737625701355226	0.28911649250520494
61c-ocl.35L13	b5C5	-6.686970791109001	0.6930787415405077													-6.204202708962769	1.0435751514356613
61c-ocl.35L15	b5C7	-6.44349079035537	0.8093522197554565													-5.983990978664574	0.3443594966762878
61c-ocl.35L16	b5C8	-6.049604672990408	0.19866174516740795													-5.390315243097169	0.25871936490181335
61c-ocl.35L17	b5C9	-5.335320601569093	1.3952575858818141													-5.1401443111065905	0.20567510749064197
61c-ocl.35L18	b5D1	-6.123864774551522	0.3500507369242607	-5.331487953157249	0.7259672370425219											-4.720107258167268	0.4160552357439168
61c-ocl.35L19	b5D2	-6.233677777155357	0.2882212204334735													-6.010750849062994	0.12358745823835961
61c-ocl.35L20	b5D3	-5.250924723462837	0.8032779500701125													-5.908641082533129	0.02713178197999534
61c-ocl.35L21	b5D4	-5.297250106369712	0.2293488563502553													-4.992217286204452	0.08800799487014124
61c-ocl.35L22	b5D5	-5.037601863567358	0.831540440943517													-4.440295024215118	0.06345451717352726
61c-ocl.35L23	b5D6	-6.449604080281322	0.7983146668389901													-6.303366295002062	0.188527662131541
61c-ocl.35L24	b5D7	-6.504714203152291	0.05753105450909111													-5.861824894347916	0.0847324635747296
oc0.35L01	b5F2	-1.7199680061846057	0.29573621773196906			0.48830859033068247	0.14300309609534714	0.7987328222599481	0.19957239818765357	1.3868436209321358	0.16481489749387454	1.7366744090437416	0.22329220301669414	1.559421516483585	0.17927602497273656	1.2866709171119812	0.3901558935856328
oc0.35L02	b5F3	-2.197955959751369	0.2955412180961169													1.1652330325805609	0.34025275373771935
oc0.35L03	b5F4															-3.118923605878133	0.07078254297947151
oc0.35L04	b5F5	-6.056529392021499	0.6645836513263323	-5.522487255329177	0.16233098893256617											-3.538576515326666	0.42440145446020316
oc0.35L05	b5F6	-5.736154779747985	0.39283244458042765													-2.9112360817365883	0.3645552093092852
oc0.35L06	b5F7	-2.5950239066000202	0.18627895556507412													1.06798659193483	0.14347927185647422
oc0.35L07	b5F8	-5.647354762358424	0.19146187895339567													-2.8514534532295888	0.26013604981263067
oc0.35L08	b5F9															-0.9085543564567643	0.07665878383045978
oc0.35L09	b5G1	-5.667964850355267	0.4332272220625885													-2.0016497719004014	0.4007389778629785
oc0.35L11	b5G3	-6.411089940162691	0.09321415519035324													-4.010039559283084	0.19616804655164594
oc0.35L12	b5G4	-4.75010731509799	0.2153867802840923			-2.692470452656834	0.06890779355337942	-2.4089504245592286	0.14705204858522017	-1.8226498215273454	0.10487934791663216	-1.560472459988102	0.052906996444800646	-1.357959498872316	0.04203452245766776	-1.8068832801248118	0.14072376656806557
oc0.35L14	b5G6	-5.403899424440776	0.341817514291979													-3.7225121335271036	0.8525889526960404
oc0.35L16	b5G8															1.1878361442904428	0.07013127688806602
oc0.35L17	b5G9	-5.078027501197989	0.14110458831687064			-3.1294210040067876	0.14602763966405685	-2.8600661660006894	0.13876040063483416	-2.2679496869943594	0.09989916160638947	-1.969475798210681	0.2616280403558624	-1.696426407919997	0.02966393004475073	-2.261745630358851	0.18987474854052466
oc0.35L18	b5H1	-2.8298396184523043	0.44248255390720115	-1.91424366319033	0.34017787839697466			-0.4743270223990701	0.2026844271407623	0.14186966100559734	0.10052751549612648	0.5280254676435441	0.050994613992083104	0.4840954017805428	0.047612961566919465	0.12828074431471911	0.21797527558967425
oc0.35L19	b5H2	-3.0721687619295364	0.32608552684003733			-0.9905785492297748	0.15125694202887044	-0.629479141979776	0.2062424047693334	-0.009557133402186077	0.15745911903404763	0.28813731879836607	0.19183593480674288	0.27280101682327984	0.03563112179920009	-0.06872228537289171	0.13602919851027703
oc0.35L20	b5H3	-4.314951933945132	0.30188714369359043			-2.1536450654065917	0.11486845562623166	-1.859391280952014	1.3210379858383354	-3.5657930479920967	0.44523972888585484	-3.270644408795096	0.11183723562801881	-3.027012087182063	0.1098650714139889	-1.4115636703800056	1.1004814925997113
oc0.35L21	b5H4	-5.281114824094897	0.21035381244078546													-2.1311043783378483	0.24089095430879673
oc0.35L22	b5H5	-6.058951824769866	0.5974998748229278	-5.765940557739729	0.5052958277785952											-3.5057819230925924	0.5001259375176761
oc0.35L23	b5H6	-1.8924124072062796	0.3426941845354517			0.29327573124027556	0.1400084292643645	0.8117600168372185	0.207779349024101	1.487973393524408	0.09121552308165028	1.7250048911895088	0.12180067608870299	1.5818669822199338	0.17242776732547266	1.203831720070428	0.21229167018318987
oc0.35L24	b5H7	-2.6575546151935217	0.3671521442061172	-1.3889361094264163	0.01784767449515283	-0.5684213253524498	0.03601605542902504	-0.12169272826129769	0.25444048651663137	0.6177254051742845	0.09198797876774167	0.9462566142624274	0.024005925058657986	0.9031748013169507	0.0550322206372134	0.3599663841489053	0.30597343502287383
