run	log_F	b5H1_log_P	b5H1_weight	b5F2_log_P	b5F2_weight	b5G4_log_P	b5G4_weight	b5H3_log_P	b5H3_weight	b5H7_log_P	b5H7_weight	b5H2_log_P	b5H2_weight	b5H6_log_P	b5H6_weight	b5G9_log_P	b5G9_weight
fit	-1.3247720616220895	-2.386312733986919	1.0	-0.9666374193338423	1.0	-4.4177831199007445	1.0	-5.108332728510223	1.0	-1.9941745846758092	1.0	-2.573995234640222	1.0	-0.9505887266856654	1.0	-4.880194601636423	1.0
samp_00	-17.948255111951504		0.0		0.0	-4.535587582707036	1.0		0.0	-2.116103198113981	2.0	-2.693357736298957	2.0	-1.0795452517388606	2.0	-4.9977560606763785	1.0
samp_01	0.3299178248819131	-2.0479367444623358	1.0	-0.5727847286278159	1.0		0.0	-4.788254924961471	3.0	-1.6414238021760847	1.0	-2.2385940186844557	1.0		0.0	-4.566383604272013	1.0
samp_02	-18.587734018726007	-2.5057839792356402	2.0	-1.091750092118977	3.0		0.0		0.0		0.0	-2.6933739070779628	1.0	-1.0795225600969527	2.0		0.0
samp_03	-18.505125067011356		0.0	-1.091760856491913	3.0	-4.535592074995644	1.0		0.0	-2.116088593353419	1.0		0.0	-1.0795087687112597	2.0	-4.997761424474506	1.0
samp_04	-1.4686195000563615		0.0	-0.9823492555158793	1.0	-4.4320393594133645	1.0	-5.1228514455026275	1.0	-2.0091781532442554	1.0	-2.5885861540947146	2.0	-0.9667773212541156	2.0		0.0
samp_05	-0.34340082818596024		0.0		0.0		0.0	-4.956346250181727	2.0	-1.8321467415755	1.0	-2.418112370181284	1.0	-0.7700259646524321	3.0	-4.731346278941175	1.0
samp_06	-1.440115165297418		0.0		0.0		0.0	-5.1201020302802105	1.0	-2.006346042822351	1.0	-2.5858296053757908	4.0	-0.9637338817898744	1.0	-4.891705101366735	1.0
samp_07	-0.2791449425767264	-2.21509998032269	1.0	-0.7747030236602933	1.0	-4.254346415711691	1.0	-4.942669197244743	2.0	-1.8171073721942985	1.0		0.0		0.0	-4.717935312032676	2.0
samp_08	-0.25535952749065055		0.0	-0.7682978776884766	1.0	-4.249203077895537	1.0	-4.937481350678265	2.0		0.0	-2.3983489111907073	2.0		0.0	-4.712847528529452	2.0
samp_09	-19.493084996020716		0.0	-1.0917557862378187	1.0	-4.53560678803759	2.0		0.0	-2.1160863592440906	2.0	-2.6933724384078417	2.0	-1.0794850698388323	1.0		0.0
samp_10	-1.3807829341597129	-2.392216031669794	1.0	-0.9729900447124252	2.0		0.0	-5.11418263670698	1.0	-2.000231184995528	2.0	-2.5798813982164925	1.0		0.0	-4.8859158921519485	1.0
samp_11	-1.140591165065299	-2.3649133915216307	2.0	-0.9434687790920593	1.0	-4.396985458969153	1.0	-5.087203627851356	1.0		0.0	-2.5526667728180303	2.0		0.0	-4.859494719994374	1.0
samp_12	-18.98784997239293	-2.505781269660579	2.0	-1.0917510777494053	1.0		0.0		0.0	-2.1160975802886153	2.0	-2.6933713387795164	2.0		0.0	-4.997779449745392	1.0
samp_13	-0.3369658084292552		0.0		0.0	-4.266554856729173	1.0	-4.954999597870703	2.0	-1.830672022248883	1.0		0.0		0.0	-4.730025428498794	4.0
samp_14	-0.2751035830080977	-2.2141707881168182	1.0		0.0	-4.253472843773128	1.0	-4.941794687360127	2.0		0.0	-2.4028755892472047	1.0	-0.7516185402067264	2.0	-4.717073970594672	1.0
samp_15	-0.2753652231796706		0.0	-0.7736909063642357	1.0	-4.253530887089575	1.0	-4.941851286213599	2.0	-1.816187927017415	1.0		0.0	-0.7516879936681289	3.0		0.0
samp_16	-18.03068709597731	-2.505792608650951	2.0	-1.0917599948544316	1.0	-4.5355939503997975	2.0		0.0	-2.1161005827188326	1.0	-2.6933788357772133	1.0		0.0	-4.997758089261703	1.0
samp_17	-1.414176495033327	-2.395608865320313	1.0	-0.9766343704151016	1.0	-4.426834951321385	1.0	-5.117550797998727	1.0	-2.003709712042269	2.0	-2.583265290080452	2.0		0.0		0.0
samp_18	-17.520144232937312	-2.5057797770488692	2.0		0.0	-4.535587327774771	2.0		0.0		0.0	-2.6933713993603305	1.0	-1.0795180964393876	1.0	-4.997769774376335	2.0
samp_19	-18.227157166894425		0.0	-1.0917575047533257	2.0		0.0		0.0	-2.116103115704632	1.0	-2.6933805108123834	2.0	-1.0795210186744326	2.0	-4.997758727565845	1.0
samp_20	-1.2276891637264151	-2.3754205200619585	2.0	-0.954875317392329	1.0	-4.407198010810239	2.0	-5.097556550726388	1.0		0.0		0.0	-0.9384750988616535	2.0		0.0
samp_21	-1.2131732602154095	-2.373719056179926	3.0	-0.9530217768070807	1.0		0.0	-5.09588583175683	1.0		0.0	-2.561444396318257	2.0	-0.9365753523877243	1.0		0.0
samp_22	-18.719653455109324	-2.505797875367318	2.0	-1.0917652706600978	1.0	-4.535593024888654	1.0		0.0	-2.116105569583606	2.0		0.0	-1.0795139167306576	2.0		0.0
samp_23	-18.459304843814152	-2.505783427134905	2.0		0.0		0.0		0.0	-2.116079470846813	1.0	-2.693383589340463	1.0	-1.0794981488367603	2.0	-4.997768062725607	2.0
samp_24	-21.659618399041594	-2.505792196916547	3.0	-1.0917605970885567	1.0		0.0		0.0	-2.1160996182653045	2.0	-2.6933771565207145	1.0		0.0	-4.997756972841799	1.0
samp_25	-1.2816028018616912		0.0		0.0	-4.413175808841047	1.0	-5.103644440802155	1.0		0.0	-2.5692727386060557	1.0	-0.9453207990801852	2.0	-4.875609824290794	3.0
samp_26	-16.510474569826503		0.0	-1.0917631123374043	2.0	-4.5355782664200435	2.0		0.0	-2.1160851539532803	1.0		0.0	-1.079493727247925	1.0	-4.997761399909775	2.0
samp_27	-0.2772994774860623	-2.2146747057779548	1.0	-0.774209146334987	1.0		0.0	-4.942269785547873	2.0	-1.8166629073706342	1.0	-2.4033739654720403	1.0	-0.7522239882633821	2.0		0.0
samp_28	-1.3275112161539642	-2.3866061098603177	3.0		0.0	-4.418069404715129	1.0	-5.1086226693224095	1.0	-1.9944779225322982	1.0	-2.574289024437265	1.0	-0.9509136822891058	1.0		0.0
samp_29	-0.1717260863197883	-2.189643958575555	1.0	-0.7448961384698123	2.0	-4.230575806069326	1.0	-4.918696349355291	2.0		0.0	-2.3785770238322383	1.0	-0.7219706724523761	1.0		0.0
samp_30	-0.18456726599586776		0.0	-0.748578992730075	2.0	-4.233490824164876	2.0	-4.921634227633919	2.0		0.0	-2.381679752008148	1.0	-0.7257747091854304	1.0		0.0
samp_31	-1.279400492160001	-2.381330025933595	2.0	-0.9612604414905048	2.0	-4.412938004802077	1.0	-5.1034001797217385	1.0	-1.989061346217236	1.0		0.0	-0.9450476723161368	1.0		0.0
samp_32	-1.1962332186338431		0.0		0.0	-4.403599235987869	3.0	-5.093899162484676	1.0		0.0	-2.5594407385777527	1.0	-0.9343167790873655	1.0	-4.866071699152637	2.0
samp_33	-18.699629902363274	-2.5057936061985626	2.0		0.0	-4.5355928883735075	1.0		0.0		0.0	-2.693377397144045	2.0	-1.0795212712671352	3.0		0.0
samp_34	-19.315130950235673		0.0	-1.0917590942191748	2.0	-4.535588395279579	2.0		0.0	-2.1160981365264266	2.0	-2.693383069889792	2.0		0.0		0.0
samp_35	-0.34160204741829514		0.0	-0.7910043799634303	1.0		0.0	-4.95596586134901	2.0	-1.8317343811146292	2.0		0.0	-0.7695516633358191	3.0		0.0
samp_36	-1.3919549340686435	-2.3933614975551922	3.0	-0.9742213394822077	1.0		0.0	-5.115320361509179	1.0	-2.001406100271424	1.0		0.0	-0.9584010275492907	2.0		0.0
samp_37	-1.0547855596174855		0.0	-0.9313570378097936	3.0	-4.386290947767465	3.0	-5.076302659643543	1.0		0.0		0.0		0.0	-4.848852794510165	1.0
samp_38	-1.14493517839125	-2.365450060741492	1.0	-0.9440440166089975	1.0	-4.397537560268682	1.0	-5.087732895213667	1.0		0.0	-2.5532043936929862	2.0		0.0	-4.860037107654062	2.0
samp_39	-17.905749016842375		0.0		0.0	-4.5355938036199115	2.0		0.0	-2.116099368557741	1.0		0.0	-1.0795190344699517	3.0	-4.997757153461241	2.0
samp_40	-0.21727827482341266	-2.2006421731810777	2.0	-0.757814528288753	1.0		0.0	-4.929032558888692	2.0		0.0	-2.3894741464704135	1.0	-0.7353056279318685	1.0	-4.70456009253511	1.0
samp_41	-17.73168672022208		0.0		0.0	-4.535604928694098	3.0		0.0		0.0	-2.693374306612988	1.0	-1.0794767887931358	1.0	-4.997772779807725	3.0
samp_42	-15.062740736433868	-2.505793754870394	2.0	-1.0917600564149312	4.0		0.0		0.0	-2.1161176891049807	1.0		0.0		0.0	-4.997770629349588	1.0
samp_43	-19.27384411050421	-2.5057921532514853	2.0		0.0	-4.535593564952975	1.0		0.0		0.0	-2.6933767095030214	1.0	-1.0795188840819305	3.0	-4.997757684586688	1.0
samp_44	-18.589377097969713	-2.5057876006439317	1.0	-1.0917586431293536	1.0		0.0		0.0		0.0	-2.693385887187619	2.0	-1.0795159913143473	2.0	-4.997759137771001	2.0
samp_45	-18.33881682720733	-2.5057931617391005	1.0	-1.0917652836593148	2.0		0.0		0.0	-2.116103561820824	1.0		0.0	-1.0795260763742296	2.0	-4.997761330415439	2.0
samp_46	-18.568089261864024	-2.505794867770947	3.0	-1.091758914148441	1.0		0.0		0.0	-2.116102369111917	1.0	-2.693379293073009	1.0	-1.0795194912576644	1.0	-4.99775318049387	1.0
samp_47	-1.203809217508756	-2.3726104795958607	1.0	-0.9518024914758181	1.0	-4.404474930379692	3.0	-5.094789802756541	1.0	-1.9801103792689503	1.0		0.0		0.0	-4.866947188498015	1.0
samp_48	-1.4766736511461633		0.0	-0.983174766387618	2.0		0.0	-5.123615676256741	1.0	-2.0099637818745033	1.0	-2.589352698276966	2.0	-0.9676226963323856	2.0		0.0
samp_49	-1.3271954882978874		0.0	-0.9669166453387835	1.0	-4.418035864315252	1.0	-5.1085892967543165	1.0	-1.9944440613020968	1.0	-2.574254823493353	1.0	-0.9508890746136514	1.0	-4.880447757136874	2.0
samp_50	-1.279400492160001	-2.381330025933595	2.0	-0.9612604414905048	2.0	-4.412938004802077	1.0	-5.1034001797217385	1.0	-1.989061346217236	1.0		0.0	-0.9450476723161368	1.0		0.0
samp_51	-1.3851845219716006	-2.392669359817701	1.0	-0.9734747847470147	1.0		0.0	-5.114635391506643	1.0	-2.0006925368893813	2.0	-2.5803338500067716	1.0		0.0	-4.886353470152384	2.0
samp_52	-0.2739026306030231	-2.21389054099442	2.0	-0.7732998927400062	1.0	-4.25321718799903	1.0	-4.941532134014411	2.0	-1.8158458534885287	1.0	-2.4026000282681212	1.0		0.0		0.0
samp_53	0.35611953303962396	-2.0394633704213	1.0	-0.5621545324899818	1.0		0.0	-4.780620110320629	3.0		0.0	-2.230246756681074	3.0		0.0		0.0
samp_54	-19.1156902897647	-2.505794779799895	3.0	-1.091748309752877	2.0		0.0		0.0	-2.116099560176081	1.0	-2.6933817646549674	1.0		0.0	-4.997759871878055	1.0
samp_55	-1.0763708727597179	-2.3566838284581837	3.0	-0.9344814710296925	3.0		0.0	-5.079108073704167	1.0		0.0	-2.5444690409951845	1.0		0.0		0.0
samp_56	-18.975554641551444	-2.505829420197037	2.0	-1.0917584499928297	1.0		0.0		0.0	-2.1160990827793698	1.0	-2.6933588531370094	1.0	-1.0795189360612094	2.0	-4.9977393038597215	1.0
samp_57	-1.3376730199311786	-2.3876965201174905	2.0	-0.9681281654947647	2.0	-4.419128983766269	1.0	-5.109703582897729	1.0	-1.9955951765020425	2.0		0.0		0.0		0.0
samp_58	-1.273517128511814	-2.3806671425269403	1.0	-0.9605500498581839	1.0		0.0	-5.102748534380224	1.0		0.0	-2.5683701277036275	1.0	-0.9443075104029275	2.0	-4.874725132172885	2.0
samp_59	-0.2680024355897619	-2.21253518277337	1.0		0.0	-4.251944804193375	1.0	-4.9402478491353365	2.0		0.0		0.0	-0.7496500182811564	2.0	-4.715561213806235	2.0
samp_60	-1.3192604972854982	-2.3857184242837124	1.0	-0.9659954477590835	1.0	-4.417205012759286	2.0	-5.107744106741271	1.0	-1.9935634614791276	1.0	-2.5734024211331445	1.0	-0.9499258501786917	1.0		0.0
samp_61	-18.502174555239183		0.0	-1.0917827535037103	4.0	-4.535612663908074	1.0		0.0		0.0	-2.6933700148874617	1.0	-1.0795234324451006	1.0	-4.997766262784784	1.0
samp_62	-18.528520977774527	-2.5057928995122745	1.0	-1.0917606081477864	1.0	-4.535589981882866	1.0		0.0		0.0	-2.693376745223388	1.0	-1.0795189011341755	2.0	-4.997757414412514	2.0
samp_63	-18.291434514729676	-2.5057980625169667	3.0	-1.0917641980545723	1.0	-4.5355994214538145	3.0		0.0		0.0		0.0	-1.0795330726736934	1.0		0.0
samp_64	0.4183020392194603		0.0	-0.5362266853787991	2.0		0.0	-4.762185187074567	3.0	-1.6106348855136838	2.0		0.0	-0.5061586901090624	1.0		0.0
samp_65	-1.4531859824554172	-2.3994554422144585	1.0	-0.9807578028705729	2.0		0.0	-5.121370970075016	1.0	-2.0076529414250515	2.0		0.0	-0.9651354847023685	1.0	-4.892944938758032	1.0
samp_66	-0.32935049142658157	-2.2264351554207282	1.0	-0.7878660591737917	1.0	-4.264970919394918	1.0	-4.95340016676461	2.0	-1.8289128289475072	2.0		0.0	-0.7663139975976595	1.0		0.0
samp_67	-19.858150041318773		0.0	-1.0917599110145464	3.0		0.0		0.0		0.0	-2.69337901464621	2.0	-1.0795159004181691	1.0	-4.997757352061924	2.0
samp_68	-18.354898324668923	-2.505803139835653	1.0	-1.0917570222937363	2.0	-4.535599515644429	1.0		0.0	-2.1160867666067693	1.0	-2.6934004032766934	1.0	-1.0794415067506258	2.0		0.0
samp_69	0.441767551074423		0.0	-0.5261734587432129	2.0	-4.067602264900201	1.0	-4.755113694931826	3.0	-1.6022262894437074	1.0		0.0	-0.4957384275388334	1.0		0.0
samp_70	-1.172659778883204	-2.3688657507826703	2.0	-0.9477552574800756	2.0		0.0	-5.091094942659187	1.0		0.0	-2.5566042916620697	1.0	-0.931136122830938	1.0	-4.863327717508766	1.0
samp_71	-18.178741436198326		0.0	-1.091766815111459	2.0	-4.535596584066406	1.0		0.0		0.0	-2.693379272801824	2.0	-1.0795269545514306	2.0	-4.9977631770706	1.0
samp_72	-18.18543510200449	-2.505781507238583	1.0	-1.0917917262557864	1.0		0.0		0.0	-2.1160845887312387	2.0	-2.693358311499355	3.0	-1.0795411697763093	1.0		0.0
samp_73	-18.297266450022295	-2.5057918586334518	1.0	-1.0917605717875414	3.0	-4.535592171460308	1.0		0.0		0.0		0.0	-1.0795150249476215	1.0	-4.997757158075076	2.0
samp_74	-17.860943379954723		0.0		0.0	-4.535657230751132	1.0		0.0		0.0	-2.6933498122620665	2.0	-1.0795235688852958	3.0	-4.997767323606709	2.0
samp_75	-1.3872538191197001	-2.3928798321543425	1.0		0.0	-4.424178339457773	2.0	-5.114838884778262	1.0	-2.0009160074661936	1.0		0.0	-0.9578701039574686	2.0	-4.886561517134749	1.0
samp_76	-1.4282101873133644	-2.397007060376878	2.0		0.0	-4.428199706799966	1.0	-5.118939563650661	1.0	-2.005142080405958	1.0	-2.5846599628996394	1.0	-0.9624299905275394	2.0		0.0
samp_77	-1.2104915715892322	-2.3734044229614466	4.0		0.0	-4.40524402886485	2.0	-5.095572686338995	1.0	-1.9809221501201455	1.0		0.0		0.0		0.0
samp_78	-1.2160654375215838	-2.3740625481265987	2.0	-0.9533964739305585	3.0		0.0	-5.0962229678073205	1.0	-1.9815984404031488	1.0	-2.561780677433702	1.0		0.0		0.0
samp_79	-1.407507621088524		0.0	-0.9758990972966393	1.0	-4.426197729971808	1.0	-5.11685581905658	1.0		0.0	-2.5825951726339884	2.0	-0.9601427233669019	3.0		0.0
samp_80	-1.221605271404998		0.0	-0.9541008628465464	2.0	-4.406510967369177	2.0	-5.0968641794802405	1.0		0.0		0.0	-0.9376713823558142	2.0	-4.868971588274872	1.0
samp_81	-1.4479326822819836		0.0	-0.9802110247174265	1.0	-4.430089763503818	1.0	-5.1208666102872575	1.0	-2.007129118885013	2.0		0.0	-0.9645702500838609	1.0	-4.892448812683021	2.0
samp_82	-0.44953655598165987		0.0		0.0	-4.289179260557914	1.0	-4.977857763895827	2.0	-1.8556500513196885	3.0		0.0	-0.7968648942961846	1.0	-4.752433678740358	1.0
samp_83	-1.36061768836373		0.0	-0.9707404051746933	1.0	-4.421491553445983	1.0	-5.112111308720475	1.0	-1.998084670813368	1.0	-2.5777944954863607	2.0	-0.9548142989860586	1.0	-4.883885061332804	1.0
samp_84	-1.5304089770693252	-2.406712023401495	1.0		0.0		0.0	-5.12859316269371	1.0	-2.0150867556008785	2.0	-2.5943397013011387	2.0	-0.9731284106550422	1.0	-4.9000112051209	1.0
samp_85	-17.591615224886112	-2.505798048658105	1.0		0.0	-4.535608725309317	2.0		0.0		0.0	-2.6934024932096445	2.0	-1.0795250580652795	2.0	-4.997762457676273	1.0
samp_86	-1.2202663130850684	-2.3745554506150346	3.0	-0.9539314525865864	2.0		0.0	-5.096707313106005	1.0		0.0		0.0	-0.9374957618937454	2.0		0.0
samp_87	-1.6604633940218367		0.0	-1.0004397860985133	1.0	-4.448635694837262	1.0	-5.139769531977306	1.0	-2.0265531979148577	1.0		0.0	-0.9854159874649573	4.0		0.0
samp_88	-20.518975471862646	-2.5057924655639545	2.0		0.0	-4.535593959401996	1.0		0.0	-2.1160998633603545	1.0	-2.6933794944289238	1.0	-1.0795188367451825	2.0	-4.997757003272732	1.0
samp_89	-1.3930941954607676	-2.3934776301052993	1.0		0.0	-4.424758396824399	1.0	-5.115434614849879	1.0	-2.001523792690955	1.0		0.0	-0.9585296113578674	2.0	-4.887139206970014	2.0
samp_90	-18.642280893617407	-2.5057932344516103	1.0	-1.0917600130113216	1.0	-4.535593027170088	1.0		0.0	-2.116096305410427	1.0	-2.6933804736181384	2.0	-1.0795192511195568	1.0	-4.997755387225806	1.0
samp_91	-16.877251197882522	-2.5058144933645354	2.0		0.0	-4.535595758901353	1.0		0.0	-2.1160889341924727	2.0	-2.6933838369693657	3.0		0.0		0.0
samp_92	-0.34083984236194836	-2.2289736854968285	1.0		0.0	-4.267359823948389	1.0	-4.955811393325562	2.0	-1.8315612155090244	1.0	-2.4175507439062915	2.0		0.0	-4.730820552409304	1.0
samp_93	-18.439808699752994	-2.5057925904165206	2.0	-1.091758666365309	2.0		0.0		0.0	-2.1160998755913134	1.0	-2.6933801513952824	2.0		0.0	-4.997748329890775	1.0
samp_94	-18.354898324668923	-2.505803139835653	1.0	-1.0917570222937363	2.0	-4.535599515644429	1.0		0.0	-2.1160867666067693	1.0	-2.6934004032766934	1.0	-1.0794415067506258	2.0		0.0
samp_95	-0.34062030601031523		0.0		0.0	-4.267315375812634	2.0	-4.955765460687123	2.0	-1.8315098916101806	1.0	-2.417502352382102	1.0	-0.7692932985827821	2.0		0.0
samp_96	-19.537774736087194	-2.5057977243903444	1.0	-1.0917529771052767	1.0	-4.535604040687169	1.0		0.0	-2.1160969212959024	2.0	-2.6933798275070537	2.0	-1.0795091449371155	1.0		0.0
samp_97	-1.2659620166418435		0.0	-0.9596249943613772	1.0	-4.411469064514934	2.0	-5.101908656314629	1.0		0.0	-2.567518659352126	1.0	-0.9433663104560511	2.0	-4.873905866958572	1.0
samp_98	-1.2686422084354183		0.0	-0.9599546827582847	4.0		0.0	-5.102206485866916	1.0	-1.9878206299064567	1.0		0.0	-0.9437007174809837	1.0	-4.874199023911305	1.0
samp_99	-1.2158263883598286	-2.374032604899608	1.0	-0.9533597323345069	1.0	-4.405852255492931	1.0	-5.096188150290604	1.0		0.0	-2.5617552904994483	2.0	-0.9369143321305435	1.0	-4.868314374277833	1.0
