run	log_F	b5B8_log_P	b5B8_weight	b5D1_log_P	b5D1_weight	b5F5_log_P	b5F5_weight	b5H1_log_P	b5H1_weight	b5H5_log_P	b5H5_weight	b5H7_log_P	b5H7_weight
fit	1.9262649821798679	-3.786349239874081	1.0	-7.5375380389337145	1.0	-6.508363909803816	1.0	-2.545882512063468	1.0	-6.595620508713788	1.0	-2.138811195112551	1.0
samp_00	1.9979768225216032	-3.7558358666175082	1.0		0.0	-6.488901202292318	1.0	-2.5127854927409428	2.0	-6.574803604365911	1.0	-2.10433295936427	1.0
samp_01	1.8913792811030936		0.0	-7.538369651889543	2.0	-6.5180321605404545	1.0		0.0	-6.605915908494133	1.0	-2.155411898389437	2.0
samp_02	2.1256892034658312		0.0		0.0	-6.455695096038263	2.0	-2.452870241021537	1.0	-6.539006069235231	1.0	-2.041711694030683	2.0
samp_03	1.86550609591177	-3.8120270011337998	1.0	-7.539128427628282	1.0	-6.525262671917669	2.0	-2.5736151936735503	1.0		0.0	-2.167643189806479	1.0
samp_04	1.9367710352129044	-3.7818948702707367	1.0	-7.537345163568106	1.0	-6.505477553022989	3.0		0.0		0.0	-2.1337932075712907	1.0
samp_05	1.788930704527457	-3.8441390510857216	2.0	-7.5421111684554125	1.0	-6.547059304029184	1.0		0.0	-6.636786016401243	1.0	-2.203475925319637	1.0
samp_06	1.9110096742896854	-3.7928103296985434	1.0	-7.53787849233853	2.0	-6.512567888220748	1.0	-2.552872420377983	1.0	-6.600110594482958	1.0		0.0
samp_07	1.9262649821798679	-3.786349239874081	1.0	-7.5375380389337145	1.0	-6.508363909803816	1.0	-2.545882512063468	1.0	-6.595620508713788	1.0	-2.138811195112551	1.0
samp_08	1.6915035872237338		0.0	-7.547510660831858	2.0		0.0	-2.6513841943438283	2.0		0.0	-2.2482387425473287	2.0
samp_09	2.0018239688604154	-3.7541938816093046	2.0	-7.536537871571438	1.0	-6.48787864726467	1.0		0.0	-6.573697936314186	2.0		0.0
samp_10	2.3326915751739126	-3.6109644208150167	1.0		0.0		0.0		0.0	-6.485015861176558	4.0	-1.9369640089058933	1.0
samp_11	1.855438558505749		0.0	-7.539456887764671	3.0	-6.528094725322567	1.0		0.0	-6.616650451746328	1.0	-2.172388197988594	1.0
samp_12	1.7313638395574027	-3.8680858150171233	2.0		0.0	-6.563774933125545	1.0	-2.6337887218331533	1.0		0.0	-2.2300383990921517	2.0
samp_13	2.0140024371926444	-3.748990075633015	1.0	-7.536471537886999	2.0	-6.484634040848044	2.0		0.0	-6.570218192629989	1.0		0.0
samp_14	1.7905850946740962	-3.8434480156681463	2.0		0.0	-6.546580187368076	1.0	-2.607403931746496	2.0		0.0	-2.2027093185920004	1.0
samp_15	1.677908578162618	-3.8901651343046497	1.0	-7.548407031154753	2.0	-6.57953202031431	1.0	-2.657354527534666	1.0		0.0	-2.2544086682775335	1.0
samp_16	2.2131792434686863	-3.6630999057054954	1.0		0.0	-6.434111658811371	2.0		0.0	-6.5155568686400125	2.0	-1.9979277842217111	1.0
samp_17	2.259491652301459		0.0		0.0	-6.423099280835495	2.0	-2.3888103487554186	3.0	-6.503508863852524	1.0		0.0
samp_18	2.1484168783245665		0.0	-7.537469133932027	1.0	-6.449992636209315	1.0		0.0	-6.532838966285217	2.0	-2.030404987780985	2.0
samp_19	2.005007797247043	-3.752838599892002	1.0	-7.536513999510696	1.0	-6.487027144312729	2.0		0.0	-6.57278716310238	1.0	-2.1009159742197934	1.0
samp_20	1.6441404273130658		0.0	-7.550783654391956	3.0		0.0		0.0	-6.6817561578108915	1.0	-2.269658500376378	2.0
samp_21	2.179945287300984		0.0		0.0	-6.442192002913643	1.0	-2.427049223501192	1.0	-6.5243634328172755	2.0	-2.0146436211654546	2.0
samp_22	1.8726304461649657	-3.8090236241305875	2.0		0.0		0.0		0.0	-6.611503412837472	2.0	-2.1642813558731846	2.0
samp_23	1.940015876893675	-3.7805154839343293	1.0		0.0		0.0	-2.5395663441893634	3.0	-6.59159004823339	1.0	-2.13223762857891	1.0
samp_24	1.8229296826821788	-3.829916230087214	2.0		0.0	-6.537313958248538	1.0		0.0	-6.6264448354918635	1.0	-2.187637896904053	2.0
samp_25	1.4109801522537957	-3.99783273650491	2.0	-7.572847342488134	2.0		0.0		0.0		0.0	-2.371771369332778	2.0
samp_26	2.116130851608232	-3.7051208800216577	2.0		0.0		0.0	-2.4573939674504914	1.0	-6.5416365984095926	3.0		0.0
samp_27	1.9909440568848729		0.0	-7.5366247105438955	2.0		0.0	-2.516047522993479	3.0	-6.5768185426928705	1.0		0.0
samp_28	2.0621065365692965	-3.728374823232839	1.0	-7.536470778483892	1.0		0.0	-2.482847409456591	2.0	-6.556616528486645	2.0		0.0
samp_29	1.8857218253631767	-3.8035014345712286	2.0		0.0	-6.51959894140578	1.0	-2.56441993052271	1.0	-6.6076029837629155	1.0	-2.15809051497236	1.0
samp_30	1.9321046916441802	-3.7838729321380575	1.0	-7.537432733426342	1.0		0.0	-2.5432017020571354	3.0	-6.593906378142729	1.0		0.0
samp_31	2.604194110866916		0.0		0.0	-6.351259720629235	3.0	-2.217975263310217	1.0	-6.422836414321797	2.0		0.0
samp_32	1.6110571192869245	-3.9175464244162566	2.0	-7.553318342737048	1.0	-6.599525923569973	1.0		0.0		0.0	-2.2844879668920735	2.0
samp_33	1.7303066141420214	-3.8685238471273173	3.0	-7.545145053743262	1.0	-6.564085201750742	1.0		0.0	-6.65481543842299	1.0		0.0
samp_34	1.6441404273130658		0.0	-7.550783654391956	3.0		0.0		0.0	-6.6817561578108915	1.0	-2.269658500376378	2.0
samp_35	1.7926570958133932	-3.8425818021950753	1.0	-7.541940914852411	1.0		0.0	-2.60647797681345	1.0	-6.635644315424539	1.0	-2.201745324299172	2.0
samp_36	1.6100064767632276		0.0	-7.553401536884131	2.0		0.0	-2.6869358916437185	1.0		0.0	-2.284956467798659	3.0
samp_37	1.6444732084441298	-3.903891237882634	2.0	-7.550759519236812	1.0		0.0	-2.671969817984906	2.0		0.0	-2.2695091726908085	1.0
samp_38	1.7926570958133932	-3.8425818021950753	1.0	-7.541940914852411	1.0		0.0	-2.60647797681345	1.0	-6.635644315424539	1.0	-2.201745324299172	2.0
samp_39	1.788930704527457	-3.8441390510857216	2.0	-7.5421111684554125	1.0	-6.547059304029184	1.0		0.0	-6.636786016401243	1.0	-2.203475925319637	1.0
samp_40	1.7926570958133932	-3.8425818021950753	1.0	-7.541940914852411	1.0		0.0	-2.60647797681345	1.0	-6.635644315424539	1.0	-2.201745324299172	2.0
samp_41	2.6509522301291017		0.0	-7.563779511148767	2.0	-6.3430045305709655	2.0		0.0	-6.413217449048825	2.0		0.0
samp_42	2.3023026975885976		0.0	-7.54219733635356	1.0	-6.413191647670905	3.0		0.0	-6.492609374011985	1.0	-1.9525929262178634	1.0
samp_43	1.680888551871405	-3.8889364824554615	2.0	-7.548207288644765	2.0		0.0	-2.656047270376315	1.0	-6.670207347413523	1.0		0.0
samp_44	2.2131792434686863	-3.6630999057054954	1.0		0.0	-6.434111658811371	2.0		0.0	-6.5155568686400125	2.0	-1.9979277842217111	1.0
samp_45	1.8682863825400007	-3.8108549987675704	2.0	-7.5390418073768215	1.0	-6.5244806295953754	3.0		0.0		0.0		0.0
samp_46	1.809837240011312		0.0	-7.541184975981838	1.0		0.0	-2.5987640991344003	3.0		0.0	-2.1937499485389553	2.0
samp_47	1.9453633659507164	-3.778244294459165	1.0		0.0	-6.503128136688917	3.0		0.0		0.0	-2.1296745160707706	2.0
samp_48	1.9972793466513339	-3.756135096567101	2.0		0.0	-6.489092269571922	1.0		0.0	-6.575000920716008	2.0	-2.1046651669004155	1.0
samp_49	1.8229296826821788	-3.829916230087214	2.0		0.0	-6.537313958248538	1.0		0.0	-6.6264448354918635	1.0	-2.187637896904053	2.0
samp_50	1.732811370568266	-3.8674856985127186	3.0		0.0		0.0	-2.633148178000271	1.0	-6.654038388572285	1.0	-2.2293745821317645	1.0
samp_51	1.724122692272354	-3.8710850678263258	3.0		0.0	-6.565895735584223	2.0		0.0		0.0	-2.2333569694228426	1.0
samp_52	1.9103242363855577	-3.7931020617796953	1.0	-7.5378958312288535	1.0		0.0		0.0	-6.600313936899707	2.0	-2.1464102445276105	2.0
samp_53	2.179945287300984		0.0		0.0	-6.442192002913643	1.0	-2.427049223501192	1.0	-6.5243634328172755	2.0	-2.0146436211654546	2.0
samp_54	1.5252628203181209	-3.952292404965539	2.0	-7.560822683412809	2.0	-6.625606417711987	1.0		0.0		0.0	-2.3224224835879226	1.0
samp_55	1.743935139826465		0.0	-7.544383520391526	1.0		0.0	-2.6282130907503922	2.0		0.0	-2.2242654792782073	3.0
samp_56	1.8652484563986562	-3.8121347125326155	2.0	-7.5391362161171775	1.0	-6.525333760617117	1.0	-2.573731372877191	1.0	-6.613708984783877	1.0		0.0
samp_57	1.9249353689823663	-3.786912826112264	2.0	-7.53757627410205	1.0		0.0	-2.5464928315822735	1.0	-6.596010500263451	2.0		0.0
samp_58	1.9262649821798679	-3.786349239874081	1.0	-7.5375380389337145	1.0	-6.508363909803816	1.0	-2.545882512063468	1.0	-6.595620508713788	1.0	-2.138811195112551	1.0
samp_59	2.2383214447152047		0.0	-7.539801062803348	2.0	-6.428096860323068	2.0	-2.39903241499423	1.0	-6.508979088749502	1.0		0.0
samp_60	1.9734485999540232		0.0	-7.536794648508545	1.0		0.0		0.0	-6.581865382869646	2.0	-2.1161766784491434	3.0
samp_61	1.6260489739027746	-3.9114278969824037	3.0		0.0	-6.595018435466689	1.0		0.0		0.0	-2.2777810642048286	2.0
samp_62	2.010448619642325	-3.750508876266627	1.0		0.0	-6.485579050570197	2.0	-2.5069851422245235	3.0		0.0		0.0
samp_63	2.005007797247043	-3.752838599892002	1.0	-7.536513999510696	1.0	-6.487027144312729	2.0		0.0	-6.57278716310238	1.0	-2.1009159742197934	1.0
samp_64	2.0783175030555254		0.0	-7.536561339953221	1.0	-6.467787868242911	2.0		0.0	-6.552086428744545	1.0	-2.065116013499644	2.0
samp_65	2.8282969493122647		0.0	-7.57838714362693	2.0	-6.315182398316923	1.0		0.0	-6.379820999384346	3.0		0.0
samp_66	1.682950867137743	-3.8880878240494874	2.0	-7.5480708188073375	1.0	-6.578036826927546	1.0	-2.6551416195423125	1.0		0.0	-2.2521227232754932	1.0
samp_67	2.4930880533611783		0.0	-7.552482323786457	1.0	-6.372359633426487	2.0	-2.2739372532463498	1.0	-6.4470075630231465	2.0		0.0
samp_68	1.7926570958133932	-3.8425818021950753	1.0	-7.541940914852411	1.0		0.0	-2.60647797681345	1.0	-6.635644315424539	1.0	-2.201745324299172	2.0
samp_69	1.630237648746516	-3.909716335140082	3.0	-7.5518236099396905	1.0	-6.593760287459588	1.0	-2.6781636811623395	1.0		0.0		0.0
samp_70	1.48107056826047	-3.970006855303812	2.0	-7.565205691585649	3.0		0.0		0.0	-6.7339333294909665	1.0		0.0
samp_71	2.207882251975017	-3.6654007840425016	1.0	-7.538867497106756	1.0	-6.435388124454983	3.0		0.0	-6.516954111721681	1.0		0.0
samp_72	2.4734823037235296		0.0	-7.551236227620715	1.0	-6.3762933063137135	1.0		0.0	-6.451461154014393	3.0	-1.8634165168865164	1.0
samp_73	1.992407411050895		0.0	-7.536606898240342	2.0	-6.490397464294005	1.0	-2.5153668352719283	1.0	-6.576399607900659	1.0	-2.1070226981825404	1.0
samp_74	2.2338621426480856		0.0		0.0		0.0	-2.4011801197633145	1.0	-6.5101431884802485	3.0	-1.9874747226516911	2.0
samp_75	1.8116658620239463		0.0	-7.541108431054374	2.0	-6.54053029391315	2.0		0.0		0.0	-2.1928977086946326	2.0
samp_76	2.06733604444389	-3.7261285312590986	1.0		0.0	-6.47062933783511	2.0	-2.48039453589109	1.0	-6.555152913575988	1.0	-2.0705105609188754	1.0
samp_77	1.6444732084441298	-3.903891237882634	2.0	-7.550759519236812	1.0		0.0	-2.671969817984906	2.0		0.0	-2.2695091726908085	1.0
samp_78	1.8631779759349143		0.0	-7.539202081285918	1.0	-6.525916321742686	1.0	-2.574670771072085	2.0		0.0	-2.168742348941301	2.0
samp_79	2.1655782872085068		0.0	-7.537804873213421	1.0	-6.445728871221849	2.0	-2.433893646422633	1.0	-6.528212615015321	1.0	-2.021849129758477	1.0
samp_80	1.809837240011312		0.0	-7.541184975981838	1.0		0.0	-2.5987640991344003	3.0		0.0	-2.1937499485389553	2.0
samp_81	1.6131288673093802	-3.916701722700202	2.0	-7.553153845515143	2.0	-6.598903174470842	1.0	-2.6855866798119603	1.0		0.0		0.0
samp_82	1.8945588629977488	-3.799768261137889	1.0		0.0	-6.5171284526193665	1.0	-2.560390684433002	3.0		0.0	-2.1539052532233876	1.0
samp_83	1.2696546095854273	-4.052866001300206	2.0	-7.5907039529098475	3.0		0.0		0.0		0.0	-2.4308684860948677	1.0
samp_84	2.387391052059545		0.0	-7.5462467340889585	1.0	-6.39428659962616	2.0		0.0	-6.471656809116837	2.0	-1.9086124508224944	1.0
samp_85	2.372461063790291		0.0		0.0	-6.397526927964164	3.0	-2.333733208814298	2.0	-6.47526306513944	1.0		0.0
samp_86	2.090338304877672	-3.7162344890927037	1.0	-7.5366580041947335	1.0	-6.464696404684738	2.0	-2.4695749455863787	1.0	-6.548744374927796	1.0		0.0
samp_87	1.862977369073743	-3.8130911703497943	1.0	-7.539208656277919	1.0		0.0	-2.5747615250139124	2.0	-6.614389427191954	1.0	-2.1688365041946334	1.0
samp_88	1.4389913494570272	-3.986752959146956	1.0	-7.569694448343978	3.0		0.0	-2.7596277445460817	1.0		0.0	-2.3598028712827586	1.0
samp_89	1.9367710352129044	-3.7818948702707367	1.0	-7.537345163568106	1.0	-6.505477553022989	3.0		0.0		0.0	-2.1337932075712907	1.0
samp_90	1.7926570958133932	-3.8425818021950753	1.0	-7.541940914852411	1.0		0.0	-2.60647797681345	1.0	-6.635644315424539	1.0	-2.201745324299172	2.0
samp_91	2.1256892034658312		0.0		0.0	-6.455695096038263	2.0	-2.452870241021537	1.0	-6.539006069235231	1.0	-2.041711694030683	2.0
samp_92	1.5252628203181209	-3.952292404965539	2.0	-7.560822683412809	2.0	-6.625606417711987	1.0		0.0		0.0	-2.3224224835879226	1.0
samp_93	1.7738991495155796	-3.8504077538651216	3.0		0.0	-6.551394356336272	1.0		0.0	-6.641378847467802	1.0	-2.2104449182186547	1.0
samp_94	2.0729202785685827		0.0	-7.536526547665485	2.0		0.0	-2.47777208681359	1.0	-6.553593352173108	2.0	-2.0677672208298126	1.0
samp_95	1.849210996262966	-3.818885634876809	1.0	-7.539669500784982	1.0	-6.529848380949555	1.0		0.0	-6.618510907885212	1.0	-2.17531880950942	2.0
samp_96	2.3391213824355352		0.0	-7.5438324808631885	2.0	-6.404879373651357	1.0	-2.350081017541137	1.0	-6.483424897883367	2.0		0.0
samp_97	2.8282969493122647		0.0	-7.57838714362693	2.0	-6.315182398316923	1.0		0.0	-6.379820999384346	3.0		0.0
samp_98	2.115455416416061		0.0	-7.536939775445304	2.0	-6.458283638432191	2.0		0.0	-6.54182194756184	1.0	-2.046783374482259	1.0
samp_99	2.1739419290684863	-3.6801261384765773	1.0		0.0		0.0	-2.429918918594813	1.0	-6.5259692404306655	3.0	-2.0176505214654514	1.0
