Results
	1	2	3	4	5	6	7	8	9	10	11	12
A	0.374	0.270	0.608	0.250	0.560	0.259	0.396	0.238	0.570	0.263	0.449	0.244	Corrected [600]
B	0.484	0.602	0.494	0.569	1.199	0.654	0.474	0.605	0.442	0.501	0.912	0.535	Corrected [600]
C	0.604	0.533	0.525	0.635	0.594	0.577	0.620	0.542	0.482	0.588	0.581	0.495	Corrected [600]
D	0.266	0.518	0.304	0.562	0.314	0.622	0.312	0.515	0.275	0.520	0.310	0.579	Corrected [600]
E	0.576	0.275	0.612	0.300	4.337	0.310	0.585	0.275	0.542	0.309	2.031	0.283	Corrected [600]
F	0.476	0.676	0.604	4.470	0.808	0.683	0.516	0.596	0.546	1.739	0.746	0.633	Corrected [600]
G	0.774	0.902	0.553	1.855	1.199	0.570	0.764	0.744	0.512	1.247	1.152	0.566	Corrected [600]
H	0.211	0.527	0.251	2.536	0.242	0.501	0.255	0.507	0.234	1.364	0.250	0.461	Corrected [600]

