Results
	1	2	3	4	5	6	7	8	9	10	11	12
A	0.575	0.394	0.720	0.387	0.989	0.384	0.530	0.370	0.700	0.369	1.105	0.380	Corrected [600]
B	0.658	0.727	0.846	0.747	0.995	0.654	0.555	0.597	0.783	0.757	0.999	0.692	Corrected [600]
C	0.701	0.648	1.283	1.067	1.041	0.758	0.580	0.591	1.218	1.109	1.056	0.806	Corrected [600]
D	0.435	0.673	0.383	0.702	0.371	0.643	0.379	0.631	0.378	0.746	0.392	0.655	Corrected [600]
E	0.710	0.406	1.181	0.386	0.931	0.394	0.656	0.372	1.187	0.385	0.977	0.368	Corrected [600]
F	0.728	0.675	1.242	1.324	1.130	1.238	0.685	0.679	1.314	1.384	1.318	1.274	Corrected [600]
G	0.713	0.758	1.149	0.843	1.094	0.687	0.663	0.739	1.189	0.841	1.219	0.653	Corrected [600]
H	0.398	0.865	0.380	0.893	0.375	0.694	0.379	0.744	0.363	0.760	0.365	0.695	Corrected [600]

