Results
	1	2	3	4	5	6	7	8	9	10	11	12
A	0.364	0.075	0.557	0.077	0.512	0.075	0.390	0.081	0.270	0.078	0.450	0.073	Corrected [600]
B	0.413	0.536	0.412	1.066	0.669	0.614	0.485	0.455	0.436	0.691	0.319	0.458	Corrected [600]
C	0.418	0.536	0.531	0.950	0.739	0.512	0.476	0.522	0.411	0.710	0.485	0.392	Corrected [600]
D	0.075	0.680	0.075	1.429	0.077	0.566	0.076	0.416	0.076	0.910	0.076	0.468	Corrected [600]
E	0.370	0.076	0.592	0.079	0.673	0.076	0.442	0.079	0.559	0.075	0.522	0.079	Corrected [600]
F	0.303	0.630	0.742	0.798	0.644	0.913	0.468	0.440	0.487	0.442	0.572	0.512	Corrected [600]
G	0.441	0.698	0.595	0.706	0.600	0.629	0.318	0.545	0.530	0.661	0.665	0.689	Corrected [600]
H	0.079	0.617	0.077	0.520	0.077	0.591	0.078	0.527	0.076	0.454	0.076	0.508	Corrected [600]

