Results
	1	2	3	4	5	6	7	8	9	10	11	12
A	0.281	0.090	0.322	0.085	0.202	0.082	0.139	0.085	0.145	0.083	0.113	0.088	Corrected [600]
B	0.481	0.380	0.600	0.255	0.279	0.455	0.211	0.189	0.214	0.170	0.144	0.167	Corrected [600]
C	0.435	0.343	0.336	0.222	0.382	0.332	0.199	0.154	0.180	0.152	0.126	0.173	Corrected [600]
D	0.079	0.346	0.076	0.268	0.077	0.407	0.074	0.166	0.075	0.156	0.074	0.164	Corrected [600]
E	0.411	0.093	0.263	0.075	0.610	0.075	0.220	0.074	0.134	0.073	0.172	0.108	Corrected [600]
F	0.474	0.305	0.255	0.444	0.416	0.518	0.204	0.143	0.136	0.179	0.160	0.180	Corrected [600]
G	0.389	0.463	0.401	0.330	0.341	0.372	0.214	0.174	0.144	0.164	0.160	0.169	Corrected [600]
H	0.076	0.345	0.075	0.405	0.076	0.376	0.075	0.180	0.075	0.190	0.075	0.191	Corrected [600]

