Corrected [600]
	1	2	3	4	5	6	7	8	9	10	11	12
A	0.32738	0.07134	0.29393	0.07225	0.35192	0.07149	0.17654	0.07083	0.18092	0.07207	0.18941	0.06967	Corrected [600]
B	0.29560	0.44157	0.29555	0.28683	0.34860	0.32184	0.16227	0.17166	0.18783	0.17584	0.16512	0.19941	Corrected [600]
C	0.30388	0.48356	0.32323	0.25877	0.42007	0.32638	0.18818	0.14942	0.20882	0.19376	0.23476	0.19435	Corrected [600]
D	0.07182	0.36956	0.07085	0.34218	0.07082	0.35229	0.06935	0.16958	0.07027	0.19449	0.06963	0.20102	Corrected [600]
E	0.27866	0.06907	0.44547	0.07261	0.43578	0.07115	0.17633	0.07093	0.20078	0.06974	0.19362	0.07003	Corrected [600]
F	0.31861	0.57756	0.36936	0.32713	0.38301	0.30058	0.16380	0.20481	0.18162	0.17487	0.19555	0.18817	Corrected [600]
G	0.30097	0.49625	0.36936	0.31209	0.29252	0.25354	0.18110	0.27412	0.20290	0.16930	0.18746	0.18747	Corrected [600]
H	0.07135	0.34226	0.07236	0.37828	0.07071	0.32233	0.07055	0.21513	0.07009	0.19600	0.07082	0.20721	Corrected [600]

