Results
	1	2	3	4	5	6	7	8	9	10	11	12
A	0.522	0.075	0.408	0.076	0.296	0.075	0.292	0.075	0.291	0.078	0.298	0.072	Corrected [600]
B	0.716	1.506	0.335	1.151	0.333	0.611	0.348	0.287	0.254	0.181	0.421	0.387	Corrected [600]
C	0.570	1.499	0.590	0.824	0.537	0.473	0.381	0.308	0.218	0.196	0.316	0.264	Corrected [600]
D	0.077	1.431	0.074	0.748	0.079	0.469	0.074	0.353	0.074	0.223	0.074	0.304	Corrected [600]
E	0.530	0.074	0.577	0.077	0.308	0.076	0.428	0.075	0.409	0.075	0.289	0.073	Corrected [600]
F	0.346	0.577	0.540	0.522	0.833	0.663	0.338	0.390	0.340	0.273	0.340	0.295	Corrected [600]
G	0.670	0.820	0.331	1.271	1.599	0.500	0.554	0.375	0.297	0.356	0.298	0.352	Corrected [600]
H	0.075	1.418	0.075	0.526	0.076	0.801	0.077	0.232	0.078	0.307	0.074	0.206	Corrected [600]

