Results
	1	2	3	4	5	6	7	8	9	10	11	12
A	0.733	0.074	0.674	0.075	0.440	0.075	0.197	0.074	0.218	0.074	0.247	0.074	Corrected [600]
B	0.644	0.497	0.512	0.558	0.391	0.423	0.316	0.229	0.206	0.186	0.231	0.179	Corrected [600]
C	0.619	0.503	0.654	0.572	0.390	0.549	0.216	0.197	0.190	0.234	0.192	0.256	Corrected [600]
D	0.075	0.511	0.074	0.627	0.075	0.568	0.073	0.215	0.075	0.179	0.073	0.234	Corrected [600]
E	0.623	0.092	1.019	0.075	0.541	0.074	0.236	0.074	0.199	0.073	0.221	0.073	Corrected [600]
F	0.594	0.422	0.739	0.640	0.622	0.536	0.213	0.197	0.200	0.250	0.259	0.217	Corrected [600]
G	0.555	0.640	0.664	0.526	0.475	0.537	0.262	0.228	0.227	0.247	0.263	0.234	Corrected [600]
H	0.075	0.380	0.074	0.588	0.076	0.522	0.074	0.248	0.073	0.210	0.073	0.218	Corrected [600]

