Results
	1	2	3	4	5	6	7	8	9	10	11	12
A	0.906	0.077	0.466	0.079	0.233	0.077	0.501	0.081	0.408	0.079	0.466	0.078	Corrected [600]
B	0.721	0.692	0.494	0.384	0.609	0.606	0.646	0.490	0.444	0.518	0.402	0.353	Corrected [600]
C	0.980	0.346	0.755	0.745	0.747	0.660	0.758	0.272	0.488	0.565	0.484	0.311	Corrected [600]
D	0.076	0.476	0.076	0.766	0.076	0.851	0.076	0.393	0.077	0.523	0.076	0.368	Corrected [600]
E	0.795	0.076	0.959	0.076	0.740	0.074	0.630	0.077	0.547	0.078	0.398	0.081	Corrected [600]
F	0.684	0.537	0.718	1.967	0.600	0.843	0.578	0.464	0.462	0.874	0.493	0.452	Corrected [600]
G	0.799	0.405	0.621	1.985	0.602	0.833	0.816	0.431	0.493	0.902	0.454	0.475	Corrected [600]
H	0.077	0.939	0.076	1.871	0.077	0.718	0.077	0.367	0.078	0.858	0.077	0.420	Corrected [600]

