Results
	1	2	3	4	5	6	7	8	9	10	11	12
A	0.362	0.084	0.548	0.078	0.384	0.077	0.156	0.081	0.122	0.078	0.184	0.087	Corrected [600]
B	0.258	0.587	1.704	0.574	0.748	0.667	0.209	0.536	0.113	0.261	0.212	0.233	Corrected [600]
C	0.444	0.455	1.117	0.297	0.474	0.400	0.162	0.462	0.148	0.212	0.194	0.285	Corrected [600]
D	0.074	0.533	0.074	0.643	0.078	0.705	0.092	0.359	0.078	0.194	0.075	0.222	Corrected [600]
E	0.707	0.077	2.427	0.077	0.424	0.077	0.344	0.076	0.135	0.073	0.209	0.075	Corrected [600]
F	0.744	2.884	2.762	0.953	0.563	1.575	0.269	0.506	0.207	0.430	0.203	0.335	Corrected [600]
G	1.737	3.806	4.384	2.197	0.826	1.073	0.410	0.452	0.279	0.386	0.424	0.466	Corrected [600]
H	0.077	3.590	0.076	2.730	0.078	1.746	0.078	0.385	0.076	0.368	0.078	0.245	Corrected [600]

