Results
	1	2	3	4	5	6	7	8	9	10	11	12
A	0.361	0.077	0.872	0.075	0.487	0.076	0.282	0.082	0.370	0.075	0.221	0.076	Corrected [600]
B	0.519	1.197	1.382	0.619	0.741	0.655	0.465	0.350	0.342	0.346	0.270	0.412	Corrected [600]
C	0.593	1.201	1.037	0.457	0.486	0.687	0.330	0.373	0.481	0.429	0.283	0.316	Corrected [600]
D	0.076	1.434	0.076	0.319	0.076	0.450	0.076	0.349	0.074	0.280	0.074	0.223	Corrected [600]
E	0.714	0.076	0.620	0.080	0.620	0.075	0.309	0.073	0.375	0.085	0.356	0.074	Corrected [600]
F	0.394	0.787	0.519	0.642	0.504	0.723	0.450	0.447	0.387	0.471	0.314	0.273	Corrected [600]
G	0.609	0.907	0.792	0.541	0.590	0.569	0.302	0.358	0.269	0.427	0.284	0.234	Corrected [600]
H	0.077	0.507	0.077	0.562	0.076	0.402	0.074	0.317	0.079	0.285	0.076	0.227	Corrected [600]

