Results
	1	2	3	4	5	6	7	8	9	10	11	12
A	0.486	0.155	1.055	0.081	0.633	0.074	0.597	0.083	0.635	0.085	0.376	0.138	Corrected [600]
B	0.757	1.023	1.229	0.847	0.926	1.178	0.672	0.476	0.692	0.591	0.777	0.339	Corrected [600]
C	1.016	0.804	0.829	1.026	0.991	0.792	0.661	0.443	0.599	0.864	0.765	0.339	Corrected [600]
D	0.074	0.691	0.076	0.847	0.075	0.865	0.073	0.370	0.075	0.539	0.073	0.340	Corrected [600]
E	1.065	0.075	0.960	0.076	1.034	0.074	1.284	0.076	0.576	0.072	0.359	0.076	Corrected [600]
F	1.322	0.820	0.755	0.971	0.589	1.032	1.436	0.427	0.736	0.733	0.818	0.456	Corrected [600]
G	0.660	0.713	0.988	0.893	0.700	0.738	1.146	0.412	0.603	0.784	0.598	0.408	Corrected [600]
H	0.084	0.693	0.084	0.947	0.080	0.428	0.082	0.401	0.079	0.622	0.082	0.408	Corrected [600]

