Results
	1	2	3	4	5	6	7	8	9	10	11	12
A	0.489	0.077	0.886	0.076	0.357	0.075	0.210	0.075	0.289	0.075	0.342	0.076	Corrected [600]
B	0.497	0.394	0.926	0.481	0.496	0.589	0.249	0.445	0.306	0.258	0.320	0.243	Corrected [600]
C	0.461	0.526	0.734	0.474	0.533	0.516	0.296	0.375	0.239	0.236	0.313	0.232	Corrected [600]
D	0.077	0.435	0.075	0.547	0.077	0.489	0.074	0.350	0.076	0.386	0.075	0.281	Corrected [600]
E	0.913	0.075	0.390	0.075	0.408	0.075	0.439	0.074	0.210	0.076	0.279	0.075	Corrected [600]
F	1.430	0.532	0.288	0.496	0.455	0.432	0.333	0.496	0.169	0.321	0.282	0.222	Corrected [600]
G	1.014	0.530	0.570	0.434	0.394	0.544	0.365	0.398	0.309	0.296	0.294	0.222	Corrected [600]
H	0.077	0.498	0.075	0.456	0.076	0.422	0.076	0.289	0.073	0.272	0.075	0.219	Corrected [600]

