Results
	1	2	3	4	5	6	7	8	9	10	11	12
A	0.576	0.075	0.431	0.076	0.378	0.074	0.340	0.078	0.219	0.074	0.349	0.082	Corrected [600]
B	0.378	0.815	0.504	1.120	0.698	0.894	0.395	0.260	0.251	0.599	0.487	0.448	Corrected [600]
C	0.759	0.546	0.506	0.408	0.546	0.717	0.627	0.245	0.178	0.392	0.566	0.331	Corrected [600]
D	0.077	0.465	0.073	0.463	0.074	0.877	0.074	0.181	0.072	0.251	0.077	0.422	Corrected [600]
E	0.307	0.080	0.779	0.077	0.473	0.074	0.414	0.073	0.398	0.073	0.420	0.076	Corrected [600]
F	0.451	0.625	0.563	0.600	0.512	0.595	0.289	0.274	0.298	0.374	0.489	0.341	Corrected [600]
G	0.417	0.725	0.591	0.635	0.621	0.631	0.336	0.244	0.375	0.388	0.479	0.273	Corrected [600]
H	0.075	0.443	0.076	0.715	0.075	0.638	0.074	0.218	0.074	0.522	0.074	0.352	Corrected [600]

