Results
	1	2	3	4	5	6	7	8	9	10	11	12
A	0.898	0.366	0.637	0.377	0.708	0.389	0.764	0.384	0.833	0.401	0.853	0.408	Corrected [600]
B	0.931	0.745	0.753	0.774	0.748	0.754	0.707	0.784	0.685	0.798	0.782	0.770	Corrected [600]
C	0.785	0.800	0.751	0.784	0.786	0.804	0.774	0.805	0.782	0.767	0.819	0.792	Corrected [600]
D	0.383	0.854	0.398	0.779	0.383	0.845	0.382	0.798	0.401	0.859	0.423	0.823	Corrected [600]
E	0.797	0.394	0.800	0.396	0.779	0.397	0.823	0.414	0.888	0.435	0.849	0.422	Corrected [600]
F	0.881	0.830	0.802	0.743	0.752	0.829	0.807	0.830	0.817	0.781	0.820	0.849	Corrected [600]
G	0.837	0.848	0.755	0.719	0.774	0.819	0.851	0.806	0.884	0.809	0.814	0.811	Corrected [600]
H	0.395	0.863	0.400	0.766	0.399	0.806	0.383	0.802	0.394	0.760	0.402	0.843	Corrected [600]

