Results
	1	2	3	4	5	6	7	8	9	10	11	12
A	0.626	0.429	0.714	0.415	0.693	0.421	0.611	0.415	0.767	0.407	0.743	0.419	Corrected [600]
B	0.730	0.722	0.753	0.640	0.863	0.677	0.641	0.642	0.706	0.615	0.774	0.655	Corrected [600]
C	0.945	1.024	0.856	0.708	0.834	0.694	0.796	0.857	0.831	0.675	0.832	0.686	Corrected [600]
D	0.441	0.805	0.406	0.723	0.412	0.799	0.402	0.760	0.400	0.711	0.410	0.713	Corrected [600]
E	0.807	0.412	1.614	0.402	1.054	0.395	0.789	0.399	1.383	0.422	1.181	0.415	Corrected [600]
F	0.802	0.821	0.886	0.754	0.797	0.767	0.858	0.833	0.886	0.832	0.884	0.732	Corrected [600]
G	0.770	0.919	0.947	0.770	0.842	0.704	0.771	0.889	0.954	0.833	0.902	0.689	Corrected [600]
H	0.403	0.732	0.390	0.745	0.396	0.634	0.393	0.740	0.393	0.766	0.423	0.699	Corrected [600]

