Results
	1	2	3	4	5	6	7	8	9	10	11	12
A	0.459	0.076	0.560	0.079	0.537	0.080	0.217	0.079	0.347	0.076	0.258	0.077	Corrected [600]
B	0.337	0.676	0.675	0.579	0.604	0.953	0.372	0.405	0.427	0.477	0.395	0.377	Corrected [600]
C	0.281	0.577	0.703	0.533	0.453	0.797	0.255	0.403	0.548	0.371	0.483	0.275	Corrected [600]
D	0.074	0.594	0.073	0.515	0.074	0.721	0.075	0.360	0.073	0.332	0.074	0.283	Corrected [600]
E	0.355	0.074	0.544	0.077	0.662	0.075	0.277	0.074	0.412	0.074	0.489	0.074	Corrected [600]
F	0.502	0.390	0.358	0.559	0.457	0.835	0.298	0.252	0.379	0.365	0.477	0.365	Corrected [600]
G	0.542	0.883	0.861	0.631	0.643	0.596	0.387	0.196	0.371	0.571	0.371	0.342	Corrected [600]
H	0.075	1.152	0.076	1.259	0.077	0.616	0.080	0.316	0.077	0.432	0.080	0.322	Corrected [600]

