Results
	1	2	3	4	5	6	7	8	9	10	11	12
A	0.625	0.364	1.148	0.379	0.712	0.359	0.541	0.360	0.995	0.380	0.729	0.368	Corrected [600]
B	0.652	0.620	0.582	0.671	0.651	0.677	0.547	0.573	0.539	0.653	0.662	0.679	Corrected [600]
C	0.724	0.607	0.600	0.709	0.656	0.629	0.676	0.572	0.562	0.726	0.684	0.641	Corrected [600]
D	0.367	0.633	0.376	0.753	0.371	0.670	0.381	0.610	0.342	0.760	0.379	0.672	Corrected [600]
E	0.650	0.368	0.868	0.372	0.629	0.371	0.704	0.370	0.806	0.364	0.661	0.375	Corrected [600]
F	0.599	1.003	1.200	0.661	0.644	0.775	0.659	0.961	1.201	0.627	0.674	0.719	Corrected [600]
G	0.611	0.654	0.604	9.729	0.631	0.817	0.616	0.568	0.600	2.572	0.643	0.776	Corrected [600]
H	0.342	0.585	0.363	0.683	0.356	0.637	0.350	0.510	0.332	0.599	0.353	0.643	Corrected [600]

