420

Time,A1,A2,A3,A4,A5,A6,A7,A8,A9,A10,A11,A12,B1,B2,B3,B4,B5,B6,B7,B8,B9,B10,B11,B12,C1,C2,C3,C4,C5,C6,C7,C8,C9,C10,C11,C12,D1,D2,D3,D4,D5,D6,D7,D8,D9,D10,D11,D12,E1,E2,E3,E4,E5,E6,E7,E8,E9,E10,E11,E12,F1,F2,F3,F4,F5,F6,F7,F8,F9,F10,F11,F12,G1,G2,G3,G4,G5,G6,G7,G8,G9,G10,G11,G12,H1,H2,H3,H4,H5,H6,H7,H8,H9,H10,H11,H12
0:00:34,0.24070,0.08340,0.12780,0.08040,0.11040,0.08240,0.12870,0.07570,0.10960,0.07830,0.22620,0.07680,0.24590,0.31820,0.27480,0.30950,0.11540,0.18220,0.11150,0.11140,0.13310,0.10190,0.34590,0.09330,0.29410,0.13540,0.10570,0.11130,0.10930,0.11750,0.11100,0.11400,0.09800,0.10550,0.10670,0.12390,0.08260,0.10520,0.07650,0.09790,0.08090,0.12860,0.07650,0.11310,0.07620,0.09940,0.07960,0.12120,0.31760,0.07690,0.10950,0.09430,0.09380,0.08750,0.10750,0.07630,0.11580,0.08140,0.11570,0.07780,0.10130,0.09600,0.10270,0.10590,0.10750,0.11090,0.09450,0.10130,0.10850,0.10290,0.10730,0.11940,0.21420,0.32260,0.37400,0.45440,0.11430,0.10950,0.09790,0.09940,0.14890,0.11250,0.32440,0.16300,0.08790,0.11760,0.07660,0.11340,0.08410,0.10690,0.07740,0.10380,0.07740,0.10930,0.07740,0.10300
0:10:34,0.23630,0.08260,0.12780,0.08090,0.10610,0.08200,0.11340,0.07500,0.11130,0.07600,0.20430,0.07620,0.23910,0.29280,0.25960,0.28950,0.12560,0.15780,0.08940,0.10960,0.12280,0.09670,0.32270,0.08740,0.27400,0.13410,0.10840,0.11170,0.11190,0.11710,0.11160,0.10660,0.09760,0.10080,0.10700,0.12280,0.08190,0.10660,0.07580,0.09540,0.08060,0.12190,0.07580,0.10830,0.07550,0.09650,0.07860,0.11600,0.09510,0.07630,0.10260,0.08520,0.10180,0.08470,0.10660,0.07580,0.11420,0.08040,0.10370,0.07730,0.10460,0.09750,0.09850,0.10060,0.10440,0.11030,0.08870,0.09670,0.10760,0.10040,0.09910,0.11490,0.33490,0.29980,0.35220,0.41940,0.11370,0.10490,0.09670,0.09830,0.14050,0.10690,0.30440,0.15610,0.07540,0.11820,0.07620,0.11650,0.08300,0.10090,0.07690,0.10310,0.07650,0.10050,0.07660,0.10630
0:20:34,0.23290,0.07620,0.12340,0.08070,0.10560,0.08210,0.10030,0.07490,0.11370,0.07600,0.18490,0.07650,0.23670,0.26900,0.24620,0.26820,0.12100,0.14830,0.08470,0.10920,0.12600,0.09400,0.29940,0.08750,0.25570,0.12740,0.10420,0.11000,0.11750,0.11560,0.10720,0.10110,0.10130,0.09750,0.09900,0.11890,0.08180,0.10600,0.07580,0.09030,0.08050,0.12000,0.07570,0.10640,0.07550,0.09540,0.07640,0.11490,0.10100,0.07620,0.09960,0.08450,0.10060,0.08460,0.10620,0.07580,0.11430,0.07790,0.09810,0.07730,0.11310,0.10260,0.09630,0.10060,0.10460,0.10440,0.08800,0.09600,0.10080,0.09600,0.09760,0.11190,0.31860,0.27420,0.32640,0.39390,0.11610,0.10270,0.09480,0.10130,0.13390,0.10290,0.27980,0.14330,0.07520,0.11100,0.07630,0.10960,0.08260,0.09910,0.07690,0.10200,0.07640,0.10030,0.07670,0.10180
0:30:34,0.22630,0.07650,0.12810,0.08080,0.11130,0.08230,0.10600,0.07500,0.12630,0.07620,0.16840,0.07710,0.22900,0.24470,0.23250,0.25320,0.13000,0.14200,0.08600,0.09870,0.13580,0.09260,0.27790,0.09320,0.24660,0.12590,0.10500,0.10300,0.12570,0.11640,0.10740,0.10000,0.11050,0.09680,0.09880,0.11990,0.08170,0.10950,0.07580,0.09090,0.08050,0.11970,0.07580,0.10800,0.07560,0.09320,0.07660,0.11240,0.10960,0.07640,0.09950,0.08450,0.10280,0.08440,0.10480,0.07590,0.11130,0.07790,0.09780,0.07760,0.11560,0.09910,0.09730,0.09820,0.10730,0.10660,0.09040,0.09390,0.10190,0.09740,0.09940,0.10770,0.30200,0.26070,0.29770,0.36520,0.11890,0.10150,0.09580,0.09760,0.13300,0.10470,0.25630,0.13110,0.07510,0.11390,0.07650,0.10630,0.07870,0.10100,0.07700,0.10120,0.07670,0.09890,0.07710,0.10000
0:40:34,0.22030,0.07690,0.12950,0.08130,0.12160,0.08270,0.09780,0.07550,0.13740,0.07680,0.15750,0.07830,0.22170,0.22730,0.21780,0.23390,0.13920,0.10260,0.08990,0.10190,0.14830,0.09460,0.25700,0.10400,0.23650,0.12980,0.11020,0.10410,0.13470,0.12170,0.10780,0.10180,0.12120,0.09880,0.10070,0.11990,0.08680,0.11350,0.07620,0.09580,0.08100,0.11480,0.07620,0.10900,0.07610,0.09500,0.07690,0.09680,0.11660,0.07680,0.09990,0.07650,0.11010,0.08470,0.10760,0.07620,0.11360,0.07820,0.09870,0.07840,0.11500,0.10350,0.09810,0.10140,0.11600,0.10690,0.09310,0.09710,0.10200,0.09700,0.09970,0.08840,0.28800,0.09950,0.27770,0.33960,0.12370,0.10180,0.09620,0.10010,0.13030,0.10670,0.24240,0.12560,0.07520,0.12000,0.07700,0.10600,0.07890,0.10200,0.07720,0.10100,0.07720,0.10050,0.07790,0.10250
0:50:34,0.21490,0.07720,0.12640,0.08140,0.12890,0.08260,0.09950,0.07560,0.14440,0.07730,0.14610,0.07900,0.21350,0.21520,0.20540,0.21690,0.15040,0.10350,0.09030,0.09400,0.15210,0.09600,0.23700,0.10250,0.23430,0.13210,0.11510,0.10630,0.14420,0.12410,0.10890,0.10080,0.13030,0.09830,0.10220,0.10140,0.08660,0.11600,0.07650,0.09520,0.08130,0.10560,0.07650,0.10970,0.07640,0.09590,0.07740,0.09800,0.12130,0.07690,0.09970,0.07660,0.11750,0.08480,0.10910,0.07650,0.11600,0.07840,0.09940,0.07900,0.12230,0.10660,0.09870,0.10530,0.12330,0.10670,0.09080,0.09800,0.10440,0.09680,0.10050,0.09250,0.27790,0.10610,0.25640,0.31760,0.12870,0.10180,0.09430,0.10110,0.12460,0.10540,0.22790,0.11920,0.07500,0.12300,0.07720,0.10540,0.07910,0.10370,0.07700,0.10140,0.07750,0.10000,0.07820,0.09590
1:00:34,0.21230,0.07770,0.13180,0.08180,0.13640,0.08260,0.09620,0.07610,0.15220,0.07830,0.13910,0.08020,0.21100,0.20390,0.19690,0.20230,0.13900,0.10590,0.09050,0.09450,0.14470,0.09630,0.21740,0.10130,0.23200,0.11280,0.11900,0.10500,0.15470,0.12700,0.10960,0.10110,0.13360,0.09910,0.10350,0.10360,0.08670,0.12060,0.07710,0.09520,0.08190,0.10710,0.07710,0.11060,0.07730,0.09620,0.07830,0.09930,0.12770,0.07750,0.09980,0.07720,0.12090,0.08530,0.10920,0.07730,0.11680,0.07750,0.10140,0.07980,0.13030,0.10930,0.09900,0.10830,0.12780,0.10920,0.09140,0.09950,0.10580,0.09760,0.10310,0.09230,0.27010,0.10870,0.23720,0.29840,0.13450,0.10320,0.09390,0.09410,0.11690,0.10590,0.21570,0.11440,0.07500,0.12280,0.07770,0.09620,0.07960,0.10460,0.07730,0.09040,0.07820,0.10110,0.07900,0.09530
1:10:34,0.21090,0.07840,0.13580,0.08230,0.14240,0.08300,0.09780,0.07690,0.16090,0.07970,0.13410,0.08200,0.20740,0.19380,0.18820,0.19040,0.14870,0.10810,0.09090,0.09550,0.15290,0.09720,0.20040,0.10270,0.23160,0.11690,0.12360,0.10390,0.16610,0.13040,0.10970,0.10240,0.14020,0.09500,0.10470,0.10030,0.08220,0.12510,0.07780,0.09600,0.08270,0.10890,0.07800,0.11170,0.07850,0.09740,0.07960,0.10200,0.13440,0.07810,0.10120,0.07790,0.12680,0.08600,0.10960,0.07830,0.11660,0.07860,0.10370,0.08120,0.13860,0.11260,0.09920,0.11050,0.13460,0.10990,0.09140,0.10110,0.10830,0.09860,0.10570,0.09370,0.26300,0.11130,0.21820,0.27810,0.14140,0.10320,0.09450,0.09520,0.11300,0.10680,0.20320,0.11120,0.07510,0.11830,0.07830,0.09810,0.08020,0.10580,0.07770,0.09250,0.07910,0.10180,0.07990,0.09560
1:20:34,0.21080,0.07950,0.14040,0.08280,0.15100,0.08320,0.09920,0.07800,0.16940,0.08180,0.13380,0.08430,0.20480,0.18730,0.18200,0.09360,0.15890,0.11110,0.09170,0.09720,0.16130,0.09820,0.18420,0.10370,0.22930,0.12110,0.12780,0.10410,0.17650,0.13420,0.11010,0.10390,0.14670,0.09560,0.10730,0.10360,0.07900,0.12960,0.07880,0.09660,0.08360,0.11150,0.07900,0.11270,0.07990,0.09860,0.08110,0.10510,0.14140,0.07900,0.10160,0.07890,0.13360,0.08700,0.10490,0.07960,0.11750,0.07990,0.10570,0.08260,0.14720,0.11510,0.09940,0.11290,0.14110,0.11200,0.09260,0.10240,0.11140,0.10040,0.10780,0.09490,0.25900,0.11450,0.19990,0.26160,0.14860,0.10370,0.09470,0.09700,0.11310,0.10770,0.18730,0.10910,0.07510,0.12210,0.07900,0.09950,0.07930,0.10690,0.07840,0.09440,0.08030,0.10320,0.08120,0.09520
1:30:34,0.21300,0.08170,0.13150,0.08400,0.16220,0.08090,0.10160,0.08010,0.18100,0.08650,0.13700,0.09010,0.20380,0.18040,0.17850,0.09550,0.17030,0.11500,0.09510,0.10040,0.17170,0.10060,0.17330,0.10790,0.16000,0.12550,0.13350,0.10610,0.18740,0.13850,0.11180,0.10670,0.15640,0.09790,0.10840,0.10800,0.08060,0.13430,0.08050,0.09820,0.08510,0.11500,0.08090,0.11490,0.08240,0.10080,0.08400,0.10880,0.14950,0.08030,0.10340,0.08060,0.14010,0.08850,0.10660,0.08160,0.12070,0.08190,0.10850,0.08470,0.15600,0.11840,0.10090,0.11600,0.14810,0.11390,0.09420,0.10450,0.11370,0.10220,0.11010,0.09680,0.25590,0.11920,0.18130,0.24500,0.15630,0.10480,0.09520,0.09920,0.11480,0.10860,0.17100,0.10810,0.07510,0.12510,0.08040,0.10160,0.08060,0.10870,0.07930,0.09640,0.08190,0.10530,0.08300,0.09520
1:40:34,0.21510,0.08370,0.13730,0.08500,0.17270,0.08140,0.10450,0.08210,0.19190,0.09070,0.14110,0.09440,0.20320,0.17570,0.12790,0.09740,0.18150,0.11960,0.09810,0.10390,0.18290,0.10290,0.16520,0.11150,0.16850,0.12940,0.13870,0.10790,0.19830,0.14290,0.11370,0.10960,0.16720,0.10010,0.10640,0.11340,0.08220,0.13900,0.08240,0.10020,0.08340,0.11880,0.08300,0.11760,0.08520,0.10330,0.08730,0.11260,0.15750,0.08200,0.10500,0.08270,0.13770,0.08870,0.09720,0.08390,0.12360,0.08410,0.11180,0.08700,0.16460,0.12150,0.10260,0.11940,0.15530,0.11640,0.09660,0.10660,0.11680,0.09890,0.11270,0.09940,0.25220,0.12320,0.16580,0.23190,0.16400,0.10540,0.09600,0.10150,0.11620,0.10330,0.15870,0.10710,0.07520,0.12860,0.08180,0.10370,0.08220,0.11040,0.08030,0.09840,0.08350,0.10630,0.08490,0.09540
1:50:34,0.21950,0.08660,0.14380,0.08640,0.18430,0.08230,0.10830,0.08540,0.20340,0.09560,0.14460,0.09920,0.20460,0.17190,0.13380,0.10040,0.19410,0.12510,0.10200,0.10910,0.19510,0.10770,0.16100,0.11830,0.17630,0.13370,0.14450,0.11080,0.21020,0.13280,0.11650,0.11370,0.17900,0.10430,0.11200,0.11920,0.08420,0.14380,0.08470,0.10300,0.08610,0.12400,0.08550,0.12090,0.08880,0.10760,0.09130,0.11820,0.16500,0.08380,0.10760,0.08500,0.14500,0.08770,0.09980,0.08680,0.12740,0.08690,0.10990,0.09010,0.17340,0.12470,0.10480,0.12340,0.16290,0.11950,0.09970,0.10960,0.12090,0.10200,0.11650,0.10310,0.25010,0.12740,0.15350,0.21970,0.17160,0.10830,0.09700,0.10430,0.11870,0.10500,0.14720,0.10690,0.07520,0.13220,0.08370,0.10570,0.08400,0.11290,0.08150,0.10090,0.08560,0.10770,0.08720,0.09540
2:00:34,0.22480,0.08960,0.15040,0.08790,0.19610,0.08190,0.11280,0.08880,0.21470,0.10060,0.15850,0.10420,0.20640,0.17040,0.14060,0.10360,0.20690,0.13060,0.10670,0.11420,0.20730,0.11300,0.15890,0.12510,0.18430,0.13800,0.15060,0.11390,0.22190,0.13790,0.11990,0.11790,0.19140,0.10900,0.11740,0.12520,0.08640,0.14840,0.08740,0.10640,0.08920,0.12960,0.08850,0.12500,0.09300,0.11150,0.09580,0.12370,0.17250,0.08580,0.11050,0.08800,0.15290,0.08890,0.10290,0.09020,0.13220,0.09040,0.11470,0.09350,0.18250,0.12800,0.10730,0.12790,0.17070,0.12260,0.10310,0.11280,0.12530,0.10560,0.12080,0.10730,0.25010,0.13250,0.14520,0.20960,0.17930,0.10700,0.09810,0.10730,0.10800,0.10720,0.14290,0.10700,0.07530,0.13610,0.08590,0.10790,0.08600,0.11560,0.08290,0.10390,0.08800,0.10930,0.09000,0.09560
2:10:34,0.23150,0.09290,0.15730,0.08970,0.20760,0.08290,0.11720,0.09270,0.23000,0.10540,0.15920,0.10910,0.20950,0.16980,0.14730,0.10710,0.21920,0.13610,0.11120,0.11960,0.21890,0.11820,0.15860,0.13170,0.19230,0.14240,0.15720,0.11730,0.23390,0.14350,0.12330,0.12250,0.20310,0.11380,0.12300,0.13080,0.08890,0.15340,0.09030,0.10990,0.09250,0.13560,0.09180,0.12910,0.09720,0.11600,0.10030,0.12890,0.18000,0.08820,0.11380,0.09110,0.16100,0.09190,0.10630,0.09370,0.13560,0.09400,0.11960,0.09710,0.19210,0.13110,0.11050,0.13290,0.17870,0.12610,0.10680,0.11640,0.13000,0.10980,0.12540,0.11130,0.25180,0.13780,0.13910,0.20130,0.18710,0.11050,0.09890,0.11080,0.11200,0.10980,0.14070,0.10730,0.07540,0.13990,0.08830,0.11010,0.08810,0.11860,0.08460,0.10730,0.09100,0.11170,0.09330,0.09590
2:20:34,0.23750,0.09560,0.16340,0.09070,0.21850,0.08350,0.12060,0.09580,0.23970,0.10930,0.16110,0.11310,0.21200,0.17000,0.15380,0.11000,0.23120,0.14130,0.11510,0.12400,0.22970,0.12220,0.15910,0.13710,0.19990,0.14610,0.16300,0.12030,0.24500,0.14830,0.12630,0.12630,0.21400,0.11770,0.12750,0.13560,0.09080,0.15750,0.09280,0.11280,0.09540,0.14070,0.09470,0.13240,0.10070,0.11960,0.10400,0.13340,0.18690,0.09010,0.11640,0.09380,0.16880,0.09460,0.10940,0.09680,0.13210,0.09710,0.12380,0.10010,0.20070,0.13370,0.11280,0.13720,0.18600,0.12890,0.10980,0.11930,0.13400,0.11310,0.12930,0.11470,0.25440,0.14290,0.13580,0.19330,0.19440,0.11360,0.09930,0.11390,0.11510,0.11180,0.11770,0.10720,0.07540,0.14350,0.09020,0.11210,0.08960,0.12100,0.08570,0.11020,0.09330,0.11350,0.09590,0.09600
2:30:34,0.24360,0.09790,0.16890,0.09150,0.22870,0.08370,0.12360,0.09850,0.24880,0.11280,0.16260,0.11660,0.21520,0.17110,0.15930,0.11250,0.24250,0.14580,0.11820,0.12780,0.24000,0.12560,0.16000,0.14160,0.20730,0.14970,0.16830,0.12240,0.25540,0.15270,0.11950,0.12950,0.22390,0.12120,0.13140,0.13990,0.09240,0.16130,0.09480,0.11530,0.09780,0.14520,0.09700,0.13530,0.10370,0.12280,0.10730,0.13760,0.19370,0.09160,0.11840,0.09610,0.17600,0.09680,0.11200,0.09940,0.13610,0.09970,0.12740,0.10280,0.20910,0.13620,0.11450,0.14100,0.19260,0.13160,0.11230,0.12190,0.13740,0.11620,0.13240,0.11760,0.25760,0.14720,0.13220,0.18600,0.20100,0.11620,0.09980,0.11650,0.11850,0.11360,0.12060,0.10730,0.07550,0.14710,0.09180,0.11400,0.09090,0.12310,0.08670,0.11260,0.09520,0.11480,0.09800,0.09630
2:40:34,0.25070,0.10040,0.17460,0.09290,0.23900,0.08470,0.12690,0.10150,0.25790,0.11640,0.14140,0.12010,0.21970,0.17330,0.16520,0.11520,0.25370,0.15070,0.12150,0.13170,0.25010,0.12920,0.16160,0.14640,0.21520,0.15390,0.17370,0.12460,0.26580,0.15700,0.12230,0.13290,0.23410,0.12470,0.13530,0.14410,0.09410,0.16560,0.09700,0.11770,0.10020,0.14990,0.09950,0.13800,0.10670,0.12610,0.11050,0.14170,0.20090,0.09330,0.12060,0.09830,0.18310,0.09910,0.11460,0.10210,0.14010,0.10230,0.13100,0.10550,0.21750,0.13910,0.11660,0.14490,0.19930,0.13390,0.11490,0.12460,0.14110,0.11920,0.13570,0.12060,0.26250,0.15180,0.13020,0.18050,0.20780,0.11890,0.10050,0.11910,0.12170,0.11570,0.12370,0.10740,0.07540,0.15080,0.09330,0.11590,0.09240,0.12540,0.08820,0.11530,0.09720,0.11660,0.10020,0.09650
2:50:34,0.25750,0.10260,0.18010,0.09380,0.24930,0.08500,0.12960,0.10410,0.26600,0.11950,0.14540,0.12320,0.22360,0.17570,0.17100,0.11770,0.26480,0.15530,0.12450,0.13550,0.26010,0.13220,0.16330,0.15080,0.22240,0.15740,0.17890,0.12700,0.27570,0.16140,0.12490,0.13360,0.24390,0.12800,0.13890,0.14820,0.09590,0.16930,0.09910,0.12030,0.10270,0.15450,0.10180,0.14080,0.10960,0.12700,0.11340,0.14560,0.20760,0.09510,0.12280,0.10060,0.19050,0.10140,0.11740,0.10470,0.14400,0.10500,0.13440,0.10810,0.22600,0.14160,0.11880,0.14890,0.20580,0.13680,0.11760,0.12720,0.14470,0.12230,0.13870,0.12360,0.26830,0.15660,0.12940,0.17700,0.21450,0.12160,0.10080,0.12190,0.12490,0.11780,0.12670,0.10780,0.07550,0.15450,0.09510,0.11770,0.09390,0.12760,0.08950,0.11790,0.09930,0.11820,0.10250,0.09680
3:00:34,0.26480,0.10490,0.18570,0.09500,0.25930,0.08600,0.13250,0.10680,0.27400,0.12270,0.14910,0.12630,0.22890,0.17890,0.17640,0.12020,0.27570,0.15960,0.12760,0.13910,0.26980,0.13550,0.16560,0.15510,0.23030,0.16150,0.18410,0.12940,0.28540,0.16550,0.12750,0.13670,0.25380,0.13130,0.14250,0.15220,0.09760,0.17300,0.10120,0.12260,0.10490,0.15900,0.10420,0.14320,0.11240,0.12990,0.11640,0.14930,0.21450,0.09690,0.12480,0.10280,0.19750,0.10360,0.12000,0.10710,0.14760,0.10760,0.13770,0.11060,0.23440,0.14440,0.12070,0.15260,0.21210,0.13950,0.12010,0.12960,0.14810,0.12530,0.14180,0.12650,0.27460,0.16130,0.12930,0.14250,0.22100,0.12430,0.10130,0.12450,0.12800,0.11990,0.12970,0.10790,0.07560,0.15820,0.09660,0.11970,0.09540,0.12980,0.09090,0.12060,0.10130,0.11990,0.10460,0.09720
3:10:34,0.27230,0.10730,0.19170,0.09650,0.26930,0.08700,0.13560,0.10960,0.28230,0.12590,0.15270,0.12940,0.23440,0.18260,0.18210,0.12280,0.28670,0.16430,0.13070,0.14270,0.27950,0.13840,0.16820,0.15950,0.23790,0.16580,0.18940,0.13180,0.29510,0.16990,0.13040,0.13970,0.26340,0.13470,0.14600,0.15620,0.09950,0.17700,0.10350,0.12520,0.10740,0.16370,0.10670,0.14580,0.11520,0.13290,0.11930,0.15310,0.22190,0.09900,0.12720,0.10520,0.20480,0.10590,0.12270,0.10980,0.15160,0.11020,0.14100,0.11330,0.24310,0.14740,0.12310,0.15660,0.21860,0.14230,0.12290,0.13230,0.15160,0.12850,0.14510,0.12960,0.28200,0.16630,0.13020,0.14640,0.22790,0.12720,0.10200,0.12750,0.13120,0.12230,0.13290,0.10840,0.07570,0.16210,0.09850,0.12180,0.09720,0.13090,0.09280,0.12340,0.10360,0.12200,0.10700,0.09770
3:20:34,0.28030,0.11000,0.19770,0.09840,0.27950,0.08840,0.13850,0.11260,0.29000,0.12910,0.15610,0.13260,0.24050,0.18660,0.18810,0.12590,0.29770,0.16850,0.13420,0.14640,0.28910,0.14170,0.17100,0.16420,0.24590,0.17010,0.19490,0.13430,0.30490,0.17440,0.13330,0.14290,0.27300,0.13820,0.14980,0.16020,0.10170,0.18130,0.10590,0.12800,0.10990,0.16860,0.10930,0.14860,0.11820,0.13610,0.12250,0.15720,0.22910,0.10130,0.12990,0.10780,0.21210,0.10860,0.12570,0.11260,0.15540,0.11310,0.14460,0.11600,0.25230,0.15050,0.12570,0.16090,0.22530,0.14540,0.12600,0.13530,0.15520,0.13190,0.14860,0.13260,0.29020,0.17150,0.13200,0.15040,0.23480,0.13030,0.10270,0.13060,0.13460,0.12530,0.13620,0.10900,0.07580,0.16600,0.10070,0.12410,0.09910,0.13420,0.09500,0.12640,0.10610,0.12440,0.10960,0.09810
3:30:34,0.28810,0.11250,0.20370,0.10020,0.28970,0.08950,0.14150,0.11550,0.29800,0.13210,0.15950,0.13570,0.24620,0.19050,0.19400,0.12880,0.30850,0.17310,0.13740,0.15000,0.29860,0.14480,0.17370,0.16870,0.25380,0.17440,0.20040,0.13650,0.31450,0.17900,0.13640,0.14590,0.28260,0.14160,0.15340,0.16430,0.10400,0.18550,0.10840,0.13080,0.11250,0.17320,0.11200,0.15120,0.12110,0.13930,0.12560,0.16110,0.23610,0.10370,0.13260,0.11030,0.21940,0.11110,0.12860,0.11520,0.15920,0.11600,0.14800,0.11880,0.26140,0.15340,0.12850,0.16530,0.23190,0.14830,0.12900,0.13830,0.15870,0.13520,0.15200,0.13550,0.29850,0.17680,0.13400,0.15440,0.24190,0.13350,0.10350,0.13370,0.13820,0.12840,0.13960,0.10950,0.07590,0.16990,0.10300,0.12620,0.10110,0.13740,0.09720,0.12950,0.10880,0.12710,0.11220,0.09840
3:40:34,0.29580,0.11490,0.20930,0.10190,0.29940,0.09050,0.14420,0.11810,0.30530,0.13500,0.16250,0.13870,0.22500,0.19410,0.19970,0.13170,0.31920,0.17760,0.14040,0.15340,0.30790,0.14770,0.17630,0.17290,0.26140,0.17830,0.20570,0.13870,0.32380,0.18340,0.13930,0.14890,0.29180,0.14470,0.15680,0.16800,0.10620,0.18970,0.11090,0.13340,0.11500,0.17780,0.11450,0.15370,0.12400,0.14230,0.12850,0.16480,0.24290,0.10600,0.13450,0.11290,0.22660,0.11370,0.13140,0.11770,0.16300,0.11880,0.15130,0.12140,0.27050,0.15630,0.13110,0.16950,0.23830,0.15130,0.13200,0.14120,0.16220,0.13850,0.15530,0.13850,0.30690,0.18200,0.12700,0.15850,0.24880,0.13660,0.10430,0.13690,0.14150,0.13150,0.14290,0.11020,0.07590,0.17340,0.10520,0.12820,0.10310,0.14030,0.09950,0.13250,0.11120,0.12970,0.11470,0.09870
3:50:34,0.30340,0.11730,0.21480,0.10360,0.30880,0.09130,0.14690,0.12060,0.31270,0.13760,0.16540,0.14150,0.23070,0.19790,0.20530,0.13430,0.32960,0.18210,0.14320,0.15670,0.31690,0.15060,0.17850,0.17700,0.26890,0.18220,0.21090,0.14070,0.33290,0.18770,0.14170,0.15170,0.30100,0.14780,0.15990,0.17150,0.10840,0.19350,0.11320,0.13590,0.11740,0.18240,0.11690,0.15610,0.12650,0.14510,0.13110,0.16840,0.24950,0.10820,0.13690,0.11520,0.23350,0.11600,0.13400,0.12010,0.16650,0.12130,0.15420,0.12380,0.27940,0.15890,0.13350,0.17350,0.24460,0.15390,0.13470,0.14400,0.16550,0.14160,0.15820,0.14130,0.31490,0.18700,0.12930,0.16240,0.25540,0.13950,0.10470,0.13970,0.14470,0.13440,0.14590,0.11050,0.07590,0.17700,0.10720,0.13010,0.10480,0.14310,0.10150,0.13530,0.11350,0.13210,0.11700,0.09910
4:00:34,0.31030,0.11930,0.22000,0.10470,0.31780,0.09150,0.14910,0.12260,0.31970,0.13980,0.16800,0.14360,0.23590,0.20090,0.21040,0.13660,0.33960,0.18590,0.14560,0.15940,0.32550,0.15250,0.18050,0.18050,0.27550,0.18530,0.21560,0.14220,0.34140,0.19160,0.14390,0.15390,0.30970,0.15020,0.16260,0.17470,0.11010,0.19690,0.11510,0.13790,0.11940,0.18620,0.11880,0.15800,0.12870,0.14730,0.13330,0.17150,0.25520,0.11010,0.13890,0.11710,0.24010,0.11800,0.13630,0.12210,0.16980,0.12350,0.15680,0.12580,0.28790,0.16090,0.13550,0.17710,0.25030,0.15600,0.13710,0.14630,0.16840,0.14420,0.16070,0.14360,0.32270,0.19150,0.13170,0.16620,0.26160,0.14210,0.10480,0.14210,0.14740,0.13670,0.14850,0.11060,0.07590,0.18040,0.10900,0.13170,0.10630,0.14530,0.10320,0.13770,0.11540,0.13400,0.11890,0.09920
4:10:34,0.31750,0.12140,0.22510,0.10610,0.32700,0.09240,0.15160,0.12490,0.32640,0.14220,0.17070,0.14600,0.24200,0.20480,0.21570,0.13900,0.34970,0.18990,0.14820,0.16230,0.33440,0.15490,0.18280,0.18440,0.28310,0.18940,0.22040,0.14400,0.34990,0.19560,0.14630,0.15630,0.31840,0.15280,0.16530,0.17780,0.11200,0.20050,0.11710,0.14010,0.12140,0.19020,0.12080,0.16020,0.13080,0.14990,0.13570,0.17470,0.26190,0.11190,0.14090,0.11920,0.24680,0.12000,0.13870,0.12420,0.17310,0.12580,0.15960,0.12800,0.29630,0.16370,0.13750,0.18080,0.25610,0.15830,0.13960,0.14870,0.17130,0.14690,0.16330,0.14610,0.33040,0.19630,0.13370,0.16990,0.26800,0.14480,0.10550,0.14460,0.15030,0.13930,0.15120,0.11140,0.07600,0.18410,0.11080,0.13400,0.10790,0.14780,0.10500,0.14020,0.11740,0.13630,0.12080,0.09990
4:20:34,0.32470,0.12340,0.23040,0.10750,0.33600,0.09330,0.15410,0.12700,0.33330,0.14450,0.17340,0.14850,0.24830,0.20880,0.22110,0.14130,0.35950,0.19400,0.15060,0.16510,0.34290,0.15710,0.18490,0.18800,0.29070,0.19350,0.22540,0.14580,0.35840,0.19960,0.14870,0.15880,0.32710,0.15540,0.16820,0.18110,0.11380,0.20430,0.11920,0.14220,0.12360,0.19420,0.12280,0.16240,0.13300,0.15230,0.13800,0.17790,0.26850,0.11380,0.14310,0.12130,0.25330,0.12210,0.14100,0.12640,0.17630,0.12810,0.16240,0.13010,0.30490,0.16670,0.13970,0.18440,0.26200,0.16070,0.14190,0.15120,0.17420,0.14970,0.16590,0.14850,0.33790,0.20110,0.13600,0.17350,0.27440,0.14740,0.10650,0.14720,0.15320,0.14200,0.15410,0.11230,0.07610,0.18790,0.11260,0.13620,0.10950,0.15040,0.10680,0.14280,0.11950,0.13860,0.12290,0.10040
4:30:34,0.33180,0.12550,0.23570,0.10920,0.34510,0.09450,0.15660,0.12920,0.34010,0.14670,0.17620,0.15080,0.25450,0.21260,0.22640,0.14370,0.36940,0.19810,0.15310,0.16800,0.35170,0.15950,0.18720,0.19190,0.29830,0.19780,0.23030,0.14780,0.36720,0.20380,0.15120,0.16140,0.33570,0.15810,0.17120,0.18440,0.11570,0.20860,0.12130,0.14440,0.12590,0.19840,0.12500,0.16470,0.13530,0.15500,0.14040,0.18120,0.27510,0.11580,0.14530,0.12350,0.25990,0.12430,0.14350,0.12860,0.17970,0.13050,0.16520,0.13240,0.31350,0.16980,0.14190,0.18810,0.26790,0.16340,0.14440,0.15380,0.17720,0.15250,0.16860,0.15110,0.34570,0.20590,0.13830,0.17720,0.28100,0.15020,0.10770,0.14990,0.15630,0.14490,0.15690,0.11370,0.07620,0.19160,0.11460,0.13830,0.11140,0.15310,0.10900,0.14540,0.12160,0.14100,0.12500,0.10070
4:40:34,0.33880,0.12750,0.24100,0.11070,0.35380,0.09530,0.15890,0.13120,0.34680,0.14890,0.17870,0.15330,0.26020,0.21620,0.23150,0.14590,0.37890,0.20210,0.15550,0.17090,0.36010,0.16170,0.18910,0.19540,0.30530,0.20140,0.23520,0.14970,0.37500,0.20770,0.15370,0.16370,0.34400,0.16070,0.17400,0.18740,0.11760,0.21240,0.12310,0.14650,0.12780,0.20250,0.12680,0.16660,0.13750,0.15740,0.14260,0.18430,0.28120,0.11770,0.14740,0.12550,0.26620,0.12630,0.14580,0.13070,0.18280,0.13260,0.16800,0.13440,0.32180,0.17220,0.14400,0.19160,0.27350,0.16570,0.14680,0.15610,0.17990,0.15510,0.17110,0.15350,0.35320,0.21060,0.14050,0.18070,0.28740,0.15280,0.10820,0.15240,0.15900,0.14750,0.15940,0.11430,0.07620,0.19500,0.11630,0.14030,0.11300,0.15560,0.11090,0.14790,0.12350,0.14310,0.12700,0.10110
4:50:34,0.34510,0.12900,0.24570,0.11160,0.36240,0.09550,0.16080,0.13280,0.35300,0.15050,0.18080,0.15500,0.26520,0.21900,0.23620,0.14780,0.38800,0.20560,0.15740,0.17330,0.36790,0.16340,0.19060,0.19830,0.31140,0.20450,0.23950,0.15120,0.38290,0.21130,0.15570,0.16580,0.35200,0.16280,0.17620,0.19010,0.11900,0.21580,0.12470,0.14820,0.12940,0.20620,0.12840,0.16840,0.13920,0.15930,0.14450,0.18710,0.28650,0.11930,0.14910,0.12720,0.27230,0.12800,0.14770,0.13240,0.18550,0.13430,0.17010,0.13610,0.32980,0.17420,0.14570,0.19480,0.27880,0.16780,0.14870,0.15810,0.18240,0.15740,0.17320,0.15540,0.36030,0.21480,0.14230,0.18400,0.29340,0.15510,0.10830,0.15450,0.16150,0.14970,0.16170,0.11470,0.07610,0.19820,0.11780,0.14170,0.11430,0.15770,0.11240,0.15000,0.12510,0.14490,0.12860,0.10120
5:00:34,0.35150,0.13050,0.25040,0.11250,0.37050,0.09550,0.16260,0.13440,0.35910,0.15230,0.18290,0.15670,0.27000,0.22180,0.24090,0.14950,0.39700,0.20900,0.15940,0.17560,0.37580,0.16510,0.19220,0.20120,0.31750,0.20740,0.24370,0.15260,0.39060,0.21480,0.15750,0.16760,0.35970,0.16490,0.17850,0.19280,0.12040,0.21880,0.12630,0.14980,0.13080,0.20960,0.12990,0.16990,0.14100,0.16120,0.14630,0.18970,0.29170,0.12070,0.15060,0.12860,0.27810,0.12950,0.14960,0.13390,0.18810,0.13610,0.17220,0.13760,0.33750,0.17590,0.14730,0.19770,0.28410,0.16970,0.15050,0.15990,0.18470,0.15940,0.17520,0.15730,0.36720,0.21900,0.14390,0.18710,0.29940,0.15720,0.10820,0.15670,0.16380,0.15180,0.16390,0.11480,0.07620,0.20160,0.11920,0.14330,0.11540,0.15990,0.11380,0.15200,0.12660,0.14650,0.13010,0.10150
5:10:34,0.35790,0.13190,0.25500,0.11340,0.37880,0.09570,0.16450,0.13600,0.36550,0.15380,0.18510,0.15840,0.27520,0.22480,0.24540,0.15110,0.40590,0.21230,0.16150,0.17780,0.38380,0.16660,0.19370,0.20410,0.32410,0.21040,0.24780,0.15380,0.39830,0.21800,0.15920,0.16950,0.36750,0.16660,0.18060,0.19540,0.12160,0.22160,0.12770,0.15120,0.13220,0.21300,0.13140,0.17140,0.14260,0.16280,0.14780,0.19230,0.29730,0.12190,0.15200,0.12990,0.28400,0.13100,0.15140,0.13540,0.19070,0.13760,0.17430,0.13910,0.34510,0.17800,0.14880,0.20060,0.28900,0.17170,0.15240,0.16180,0.18700,0.16140,0.17710,0.15920,0.37390,0.22310,0.14550,0.19010,0.30530,0.15920,0.10850,0.15860,0.16610,0.15360,0.16590,0.11510,0.07630,0.20500,0.12030,0.14510,0.11650,0.16200,0.11500,0.15390,0.12790,0.14810,0.13140,0.10200
5:20:34,0.36420,0.13350,0.25970,0.11440,0.38660,0.09620,0.16640,0.13780,0.37190,0.15560,0.18730,0.16030,0.28100,0.22860,0.24950,0.15280,0.41470,0.21560,0.16340,0.18010,0.39150,0.16830,0.19520,0.20730,0.33140,0.21450,0.25210,0.15530,0.40560,0.22160,0.16100,0.17140,0.37530,0.16860,0.18280,0.19810,0.12300,0.22480,0.12900,0.15280,0.13370,0.21650,0.13270,0.17300,0.14420,0.16470,0.14960,0.19500,0.30380,0.12330,0.15340,0.13140,0.28970,0.13240,0.15320,0.13700,0.19340,0.13930,0.17630,0.14070,0.35270,0.18070,0.15030,0.20350,0.29410,0.17370,0.15410,0.16350,0.18950,0.16350,0.17900,0.16100,0.38080,0.22710,0.14710,0.19310,0.31100,0.16120,0.10930,0.16070,0.16830,0.15570,0.16800,0.11610,0.07630,0.20860,0.12160,0.14730,0.11770,0.16410,0.11630,0.15580,0.12930,0.14970,0.13290,0.10230
5:30:34,0.37020,0.13480,0.26440,0.11520,0.39480,0.09650,0.16820,0.13910,0.37800,0.15740,0.18950,0.16200,0.28610,0.23170,0.25400,0.15440,0.42330,0.21870,0.16510,0.18230,0.39890,0.17010,0.19670,0.21020,0.33790,0.21780,0.25630,0.15670,0.41320,0.22490,0.16270,0.17330,0.38260,0.17050,0.18470,0.20060,0.12420,0.22800,0.13040,0.15430,0.13510,0.22000,0.13420,0.17450,0.14580,0.16640,0.15110,0.19750,0.30960,0.12460,0.15490,0.13280,0.29560,0.13390,0.15500,0.13860,0.19590,0.14090,0.17830,0.14220,0.36020,0.18300,0.15190,0.20640,0.29910,0.17570,0.15600,0.16540,0.19180,0.16550,0.18100,0.16270,0.38750,0.23100,0.14880,0.19600,0.31660,0.16320,0.10990,0.16270,0.17050,0.15780,0.16990,0.11690,0.07640,0.21200,0.12290,0.14920,0.11880,0.16620,0.11770,0.15770,0.13070,0.15130,0.13430,0.10290
5:40:34,0.37650,0.13620,0.26910,0.11630,0.40260,0.09730,0.17010,0.14080,0.38410,0.15900,0.19160,0.16380,0.29180,0.23540,0.25860,0.15630,0.43200,0.22220,0.16710,0.18440,0.40650,0.17170,0.19820,0.21320,0.34490,0.22180,0.26040,0.15820,0.42100,0.22820,0.16460,0.17530,0.39030,0.17240,0.18700,0.20320,0.12550,0.23130,0.13190,0.15590,0.13650,0.22340,0.13570,0.17600,0.14750,0.16820,0.15280,0.20020,0.31580,0.12600,0.15630,0.13430,0.30130,0.13540,0.15680,0.14010,0.19850,0.14250,0.18030,0.14380,0.36780,0.18570,0.15350,0.20940,0.30420,0.17790,0.15770,0.16730,0.19420,0.16760,0.18280,0.16460,0.39420,0.23520,0.15040,0.19900,0.32230,0.16540,0.11070,0.16460,0.17250,0.15990,0.17200,0.11790,0.07640,0.21560,0.12410,0.15130,0.12010,0.16840,0.11910,0.15970,0.13200,0.15310,0.13590,0.10330
5:50:34,0.38270,0.13760,0.27380,0.11740,0.41050,0.09800,0.17200,0.14250,0.39030,0.16080,0.19380,0.16550,0.29740,0.23900,0.26330,0.15790,0.44060,0.22560,0.16900,0.18690,0.41430,0.17350,0.19970,0.21630,0.35180,0.22540,0.26460,0.15970,0.42830,0.23170,0.16640,0.17720,0.39800,0.17450,0.18920,0.20600,0.12690,0.23470,0.13330,0.15740,0.13810,0.22680,0.13720,0.17770,0.14900,0.17000,0.15450,0.20290,0.32180,0.12740,0.15790,0.13570,0.30690,0.13690,0.15860,0.14180,0.20120,0.14410,0.18240,0.14540,0.37540,0.18830,0.15520,0.21230,0.30930,0.17990,0.15960,0.16910,0.19670,0.16960,0.18480,0.16650,0.40090,0.23930,0.15220,0.20210,0.32780,0.16740,0.11150,0.16680,0.17480,0.16200,0.17410,0.11890,0.07660,0.21910,0.12550,0.15330,0.12130,0.17070,0.12050,0.16170,0.13340,0.15470,0.13730,0.10380
6:00:34,0.38900,0.13900,0.27840,0.11860,0.41820,0.09890,0.17380,0.14420,0.39680,0.16250,0.19600,0.16710,0.30310,0.24280,0.26760,0.15970,0.44930,0.22890,0.17090,0.18910,0.42190,0.17510,0.20140,0.21910,0.35880,0.22950,0.26880,0.16130,0.43570,0.23520,0.16830,0.17900,0.40560,0.17640,0.19140,0.20850,0.12830,0.23830,0.13480,0.15890,0.13960,0.23020,0.13870,0.17930,0.15070,0.17170,0.15620,0.20570,0.32810,0.12880,0.15950,0.13720,0.31260,0.13820,0.16050,0.14340,0.20380,0.14580,0.18440,0.14700,0.38290,0.19110,0.15680,0.21530,0.31430,0.18210,0.16140,0.17110,0.19920,0.17160,0.18690,0.16830,0.40770,0.24330,0.15390,0.20510,0.33330,0.16950,0.11250,0.16870,0.17710,0.16410,0.17610,0.12020,0.07660,0.22270,0.12680,0.15560,0.12260,0.17280,0.12200,0.16370,0.13480,0.15660,0.13880,0.10420
6:10:34,0.39510,0.14030,0.28300,0.12000,0.42610,0.09970,0.17570,0.14580,0.40300,0.16410,0.19840,0.16870,0.30860,0.24640,0.27210,0.16160,0.45790,0.23210,0.17280,0.19120,0.42920,0.17680,0.20310,0.22200,0.36560,0.23330,0.27300,0.16300,0.44280,0.23870,0.17020,0.18090,0.41290,0.17810,0.19350,0.21090,0.12960,0.24180,0.13630,0.16050,0.14100,0.23350,0.14020,0.18090,0.15230,0.17340,0.15780,0.20840,0.33400,0.13030,0.16090,0.13870,0.31830,0.13970,0.16230,0.14490,0.20640,0.14730,0.18640,0.14840,0.39040,0.19380,0.15850,0.21830,0.31940,0.18420,0.16310,0.17310,0.20150,0.17370,0.18880,0.17010,0.41430,0.24730,0.15550,0.20820,0.33880,0.17170,0.11350,0.17070,0.17930,0.16620,0.17810,0.12160,0.07670,0.22610,0.12820,0.15780,0.12390,0.17500,0.12350,0.16570,0.13620,0.15830,0.14030,0.10480
6:20:34,0.40140,0.14170,0.28770,0.12120,0.43430,0.10070,0.17760,0.14750,0.40930,0.16580,0.20060,0.17030,0.31410,0.25000,0.27650,0.16330,0.46630,0.23560,0.17480,0.19360,0.43670,0.17870,0.20470,0.22490,0.37230,0.23710,0.27730,0.16470,0.45000,0.24210,0.17220,0.18300,0.42080,0.18020,0.19570,0.21380,0.13110,0.24570,0.13780,0.16220,0.14270,0.23700,0.14170,0.18270,0.15390,0.17530,0.15960,0.21120,0.33990,0.13180,0.16270,0.14020,0.32410,0.14120,0.16410,0.14650,0.20900,0.14890,0.18860,0.15010,0.39790,0.19650,0.16020,0.22130,0.32450,0.18640,0.16500,0.17500,0.20400,0.17570,0.19100,0.17210,0.42110,0.25150,0.15730,0.21120,0.34450,0.17380,0.11450,0.17280,0.18160,0.16840,0.18030,0.12310,0.07680,0.22960,0.12960,0.16000,0.12520,0.17710,0.12510,0.16770,0.13770,0.16010,0.14190,0.10530
6:30:34,0.40710,0.14310,0.29210,0.12250,0.44170,0.10160,0.17930,0.14900,0.41530,0.16720,0.20250,0.17190,0.31930,0.25340,0.28100,0.16480,0.47470,0.23890,0.17650,0.19550,0.44380,0.18040,0.20630,0.22780,0.37870,0.24080,0.28120,0.16620,0.45700,0.24540,0.17420,0.18490,0.42810,0.18190,0.19770,0.21620,0.13230,0.24930,0.13910,0.16370,0.14400,0.24030,0.14310,0.18430,0.15540,0.17710,0.16110,0.21370,0.34570,0.13310,0.16410,0.14160,0.32970,0.14260,0.16580,0.14780,0.21170,0.15030,0.19060,0.15150,0.40510,0.19910,0.16170,0.22410,0.32940,0.18840,0.16680,0.17680,0.20630,0.17760,0.19290,0.17400,0.42760,0.25550,0.15890,0.21420,0.34980,0.17580,0.11530,0.17470,0.18380,0.17030,0.18210,0.12430,0.07680,0.23290,0.13090,0.16180,0.12650,0.17930,0.12640,0.16960,0.13890,0.16180,0.14320,0.10560
6:40:34,0.41300,0.14450,0.29670,0.12360,0.44890,0.10220,0.18090,0.15040,0.42090,0.16890,0.20440,0.17350,0.32430,0.25670,0.28510,0.16650,0.48260,0.24210,0.17830,0.19750,0.45040,0.18210,0.20810,0.23060,0.38490,0.24430,0.28530,0.16760,0.46410,0.24870,0.17580,0.18680,0.43470,0.18370,0.19980,0.21850,0.13360,0.25300,0.14040,0.16500,0.14550,0.24360,0.14450,0.18600,0.15680,0.17880,0.16270,0.21630,0.35110,0.13460,0.16560,0.14290,0.33490,0.14390,0.16760,0.14920,0.21410,0.15180,0.19260,0.15300,0.41230,0.20160,0.16330,0.22700,0.33440,0.19060,0.16850,0.17870,0.20860,0.17950,0.19480,0.17560,0.43410,0.25930,0.16060,0.21710,0.35530,0.17780,0.11610,0.17650,0.18590,0.17240,0.18400,0.12550,0.07690,0.23610,0.13220,0.16370,0.12760,0.18130,0.12780,0.17140,0.14030,0.16350,0.14470,0.10610
6:50:34,0.41890,0.14580,0.30100,0.12470,0.45650,0.10280,0.18260,0.15190,0.42670,0.17050,0.20650,0.17490,0.32910,0.25980,0.28920,0.16800,0.49060,0.24520,0.17990,0.19960,0.45750,0.18370,0.20960,0.23350,0.39080,0.24750,0.28940,0.16910,0.47100,0.25190,0.17750,0.18840,0.44210,0.18550,0.20150,0.22090,0.13480,0.25630,0.14160,0.16640,0.14690,0.24670,0.14570,0.18760,0.15830,0.18050,0.16400,0.21860,0.35640,0.13580,0.16690,0.14430,0.34040,0.14510,0.16910,0.15050,0.21640,0.15320,0.19430,0.15430,0.41930,0.20380,0.16470,0.22980,0.33930,0.19260,0.17000,0.18030,0.21100,0.18120,0.19660,0.17720,0.44030,0.26320,0.16210,0.21980,0.36060,0.17970,0.11670,0.17840,0.18780,0.17420,0.18580,0.12640,0.07690,0.23940,0.13340,0.16540,0.12880,0.18330,0.12910,0.17320,0.14150,0.16510,0.14600,0.10650
7:00:34,0.40640,0.14690,0.30510,0.12580,0.46400,0.10340,0.18410,0.15330,0.43250,0.17180,0.20830,0.17620,0.33420,0.26300,0.29340,0.16950,0.49850,0.24820,0.18140,0.20130,0.46420,0.18530,0.21120,0.23610,0.39710,0.25080,0.29330,0.17040,0.47770,0.25490,0.17900,0.19010,0.44910,0.18710,0.20340,0.22310,0.13590,0.25960,0.14280,0.16770,0.14810,0.24990,0.14690,0.18910,0.15960,0.18190,0.16550,0.22100,0.36190,0.13690,0.16830,0.14550,0.34560,0.14640,0.17060,0.15160,0.21880,0.15460,0.19620,0.15560,0.42630,0.20610,0.16600,0.23240,0.34410,0.19460,0.17150,0.18190,0.21310,0.18300,0.19820,0.17880,0.44640,0.26690,0.16360,0.22260,0.36580,0.18160,0.11730,0.18000,0.18990,0.17610,0.18760,0.12760,0.07690,0.24260,0.13460,0.16730,0.12990,0.18530,0.13030,0.17490,0.14270,0.16660,0.14720,0.10690
7:10:34,0.41260,0.14820,0.30950,0.12690,0.47120,0.10420,0.18570,0.15500,0.43820,0.17320,0.21020,0.17750,0.33940,0.26640,0.29760,0.17110,0.50630,0.25120,0.18310,0.20340,0.47110,0.18700,0.21270,0.23880,0.40350,0.25450,0.29730,0.17200,0.48460,0.25810,0.18070,0.19190,0.45600,0.18890,0.20520,0.22580,0.13720,0.26310,0.14400,0.16930,0.14950,0.25310,0.14820,0.19070,0.16120,0.18360,0.16690,0.22330,0.36730,0.13820,0.16990,0.14680,0.35090,0.14780,0.17230,0.15290,0.22130,0.15580,0.19800,0.15690,0.43320,0.20880,0.16740,0.23520,0.34900,0.19670,0.17310,0.18360,0.21530,0.18480,0.20010,0.18030,0.45280,0.27060,0.16510,0.22540,0.37110,0.18350,0.11820,0.18180,0.19190,0.17800,0.18960,0.12890,0.07700,0.24600,0.13580,0.16940,0.13090,0.18720,0.13160,0.17680,0.14400,0.16830,0.14860,0.10740
7:20:34,0.41900,0.14950,0.31380,0.12810,0.47820,0.10490,0.18740,0.15620,0.44420,0.17450,0.21220,0.17910,0.34450,0.26980,0.30160,0.17260,0.51420,0.25410,0.18480,0.20520,0.47790,0.18870,0.21430,0.24150,0.40970,0.25800,0.30110,0.17340,0.49150,0.26120,0.18240,0.19350,0.46300,0.19050,0.20700,0.22800,0.13830,0.26660,0.14530,0.17060,0.15070,0.25620,0.14940,0.19210,0.16270,0.18520,0.16820,0.22550,0.37310,0.13920,0.17120,0.14790,0.35600,0.14910,0.17390,0.15410,0.22370,0.15720,0.19980,0.15820,0.44010,0.21130,0.16880,0.23800,0.35380,0.19860,0.17460,0.18520,0.21730,0.18650,0.20180,0.18180,0.45900,0.27440,0.16650,0.22810,0.37640,0.18540,0.11910,0.18340,0.19380,0.17990,0.19150,0.13030,0.07710,0.24930,0.13700,0.17150,0.13200,0.18930,0.13280,0.17840,0.14510,0.16980,0.14970,0.10790
7:30:34,0.42550,0.15080,0.31800,0.12930,0.48550,0.10580,0.18920,0.15760,0.44980,0.17590,0.21400,0.18050,0.34990,0.27330,0.30580,0.17420,0.52190,0.25710,0.18630,0.20730,0.48480,0.19010,0.21600,0.24400,0.41610,0.26180,0.30500,0.17490,0.49820,0.26440,0.18410,0.19540,0.46990,0.19220,0.20890,0.23030,0.13950,0.27020,0.14660,0.17210,0.15190,0.25930,0.15070,0.19380,0.16410,0.18680,0.16970,0.22800,0.37880,0.14040,0.17280,0.14930,0.36150,0.15040,0.17560,0.15540,0.22610,0.15870,0.20170,0.15950,0.44690,0.21410,0.17020,0.24080,0.35870,0.20070,0.17610,0.18680,0.21960,0.18830,0.20360,0.18330,0.46520,0.27830,0.16800,0.23090,0.38150,0.18730,0.12000,0.18520,0.19580,0.18180,0.19330,0.13170,0.07720,0.25280,0.13820,0.17360,0.13320,0.19130,0.13410,0.18020,0.14640,0.17160,0.15090,0.10840
7:40:34,0.43160,0.15200,0.32220,0.13030,0.49270,0.10640,0.19080,0.15880,0.45530,0.17710,0.21570,0.18170,0.35440,0.27650,0.30980,0.17570,0.52960,0.25970,0.18780,0.20920,0.49130,0.19160,0.21760,0.24670,0.42180,0.26520,0.30900,0.17620,0.50480,0.26750,0.18580,0.19700,0.47700,0.19370,0.21070,0.23270,0.14070,0.27380,0.14780,0.17340,0.15310,0.26240,0.15170,0.19540,0.16540,0.18830,0.17110,0.23040,0.38390,0.14150,0.17420,0.15030,0.36670,0.15150,0.17710,0.15660,0.22840,0.15980,0.20340,0.16080,0.45370,0.21650,0.17160,0.24350,0.36330,0.20250,0.17770,0.18850,0.22160,0.19000,0.20540,0.18490,0.47130,0.28190,0.16950,0.23360,0.38660,0.18910,0.12080,0.18690,0.19780,0.18350,0.19510,0.13290,0.07720,0.25560,0.13930,0.17540,0.13430,0.19310,0.13540,0.18190,0.14750,0.17310,0.15210,0.10870
7:50:34,0.43770,0.15310,0.32640,0.13130,0.49930,0.10670,0.19220,0.15980,0.46080,0.17830,0.21730,0.18310,0.35920,0.27950,0.31360,0.17700,0.53700,0.26250,0.18930,0.21080,0.49780,0.19290,0.21900,0.24920,0.42750,0.26820,0.31260,0.17760,0.51140,0.27040,0.18720,0.19880,0.48350,0.19520,0.21240,0.23490,0.14170,0.27700,0.14890,0.17460,0.15420,0.26530,0.15290,0.19680,0.16650,0.18960,0.17200,0.23250,0.38870,0.14250,0.17540,0.15130,0.37150,0.15270,0.17850,0.15760,0.23060,0.16090,0.20480,0.16190,0.46020,0.21870,0.17290,0.24610,0.36810,0.20440,0.17910,0.18990,0.22350,0.19160,0.20690,0.18620,0.47700,0.28560,0.17080,0.23610,0.39170,0.19080,0.12120,0.18850,0.19960,0.18510,0.19660,0.13380,0.07730,0.25880,0.14030,0.17690,0.13510,0.19480,0.13640,0.18340,0.14850,0.17450,0.15320,0.10910
8:00:34,0.44370,0.15420,0.33040,0.13220,0.50600,0.10720,0.19370,0.16100,0.46640,0.17950,0.21900,0.18400,0.36380,0.28250,0.31750,0.17820,0.54440,0.26540,0.19050,0.21270,0.50420,0.19420,0.22050,0.25160,0.43320,0.27150,0.31630,0.17880,0.51780,0.27330,0.18860,0.20040,0.48990,0.19660,0.21400,0.23700,0.14290,0.28020,0.15000,0.17580,0.15520,0.26830,0.15390,0.19830,0.16760,0.19090,0.17310,0.23460,0.39390,0.14360,0.17670,0.15240,0.37700,0.15380,0.17990,0.15870,0.23280,0.16200,0.20650,0.16300,0.46670,0.22090,0.17410,0.24860,0.37270,0.20620,0.18050,0.19140,0.22560,0.19310,0.20850,0.18750,0.48280,0.28910,0.17210,0.23860,0.39670,0.19250,0.12180,0.19010,0.20140,0.18680,0.19820,0.13480,0.07730,0.26190,0.14120,0.17870,0.13600,0.19660,0.13750,0.18490,0.14940,0.17600,0.15430,0.10960
8:10:34,0.44970,0.15530,0.33440,0.13330,0.51230,0.10780,0.19530,0.16220,0.47190,0.18070,0.22070,0.18540,0.36880,0.28590,0.32140,0.17970,0.55160,0.26840,0.19210,0.21460,0.51070,0.19580,0.22190,0.25400,0.43930,0.27500,0.32010,0.18010,0.52450,0.27630,0.19000,0.20210,0.49630,0.19820,0.21570,0.23910,0.14390,0.28360,0.15100,0.17720,0.15640,0.27120,0.15500,0.19980,0.16880,0.19240,0.17420,0.23690,0.39930,0.14480,0.17810,0.15340,0.38180,0.15490,0.18150,0.15980,0.23500,0.16320,0.20820,0.16420,0.47330,0.22350,0.17540,0.25130,0.37760,0.20810,0.18190,0.19290,0.22780,0.19470,0.21030,0.18900,0.48860,0.29280,0.17340,0.24120,0.40170,0.19440,0.12270,0.19180,0.20320,0.18830,0.19970,0.13610,0.07740,0.26530,0.14230,0.18080,0.13710,0.19840,0.13860,0.18650,0.15050,0.17750,0.15540,0.11010
8:20:34,0.45570,0.15630,0.33830,0.13390,0.51940,0.10810,0.19660,0.16330,0.47730,0.18170,0.22230,0.18660,0.37310,0.28870,0.32510,0.18090,0.55860,0.27130,0.19340,0.21610,0.51680,0.19700,0.22320,0.25630,0.44440,0.27780,0.32370,0.18140,0.53080,0.27930,0.19130,0.20360,0.50280,0.19950,0.21720,0.24120,0.14490,0.28680,0.15200,0.17820,0.15740,0.27400,0.15580,0.20140,0.16970,0.19380,0.17520,0.23890,0.40380,0.14570,0.17920,0.15420,0.38660,0.15580,0.18270,0.16080,0.23690,0.16420,0.20960,0.16510,0.47970,0.22560,0.17650,0.25370,0.38210,0.20990,0.18330,0.19430,0.22970,0.19620,0.21160,0.19010,0.49430,0.29620,0.17460,0.24360,0.40650,0.19580,0.12310,0.19330,0.20480,0.18990,0.20110,0.13690,0.07740,0.26800,0.14320,0.18220,0.13780,0.19990,0.13950,0.18790,0.15140,0.17880,0.15630,0.11040
8:30:33,0.46130,0.15740,0.34230,0.13490,0.52620,0.10850,0.19800,0.16440,0.48260,0.18300,0.22410,0.18790,0.37760,0.29180,0.32890,0.18220,0.56580,0.27400,0.19500,0.21780,0.52320,0.19840,0.22450,0.25890,0.45000,0.28100,0.32720,0.18260,0.53730,0.28220,0.19260,0.20530,0.50920,0.20110,0.21890,0.24330,0.14580,0.29000,0.15290,0.17950,0.15850,0.27690,0.15690,0.20280,0.17080,0.19510,0.17630,0.24090,0.40870,0.14670,0.18050,0.15530,0.39140,0.15690,0.18400,0.16180,0.23910,0.16530,0.21110,0.16610,0.48610,0.22790,0.17770,0.25630,0.38680,0.21170,0.18460,0.19580,0.23170,0.19780,0.21320,0.19150,0.49990,0.29980,0.17580,0.24620,0.41140,0.19740,0.12380,0.19490,0.20640,0.19150,0.20250,0.13790,0.07740,0.27110,0.14420,0.18390,0.13870,0.20160,0.14050,0.18940,0.15220,0.18030,0.15730,0.11070
8:40:34,0.46710,0.15830,0.34620,0.13550,0.53260,0.10850,0.19920,0.16530,0.48750,0.18410,0.22550,0.18900,0.38140,0.29410,0.33270,0.18330,0.57290,0.27650,0.19610,0.21940,0.52920,0.19950,0.22580,0.26120,0.45460,0.28350,0.33070,0.18380,0.54330,0.28500,0.19390,0.20660,0.51530,0.20240,0.22030,0.24530,0.14670,0.29290,0.15370,0.18050,0.15940,0.27960,0.15770,0.20420,0.17170,0.19610,0.17730,0.24280,0.41270,0.14750,0.18150,0.15600,0.39620,0.15780,0.18530,0.16260,0.24110,0.16620,0.21240,0.16700,0.49200,0.22960,0.17870,0.25860,0.39140,0.21320,0.18560,0.19710,0.23340,0.19910,0.21460,0.19260,0.50540,0.30300,0.17700,0.24850,0.41600,0.19890,0.12390,0.19630,0.20810,0.19300,0.20390,0.13860,0.07750,0.27380,0.14500,0.18500,0.13940,0.20340,0.14140,0.19080,0.15300,0.18150,0.15820,0.11100
8:50:34,0.47290,0.15910,0.34990,0.13630,0.53850,0.10860,0.20070,0.16620,0.49310,0.18490,0.22690,0.19010,0.38560,0.29690,0.33620,0.18440,0.57960,0.27910,0.19730,0.22090,0.53540,0.20070,0.22730,0.26300,0.45990,0.28620,0.33410,0.18480,0.54950,0.28770,0.19520,0.20800,0.52140,0.20360,0.22180,0.24710,0.14750,0.29560,0.15450,0.18150,0.16020,0.28240,0.15850,0.20540,0.17270,0.19720,0.17810,0.24480,0.41740,0.14830,0.18250,0.15700,0.40090,0.15880,0.18650,0.16360,0.24290,0.16710,0.21390,0.16800,0.49820,0.23160,0.17980,0.26100,0.39580,0.21490,0.18680,0.19850,0.23520,0.20040,0.21600,0.19380,0.51090,0.30630,0.17820,0.25080,0.42090,0.20030,0.12420,0.19770,0.20960,0.19440,0.20520,0.13940,0.07750,0.27660,0.14580,0.18650,0.14020,0.20500,0.14210,0.19220,0.15380,0.18280,0.15900,0.11130
8:59:37,0.47850,0.15980,0.35370,0.13680,0.54470,0.10870,0.20200,0.16730,0.49830,0.18610,0.22880,0.19160,0.38850,0.29910,0.33970,0.18540,0.58650,0.28160,0.19850,0.22270,0.54130,0.20210,0.22870,0.26550,0.46380,0.28820,0.33750,0.18570,0.55570,0.29040,0.19640,0.20940,0.52750,0.20500,0.22330,0.24930,0.14820,0.29820,0.15510,0.18240,0.16100,0.28500,0.15930,0.20680,0.17360,0.19840,0.17900,0.24680,0.42070,0.14900,0.18340,0.15770,0.40540,0.15960,0.18770,0.16440,0.24480,0.16790,0.21540,0.16880,0.50440,0.23290,0.18080,0.26330,0.40020,0.21640,0.18790,0.19990,0.23700,0.20170,0.21740,0.19500,0.51630,0.30950,0.17910,0.25300,0.42550,0.20160,0.12420,0.19900,0.21110,0.19590,0.20660,0.13990,0.07760,0.27930,0.14650,0.18740,0.14090,0.20650,0.14280,0.19340,0.15450,0.18390,0.15980,0.11190
9:10:34,0.48420,0.16080,0.35740,0.13710,0.55100,0.10860,0.20310,0.16790,0.50290,0.18690,0.22980,0.19240,0.39510,0.30310,0.34330,0.18660,0.59270,0.28430,0.19990,0.22410,0.54710,0.20310,0.22980,0.26740,0.47070,0.29220,0.34090,0.18680,0.56180,0.29310,0.19760,0.21080,0.53370,0.20610,0.22460,0.25110,0.14900,0.30100,0.15590,0.18330,0.16180,0.28770,0.16010,0.20820,0.17450,0.19940,0.17980,0.24850,0.42630,0.14970,0.18460,0.15840,0.41040,0.16040,0.18890,0.16510,0.24680,0.16870,0.21660,0.16950,0.51040,0.23510,0.18180,0.26570,0.40470,0.21800,0.18900,0.20100,0.23880,0.20290,0.21870,0.19590,0.52140,0.31280,0.18010,0.25520,0.43040,0.20300,0.12460,0.20030,0.21270,0.19720,0.20780,0.14040,0.07770,0.28250,0.14720,0.18920,0.14140,0.20800,0.14360,0.19480,0.15540,0.18510,0.16060,0.11210
9:20:34,0.48980,0.16170,0.36120,0.13800,0.55690,0.10870,0.20450,0.16880,0.50820,0.18790,0.23150,0.19330,0.39940,0.30610,0.34710,0.18760,0.59990,0.28690,0.20110,0.22560,0.55290,0.20420,0.23110,0.26930,0.47640,0.29540,0.34440,0.18790,0.56780,0.29580,0.19870,0.21220,0.53940,0.20730,0.22640,0.25320,0.14970,0.30370,0.15680,0.18410,0.16270,0.29040,0.16080,0.20950,0.17530,0.20030,0.18070,0.25040,0.43160,0.15040,0.18560,0.15920,0.41500,0.16120,0.19010,0.16590,0.24860,0.16960,0.21810,0.17030,0.51630,0.23720,0.18280,0.26790,0.40920,0.21940,0.19030,0.20240,0.24050,0.20420,0.22010,0.19710,0.52690,0.31610,0.18120,0.25750,0.43490,0.20440,0.12490,0.20160,0.21420,0.19850,0.20920,0.14100,0.07770,0.28570,0.14790,0.19100,0.14210,0.20950,0.14440,0.19600,0.15610,0.18630,0.16130,0.11270
9:30:34,0.49530,0.16260,0.36500,0.13860,0.56290,0.10890,0.20580,0.16970,0.51310,0.18880,0.23280,0.19430,0.40370,0.30910,0.35070,0.18880,0.60630,0.28960,0.20240,0.22700,0.55890,0.20560,0.23240,0.27150,0.48170,0.29870,0.34790,0.18890,0.57370,0.29860,0.19990,0.21360,0.54550,0.20860,0.22760,0.25520,0.15050,0.30670,0.15760,0.18520,0.16350,0.29300,0.16160,0.21080,0.17620,0.20140,0.18150,0.25220,0.43680,0.15130,0.18670,0.16000,0.41950,0.16200,0.19130,0.16670,0.25060,0.17040,0.21960,0.17130,0.52230,0.23970,0.18390,0.27030,0.41350,0.22110,0.19140,0.20360,0.24240,0.20570,0.22150,0.19830,0.53220,0.31930,0.18230,0.25970,0.43960,0.20590,0.12560,0.20300,0.21560,0.20000,0.21050,0.14170,0.07790,0.28880,0.14860,0.19300,0.14300,0.21110,0.14520,0.19750,0.15690,0.18740,0.16210,0.11300
9:40:34,0.50060,0.16350,0.36880,0.13940,0.56910,0.10930,0.20730,0.17070,0.51830,0.18980,0.23450,0.19520,0.40840,0.31220,0.35430,0.19000,0.61270,0.29220,0.20360,0.22880,0.56480,0.20680,0.23380,0.27370,0.48740,0.30200,0.35130,0.19000,0.58000,0.30140,0.20110,0.21490,0.55130,0.21000,0.22890,0.25720,0.15130,0.30950,0.15840,0.18620,0.16440,0.29570,0.16250,0.21220,0.17730,0.20270,0.18230,0.25410,0.44190,0.15210,0.18780,0.16090,0.42370,0.16300,0.19240,0.16760,0.25260,0.17130,0.22100,0.17170,0.52810,0.24220,0.18510,0.27270,0.41790,0.22280,0.19260,0.20490,0.24440,0.20710,0.22310,0.19940,0.53750,0.32250,0.18340,0.26190,0.44410,0.20740,0.12630,0.20440,0.21740,0.20140,0.21180,0.14260,0.07800,0.29210,0.14940,0.19490,0.14370,0.21250,0.14600,0.19870,0.15780,0.18860,0.16310,0.11360
9:50:34,0.50610,0.16430,0.37240,0.14010,0.57550,0.10960,0.20860,0.17140,0.52330,0.19060,0.23610,0.19600,0.41240,0.31510,0.35770,0.19120,0.61960,0.29490,0.20470,0.23030,0.57070,0.20800,0.23510,0.27560,0.49250,0.30490,0.35470,0.19130,0.58580,0.30420,0.20250,0.21630,0.55710,0.21130,0.23030,0.25920,0.15200,0.31240,0.15920,0.18720,0.16520,0.29840,0.16330,0.21360,0.17810,0.20370,0.18300,0.25580,0.44680,0.15290,0.18890,0.16180,0.42850,0.16380,0.19360,0.16840,0.25470,0.17220,0.22250,0.17220,0.53410,0.24450,0.18610,0.27490,0.42220,0.22450,0.19360,0.20610,0.24600,0.20830,0.22450,0.20080,0.54260,0.32570,0.18440,0.26430,0.44870,0.20870,0.12690,0.20570,0.21860,0.20280,0.21320,0.14350,0.07800,0.29500,0.15020,0.19670,0.14430,0.21390,0.14690,0.20000,0.15850,0.18980,0.16390,0.11390
10:00:34,0.51180,0.16530,0.37610,0.14080,0.58090,0.11000,0.20980,0.17230,0.52830,0.19120,0.23760,0.19710,0.41720,0.31820,0.36130,0.19240,0.62590,0.29760,0.20600,0.23180,0.57670,0.20930,0.23640,0.27750,0.49820,0.30830,0.35810,0.19240,0.59150,0.30690,0.20370,0.21780,0.56280,0.21270,0.23180,0.26100,0.15280,0.31540,0.16000,0.18830,0.16610,0.30100,0.16410,0.21490,0.17900,0.20480,0.18380,0.25770,0.45200,0.15370,0.19010,0.16260,0.43310,0.16470,0.19470,0.16930,0.25660,0.17300,0.22390,0.17300,0.54000,0.24700,0.18730,0.27740,0.42660,0.22610,0.19480,0.20740,0.24780,0.20960,0.22590,0.20190,0.54800,0.32900,0.18540,0.26660,0.45340,0.21010,0.12750,0.20710,0.22030,0.20420,0.21460,0.14430,0.07810,0.29830,0.15100,0.19870,0.14510,0.21550,0.14770,0.20140,0.15930,0.19100,0.16470,0.11440
10:10:34,0.51700,0.16620,0.37970,0.14160,0.58700,0.11030,0.21120,0.17310,0.53300,0.19200,0.23880,0.19760,0.42130,0.32100,0.36480,0.19350,0.63240,0.30020,0.20710,0.23320,0.58240,0.21040,0.23760,0.27940,0.50320,0.31110,0.36140,0.19330,0.59770,0.30960,0.20490,0.21900,0.56860,0.21400,0.23320,0.26280,0.15360,0.31830,0.16080,0.18930,0.16710,0.30380,0.16480,0.21620,0.17980,0.20570,0.18470,0.25990,0.45640,0.15450,0.19100,0.16340,0.43750,0.16550,0.19590,0.17010,0.25850,0.17380,0.22530,0.17380,0.54560,0.24930,0.18810,0.27970,0.43080,0.22760,0.19580,0.20870,0.24960,0.21090,0.22730,0.20300,0.55330,0.33210,0.18650,0.26880,0.45790,0.21160,0.12810,0.20850,0.22180,0.20560,0.21590,0.14510,0.07820,0.30110,0.15170,0.20030,0.14590,0.21700,0.14850,0.20270,0.16010,0.19220,0.16550,0.11480
10:20:34,0.52230,0.16700,0.38340,0.14230,0.59270,0.11080,0.21250,0.17400,0.53830,0.19290,0.24040,0.19860,0.42600,0.32430,0.36810,0.19450,0.63850,0.30280,0.20830,0.23470,0.58800,0.21170,0.23880,0.28140,0.50880,0.31460,0.36490,0.19440,0.60340,0.31230,0.20600,0.22060,0.57430,0.21540,0.23470,0.26460,0.15450,0.32130,0.16150,0.19030,0.16790,0.30630,0.16590,0.21760,0.18080,0.20690,0.18560,0.26180,0.46160,0.15530,0.19220,0.16410,0.44200,0.16620,0.19710,0.17090,0.26040,0.17470,0.22680,0.17470,0.55150,0.25180,0.18930,0.28200,0.43520,0.22920,0.19710,0.21000,0.25140,0.21240,0.22890,0.20420,0.55850,0.33520,0.18750,0.27090,0.46250,0.21300,0.12880,0.20980,0.22330,0.20700,0.21740,0.14620,0.07840,0.30440,0.15240,0.20230,0.14650,0.21850,0.14930,0.20400,0.16090,0.19340,0.16640,0.11560
10:30:34,0.52790,0.16800,0.38720,0.14330,0.59910,0.11170,0.21410,0.17500,0.54330,0.19400,0.24220,0.19970,0.43130,0.32800,0.37190,0.19590,0.64510,0.30570,0.20970,0.23630,0.59400,0.21330,0.24040,0.28380,0.51500,0.31860,0.36860,0.19560,0.60960,0.31530,0.20730,0.22210,0.58040,0.21680,0.23630,0.26670,0.15550,0.32470,0.16240,0.19150,0.16870,0.30920,0.16680,0.21910,0.18180,0.20810,0.18650,0.26380,0.46740,0.15620,0.19340,0.16510,0.44670,0.16720,0.19840,0.17210,0.26250,0.17580,0.22840,0.17580,0.55730,0.25470,0.19050,0.28450,0.43950,0.23100,0.19830,0.21140,0.25350,0.21380,0.23040,0.20550,0.56390,0.33870,0.18880,0.27340,0.46710,0.21460,0.13010,0.21140,0.22480,0.20870,0.21890,0.14760,0.07860,0.30800,0.15330,0.20480,0.14750,0.22030,0.15020,0.20540,0.16190,0.19480,0.16730,0.11640
10:40:34,0.53330,0.16910,0.39100,0.14440,0.60450,0.11290,0.21560,0.17620,0.54830,0.19530,0.24390,0.20110,0.43660,0.33220,0.37550,0.19730,0.65150,0.30870,0.21110,0.23830,0.59980,0.21490,0.24200,0.28620,0.52110,0.32240,0.37230,0.19700,0.61560,0.31840,0.20900,0.22380,0.58610,0.21830,0.23810,0.26890,0.15660,0.32830,0.16360,0.19280,0.16990,0.31200,0.16790,0.22090,0.18300,0.20960,0.18750,0.26600,0.47300,0.15730,0.19480,0.16620,0.45170,0.16830,0.19990,0.17320,0.26480,0.17710,0.23010,0.17710,0.56330,0.25810,0.19190,0.28720,0.44400,0.23280,0.19970,0.21290,0.25550,0.21540,0.23210,0.20700,0.56930,0.34220,0.19010,0.27590,0.47180,0.21620,0.13160,0.21310,0.22670,0.21040,0.22040,0.14940,0.07890,0.31160,0.15450,0.20760,0.14850,0.22220,0.15130,0.20700,0.16290,0.19650,0.16840,0.11710
10:50:34,0.53850,0.17020,0.39460,0.14550,0.61010,0.11400,0.21700,0.17710,0.55290,0.19610,0.24530,0.20220,0.44150,0.33600,0.37930,0.19860,0.65750,0.31140,0.21230,0.23980,0.60550,0.21620,0.24330,0.28850,0.52660,0.32610,0.37590,0.19820,0.62110,0.32130,0.21030,0.22530,0.59170,0.21990,0.23940,0.27080,0.15750,0.33190,0.16450,0.19400,0.17110,0.31470,0.16860,0.22240,0.18410,0.21070,0.18840,0.26790,0.47810,0.15820,0.19600,0.16720,0.45580,0.16930,0.20110,0.17410,0.26690,0.17800,0.23150,0.17790,0.56900,0.26110,0.19320,0.28960,0.44820,0.23440,0.20080,0.21430,0.25740,0.21690,0.23370,0.20820,0.57450,0.34560,0.19140,0.27830,0.47620,0.21780,0.13310,0.21460,0.22840,0.21200,0.22180,0.15090,0.07890,0.31490,0.15540,0.21000,0.14940,0.22380,0.15220,0.20840,0.16380,0.19770,0.16920,0.11770
11:00:34,0.54380,0.17120,0.39830,0.14670,0.61640,0.11510,0.21850,0.17820,0.55790,0.19730,0.24710,0.20300,0.44620,0.34010,0.38290,0.19990,0.66390,0.31430,0.21370,0.24140,0.61140,0.21760,0.24470,0.29070,0.53220,0.33020,0.37950,0.19960,0.62700,0.32400,0.21190,0.22690,0.59760,0.22130,0.24110,0.27290,0.15850,0.33540,0.16550,0.19530,0.17210,0.31740,0.16970,0.22400,0.18520,0.21230,0.18950,0.26990,0.48310,0.15930,0.19720,0.16810,0.46060,0.17020,0.20250,0.17530,0.26910,0.17900,0.23310,0.17890,0.57490,0.26420,0.19440,0.29220,0.45260,0.23620,0.20200,0.21580,0.25940,0.21840,0.23530,0.20970,0.57990,0.34910,0.19260,0.28090,0.48100,0.21940,0.13460,0.21610,0.23030,0.21370,0.22340,0.15260,0.07910,0.31830,0.15640,0.21250,0.15060,0.22550,0.15320,0.20990,0.16480,0.19920,0.17010,0.11830
11:10:34,0.54890,0.17220,0.40200,0.14770,0.62180,0.11620,0.21980,0.17920,0.56290,0.19870,0.24850,0.20400,0.45090,0.34400,0.38680,0.20130,0.67000,0.31720,0.21520,0.24290,0.61720,0.21910,0.24620,0.29290,0.53770,0.33380,0.38300,0.20090,0.63270,0.32690,0.21330,0.22840,0.60310,0.22280,0.24250,0.27510,0.15950,0.33910,0.16650,0.19640,0.17300,0.32000,0.17060,0.22540,0.18620,0.21340,0.19040,0.27190,0.48800,0.16030,0.19860,0.16900,0.46510,0.17120,0.20380,0.17620,0.27100,0.18000,0.23410,0.17990,0.58070,0.26720,0.19580,0.29460,0.45700,0.23780,0.20330,0.21720,0.26130,0.21970,0.23670,0.21090,0.58510,0.35230,0.19370,0.28310,0.48540,0.22100,0.13600,0.21760,0.23190,0.21530,0.22490,0.15430,0.07920,0.32140,0.15730,0.21490,0.15140,0.22730,0.15420,0.21130,0.16590,0.20050,0.17100,0.11870
11:20:34,0.55390,0.17320,0.40580,0.14890,0.62700,0.11740,0.22120,0.18040,0.56790,0.19980,0.25000,0.20530,0.45520,0.34760,0.39030,0.20250,0.67610,0.31940,0.21660,0.24470,0.62290,0.22050,0.24770,0.29480,0.54280,0.33750,0.38640,0.20210,0.63820,0.32970,0.21470,0.23000,0.60870,0.22420,0.24390,0.27720,0.16050,0.34260,0.16730,0.19760,0.17420,0.32260,0.17160,0.22690,0.18710,0.21460,0.19150,0.27380,0.49260,0.16130,0.19980,0.17000,0.46960,0.17220,0.20510,0.17740,0.27310,0.18100,0.23560,0.18110,0.58650,0.27020,0.19710,0.29730,0.46130,0.23970,0.20450,0.21880,0.26320,0.22130,0.23840,0.21240,0.59060,0.35560,0.19490,0.28550,0.48980,0.22260,0.13730,0.21910,0.23360,0.21690,0.22640,0.15600,0.07930,0.32430,0.15840,0.21700,0.15220,0.22890,0.15520,0.21270,0.16680,0.20190,0.17200,0.11920
11:30:34,0.55910,0.17430,0.40930,0.15000,0.63230,0.11840,0.22270,0.18160,0.57210,0.20090,0.25150,0.20640,0.45970,0.35130,0.39370,0.20370,0.68200,0.32190,0.21760,0.24630,0.62810,0.22170,0.24910,0.29680,0.54790,0.34070,0.39000,0.20320,0.64380,0.33260,0.21600,0.23140,0.61440,0.22570,0.24530,0.27920,0.16160,0.34630,0.16830,0.19900,0.17510,0.32520,0.17270,0.22840,0.18810,0.21590,0.19260,0.27580,0.49730,0.16250,0.20120,0.17100,0.47390,0.17310,0.20640,0.17840,0.27510,0.18180,0.23700,0.18200,0.59200,0.27290,0.19830,0.29960,0.46540,0.24150,0.20570,0.22020,0.26520,0.22280,0.24000,0.21370,0.59550,0.35880,0.19620,0.28780,0.49440,0.22410,0.13850,0.22060,0.23510,0.21840,0.22780,0.15750,0.07940,0.32720,0.15940,0.21910,0.15330,0.23070,0.15610,0.21390,0.16790,0.20330,0.17280,0.11960
11:40:34,0.56410,0.17520,0.41290,0.15080,0.63770,0.11910,0.22360,0.18230,0.57690,0.20180,0.25290,0.20740,0.46360,0.35470,0.39700,0.20490,0.68790,0.32450,0.21880,0.24780,0.63360,0.22290,0.24980,0.29880,0.55270,0.34410,0.39340,0.20430,0.64910,0.33530,0.21700,0.23270,0.61990,0.22700,0.24660,0.28060,0.16240,0.34970,0.16910,0.19990,0.17610,0.32790,0.17340,0.22980,0.18900,0.21690,0.19310,0.27750,0.50150,0.16320,0.20230,0.17180,0.47790,0.17400,0.20760,0.17940,0.27670,0.18280,0.23820,0.18270,0.59730,0.27540,0.19940,0.30190,0.46970,0.24310,0.20690,0.22160,0.26700,0.22420,0.24140,0.21500,0.60060,0.36210,0.19730,0.29010,0.49870,0.22550,0.13950,0.22210,0.23650,0.21980,0.22900,0.15900,0.07940,0.33000,0.16020,0.22100,0.15400,0.23210,0.15700,0.21520,0.16880,0.20450,0.17370,0.11990
11:50:34,0.56890,0.17620,0.41630,0.15170,0.64340,0.12000,0.22500,0.18320,0.58180,0.20290,0.25440,0.20830,0.46760,0.35810,0.40060,0.20620,0.69340,0.32720,0.22020,0.24920,0.63860,0.22420,0.25110,0.30080,0.55750,0.34740,0.39660,0.20530,0.65440,0.33770,0.21810,0.23420,0.62490,0.22820,0.24810,0.28240,0.16340,0.35300,0.17010,0.20100,0.17700,0.33060,0.17420,0.23120,0.18990,0.21810,0.19410,0.27940,0.50590,0.16420,0.20350,0.17270,0.48240,0.17480,0.20890,0.18020,0.27870,0.18360,0.23980,0.18360,0.60290,0.27800,0.20050,0.30420,0.47370,0.24450,0.20810,0.22290,0.26880,0.22550,0.24300,0.21610,0.60550,0.36540,0.19860,0.29230,0.50310,0.22690,0.14060,0.22350,0.23810,0.22130,0.23060,0.16040,0.07950,0.33270,0.16100,0.22300,0.15490,0.23370,0.15790,0.21650,0.16970,0.20580,0.17450,0.12020
12:00:34,0.57380,0.17720,0.41980,0.15260,0.64860,0.12080,0.22630,0.18430,0.58640,0.20390,0.25590,0.20930,0.47150,0.36140,0.40410,0.20720,0.69910,0.32980,0.22120,0.25070,0.64380,0.22570,0.25260,0.30270,0.56190,0.35030,0.39990,0.20620,0.65950,0.34050,0.21930,0.23560,0.63020,0.22940,0.24940,0.28390,0.16430,0.35640,0.17090,0.20200,0.17830,0.33320,0.17510,0.23260,0.19090,0.21920,0.19510,0.28130,0.51000,0.16510,0.20450,0.17360,0.48650,0.17550,0.21010,0.18110,0.28040,0.18440,0.24100,0.18450,0.60820,0.28040,0.20160,0.30650,0.47790,0.24620,0.20930,0.22410,0.27070,0.22680,0.24450,0.21740,0.61050,0.36840,0.19960,0.29460,0.50750,0.22830,0.14150,0.22470,0.23980,0.22250,0.23180,0.16170,0.07960,0.33540,0.16190,0.22470,0.15570,0.23520,0.15870,0.21770,0.17070,0.20710,0.17540,0.12050
12:10:34,0.57850,0.17810,0.42310,0.15350,0.65380,0.12140,0.22740,0.18520,0.59070,0.20470,0.25760,0.21020,0.47540,0.36450,0.40720,0.20830,0.70420,0.33170,0.22250,0.25220,0.64890,0.22690,0.25380,0.30450,0.56640,0.35310,0.40310,0.20720,0.66520,0.34300,0.22040,0.23710,0.63560,0.23070,0.25050,0.28610,0.16530,0.35960,0.17170,0.20310,0.17900,0.33540,0.17590,0.23400,0.19160,0.22030,0.19590,0.28290,0.51390,0.16600,0.20560,0.17450,0.49090,0.17650,0.21120,0.18200,0.28220,0.18520,0.24240,0.18530,0.61350,0.28280,0.20270,0.30890,0.48200,0.24760,0.21030,0.22550,0.27240,0.22800,0.24590,0.21850,0.61540,0.37160,0.20070,0.29690,0.51160,0.22970,0.14230,0.22610,0.24120,0.22390,0.23310,0.16300,0.07970,0.33790,0.16280,0.22630,0.15640,0.23650,0.15960,0.21900,0.17160,0.20820,0.17610,0.12080
12:20:34,0.58340,0.17890,0.42670,0.15420,0.65820,0.12200,0.22840,0.18600,0.59540,0.20550,0.25860,0.21110,0.47910,0.36750,0.41070,0.20930,0.71010,0.33440,0.22340,0.25370,0.65430,0.22810,0.25500,0.30650,0.57090,0.35620,0.40630,0.20820,0.67030,0.34530,0.22150,0.23820,0.64030,0.23170,0.25180,0.28770,0.16600,0.36280,0.17240,0.20410,0.17980,0.33780,0.17650,0.23510,0.19240,0.22130,0.19660,0.28470,0.51800,0.16670,0.20660,0.17510,0.49500,0.17720,0.21220,0.18290,0.28400,0.18590,0.24370,0.18610,0.61860,0.28500,0.20360,0.31100,0.48600,0.24910,0.21130,0.22670,0.27400,0.22910,0.24720,0.21970,0.62010,0.37460,0.20150,0.29900,0.51560,0.23100,0.14290,0.22750,0.24260,0.22520,0.23440,0.16400,0.07980,0.34050,0.16350,0.22790,0.15740,0.23800,0.16020,0.22010,0.17230,0.20940,0.17670,0.12120
12:30:34,0.58790,0.17960,0.42980,0.15500,0.66280,0.12240,0.22960,0.18690,0.59980,0.20630,0.25970,0.21200,0.48260,0.37040,0.41380,0.21030,0.71530,0.33620,0.22440,0.25480,0.65920,0.22900,0.25600,0.30820,0.57480,0.35870,0.40970,0.20890,0.67500,0.34770,0.22260,0.23950,0.64520,0.23270,0.25300,0.28920,0.16680,0.36570,0.17320,0.20510,0.18050,0.34020,0.17720,0.23630,0.19300,0.22220,0.19750,0.28660,0.52150,0.16750,0.20760,0.17580,0.49870,0.17800,0.21330,0.18360,0.28570,0.18670,0.24490,0.18680,0.62370,0.28700,0.20450,0.31320,0.48980,0.25060,0.21220,0.22780,0.27560,0.23010,0.24850,0.22070,0.62480,0.37750,0.20250,0.30120,0.51990,0.23230,0.14350,0.22880,0.24400,0.22630,0.23550,0.16510,0.07980,0.34290,0.16440,0.22940,0.15790,0.23930,0.16100,0.22130,0.17280,0.21050,0.17740,0.12150
12:40:34,0.59290,0.18020,0.43300,0.15590,0.66820,0.12290,0.23100,0.18780,0.60480,0.20780,0.26110,0.21320,0.48650,0.37340,0.41710,0.21130,0.72090,0.33880,0.22560,0.25630,0.66420,0.23030,0.25730,0.31010,0.57950,0.36150,0.41280,0.21000,0.68010,0.35030,0.22390,0.24060,0.65100,0.23400,0.25390,0.29090,0.16760,0.36880,0.17380,0.20600,0.18130,0.34220,0.17780,0.23770,0.19400,0.22320,0.19830,0.28760,0.52560,0.16840,0.20860,0.17680,0.50270,0.17870,0.21440,0.18450,0.28770,0.18770,0.24620,0.18760,0.62860,0.28930,0.20550,0.31540,0.49420,0.25210,0.21350,0.22910,0.27740,0.23140,0.24990,0.22190,0.62940,0.38040,0.20350,0.30330,0.52410,0.23360,0.14420,0.23000,0.24540,0.22780,0.23680,0.16630,0.08000,0.34580,0.16520,0.23100,0.15870,0.24080,0.16180,0.22250,0.17360,0.21160,0.17840,0.12210
12:50:34,0.59760,0.18120,0.43670,0.15680,0.67340,0.12370,0.23230,0.18860,0.60900,0.20860,0.26240,0.21390,0.49070,0.37660,0.42040,0.21230,0.72630,0.34140,0.22670,0.25780,0.66900,0.23140,0.25870,0.31170,0.58410,0.36480,0.41620,0.21100,0.68540,0.35290,0.22520,0.24190,0.65610,0.23520,0.25530,0.29280,0.16850,0.37190,0.17520,0.20700,0.18210,0.34480,0.17860,0.23910,0.19480,0.22430,0.19950,0.28910,0.53030,0.16930,0.20960,0.17740,0.50730,0.17960,0.21570,0.18530,0.28960,0.18850,0.24750,0.18860,0.63380,0.29170,0.20650,0.31780,0.49810,0.25370,0.21450,0.23020,0.27900,0.23270,0.25130,0.22300,0.63410,0.38340,0.20460,0.30540,0.52830,0.23520,0.14510,0.23150,0.24680,0.22910,0.23800,0.16740,0.08030,0.34890,0.16610,0.23290,0.15970,0.24230,0.16270,0.22370,0.17420,0.21280,0.17920,0.12270
13:00:34,0.60200,0.18210,0.44010,0.15790,0.67860,0.12460,0.23350,0.18980,0.61350,0.20940,0.26390,0.21480,0.49500,0.38010,0.42350,0.21350,0.73160,0.34380,0.22800,0.25950,0.67360,0.23240,0.25990,0.31350,0.58910,0.36840,0.41950,0.21210,0.69060,0.35560,0.22620,0.24330,0.66070,0.23670,0.25660,0.29450,0.16940,0.37530,0.17610,0.20820,0.18300,0.34740,0.17950,0.24010,0.19580,0.22550,0.20000,0.29100,0.53490,0.17030,0.21080,0.17840,0.51150,0.18050,0.21690,0.18620,0.29140,0.18940,0.24880,0.18930,0.63880,0.29450,0.20770,0.31990,0.50200,0.25540,0.21580,0.23170,0.28110,0.23400,0.25290,0.22420,0.63890,0.38660,0.20560,0.30760,0.53250,0.23650,0.14620,0.23290,0.24830,0.23050,0.23940,0.16890,0.08050,0.35210,0.16700,0.23510,0.16030,0.24400,0.16370,0.22500,0.17520,0.21420,0.18020,0.12360
13:10:34,0.60670,0.18300,0.44380,0.15890,0.68350,0.12570,0.23470,0.19070,0.61770,0.21060,0.26510,0.21570,0.49940,0.38370,0.42660,0.21470,0.73690,0.34650,0.22940,0.26100,0.67810,0.23370,0.26110,0.31530,0.59390,0.37170,0.42290,0.21330,0.69530,0.35790,0.22750,0.24480,0.66550,0.23760,0.25810,0.29640,0.17050,0.37860,0.17690,0.20930,0.18390,0.34990,0.18020,0.24170,0.19660,0.22660,0.20080,0.29280,0.53940,0.17120,0.21190,0.17930,0.51540,0.18120,0.21810,0.18710,0.29340,0.19020,0.25000,0.19020,0.64390,0.29730,0.20880,0.32220,0.50580,0.25700,0.21690,0.23300,0.28270,0.23540,0.25430,0.22530,0.64360,0.38980,0.20670,0.30960,0.53670,0.23800,0.14740,0.23430,0.24980,0.23180,0.24070,0.17030,0.08070,0.35520,0.16780,0.23730,0.16130,0.24540,0.16450,0.22640,0.17600,0.21550,0.18120,0.12410
13:20:34,0.61130,0.18380,0.44670,0.15970,0.68790,0.12640,0.23560,0.19140,0.62200,0.21130,0.26640,0.21630,0.50320,0.38710,0.42980,0.21590,0.74190,0.34880,0.23060,0.26220,0.68310,0.23490,0.26230,0.31710,0.59850,0.37490,0.42600,0.21440,0.70090,0.36060,0.22870,0.24610,0.67040,0.23890,0.25940,0.29830,0.17130,0.38200,0.17770,0.21030,0.18460,0.35220,0.18080,0.24270,0.19750,0.22760,0.20170,0.29450,0.54360,0.17200,0.21290,0.18020,0.51950,0.18200,0.21950,0.18790,0.29520,0.19110,0.25120,0.19100,0.64880,0.29980,0.21000,0.32450,0.50970,0.25870,0.21810,0.23420,0.28450,0.23650,0.25570,0.22660,0.64830,0.39270,0.20780,0.31180,0.54070,0.23950,0.14850,0.23560,0.25120,0.23330,0.24180,0.17180,0.08070,0.35810,0.16860,0.23930,0.16200,0.24690,0.16520,0.22760,0.17690,0.21680,0.18210,0.12430
13:30:34,0.61570,0.18470,0.45000,0.16050,0.69270,0.12700,0.23670,0.19220,0.62600,0.21200,0.26750,0.21680,0.50660,0.39010,0.43300,0.21660,0.74720,0.35090,0.23140,0.26350,0.68820,0.23590,0.26340,0.31860,0.60240,0.37780,0.42910,0.21540,0.70560,0.36320,0.22960,0.24730,0.67550,0.23980,0.26060,0.30040,0.17210,0.38470,0.17810,0.21120,0.18530,0.35470,0.18140,0.24400,0.19810,0.22860,0.20250,0.29570,0.54730,0.17280,0.21400,0.18080,0.52340,0.18260,0.22050,0.18860,0.29700,0.19180,0.25240,0.19180,0.65340,0.30220,0.21100,0.32660,0.51340,0.26010,0.21890,0.23530,0.28610,0.23740,0.25680,0.22760,0.65270,0.39570,0.20880,0.31370,0.54470,0.24070,0.14930,0.23690,0.25260,0.23440,0.24290,0.17280,0.08070,0.36020,0.16930,0.24090,0.16270,0.24810,0.16600,0.22880,0.17750,0.21790,0.18290,0.12440
13:40:34,0.62000,0.18550,0.45330,0.16140,0.69730,0.12770,0.23810,0.19310,0.63020,0.21300,0.26860,0.21740,0.51010,0.39310,0.43590,0.21770,0.75200,0.35340,0.23240,0.26470,0.69260,0.23710,0.26380,0.32030,0.60640,0.38080,0.43220,0.21650,0.71030,0.36550,0.23070,0.24860,0.68000,0.24110,0.26150,0.30180,0.17290,0.38780,0.17890,0.21200,0.18610,0.35700,0.18220,0.24510,0.19870,0.22960,0.20320,0.29730,0.55080,0.17360,0.21490,0.18170,0.52730,0.18320,0.22120,0.18940,0.29850,0.19260,0.25360,0.19250,0.65810,0.30440,0.21180,0.32870,0.51720,0.26150,0.21970,0.23660,0.28790,0.23850,0.25800,0.22870,0.65730,0.39850,0.20970,0.31570,0.54870,0.24220,0.15000,0.23810,0.25400,0.23580,0.24410,0.17410,0.08080,0.36270,0.17010,0.24260,0.16330,0.24940,0.16660,0.22990,0.17820,0.21900,0.18360,0.12480
13:50:34,0.62450,0.18620,0.45650,0.16230,0.70240,0.12840,0.23920,0.19390,0.63400,0.21380,0.26990,0.21840,0.51390,0.39630,0.43930,0.21860,0.75690,0.35560,0.23330,0.26620,0.69690,0.23830,0.26510,0.32200,0.61050,0.38360,0.43540,0.21760,0.71490,0.36800,0.23200,0.24990,0.68470,0.24240,0.26280,0.30350,0.17380,0.39100,0.17970,0.21320,0.18680,0.35950,0.18280,0.24650,0.19960,0.23060,0.20400,0.29900,0.55460,0.17420,0.21590,0.18250,0.53140,0.18400,0.22220,0.19020,0.30030,0.19330,0.25500,0.19310,0.66310,0.30670,0.21290,0.33090,0.52100,0.26300,0.22060,0.23770,0.28960,0.23970,0.25930,0.22980,0.66180,0.40150,0.21060,0.31790,0.55280,0.24350,0.15080,0.23930,0.25570,0.23700,0.24520,0.17510,0.08100,0.36520,0.17090,0.24420,0.16420,0.25080,0.16730,0.23120,0.17900,0.22010,0.18440,0.12510
14:00:34,0.62840,0.18680,0.45950,0.16300,0.70680,0.12880,0.24030,0.19470,0.63760,0.21420,0.27110,0.21870,0.51720,0.39910,0.44220,0.21950,0.76160,0.35790,0.23430,0.26750,0.70140,0.23940,0.26630,0.32350,0.61440,0.38610,0.43840,0.21850,0.71940,0.37020,0.23300,0.25110,0.68920,0.24330,0.26400,0.30510,0.17450,0.39370,0.18040,0.21410,0.18750,0.36180,0.18340,0.24750,0.20030,0.23150,0.20460,0.30060,0.55800,0.17490,0.21670,0.18310,0.53480,0.18490,0.22310,0.19080,0.30180,0.19360,0.25610,0.19370,0.66750,0.30890,0.21370,0.33280,0.52440,0.26430,0.22150,0.23880,0.29100,0.24080,0.26060,0.23080,0.66590,0.40430,0.21140,0.31980,0.55660,0.24480,0.15150,0.24040,0.25700,0.23810,0.24600,0.17610,0.08100,0.36750,0.17140,0.24570,0.16500,0.25200,0.16800,0.23210,0.17970,0.22120,0.18490,0.12530
14:10:34,0.63280,0.18770,0.46260,0.16390,0.71070,0.12920,0.24130,0.19570,0.64190,0.21520,0.27230,0.21970,0.52050,0.40180,0.44530,0.22070,0.76640,0.36040,0.23540,0.26910,0.70550,0.24050,0.26720,0.32540,0.61830,0.38910,0.44150,0.21940,0.72410,0.37290,0.23400,0.25240,0.69400,0.24430,0.26510,0.30670,0.17520,0.39650,0.18110,0.21490,0.18810,0.36370,0.18420,0.24890,0.20100,0.23270,0.20530,0.30230,0.56150,0.17570,0.21780,0.18380,0.53870,0.18570,0.22400,0.19140,0.30370,0.19420,0.25690,0.19430,0.67220,0.31090,0.21460,0.33480,0.52830,0.26570,0.22250,0.24000,0.29260,0.24200,0.26200,0.23170,0.67030,0.40710,0.21230,0.32180,0.56050,0.24610,0.15220,0.24170,0.25820,0.23930,0.24720,0.17710,0.08120,0.36990,0.17200,0.24710,0.16560,0.25320,0.16860,0.23320,0.18040,0.22220,0.18560,0.12570
14:20:34,0.63700,0.18850,0.46590,0.16470,0.71510,0.12980,0.24250,0.19650,0.64610,0.21610,0.27330,0.22070,0.52400,0.40490,0.44840,0.22180,0.77120,0.36300,0.23660,0.27050,0.71030,0.24170,0.26830,0.32660,0.62220,0.39180,0.44450,0.22050,0.72870,0.37530,0.23510,0.25350,0.69840,0.24550,0.26670,0.30810,0.17600,0.39960,0.18180,0.21580,0.18890,0.36610,0.18460,0.24990,0.20170,0.23350,0.20560,0.30380,0.56530,0.17650,0.21880,0.18450,0.54240,0.18630,0.22510,0.19210,0.30530,0.19490,0.25800,0.19510,0.67680,0.31320,0.21560,0.33690,0.53190,0.26720,0.22350,0.24100,0.29420,0.24310,0.26310,0.23280,0.67470,0.41010,0.21310,0.32380,0.56430,0.24760,0.15300,0.24280,0.25950,0.24050,0.24820,0.17800,0.08150,0.37250,0.17270,0.24870,0.16630,0.25470,0.16920,0.23440,0.18120,0.22340,0.18620,0.12620
14:30:34,0.64120,0.18920,0.46880,0.16540,0.71940,0.13040,0.24350,0.19770,0.64950,0.21700,0.27430,0.22130,0.52780,0.40790,0.45130,0.22280,0.77580,0.36530,0.23730,0.27170,0.71470,0.24260,0.26890,0.32770,0.62640,0.39440,0.44740,0.22140,0.73330,0.37730,0.23600,0.25470,0.70260,0.24650,0.26770,0.30970,0.17690,0.40240,0.18230,0.21640,0.18960,0.36830,0.18510,0.25110,0.20230,0.23440,0.20630,0.30530,0.56910,0.17730,0.21970,0.18520,0.54600,0.18690,0.22600,0.19270,0.30680,0.19540,0.25930,0.19560,0.68120,0.31540,0.21660,0.33900,0.53550,0.26840,0.22430,0.24210,0.29570,0.24410,0.26440,0.23370,0.67890,0.41280,0.21400,0.32570,0.56800,0.24850,0.15360,0.24400,0.26080,0.24150,0.24920,0.17900,0.08150,0.37530,0.17330,0.25030,0.16710,0.25590,0.16990,0.23550,0.18170,0.22440,0.18680,0.12650
14:40:34,0.64530,0.19000,0.47170,0.16610,0.72350,0.13080,0.24450,0.19820,0.65380,0.21770,0.27550,0.22170,0.53100,0.41080,0.45430,0.22380,0.78010,0.36750,0.23850,0.27290,0.71920,0.24360,0.27010,0.32940,0.63010,0.39730,0.45030,0.22240,0.73750,0.37980,0.23710,0.25580,0.70730,0.24770,0.26880,0.31120,0.17760,0.40520,0.18310,0.21730,0.19030,0.37060,0.18570,0.25220,0.20320,0.23530,0.20690,0.30680,0.57250,0.17810,0.22060,0.18580,0.55000,0.18780,0.22680,0.19350,0.30840,0.19570,0.26060,0.19620,0.68580,0.31760,0.21760,0.34120,0.53890,0.26980,0.22540,0.24320,0.29720,0.24540,0.26570,0.23470,0.68300,0.41570,0.21490,0.32760,0.57180,0.24970,0.15450,0.24510,0.26210,0.24270,0.25020,0.18000,0.08160,0.37770,0.17380,0.25190,0.16760,0.25700,0.17030,0.23650,0.18230,0.22540,0.18740,0.12660
14:50:34,0.64910,0.19070,0.47500,0.16670,0.72790,0.13110,0.24540,0.19880,0.65770,0.21820,0.27670,0.22240,0.53390,0.41340,0.45740,0.22460,0.78470,0.36980,0.23940,0.27420,0.72340,0.24430,0.27070,0.33090,0.63340,0.39990,0.45310,0.22320,0.74180,0.38190,0.23810,0.25700,0.71110,0.24840,0.26990,0.31270,0.17830,0.40800,0.18360,0.21800,0.19090,0.37280,0.18630,0.25340,0.20390,0.23620,0.20750,0.30820,0.57540,0.17870,0.22140,0.18640,0.55320,0.18820,0.22760,0.19420,0.30990,0.19630,0.26150,0.19690,0.69030,0.31950,0.21840,0.34300,0.54240,0.27090,0.22620,0.24410,0.29880,0.24640,0.26680,0.23560,0.68710,0.41830,0.21580,0.32950,0.57550,0.25090,0.15490,0.24620,0.26330,0.24360,0.25120,0.18100,0.08170,0.37960,0.17440,0.25320,0.16830,0.25820,0.17060,0.23750,0.18300,0.22630,0.18780,0.12690
15:00:34,0.65350,0.19130,0.47760,0.16740,0.73200,0.13150,0.24640,0.19950,0.66140,0.21870,0.27750,0.22330,0.53730,0.41610,0.46030,0.22550,0.78920,0.37230,0.24040,0.27530,0.72720,0.24560,0.27100,0.33240,0.63700,0.40260,0.45600,0.22410,0.74610,0.38420,0.23900,0.25840,0.71550,0.24940,0.27080,0.31420,0.17890,0.41050,0.18420,0.21880,0.19140,0.37510,0.18690,0.25450,0.20450,0.23690,0.20810,0.30940,0.57900,0.17930,0.22230,0.18700,0.55720,0.18880,0.22850,0.19480,0.31160,0.19680,0.26260,0.19740,0.69470,0.32150,0.21890,0.34510,0.54590,0.27240,0.22680,0.24520,0.30020,0.24750,0.26800,0.23640,0.69110,0.42100,0.21650,0.33130,0.57910,0.25210,0.15550,0.24720,0.26470,0.24470,0.25240,0.18190,0.08190,0.38220,0.17500,0.25450,0.16880,0.25910,0.17120,0.23840,0.18360,0.22720,0.18840,0.12750
15:10:34,0.65730,0.19220,0.48100,0.16830,0.73570,0.13220,0.24760,0.20020,0.66460,0.21860,0.27870,0.22390,0.54120,0.41930,0.46350,0.22660,0.79380,0.37450,0.24160,0.27690,0.73150,0.24690,0.27210,0.33390,0.64120,0.40540,0.45910,0.22490,0.75030,0.38660,0.24010,0.25970,0.71950,0.25080,0.27210,0.31600,0.17980,0.41360,0.18490,0.21980,0.19220,0.37740,0.18760,0.25570,0.20520,0.23790,0.20900,0.31100,0.58310,0.18010,0.22330,0.18790,0.56120,0.18950,0.22960,0.19560,0.31320,0.19760,0.26370,0.19810,0.69900,0.32390,0.22000,0.34740,0.54960,0.27390,0.22780,0.24640,0.30180,0.24860,0.26920,0.23730,0.69550,0.42380,0.21750,0.33330,0.58300,0.25350,0.15640,0.24860,0.26610,0.24580,0.25360,0.18290,0.08220,0.38520,0.17550,0.25630,0.16970,0.26030,0.17180,0.23970,0.18420,0.22840,0.18920,0.12830
15:20:34,0.66160,0.19300,0.48410,0.16920,0.74020,0.13310,0.24880,0.20110,0.66810,0.21940,0.27910,0.22490,0.54510,0.42250,0.46660,0.22780,0.79850,0.37690,0.24270,0.27860,0.73550,0.24810,0.27240,0.33540,0.64560,0.40850,0.46210,0.22590,0.75460,0.38900,0.24140,0.26100,0.72420,0.25190,0.27330,0.31730,0.18060,0.41660,0.18560,0.22090,0.19300,0.37960,0.18840,0.25720,0.20590,0.23900,0.20970,0.31280,0.58740,0.18100,0.22440,0.18870,0.56510,0.19050,0.23070,0.19610,0.31480,0.19840,0.26490,0.19920,0.70360,0.32640,0.22100,0.34950,0.55320,0.27530,0.22890,0.24770,0.30350,0.24980,0.27050,0.23850,0.69960,0.42680,0.21850,0.33550,0.58690,0.25500,0.15760,0.24990,0.26730,0.24710,0.25480,0.18410,0.08260,0.38830,0.17640,0.25840,0.17060,0.26170,0.17260,0.24110,0.18490,0.22950,0.19010,0.12920
15:30:34,0.66570,0.19380,0.48720,0.17010,0.74440,0.13390,0.24980,0.20190,0.67190,0.21990,0.28030,0.22580,0.54900,0.42580,0.46950,0.22900,0.80270,0.37920,0.24360,0.27990,0.73970,0.24920,0.27370,0.33710,0.64980,0.41190,0.46520,0.22700,0.75900,0.39130,0.24230,0.26230,0.72850,0.25300,0.27420,0.31910,0.18140,0.41950,0.18630,0.22190,0.19390,0.38180,0.18930,0.25840,0.20640,0.23990,0.21060,0.31430,0.59150,0.18190,0.22540,0.18930,0.56870,0.19120,0.23170,0.19680,0.31660,0.19910,0.26600,0.19990,0.70770,0.32900,0.22200,0.35160,0.55670,0.27650,0.22990,0.24890,0.30520,0.25090,0.27170,0.23960,0.70390,0.42930,0.21960,0.33750,0.59060,0.25620,0.15880,0.25120,0.26880,0.24830,0.25590,0.18520,0.08280,0.39120,0.17700,0.26040,0.17120,0.26300,0.17340,0.24210,0.18560,0.23060,0.19070,0.12980
15:40:34,0.66990,0.19460,0.49000,0.17110,0.74820,0.13490,0.25070,0.20270,0.67570,0.22090,0.28160,0.22640,0.55290,0.42910,0.47250,0.23000,0.80730,0.38160,0.24490,0.28140,0.74370,0.25020,0.27480,0.33880,0.65410,0.41500,0.46800,0.22800,0.76330,0.39390,0.24340,0.26360,0.73260,0.25410,0.27550,0.32020,0.18230,0.42270,0.18710,0.22280,0.19450,0.38420,0.19000,0.25960,0.20730,0.24110,0.21140,0.31610,0.59540,0.18270,0.22650,0.19020,0.57230,0.19180,0.23280,0.19740,0.31810,0.20000,0.26710,0.20060,0.71200,0.33170,0.22290,0.35390,0.56020,0.27770,0.23110,0.25000,0.30680,0.25220,0.27310,0.24060,0.70780,0.43210,0.22060,0.33960,0.59430,0.25730,0.16010,0.25250,0.27030,0.24960,0.25690,0.18650,0.08300,0.39420,0.17770,0.26250,0.17210,0.26450,0.17390,0.24330,0.18630,0.23170,0.19130,0.13060
15:50:34,0.67390,0.19560,0.49330,0.17190,0.75170,0.13580,0.25200,0.20310,0.67930,0.22220,0.28240,0.22660,0.55680,0.43260,0.47550,0.23110,0.81160,0.38350,0.24590,0.28260,0.74780,0.25110,0.27580,0.34050,0.65820,0.41840,0.47110,0.22910,0.76750,0.39610,0.24460,0.26490,0.73660,0.25520,0.27690,0.32160,0.18340,0.42570,0.18790,0.22380,0.19520,0.38670,0.19080,0.26110,0.20820,0.24210,0.21210,0.31760,0.59930,0.18360,0.22730,0.19070,0.57590,0.19210,0.23400,0.19800,0.31960,0.20070,0.26830,0.20120,0.71640,0.33450,0.22400,0.35600,0.56390,0.27940,0.23200,0.25120,0.30840,0.25320,0.27450,0.24180,0.71170,0.43500,0.22150,0.34150,0.59780,0.25850,0.16110,0.25370,0.27180,0.25090,0.25820,0.18780,0.08320,0.39710,0.17860,0.26480,0.17280,0.26590,0.17490,0.24430,0.18700,0.23290,0.19220,0.13120
16:00:34,0.67770,0.19580,0.49620,0.17280,0.75590,0.13670,0.25310,0.20390,0.68310,0.22340,0.28370,0.22750,0.56020,0.43570,0.47860,0.23210,0.81600,0.38590,0.24680,0.28380,0.75180,0.25200,0.27630,0.34180,0.66220,0.42180,0.47410,0.23010,0.77160,0.39780,0.24560,0.26540,0.74040,0.25610,0.27740,0.32300,0.18400,0.42870,0.18860,0.22480,0.19590,0.38860,0.19140,0.26210,0.20880,0.24310,0.21260,0.31930,0.60300,0.18440,0.22840,0.19150,0.57940,0.19290,0.23500,0.19900,0.32100,0.20130,0.26940,0.20190,0.72020,0.33710,0.22490,0.35820,0.56730,0.28070,0.23300,0.25240,0.30980,0.25410,0.27550,0.24260,0.71580,0.43790,0.22250,0.34360,0.60130,0.25960,0.16220,0.25480,0.27300,0.25220,0.25920,0.18910,0.08320,0.39980,0.17920,0.26670,0.17320,0.26710,0.17550,0.24540,0.18770,0.23400,0.19260,0.13140
16:10:34,0.68150,0.19660,0.49930,0.17360,0.75940,0.13750,0.25420,0.20490,0.68620,0.22370,0.28440,0.22840,0.56340,0.43880,0.48140,0.23310,0.82010,0.38800,0.24780,0.28470,0.75570,0.25300,0.27730,0.34320,0.66580,0.42450,0.47700,0.23100,0.77540,0.40050,0.24660,0.26670,0.74430,0.25700,0.27830,0.32470,0.18510,0.43180,0.18920,0.22540,0.19670,0.39090,0.19210,0.26320,0.20960,0.24410,0.21340,0.32080,0.60630,0.18520,0.22950,0.19230,0.58270,0.19400,0.23610,0.19980,0.32160,0.20190,0.27050,0.20250,0.72450,0.33950,0.22570,0.36020,0.57080,0.28190,0.23380,0.25370,0.31140,0.25530,0.27670,0.24350,0.71980,0.44050,0.22320,0.34560,0.60500,0.26090,0.16340,0.25610,0.27430,0.25340,0.26030,0.19010,0.08330,0.40200,0.17990,0.26870,0.17420,0.26840,0.17620,0.24640,0.18830,0.23500,0.19330,0.13130
16:20:34,0.68500,0.19710,0.50200,0.17430,0.76360,0.13800,0.25530,0.20580,0.69040,0.22420,0.28550,0.22900,0.56640,0.44180,0.48430,0.23420,0.82420,0.39010,0.24880,0.28520,0.75970,0.25390,0.27900,0.34500,0.66910,0.42740,0.47990,0.23170,0.78000,0.40290,0.24750,0.26770,0.74850,0.25820,0.27940,0.32560,0.18590,0.43460,0.18990,0.22620,0.19740,0.39310,0.19240,0.26410,0.21020,0.24480,0.21410,0.32210,0.60940,0.18590,0.23030,0.19290,0.58660,0.19480,0.23720,0.20050,0.32350,0.20260,0.27180,0.20290,0.72860,0.34190,0.22670,0.36230,0.57430,0.28330,0.23490,0.25490,0.31290,0.25660,0.27790,0.24450,0.72370,0.44310,0.22420,0.34740,0.60850,0.26230,0.16420,0.25750,0.27550,0.25480,0.26140,0.19110,0.08340,0.40420,0.18080,0.27020,0.17480,0.26960,0.17680,0.24760,0.18880,0.23600,0.19380,0.13140
16:30:34,0.68890,0.19790,0.50510,0.17500,0.76780,0.13880,0.25620,0.20680,0.69340,0.22320,0.28630,0.22910,0.56970,0.44480,0.48740,0.23510,0.82860,0.39220,0.24960,0.28630,0.76330,0.25500,0.28000,0.34620,0.67250,0.43030,0.48260,0.23270,0.78350,0.40480,0.24860,0.26900,0.75200,0.25910,0.28040,0.32790,0.18660,0.43720,0.19040,0.22690,0.19810,0.39520,0.19290,0.26550,0.21080,0.24580,0.21430,0.32350,0.61270,0.18670,0.23120,0.19350,0.58990,0.19550,0.23810,0.20110,0.32490,0.20310,0.27270,0.20340,0.73240,0.34410,0.22740,0.36400,0.57750,0.28470,0.23580,0.25590,0.31440,0.25760,0.27910,0.24560,0.72730,0.44560,0.22500,0.34930,0.61190,0.26320,0.16520,0.25840,0.27660,0.25580,0.26210,0.19210,0.08360,0.40640,0.18160,0.27180,0.17540,0.27080,0.17740,0.24850,0.18940,0.23700,0.19420,0.13170
16:40:34,0.69240,0.19860,0.50760,0.17590,0.77110,0.13940,0.25730,0.20730,0.69660,0.22370,0.28710,0.23010,0.57250,0.44760,0.49020,0.23610,0.83210,0.39410,0.25040,0.28750,0.76730,0.25590,0.28110,0.34790,0.67570,0.43300,0.48540,0.23330,0.78770,0.40730,0.24940,0.27010,0.75560,0.26010,0.28140,0.32930,0.18730,0.43980,0.19080,0.22760,0.19880,0.39710,0.19350,0.26650,0.21130,0.24640,0.21470,0.32490,0.61530,0.18740,0.23180,0.19420,0.59320,0.19590,0.23890,0.20160,0.32640,0.20340,0.27370,0.20390,0.73620,0.34630,0.22810,0.36590,0.58070,0.28600,0.23640,0.25690,0.31580,0.25860,0.28010,0.24630,0.73100,0.44820,0.22570,0.35110,0.61520,0.26430,0.16600,0.25950,0.27770,0.25700,0.26280,0.19290,0.08370,0.40840,0.18200,0.27320,0.17610,0.27200,0.17780,0.24940,0.18970,0.23790,0.19480,0.13150
16:50:34,0.69590,0.19920,0.51050,0.17660,0.77530,0.13990,0.25820,0.20820,0.70010,0.22460,0.28800,0.23040,0.57540,0.45030,0.49290,0.23710,0.83560,0.39650,0.25120,0.28890,0.77130,0.25660,0.28220,0.34850,0.67870,0.43540,0.48830,0.23420,0.79170,0.40940,0.25030,0.27130,0.75880,0.26110,0.28240,0.33100,0.18810,0.44270,0.19120,0.22850,0.19930,0.39940,0.19410,0.26740,0.21170,0.24700,0.21520,0.32630,0.61830,0.18770,0.23260,0.19480,0.59630,0.19660,0.23970,0.20200,0.32760,0.20400,0.27460,0.20440,0.74030,0.34830,0.22890,0.36790,0.58390,0.28720,0.23670,0.25800,0.31690,0.25970,0.28120,0.24720,0.73470,0.45060,0.22670,0.35300,0.61870,0.26540,0.16670,0.26050,0.27890,0.25810,0.26390,0.19380,0.08380,0.41050,0.18260,0.27460,0.17670,0.27310,0.17830,0.25050,0.19040,0.23880,0.19540,0.13210
17:00:34,0.69970,0.19980,0.51360,0.17740,0.77830,0.14050,0.25920,0.20870,0.70300,0.22510,0.28910,0.22970,0.57870,0.45340,0.49580,0.23780,0.83960,0.39870,0.25210,0.29020,0.77490,0.25760,0.28320,0.35030,0.68220,0.43800,0.49100,0.23520,0.79560,0.41100,0.25140,0.27270,0.76270,0.26210,0.28350,0.33240,0.18900,0.44550,0.19180,0.22920,0.20000,0.40140,0.19490,0.26860,0.21190,0.24790,0.21530,0.32790,0.62170,0.18860,0.23360,0.19530,0.59970,0.19740,0.24050,0.20270,0.32910,0.20460,0.27550,0.20480,0.74400,0.35070,0.22980,0.36980,0.58720,0.28860,0.23750,0.25890,0.31850,0.26080,0.28220,0.24770,0.73850,0.45340,0.22760,0.35490,0.62200,0.26660,0.16760,0.26160,0.28000,0.25910,0.26500,0.19480,0.08410,0.41310,0.18330,0.27640,0.17720,0.27440,0.17900,0.25150,0.19120,0.23980,0.19610,0.13270
17:10:34,0.70320,0.20030,0.51650,0.17800,0.78170,0.14110,0.26030,0.20950,0.70650,0.22580,0.29010,0.23030,0.58180,0.45640,0.49830,0.23900,0.84330,0.40060,0.25310,0.29150,0.77870,0.25860,0.28420,0.35180,0.68560,0.44080,0.49390,0.23610,0.79890,0.41320,0.25220,0.27360,0.76670,0.26310,0.28470,0.33400,0.18970,0.44830,0.19260,0.23000,0.20050,0.40370,0.19570,0.26980,0.21240,0.24890,0.21600,0.32920,0.62510,0.18920,0.23450,0.19590,0.60330,0.19810,0.24140,0.20340,0.33090,0.20520,0.27640,0.20570,0.74810,0.35310,0.23070,0.37170,0.59030,0.29000,0.23840,0.26010,0.32000,0.26170,0.28340,0.24850,0.74200,0.45590,0.22850,0.35670,0.62540,0.26780,0.16870,0.26270,0.28110,0.26010,0.26610,0.19570,0.08420,0.41560,0.18400,0.27800,0.17780,0.27580,0.17950,0.25260,0.19180,0.24080,0.19660,0.13310
17:20:34,0.70670,0.20120,0.51930,0.17880,0.78480,0.14190,0.26160,0.21050,0.70970,0.22710,0.29110,0.23070,0.58480,0.45920,0.50130,0.24000,0.84710,0.40280,0.25350,0.29280,0.78240,0.25960,0.28520,0.35310,0.68870,0.44380,0.49650,0.23690,0.80280,0.41530,0.25340,0.27460,0.76990,0.26400,0.28590,0.33530,0.19030,0.45100,0.19310,0.23080,0.20100,0.40590,0.19640,0.27100,0.21270,0.24970,0.21660,0.33080,0.62790,0.19000,0.23540,0.19660,0.60640,0.19860,0.24220,0.20370,0.33230,0.20590,0.27760,0.20610,0.75190,0.35520,0.23160,0.37380,0.59380,0.29130,0.23920,0.26110,0.32140,0.26270,0.28450,0.24930,0.74570,0.45850,0.22920,0.35840,0.62860,0.26900,0.16950,0.26370,0.28240,0.26120,0.26710,0.19650,0.08440,0.41770,0.18460,0.27950,0.17860,0.27700,0.18020,0.25350,0.19210,0.24170,0.19720,0.13330
17:30:34,0.71040,0.20180,0.52170,0.17930,0.78840,0.14240,0.26250,0.21110,0.71310,0.22760,0.29210,0.23100,0.58740,0.46200,0.50410,0.24110,0.85060,0.40480,0.25390,0.29400,0.78600,0.26050,0.28610,0.35340,0.69160,0.44590,0.49910,0.23790,0.80670,0.41760,0.25420,0.27570,0.77340,0.26460,0.28690,0.33650,0.19080,0.45360,0.19360,0.23170,0.20160,0.40780,0.19710,0.27210,0.21330,0.25050,0.21730,0.33230,0.63080,0.19060,0.23630,0.19720,0.60960,0.19910,0.24290,0.20440,0.33420,0.20590,0.27860,0.20640,0.75560,0.35740,0.23230,0.37560,0.59700,0.29250,0.24000,0.26220,0.32280,0.26370,0.28560,0.25010,0.74940,0.46110,0.22980,0.36020,0.63180,0.27000,0.17030,0.26470,0.28340,0.26210,0.26800,0.19750,0.08450,0.41970,0.18480,0.28100,0.17890,0.27810,0.18080,0.25440,0.19250,0.24270,0.19790,0.13350
17:40:34,0.71350,0.20230,0.52450,0.17990,0.79220,0.14290,0.26350,0.21190,0.71670,0.22860,0.29330,0.23180,0.59030,0.46460,0.50660,0.24190,0.85430,0.40690,0.25480,0.29520,0.78920,0.26140,0.28690,0.35560,0.69470,0.44880,0.50180,0.23860,0.81010,0.41960,0.25510,0.27690,0.77670,0.26520,0.28800,0.33820,0.19150,0.45610,0.19420,0.23260,0.20220,0.40990,0.19790,0.27310,0.21390,0.25130,0.21780,0.33380,0.63360,0.19130,0.23710,0.19770,0.61290,0.19970,0.24360,0.20490,0.33560,0.20630,0.27850,0.20700,0.75930,0.35940,0.23310,0.37740,0.59970,0.29380,0.24080,0.26320,0.32420,0.26480,0.28660,0.25110,0.75270,0.46380,0.23060,0.36200,0.63500,0.27110,0.17120,0.26560,0.28450,0.26320,0.26910,0.19810,0.08460,0.42180,0.18550,0.28230,0.17960,0.27930,0.18120,0.25540,0.19300,0.24350,0.19830,0.13380
17:50:34,0.71720,0.20310,0.52730,0.18070,0.79510,0.14350,0.26460,0.21270,0.71920,0.22880,0.29320,0.23240,0.59320,0.46740,0.50940,0.24280,0.85780,0.40900,0.25580,0.29640,0.79300,0.26240,0.28820,0.35710,0.69780,0.45110,0.50470,0.23960,0.81390,0.42250,0.25600,0.27800,0.78070,0.26610,0.28910,0.33970,0.19220,0.45880,0.19490,0.23330,0.20300,0.41220,0.19860,0.27390,0.21450,0.25190,0.21850,0.33520,0.63660,0.19210,0.23800,0.19860,0.61590,0.20050,0.24460,0.20540,0.33700,0.20700,0.27940,0.20750,0.76280,0.36150,0.23410,0.37940,0.60270,0.29500,0.24160,0.26430,0.32560,0.26580,0.28760,0.25190,0.75620,0.46630,0.23140,0.36390,0.63850,0.27230,0.17200,0.26660,0.28590,0.26440,0.26990,0.19910,0.08490,0.42410,0.18610,0.28380,0.18030,0.28040,0.18180,0.25640,0.19380,0.24440,0.19900,0.13410
18:00:34,0.72060,0.20370,0.53000,0.18130,0.79800,0.14390,0.26560,0.21340,0.72300,0.22930,0.29420,0.23320,0.59590,0.47010,0.51220,0.24370,0.86130,0.41080,0.25670,0.29720,0.79610,0.26330,0.28910,0.35840,0.70060,0.45360,0.50720,0.24040,0.81730,0.42400,0.25670,0.27880,0.78400,0.26670,0.29010,0.34110,0.19290,0.46130,0.19540,0.23400,0.20370,0.41420,0.19910,0.27530,0.21480,0.25250,0.21920,0.33610,0.63950,0.19260,0.23860,0.19910,0.61960,0.20120,0.24540,0.20590,0.33830,0.20770,0.28000,0.20790,0.76640,0.36350,0.23480,0.38120,0.60580,0.29600,0.24250,0.26530,0.32680,0.26670,0.28840,0.25270,0.75950,0.46850,0.23240,0.36550,0.64160,0.27310,0.17280,0.26770,0.28710,0.26520,0.27090,0.19980,0.08510,0.42620,0.18660,0.28520,0.18090,0.28150,0.18210,0.25720,0.19400,0.24530,0.19940,0.13440
18:10:34,0.72380,0.20440,0.53230,0.18200,0.80100,0.14460,0.26650,0.21410,0.72580,0.23000,0.29450,0.23390,0.59900,0.47300,0.51480,0.24470,0.86490,0.41280,0.25780,0.29830,0.80020,0.26420,0.29020,0.36010,0.70380,0.45640,0.51000,0.24130,0.82090,0.42600,0.25760,0.28000,0.78770,0.26770,0.29110,0.34240,0.19370,0.46390,0.19600,0.23470,0.20440,0.41620,0.19970,0.27620,0.21560,0.25350,0.21980,0.33760,0.64230,0.19330,0.23940,0.19980,0.62280,0.20180,0.24620,0.20690,0.33980,0.20820,0.28100,0.20850,0.76990,0.36580,0.23570,0.38320,0.60910,0.29730,0.24330,0.26620,0.32830,0.26770,0.28950,0.25370,0.76300,0.47110,0.23320,0.36740,0.64490,0.27420,0.17350,0.26880,0.28810,0.26620,0.27190,0.20080,0.08530,0.42860,0.18730,0.28670,0.18170,0.28270,0.18280,0.25820,0.19460,0.24620,0.19990,0.13490
18:20:34,0.72720,0.20520,0.53500,0.18280,0.80370,0.14530,0.26740,0.21390,0.72960,0.23100,0.29520,0.23460,0.60190,0.47580,0.51760,0.24560,0.86830,0.41520,0.25870,0.29950,0.80330,0.26530,0.29130,0.36180,0.70690,0.45890,0.51210,0.24200,0.82440,0.42750,0.25850,0.28100,0.79140,0.26880,0.29210,0.34340,0.19430,0.46660,0.19680,0.23560,0.20510,0.41830,0.20030,0.27730,0.21640,0.25440,0.22020,0.33910,0.64550,0.19390,0.24040,0.20040,0.62540,0.20240,0.24690,0.20740,0.34060,0.20850,0.28190,0.20910,0.77340,0.36800,0.23660,0.38510,0.61240,0.29870,0.24420,0.26730,0.32970,0.26840,0.29050,0.25450,0.76630,0.47370,0.23400,0.36930,0.64820,0.27530,0.17450,0.26980,0.28880,0.26700,0.27290,0.20160,0.08560,0.43100,0.18790,0.28820,0.18190,0.28390,0.18330,0.25920,0.19510,0.24710,0.20060,0.13550
18:30:34,0.73040,0.20600,0.53770,0.18350,0.80790,0.14580,0.26840,0.21510,0.73240,0.23170,0.29580,0.23510,0.60510,0.47860,0.52030,0.24670,0.87150,0.41720,0.25940,0.30040,0.80670,0.26590,0.29230,0.36290,0.71030,0.46200,0.51400,0.24290,0.82820,0.42960,0.25940,0.28190,0.79460,0.26980,0.29280,0.34480,0.19490,0.46940,0.19750,0.23640,0.20570,0.42040,0.20080,0.27840,0.21710,0.25520,0.22090,0.34070,0.64880,0.19460,0.24130,0.20020,0.62880,0.20280,0.24780,0.20820,0.34200,0.20900,0.28310,0.20990,0.77710,0.37020,0.23730,0.38700,0.61550,0.30000,0.24500,0.26820,0.33070,0.26950,0.29160,0.25530,0.76950,0.47610,0.23470,0.37100,0.65120,0.27630,0.17550,0.27060,0.29000,0.26810,0.27380,0.20250,0.08580,0.43330,0.18840,0.28980,0.18280,0.28500,0.18380,0.26010,0.19580,0.24810,0.20100,0.13600
18:40:34,0.73370,0.20670,0.54050,0.18420,0.81020,0.14650,0.26970,0.21570,0.73530,0.23200,0.29690,0.23590,0.60810,0.48140,0.52280,0.24770,0.87480,0.41950,0.26030,0.30180,0.80940,0.26680,0.29330,0.36450,0.71330,0.46450,0.51680,0.24370,0.83150,0.43180,0.26030,0.28300,0.79810,0.27100,0.29360,0.34630,0.19580,0.47190,0.19820,0.23730,0.20640,0.42240,0.20150,0.27950,0.21760,0.25600,0.22140,0.34190,0.65180,0.19540,0.24210,0.20100,0.63220,0.20330,0.24870,0.20870,0.34360,0.20980,0.28420,0.21030,0.78060,0.37240,0.23820,0.38880,0.61850,0.30130,0.24590,0.26880,0.33210,0.27060,0.29280,0.25610,0.77310,0.47880,0.23570,0.37280,0.65450,0.27750,0.17640,0.27150,0.29120,0.26910,0.27490,0.20330,0.08600,0.43570,0.18920,0.29130,0.18360,0.28640,0.18450,0.26090,0.19630,0.24900,0.20160,0.13650
18:50:34,0.73690,0.20730,0.54300,0.18490,0.81370,0.14710,0.27060,0.21660,0.73790,0.23270,0.29800,0.23570,0.61090,0.48410,0.52560,0.24860,0.87820,0.42150,0.26100,0.30300,0.81190,0.26750,0.29430,0.36590,0.71620,0.46700,0.51940,0.24470,0.83490,0.43380,0.26130,0.28400,0.80100,0.27210,0.29470,0.34780,0.19640,0.47450,0.19870,0.23810,0.20690,0.42440,0.20200,0.28050,0.21820,0.25680,0.22210,0.34320,0.65460,0.19600,0.24260,0.20150,0.63570,0.20400,0.24940,0.20920,0.34500,0.21020,0.28440,0.21080,0.78400,0.37460,0.23910,0.39080,0.62170,0.30260,0.24660,0.26980,0.33350,0.27140,0.29370,0.25680,0.77630,0.48090,0.23650,0.37450,0.65750,0.27880,0.17730,0.27250,0.29230,0.27030,0.27580,0.20420,0.08620,0.43780,0.18980,0.29290,0.18410,0.28760,0.18510,0.26200,0.19690,0.24990,0.20190,0.13670
19:00:34,0.73980,0.20810,0.54540,0.18540,0.81600,0.14780,0.27150,0.21770,0.74020,0.23320,0.29900,0.23570,0.61380,0.48690,0.52810,0.24920,0.88140,0.42360,0.26170,0.30380,0.81460,0.26810,0.29530,0.36740,0.71910,0.46980,0.52220,0.24510,0.83830,0.43610,0.26240,0.28510,0.80380,0.27310,0.29520,0.34900,0.19720,0.47710,0.19990,0.23890,0.20760,0.42610,0.20250,0.28160,0.21880,0.25770,0.22230,0.34480,0.65750,0.19670,0.24340,0.20210,0.63870,0.20450,0.25030,0.20970,0.34640,0.21080,0.28500,0.21130,0.78720,0.37670,0.24000,0.39280,0.62470,0.30380,0.24740,0.27070,0.33480,0.27220,0.29470,0.25750,0.77950,0.48320,0.23730,0.37620,0.66060,0.27970,0.17840,0.27350,0.29330,0.27120,0.27640,0.20510,0.08630,0.44000,0.19030,0.29440,0.18460,0.28870,0.18570,0.26280,0.19730,0.25080,0.20240,0.13700
19:10:34,0.74330,0.20890,0.54820,0.18620,0.81950,0.14830,0.27250,0.21850,0.74320,0.23370,0.30010,0.23620,0.61650,0.48970,0.53010,0.24990,0.88450,0.42550,0.26270,0.30520,0.81830,0.26890,0.29620,0.36880,0.72200,0.47220,0.52470,0.24610,0.84140,0.43880,0.26330,0.28640,0.80760,0.27410,0.29630,0.35040,0.19800,0.47980,0.20060,0.23960,0.20830,0.42810,0.20310,0.28280,0.21940,0.25800,0.22300,0.34630,0.66020,0.19740,0.24400,0.20270,0.64180,0.20530,0.25100,0.21020,0.34790,0.21130,0.28600,0.21190,0.79070,0.37900,0.24120,0.39460,0.62780,0.30500,0.24810,0.27160,0.33610,0.27300,0.29600,0.25840,0.78280,0.48560,0.23820,0.37780,0.66370,0.28070,0.17930,0.27460,0.29460,0.27240,0.27730,0.20590,0.08660,0.44210,0.19090,0.29590,0.18540,0.28970,0.18630,0.26370,0.19800,0.25170,0.20280,0.13740
19:20:34,0.74610,0.20940,0.55080,0.18690,0.82190,0.14900,0.27260,0.21910,0.74540,0.23380,0.30100,0.23590,0.61930,0.49250,0.53280,0.25100,0.88770,0.42720,0.26280,0.30630,0.82130,0.26900,0.29700,0.37030,0.72490,0.47470,0.52740,0.24700,0.84450,0.44090,0.26420,0.28740,0.81070,0.27440,0.29730,0.35170,0.19860,0.48220,0.20060,0.24030,0.20860,0.42980,0.20360,0.28370,0.21990,0.25850,0.22360,0.34750,0.66310,0.19800,0.24480,0.20340,0.64450,0.20600,0.25180,0.21070,0.34920,0.21170,0.28660,0.21240,0.79380,0.38110,0.24190,0.39660,0.63060,0.30620,0.24890,0.27260,0.33760,0.27400,0.29700,0.25920,0.78580,0.48820,0.23890,0.37960,0.66690,0.28170,0.18020,0.27550,0.29550,0.27330,0.27830,0.20660,0.08670,0.44420,0.19140,0.29730,0.18590,0.29080,0.18670,0.26460,0.19840,0.25260,0.20320,0.13750
19:30:34,0.74910,0.20960,0.55310,0.18750,0.82430,0.14960,0.27380,0.22000,0.74870,0.23470,0.30210,0.23670,0.62180,0.49510,0.53550,0.25210,0.89100,0.42950,0.26380,0.30780,0.82480,0.26990,0.29750,0.36930,0.72730,0.47750,0.52990,0.24790,0.84780,0.44220,0.26510,0.28840,0.81400,0.27530,0.29770,0.35300,0.19940,0.48460,0.20140,0.24120,0.20930,0.43190,0.20410,0.28470,0.22060,0.25970,0.22410,0.34900,0.66550,0.19880,0.24570,0.20400,0.64750,0.20650,0.25260,0.21110,0.35050,0.21230,0.28770,0.21300,0.79730,0.38320,0.24260,0.39850,0.63370,0.30750,0.24950,0.27370,0.33920,0.27460,0.29810,0.26000,0.78900,0.49050,0.23970,0.38140,0.66980,0.28280,0.18100,0.27650,0.29650,0.27430,0.27930,0.20740,0.08700,0.44620,0.19190,0.29870,0.18660,0.29180,0.18720,0.26550,0.19900,0.25340,0.20390,0.13790
19:40:34,0.75240,0.21050,0.55590,0.18830,0.82780,0.15030,0.27480,0.22070,0.75160,0.23540,0.30170,0.23750,0.62480,0.49800,0.53810,0.25320,0.89350,0.43160,0.26530,0.30920,0.82810,0.27100,0.29850,0.36740,0.73030,0.48010,0.53260,0.24890,0.85120,0.44440,0.26620,0.28950,0.81740,0.27640,0.29870,0.35450,0.20000,0.48720,0.20210,0.24190,0.21000,0.43400,0.20480,0.28580,0.22130,0.26060,0.22490,0.35060,0.66850,0.19960,0.24660,0.20470,0.65090,0.20720,0.25350,0.21170,0.35210,0.21290,0.28780,0.21340,0.80070,0.38550,0.24330,0.40040,0.63690,0.30890,0.25040,0.27480,0.34080,0.27570,0.29930,0.26100,0.79190,0.49300,0.24060,0.38310,0.67290,0.28390,0.18200,0.27780,0.29770,0.27550,0.28010,0.20850,0.08730,0.44860,0.19250,0.30030,0.18720,0.29310,0.18790,0.26650,0.19940,0.25440,0.20450,0.13880
19:50:34,0.75550,0.21120,0.55810,0.18930,0.83050,0.15120,0.27570,0.22150,0.75430,0.23460,0.30260,0.23830,0.62790,0.50090,0.54080,0.25410,0.89670,0.43360,0.26620,0.31020,0.83100,0.27220,0.29960,0.36900,0.73330,0.48300,0.53520,0.24960,0.85400,0.44670,0.26700,0.29080,0.82070,0.27750,0.30000,0.35590,0.20080,0.49010,0.20280,0.24210,0.21060,0.43610,0.20530,0.28680,0.22200,0.26170,0.22540,0.35220,0.67170,0.20030,0.24750,0.20530,0.65410,0.20800,0.25420,0.21160,0.35370,0.21360,0.28900,0.21390,0.80390,0.38790,0.24410,0.40230,0.63990,0.31030,0.25130,0.27590,0.34210,0.27660,0.30030,0.26170,0.79520,0.49540,0.24150,0.38500,0.67590,0.28510,0.18320,0.27900,0.29880,0.27650,0.28120,0.20950,0.08770,0.45120,0.19320,0.30210,0.18790,0.29420,0.18860,0.26780,0.19990,0.25530,0.20510,0.13990
20:00:34,0.75820,0.21200,0.56070,0.19030,0.83340,0.15200,0.27670,0.22180,0.75620,0.23430,0.30130,0.23780,0.63090,0.50350,0.54310,0.25520,0.89960,0.43570,0.26720,0.31130,0.83410,0.27300,0.30040,0.37170,0.73640,0.48550,0.53790,0.25050,0.85750,0.44890,0.26780,0.29180,0.82340,0.27860,0.30070,0.35760,0.20150,0.49270,0.20330,0.24330,0.21100,0.43810,0.20600,0.28780,0.22270,0.26200,0.22600,0.35340,0.67460,0.20100,0.24790,0.20580,0.65630,0.20850,0.25490,0.21210,0.35480,0.21400,0.28980,0.21450,0.80700,0.39010,0.24480,0.40390,0.64270,0.31150,0.25160,0.27690,0.34330,0.27780,0.30130,0.26260,0.79800,0.49780,0.24240,0.38670,0.67890,0.28610,0.18440,0.28000,0.30030,0.27720,0.28220,0.21050,0.08790,0.45380,0.19380,0.30380,0.18860,0.29530,0.18920,0.26880,0.20030,0.25630,0.20570,0.14050

