Corrected [600]
	1	2	3	4	5	6	7	8	9	10	11	12
A	0.20339	0.07366	0.22750	0.07302	0.20428	0.07355	0.25386	0.07360	0.25083	0.07270	0.20021	0.07163	Corrected [600]
B	0.17424	0.25795	0.21139	0.30199	0.20788	0.31470	0.24039	0.28744	0.21689	0.30516	0.20075	0.28696	Corrected [600]
C	0.13783	0.20184	0.15571	0.20905	0.14519	0.22885	0.17553	0.22576	0.17723	0.25679	0.15617	0.22419	Corrected [600]
D	0.07340	0.14881	0.07380	0.15096	0.07427	0.18137	0.07277	0.17097	0.07314	0.16611	0.07207	0.16764	Corrected [600]
E	0.26517	0.07204	0.25685	0.07376	0.29096	0.07370	0.24128	0.07448	0.31746	0.07229	0.35019	0.07241	Corrected [600]
F	0.19386	0.28114	0.20795	0.37796	0.24654	0.26814	0.20811	0.30602	0.25986	0.34196	0.24449	0.30036	Corrected [600]
G	0.14741	0.22922	0.14206	0.23692	0.16132	0.20652	0.14100	0.23688	0.17165	0.23357	0.16495	0.20313	Corrected [600]
H	0.11401	0.15124	0.07306	0.16146	0.07288	0.14075	0.07280	0.14426	0.07295	0.14581	0.07277	0.14669	Corrected [600]

