Corrected [600]
	1	2	3	4	5	6	7	8	9	10	11	12
A	0.30315	0.07612	0.34218	0.07484	0.33316	0.07555	0.35073	0.07450	0.36060	0.07398	0.34353	0.07467	Corrected [600]
B	0.22660	0.41076	0.27153	0.41958	0.28864	0.41636	0.30244	0.41770	0.31342	0.41238	0.30851	0.36738	Corrected [600]
C	0.15205	0.29286	0.17607	0.29710	0.17515	0.31267	0.19645	0.31865	0.19881	0.31399	0.19903	0.28804	Corrected [600]
D	0.07610	0.18319	0.07509	0.17860	0.07547	0.19365	0.07544	0.19845	0.07377	0.18934	0.07450	0.18978	Corrected [600]
E	0.33683	0.07478	0.41787	0.07698	0.43695	0.07603	0.44461	0.07536	0.41205	0.07425	0.42561	0.07437	Corrected [600]
F	0.24019	0.47469	0.30248	0.42344	0.29742	0.44196	0.30579	0.42265	0.32518	0.43400	0.32269	0.38427	Corrected [600]
G	0.15217	0.30300	0.17368	0.30572	0.17532	0.30372	0.18577	0.31155	0.18318	0.31331	0.19417	0.29140	Corrected [600]
H	0.07556	0.16394	0.07491	0.17032	0.07446	0.16793	0.07447	0.17452	0.07382	0.17471	0.07672	0.17239	Corrected [600]

