420

Time,A1,A2,A3,A4,A5,A6,A7,A8,A9,A10,A11,A12,B1,B2,B3,B4,B5,B6,B7,B8,B9,B10,B11,B12,C1,C2,C3,C4,C5,C6,C7,C8,C9,C10,C11,C12,D1,D2,D3,D4,D5,D6,D7,D8,D9,D10,D11,D12,E1,E2,E3,E4,E5,E6,E7,E8,E9,E10,E11,E12,F1,F2,F3,F4,F5,F6,F7,F8,F9,F10,F11,F12,G1,G2,G3,G4,G5,G6,G7,G8,G9,G10,G11,G12,H1,H2,H3,H4,H5,H6,H7,H8,H9,H10,H11,H12
0:00:09,0.19940,0.08540,0.17080,0.08420,0.10900,0.08830,0.09490,0.08720,0.11200,0.09360,0.35340,0.07730,0.23490,0.10370,0.18660,0.10520,0.12340,0.11030,0.15760,0.10860,0.11040,0.17300,0.29980,0.10350,0.15850,0.09190,0.12780,0.11210,0.11540,0.11560,0.10100,0.10260,0.10280,0.12190,0.08940,0.09180,0.07680,0.10040,0.08740,0.10090,0.07700,0.10610,0.09140,0.09770,0.07630,0.09000,0.07790,0.09270,0.30040,0.07740,0.10890,0.07730,0.10800,0.07640,0.16770,0.08380,0.13770,0.07860,0.09420,0.08790,0.27790,0.15230,0.09840,0.16500,0.09490,0.10480,0.13980,0.09140,0.13000,0.09080,0.07920,0.09800,0.19210,0.12650,0.09140,0.14660,0.09400,0.09700,0.12280,0.08900,0.11630,0.09250,0.20140,0.08570,0.08270,0.11540,0.09020,0.11730,0.08120,0.08760,0.08330,0.09440,0.08210,0.08920,0.08150,0.08700
0:01:49,0.26000,0.08470,0.21490,0.08370,0.10960,0.08180,0.09980,0.08650,0.11830,0.09250,0.35110,0.07690,0.27700,0.10630,0.20900,0.11180,0.12130,0.11400,0.15260,0.11550,0.11930,0.16860,0.30220,0.09080,0.18300,0.09430,0.14280,0.11550,0.11400,0.11300,0.10120,0.10650,0.10670,0.12000,0.08920,0.09310,0.07640,0.10100,0.08710,0.10190,0.07640,0.10520,0.09210,0.09880,0.07590,0.08970,0.07740,0.09240,0.37540,0.07700,0.10850,0.07690,0.10830,0.07610,0.22270,0.08290,0.16170,0.07790,0.09220,0.08710,0.33050,0.16740,0.09820,0.19980,0.09660,0.10480,0.16700,0.09100,0.15040,0.09100,0.07960,0.09520,0.23010,0.13530,0.09060,0.17330,0.09290,0.09490,0.13800,0.08830,0.13190,0.09130,0.20170,0.08520,0.08240,0.12120,0.08970,0.12980,0.08100,0.08650,0.08260,0.09290,0.08080,0.08890,0.07980,0.08410
0:03:29,0.31290,0.08420,0.25810,0.08070,0.11140,0.08130,0.10350,0.08620,0.12520,0.09240,0.35090,0.07670,0.32380,0.10870,0.23450,0.12030,0.12020,0.11600,0.15200,0.12220,0.12860,0.17000,0.30110,0.09060,0.20490,0.09640,0.15980,0.12050,0.11330,0.11480,0.10640,0.10870,0.11320,0.11670,0.08930,0.09220,0.07630,0.10140,0.08700,0.10350,0.07630,0.10620,0.08980,0.10150,0.07580,0.09020,0.07710,0.09180,0.46190,0.07680,0.11030,0.07680,0.11230,0.07590,0.25690,0.08260,0.19000,0.07770,0.09110,0.08530,0.39260,0.18780,0.09930,0.23250,0.09740,0.10590,0.19850,0.09160,0.17730,0.09300,0.08050,0.09370,0.25490,0.14750,0.09070,0.19250,0.09400,0.09490,0.15620,0.08900,0.14990,0.09250,0.19910,0.08750,0.08230,0.12910,0.08940,0.14400,0.08090,0.08670,0.08190,0.09240,0.08030,0.08950,0.07950,0.08460
0:05:09,0.35890,0.08550,0.30160,0.08050,0.11210,0.07610,0.10800,0.08600,0.13200,0.09280,0.35050,0.07660,0.37360,0.11210,0.26510,0.12760,0.11900,0.12020,0.15250,0.13220,0.13810,0.17030,0.29890,0.09150,0.22280,0.09810,0.17930,0.12620,0.11280,0.11770,0.10450,0.11410,0.12000,0.11730,0.08980,0.09260,0.07610,0.10270,0.08690,0.10640,0.07620,0.10710,0.08950,0.10480,0.07570,0.09010,0.07700,0.09210,0.53520,0.07670,0.11160,0.07660,0.11330,0.07580,0.30660,0.08250,0.18980,0.07760,0.09110,0.08480,0.45410,0.20860,0.10010,0.27030,0.09910,0.10690,0.23010,0.09340,0.20880,0.09560,0.08150,0.09450,0.29380,0.15970,0.09090,0.21610,0.09490,0.09570,0.17420,0.09010,0.16560,0.09440,0.19930,0.09020,0.08210,0.12170,0.08920,0.15860,0.08070,0.08700,0.08160,0.09250,0.08010,0.09030,0.07750,0.08460
0:06:49,0.40780,0.08560,0.34850,0.08030,0.11360,0.07580,0.11290,0.08620,0.14120,0.09320,0.34800,0.07650,0.42640,0.11630,0.30220,0.13660,0.11930,0.12370,0.15300,0.14160,0.14970,0.17010,0.29510,0.09320,0.23570,0.09990,0.19880,0.13250,0.11240,0.12030,0.10620,0.12010,0.12770,0.11820,0.09070,0.09340,0.07620,0.10390,0.08690,0.10920,0.07620,0.10820,0.08930,0.10810,0.07570,0.09080,0.07700,0.08870,0.61330,0.07670,0.11240,0.07660,0.11580,0.07580,0.36090,0.08240,0.21880,0.07760,0.09280,0.08480,0.51230,0.22900,0.10150,0.31650,0.10140,0.10820,0.26380,0.09660,0.24260,0.09790,0.08280,0.09510,0.32810,0.17150,0.09160,0.24280,0.09560,0.09680,0.19330,0.09090,0.17980,0.09530,0.19880,0.08460,0.07620,0.12950,0.08930,0.17370,0.08290,0.08750,0.08140,0.09350,0.08010,0.09110,0.07750,0.08480
0:08:29,0.45430,0.08500,0.39310,0.08010,0.11560,0.07560,0.11760,0.08590,0.14950,0.09340,0.34660,0.07640,0.48330,0.12010,0.33400,0.14680,0.11910,0.12760,0.15300,0.15130,0.16190,0.17200,0.29580,0.09460,0.25080,0.10270,0.21870,0.13880,0.11230,0.12250,0.10770,0.12490,0.13720,0.11890,0.09130,0.09340,0.07600,0.10490,0.08670,0.11200,0.07590,0.10950,0.08890,0.11080,0.07550,0.09110,0.07670,0.08910,0.58940,0.07650,0.11460,0.07640,0.11900,0.07560,0.41780,0.08220,0.24790,0.07740,0.09260,0.08460,0.56950,0.25090,0.10280,0.35390,0.10280,0.11030,0.29800,0.09830,0.27790,0.10030,0.08380,0.09490,0.36420,0.18580,0.09220,0.27390,0.09610,0.09790,0.21300,0.09250,0.19660,0.09680,0.19840,0.08520,0.07580,0.13550,0.08920,0.19020,0.08280,0.08800,0.08120,0.09370,0.07980,0.09180,0.07720,0.08460
0:10:09,0.50090,0.08380,0.44470,0.08010,0.11810,0.07560,0.12250,0.08600,0.15900,0.09370,0.34460,0.07630,0.53840,0.12480,0.36880,0.15560,0.12070,0.13220,0.15500,0.16200,0.17570,0.17260,0.29550,0.09660,0.26940,0.10560,0.24070,0.14560,0.11220,0.12600,0.11010,0.13130,0.14790,0.11990,0.09190,0.09330,0.07600,0.10630,0.08670,0.11530,0.07600,0.11100,0.08870,0.11460,0.07550,0.09190,0.07680,0.08950,0.66420,0.07650,0.11610,0.07630,0.12200,0.07560,0.46200,0.08210,0.27800,0.07740,0.09640,0.08460,0.62980,0.27340,0.10400,0.39350,0.10490,0.11270,0.33520,0.10100,0.31090,0.09810,0.08530,0.09540,0.37360,0.20100,0.09310,0.30470,0.09710,0.09890,0.23330,0.09420,0.21540,0.09880,0.19850,0.08530,0.07580,0.14290,0.08930,0.20800,0.08280,0.08880,0.08100,0.09440,0.07970,0.09300,0.07720,0.08480
0:11:49,0.54630,0.08380,0.48960,0.07840,0.11910,0.07560,0.12780,0.08590,0.16880,0.09410,0.34290,0.07640,0.51280,0.12890,0.40370,0.16570,0.12140,0.13740,0.15900,0.17390,0.18970,0.17340,0.29160,0.09800,0.28880,0.10800,0.26240,0.15310,0.11230,0.12960,0.11270,0.13630,0.15880,0.12070,0.09230,0.09350,0.07600,0.10780,0.08670,0.11880,0.07600,0.11250,0.08870,0.11860,0.07560,0.09270,0.07680,0.09020,0.73700,0.07650,0.11850,0.07640,0.12600,0.07560,0.51290,0.08210,0.31190,0.07740,0.10020,0.08460,0.69410,0.29520,0.10580,0.43810,0.10690,0.11460,0.37370,0.10360,0.34570,0.10100,0.08680,0.09610,0.41090,0.21650,0.09390,0.33320,0.09820,0.10030,0.25280,0.09600,0.23410,0.10090,0.19820,0.08570,0.07580,0.15030,0.08940,0.22160,0.08290,0.08940,0.08080,0.09540,0.07960,0.09430,0.07720,0.08490
0:13:29,0.59100,0.08380,0.53590,0.07810,0.12190,0.07560,0.13290,0.08610,0.17950,0.09430,0.34160,0.07640,0.56500,0.13250,0.44370,0.17730,0.12240,0.14280,0.16010,0.18550,0.20440,0.17360,0.30010,0.09950,0.31430,0.11130,0.28510,0.16070,0.11240,0.13180,0.11540,0.14260,0.16970,0.12200,0.09330,0.09450,0.07610,0.10950,0.08670,0.12270,0.07600,0.11430,0.08050,0.12340,0.07550,0.09360,0.07680,0.09090,0.80020,0.07650,0.12060,0.07640,0.12950,0.07560,0.57500,0.08210,0.34230,0.07740,0.10310,0.08470,0.75930,0.32010,0.10770,0.48350,0.10950,0.11670,0.41230,0.10600,0.37860,0.10390,0.08850,0.09660,0.44100,0.23180,0.09460,0.36340,0.09960,0.10130,0.27240,0.09800,0.25340,0.10360,0.19840,0.08610,0.07580,0.15830,0.08940,0.24000,0.08010,0.09030,0.08070,0.09650,0.07960,0.09550,0.07720,0.08500
0:15:09,0.63260,0.08360,0.58350,0.07810,0.12440,0.07550,0.13890,0.08600,0.18930,0.09420,0.34070,0.07630,0.61380,0.13750,0.48420,0.18860,0.12410,0.14780,0.15950,0.19860,0.21850,0.17590,0.30570,0.10100,0.33700,0.11430,0.30880,0.16840,0.11270,0.13500,0.11810,0.14950,0.18120,0.12240,0.09390,0.09530,0.07600,0.11130,0.08660,0.12660,0.07590,0.11610,0.07940,0.12750,0.07550,0.09450,0.07670,0.09150,0.77380,0.07640,0.12240,0.07630,0.13280,0.07550,0.62940,0.08180,0.37480,0.07730,0.10640,0.08480,0.81630,0.34510,0.10930,0.52880,0.11170,0.11930,0.45470,0.10910,0.40920,0.10670,0.09030,0.09700,0.47720,0.24800,0.09540,0.39490,0.10090,0.10220,0.29330,0.10000,0.27280,0.10570,0.19770,0.08650,0.07570,0.16650,0.08930,0.25700,0.07950,0.09110,0.08060,0.09710,0.07950,0.09690,0.07710,0.08510
0:16:49,0.67310,0.08360,0.63300,0.07800,0.12720,0.07560,0.14530,0.08590,0.19960,0.09440,0.34150,0.07640,0.65810,0.14200,0.52420,0.20070,0.12590,0.15370,0.11780,0.21060,0.23570,0.17630,0.30630,0.10230,0.36280,0.11760,0.33160,0.17720,0.11310,0.14040,0.12070,0.14500,0.19280,0.12410,0.09460,0.09660,0.07600,0.11340,0.08660,0.13110,0.07590,0.11800,0.07890,0.13160,0.07550,0.09560,0.07680,0.09230,0.81680,0.07640,0.12460,0.07630,0.13760,0.07550,0.66710,0.08090,0.40670,0.07730,0.10940,0.08490,0.81300,0.37030,0.11160,0.57450,0.11430,0.12180,0.49600,0.11170,0.44710,0.10330,0.09230,0.09830,0.48810,0.26530,0.09630,0.42660,0.10220,0.10320,0.31440,0.10230,0.29460,0.10840,0.19710,0.08690,0.07570,0.16570,0.08660,0.27520,0.07670,0.09230,0.08050,0.09820,0.07950,0.09810,0.07710,0.08190
0:18:29,0.71450,0.08370,0.68310,0.07800,0.13070,0.07560,0.15190,0.08600,0.21040,0.09450,0.33990,0.07640,0.69840,0.14800,0.55750,0.21460,0.12680,0.16000,0.12350,0.22400,0.24990,0.17800,0.30640,0.10380,0.39180,0.12130,0.35650,0.18510,0.11350,0.14590,0.12270,0.15460,0.20480,0.12510,0.09550,0.09820,0.07620,0.11530,0.08660,0.13630,0.07600,0.11980,0.07880,0.14540,0.07550,0.09690,0.07680,0.09310,0.86450,0.07650,0.12740,0.07630,0.14210,0.07560,0.72590,0.08070,0.43700,0.07770,0.11200,0.08500,0.86840,0.40110,0.11360,0.61980,0.11710,0.12440,0.53090,0.11460,0.48530,0.10580,0.09480,0.09950,0.53100,0.28260,0.09740,0.46150,0.10370,0.10450,0.33660,0.10460,0.31790,0.11140,0.19680,0.08750,0.07570,0.17560,0.08650,0.29440,0.07610,0.09310,0.08050,0.09930,0.07980,0.09960,0.07710,0.08230
0:20:09,0.72690,0.08360,0.72930,0.07770,0.13380,0.07560,0.15930,0.08600,0.22250,0.09440,0.33940,0.07640,0.73410,0.15270,0.59520,0.22670,0.12850,0.16700,0.12320,0.23840,0.26500,0.17960,0.30860,0.10560,0.40470,0.12540,0.37800,0.19440,0.11370,0.15070,0.12540,0.16320,0.21680,0.12630,0.09620,0.09980,0.07610,0.11710,0.08660,0.14140,0.07590,0.12170,0.07870,0.15170,0.07540,0.09810,0.07670,0.09400,0.91050,0.07640,0.13000,0.07630,0.14640,0.07560,0.77670,0.08040,0.46600,0.07780,0.11490,0.08510,0.91300,0.43050,0.11570,0.66300,0.11960,0.12690,0.56460,0.11760,0.51790,0.10860,0.09740,0.10020,0.57410,0.30100,0.09840,0.49410,0.10550,0.10590,0.35780,0.10650,0.34080,0.11430,0.19670,0.08800,0.07570,0.18770,0.08640,0.31360,0.07590,0.09220,0.08450,0.10050,0.07980,0.10090,0.07700,0.08280
0:21:49,0.77170,0.08360,0.76990,0.07620,0.13720,0.07560,0.16710,0.08610,0.23400,0.09460,0.33860,0.07650,0.76280,0.15830,0.63610,0.23870,0.13010,0.17320,0.12810,0.25210,0.28290,0.18130,0.30780,0.10800,0.42880,0.12840,0.40040,0.20250,0.11330,0.15530,0.12820,0.16010,0.22820,0.12830,0.09690,0.10120,0.07610,0.11890,0.08660,0.14600,0.07600,0.12340,0.07860,0.15720,0.07550,0.09450,0.07680,0.09490,0.95220,0.07650,0.13260,0.07640,0.15090,0.07560,0.83170,0.08040,0.49490,0.07740,0.11890,0.08510,0.95190,0.46030,0.11780,0.70450,0.12220,0.12950,0.59810,0.12070,0.55530,0.11280,0.10050,0.10110,0.61170,0.31960,0.09950,0.53340,0.10730,0.10570,0.37840,0.10870,0.36590,0.11680,0.19550,0.08870,0.07570,0.19750,0.08650,0.33170,0.07590,0.08770,0.08460,0.10170,0.07990,0.10220,0.07710,0.08340
0:23:29,0.81370,0.08360,0.80760,0.07620,0.14030,0.07570,0.17480,0.08610,0.24480,0.09460,0.33860,0.07660,0.79300,0.16340,0.67530,0.24810,0.13190,0.17730,0.13270,0.26400,0.29820,0.18310,0.31250,0.11010,0.45850,0.13190,0.42220,0.20880,0.11290,0.16090,0.13130,0.17250,0.23980,0.13000,0.09770,0.10290,0.07620,0.12050,0.08670,0.15100,0.07600,0.12440,0.07690,0.16290,0.07550,0.09590,0.07690,0.09600,0.98920,0.07660,0.13460,0.07640,0.15460,0.07570,0.87000,0.08030,0.52590,0.07750,0.12290,0.08540,0.99390,0.48720,0.11980,0.74630,0.12490,0.13220,0.63630,0.12420,0.59230,0.11500,0.10350,0.09680,0.64610,0.33720,0.10060,0.56880,0.10910,0.10600,0.39900,0.11080,0.39170,0.11920,0.19620,0.08930,0.07580,0.20800,0.08660,0.34820,0.07590,0.08860,0.08600,0.10290,0.07990,0.10350,0.07710,0.08370
0:25:09,0.83610,0.08350,0.84840,0.07630,0.14350,0.07580,0.18240,0.08620,0.25610,0.09480,0.33820,0.07670,0.77130,0.17020,0.71390,0.25740,0.13330,0.18220,0.13750,0.27690,0.31330,0.18580,0.31090,0.11250,0.48900,0.13560,0.44610,0.21720,0.11320,0.16670,0.13450,0.18140,0.25230,0.13250,0.09880,0.10470,0.07620,0.12180,0.08670,0.15600,0.07600,0.12590,0.07670,0.16860,0.07550,0.09700,0.07690,0.09700,1.02350,0.07660,0.13650,0.07640,0.15920,0.07580,0.92960,0.08020,0.55950,0.07760,0.12720,0.08560,1.03190,0.51230,0.12170,0.78750,0.12790,0.13490,0.67490,0.12710,0.62720,0.11950,0.10650,0.09790,0.67870,0.35370,0.10160,0.60550,0.11150,0.10770,0.41730,0.11280,0.41720,0.12160,0.19610,0.08980,0.07580,0.21280,0.08640,0.36360,0.07600,0.08940,0.07950,0.10420,0.08000,0.10470,0.07710,0.08390
0:26:49,0.86590,0.08370,0.89180,0.07650,0.14680,0.07600,0.19040,0.08630,0.26700,0.09510,0.33940,0.07690,0.81070,0.17720,0.75280,0.26870,0.13530,0.18840,0.14190,0.29130,0.32860,0.18870,0.31080,0.11520,0.51740,0.13910,0.47040,0.22560,0.11410,0.17370,0.13780,0.18930,0.26390,0.13560,0.10040,0.10690,0.07640,0.12330,0.08680,0.16130,0.07610,0.12790,0.07680,0.17440,0.07560,0.09770,0.07710,0.09830,1.05630,0.07680,0.13910,0.07650,0.16390,0.07590,0.95740,0.08030,0.59140,0.07770,0.13160,0.08590,1.07240,0.54100,0.12380,0.82760,0.13080,0.13770,0.71210,0.13020,0.66250,0.12300,0.10920,0.09110,0.71010,0.37910,0.10270,0.63970,0.11400,0.10910,0.43790,0.11510,0.44150,0.12400,0.19530,0.09040,0.07580,0.22150,0.08660,0.38190,0.07610,0.09020,0.07890,0.10550,0.08020,0.10630,0.07720,0.08410
0:28:29,0.88790,0.08380,0.94450,0.07660,0.15000,0.07630,0.19850,0.08650,0.27900,0.09550,0.33930,0.07730,0.84540,0.18030,0.79350,0.28260,0.13720,0.19570,0.14650,0.30520,0.34470,0.19110,0.30410,0.11780,0.54180,0.14270,0.49610,0.23370,0.11520,0.18040,0.14170,0.19620,0.27690,0.13890,0.10220,0.10950,0.07650,0.11640,0.08700,0.16640,0.07630,0.13040,0.07690,0.18130,0.07570,0.09870,0.07730,0.09970,1.08620,0.07690,0.14230,0.07670,0.16850,0.07610,1.00410,0.08050,0.62430,0.07790,0.13630,0.08650,1.11220,0.56950,0.12600,0.86920,0.13350,0.14080,0.74820,0.12670,0.70270,0.12560,0.11150,0.09220,0.71500,0.41130,0.10390,0.67320,0.11680,0.11100,0.46000,0.11760,0.46450,0.12670,0.19600,0.09090,0.07580,0.23120,0.08680,0.40580,0.07610,0.09090,0.07690,0.10690,0.08040,0.10460,0.07720,0.08450
0:30:09,0.90100,0.08380,0.99150,0.07680,0.15360,0.07660,0.20610,0.08680,0.28960,0.09010,0.34070,0.07770,0.87190,0.18450,0.83580,0.29540,0.13920,0.20280,0.15080,0.31870,0.36060,0.12670,0.31060,0.12070,0.56470,0.14640,0.52530,0.24290,0.11640,0.18700,0.14540,0.20310,0.29160,0.14270,0.10410,0.11200,0.07660,0.11820,0.08710,0.17190,0.07640,0.11730,0.07710,0.18830,0.07580,0.09980,0.07750,0.10120,1.11480,0.07710,0.14530,0.07680,0.17310,0.07620,1.03450,0.08070,0.65820,0.07810,0.14180,0.08690,1.15490,0.59950,0.12820,0.90740,0.13660,0.14370,0.78270,0.12270,0.74380,0.13070,0.11400,0.09330,0.74180,0.43910,0.10490,0.70440,0.11910,0.11350,0.49290,0.12010,0.48720,0.12920,0.19540,0.09140,0.07590,0.23980,0.08690,0.43200,0.07610,0.09160,0.07660,0.10810,0.08050,0.10300,0.07720,0.08460
0:31:49,0.93450,0.08400,1.03640,0.07710,0.15770,0.07700,0.21270,0.08700,0.30020,0.08680,0.34150,0.07810,0.89780,0.18950,0.87240,0.27840,0.14190,0.21020,0.15510,0.33190,0.37740,0.13110,0.30670,0.12380,0.58740,0.14990,0.55550,0.25390,0.11770,0.19290,0.14920,0.21090,0.30630,0.14630,0.10620,0.11460,0.07680,0.12030,0.08740,0.17730,0.07660,0.11890,0.07740,0.19460,0.07610,0.10140,0.07790,0.10280,1.14030,0.07740,0.14940,0.07700,0.17760,0.07660,1.09950,0.08090,0.69170,0.07850,0.14760,0.08750,1.19190,0.62780,0.13060,0.94490,0.13990,0.14690,0.82060,0.12390,0.78440,0.13360,0.11660,0.09440,0.77270,0.46490,0.10650,0.73250,0.12150,0.11630,0.52900,0.12280,0.51070,0.13210,0.19600,0.09200,0.07600,0.24980,0.08710,0.45670,0.07620,0.09260,0.07680,0.10950,0.08070,0.10480,0.07730,0.08490
0:33:29,0.96830,0.08420,1.07830,0.07740,0.16230,0.07750,0.21910,0.08740,0.31060,0.08590,0.34340,0.07880,0.92170,0.19500,0.76400,0.29020,0.14450,0.21760,0.15930,0.34670,0.39370,0.13520,0.30780,0.12750,0.60390,0.15380,0.58410,0.26600,0.11930,0.19830,0.15290,0.21870,0.32010,0.15020,0.10820,0.11760,0.07700,0.12230,0.08770,0.17400,0.07700,0.12110,0.07780,0.20100,0.07640,0.10300,0.07840,0.10470,1.16210,0.07760,0.15370,0.07740,0.18240,0.07690,1.13740,0.08130,0.72470,0.07960,0.15380,0.08840,1.22300,0.65640,0.13300,0.97970,0.14400,0.15000,0.85970,0.12800,0.82760,0.13800,0.11980,0.09560,0.80820,0.47030,0.10820,0.76130,0.12370,0.11950,0.56610,0.12560,0.53540,0.13570,0.19710,0.09250,0.07610,0.25760,0.08740,0.47820,0.07640,0.09330,0.07710,0.11120,0.08100,0.10660,0.07740,0.08510
0:35:09,1.00140,0.08060,1.12020,0.07780,0.16690,0.07820,0.22610,0.08800,0.32210,0.08630,0.34610,0.07970,0.95250,0.20140,0.79360,0.30420,0.14760,0.22510,0.16400,0.36270,0.41110,0.13950,0.30910,0.13160,0.61440,0.15820,0.61040,0.27910,0.12090,0.20370,0.15640,0.22500,0.33370,0.15430,0.11010,0.12070,0.07710,0.12430,0.08800,0.18200,0.07730,0.12370,0.07820,0.20720,0.07670,0.09810,0.07880,0.10690,1.18040,0.07790,0.15760,0.07760,0.18720,0.07750,1.17470,0.08170,0.75480,0.07940,0.15940,0.08960,1.24860,0.68420,0.13550,1.01350,0.14810,0.15330,0.89770,0.13120,0.87060,0.14090,0.12280,0.09670,0.82650,0.49290,0.10990,0.78870,0.12590,0.12240,0.59860,0.12830,0.56070,0.13960,0.19790,0.09310,0.07600,0.26370,0.08750,0.49850,0.07650,0.09400,0.07730,0.11310,0.08110,0.10820,0.07730,0.08520
0:36:49,1.03150,0.08070,1.16010,0.07840,0.17190,0.07910,0.23430,0.08870,0.33370,0.08740,0.34880,0.08090,0.99510,0.20910,0.82110,0.31880,0.15030,0.23430,0.16960,0.37940,0.42900,0.14410,0.31600,0.13640,0.64690,0.16260,0.63600,0.29110,0.12270,0.20930,0.16010,0.23030,0.34710,0.15860,0.11190,0.12450,0.07740,0.12690,0.08210,0.18860,0.07780,0.12720,0.07890,0.21370,0.07760,0.09930,0.07960,0.10970,1.19560,0.07830,0.16190,0.07820,0.19220,0.07820,1.20930,0.08250,0.78750,0.08020,0.16590,0.09100,1.26780,0.71010,0.13830,1.04560,0.15210,0.15680,0.93290,0.13390,0.90880,0.14500,0.12640,0.09790,0.85160,0.51350,0.11160,0.82170,0.12820,0.12500,0.62810,0.13130,0.58480,0.14350,0.19920,0.09380,0.07630,0.27550,0.08790,0.51840,0.07690,0.09510,0.07770,0.11500,0.08160,0.11020,0.07740,0.08560
0:38:29,1.06000,0.08090,1.19490,0.07890,0.17670,0.08010,0.24290,0.08940,0.34530,0.08870,0.35350,0.08200,1.02670,0.21670,0.84710,0.33120,0.15380,0.24410,0.17570,0.39590,0.44780,0.14810,0.31610,0.14080,0.70510,0.16690,0.66010,0.30230,0.12470,0.21520,0.16380,0.23390,0.36050,0.16280,0.11380,0.12830,0.07780,0.12950,0.08230,0.19450,0.07850,0.13090,0.07970,0.21990,0.07840,0.10090,0.08050,0.11240,1.20910,0.07880,0.16600,0.07860,0.19770,0.07900,1.23990,0.08330,0.81550,0.08100,0.17060,0.09250,1.28300,0.73630,0.14100,1.07510,0.14550,0.16020,0.96520,0.13690,0.94370,0.14810,0.12940,0.09910,0.88970,0.49930,0.11330,0.86640,0.13050,0.12750,0.65480,0.13420,0.60790,0.14700,0.20000,0.09430,0.07640,0.29090,0.08820,0.53800,0.07720,0.09660,0.07820,0.11680,0.08190,0.11200,0.07750,0.08610
0:40:09,1.08510,0.08110,1.22330,0.07950,0.18160,0.08110,0.25220,0.09040,0.35490,0.09000,0.35560,0.08320,1.04640,0.22380,0.87180,0.34360,0.14020,0.25370,0.18210,0.41150,0.46700,0.15250,0.31330,0.14500,0.75300,0.17120,0.68370,0.31310,0.12680,0.22180,0.16750,0.24390,0.37420,0.16750,0.11570,0.13180,0.07810,0.12120,0.08290,0.20040,0.07930,0.13450,0.08080,0.22660,0.07940,0.10320,0.08180,0.11510,1.21480,0.07940,0.17010,0.07920,0.20370,0.08010,1.26730,0.08430,0.84520,0.08210,0.17710,0.09410,1.29530,0.76200,0.14370,1.10300,0.14990,0.16380,0.99600,0.14100,0.97630,0.15210,0.13260,0.10070,0.92680,0.51850,0.11490,0.90840,0.13280,0.12990,0.67970,0.13730,0.63050,0.15080,0.20070,0.09470,0.07650,0.30630,0.08880,0.55740,0.07760,0.09790,0.07870,0.11880,0.08240,0.11400,0.07760,0.08660
0:41:49,1.10650,0.08090,1.24690,0.08030,0.18680,0.08240,0.26180,0.09150,0.36510,0.09170,0.35920,0.08490,1.06360,0.22990,0.89650,0.35610,0.14340,0.26280,0.18840,0.42640,0.48570,0.15770,0.31430,0.14970,0.78350,0.17540,0.70700,0.32390,0.12920,0.22930,0.17150,0.25720,0.38810,0.17260,0.11790,0.13540,0.07850,0.12350,0.08340,0.20610,0.08030,0.13800,0.08200,0.23310,0.08090,0.10550,0.08330,0.11830,1.20880,0.08000,0.17430,0.08000,0.20990,0.08130,1.29150,0.08560,0.87150,0.08350,0.18420,0.09610,1.30580,0.78660,0.14650,1.13030,0.15360,0.16760,1.02510,0.14440,1.00710,0.15590,0.13610,0.10340,0.95450,0.53630,0.11660,0.94210,0.13530,0.13260,0.70400,0.14050,0.65270,0.15460,0.20250,0.09510,0.07670,0.31860,0.08930,0.57660,0.07810,0.09930,0.07930,0.12080,0.08300,0.11600,0.07760,0.08700
0:43:29,1.12470,0.08140,1.26850,0.08130,0.19220,0.08400,0.27120,0.09300,0.37510,0.09350,0.36230,0.08690,1.07840,0.23600,0.91970,0.36860,0.14680,0.27210,0.19460,0.44190,0.50390,0.16340,0.31750,0.15570,0.80970,0.17980,0.73000,0.33470,0.13180,0.23660,0.17560,0.27150,0.40230,0.17850,0.12100,0.13880,0.07900,0.12600,0.08430,0.21210,0.08150,0.14150,0.08360,0.24010,0.08250,0.10790,0.08530,0.12160,1.20180,0.08080,0.17850,0.08100,0.21610,0.08280,1.31360,0.08720,0.89740,0.08510,0.19110,0.09810,1.31370,0.81120,0.14940,1.15660,0.15750,0.17160,1.05340,0.14820,1.03700,0.15900,0.13930,0.11140,0.97870,0.55380,0.11840,0.97250,0.13780,0.13530,0.72770,0.14370,0.67490,0.15850,0.20330,0.09580,0.07700,0.32990,0.08990,0.59550,0.07860,0.10070,0.08010,0.12280,0.08370,0.11800,0.07780,0.08740
0:45:09,1.14070,0.08180,1.28710,0.08220,0.19740,0.08560,0.28070,0.09440,0.38420,0.09520,0.36700,0.08860,1.09080,0.24210,0.94130,0.38090,0.15030,0.28090,0.20050,0.45710,0.52170,0.16880,0.15310,0.16080,0.83320,0.18420,0.75250,0.34560,0.13450,0.24350,0.18000,0.28380,0.41630,0.18380,0.12370,0.14200,0.07960,0.12840,0.08540,0.21810,0.08290,0.14500,0.08520,0.24700,0.08420,0.11030,0.08690,0.12440,1.20120,0.08170,0.18280,0.08220,0.22220,0.08440,1.33290,0.08870,0.92210,0.08660,0.19740,0.09980,1.32050,0.83430,0.15230,1.18030,0.16120,0.17550,1.07980,0.15370,0.97280,0.16270,0.14110,0.11750,1.00010,0.57180,0.12010,1.00090,0.14040,0.13800,0.75100,0.14700,0.69660,0.16240,0.20380,0.09680,0.07710,0.34070,0.09040,0.61430,0.07910,0.10200,0.08080,0.11480,0.08430,0.11990,0.07790,0.08780
0:46:49,1.15640,0.08130,1.30400,0.08320,0.20260,0.08720,0.29020,0.09590,0.39640,0.09680,0.36990,0.09030,1.10220,0.24840,0.96270,0.39300,0.15380,0.29000,0.20730,0.47250,0.53890,0.17440,0.15750,0.16510,0.85530,0.18850,0.77430,0.35650,0.13330,0.25090,0.18440,0.29380,0.42990,0.18900,0.12740,0.14590,0.08020,0.13090,0.08660,0.22450,0.08430,0.14860,0.08670,0.25420,0.08570,0.11290,0.08890,0.12730,1.20110,0.08270,0.18710,0.08360,0.20970,0.08600,1.35050,0.09040,0.94820,0.08820,0.20410,0.10160,1.32500,0.85740,0.15540,1.20350,0.16540,0.17970,1.10530,0.15910,0.99780,0.16820,0.14430,0.11960,1.02030,0.58900,0.12200,1.02810,0.14320,0.14080,0.77400,0.15050,0.71810,0.16660,0.20450,0.09760,0.07730,0.35150,0.09120,0.63300,0.07980,0.10340,0.08170,0.11870,0.08500,0.12180,0.07790,0.08820
0:48:29,1.16460,0.08170,1.31900,0.08460,0.20790,0.08910,0.29950,0.09760,0.40840,0.09360,0.37490,0.09240,1.11270,0.25460,0.98300,0.40530,0.15780,0.29940,0.21330,0.48800,0.55720,0.17970,0.16200,0.17040,0.87650,0.19330,0.79610,0.36760,0.13580,0.25840,0.18910,0.30410,0.44390,0.19480,0.13160,0.14980,0.08110,0.13230,0.08800,0.23090,0.08600,0.15250,0.08870,0.26180,0.08750,0.11600,0.09120,0.13040,1.20080,0.08390,0.19160,0.08510,0.21550,0.08800,1.36580,0.09210,0.97020,0.09010,0.21050,0.10350,1.32810,0.88020,0.15850,1.22460,0.16960,0.18420,1.12950,0.16410,1.02240,0.17480,0.14910,0.12150,1.03810,0.60690,0.12390,1.05380,0.14600,0.14400,0.79670,0.15400,0.73900,0.17100,0.20560,0.09840,0.07770,0.36220,0.09200,0.65120,0.08080,0.10490,0.08290,0.12100,0.08610,0.12390,0.07820,0.08860
0:50:09,1.17120,0.08240,1.33190,0.08570,0.21320,0.09080,0.30820,0.09930,0.42190,0.09510,0.37790,0.09430,1.12140,0.26060,1.00210,0.41740,0.16150,0.30870,0.21980,0.50340,0.57430,0.18520,0.16640,0.17530,0.89680,0.19780,0.81770,0.37850,0.13830,0.26590,0.19360,0.31440,0.45760,0.20020,0.13610,0.15300,0.08190,0.13490,0.08930,0.23690,0.08750,0.15640,0.09050,0.26900,0.08910,0.11890,0.09320,0.13340,1.20040,0.08510,0.19580,0.08650,0.22110,0.08980,1.37920,0.09090,0.99760,0.09190,0.21850,0.10520,1.33010,0.90190,0.16160,1.24360,0.17370,0.18840,1.15260,0.16890,1.04510,0.18090,0.15370,0.12290,1.05470,0.62390,0.12590,1.07800,0.14880,0.14700,0.81860,0.15760,0.75960,0.17520,0.20630,0.09880,0.07790,0.37270,0.09290,0.66930,0.08140,0.10620,0.08370,0.12300,0.08690,0.12590,0.07820,0.08900
0:51:49,1.17580,0.08320,1.34310,0.08700,0.21840,0.09240,0.31660,0.10260,0.43170,0.09660,0.38160,0.09590,1.12940,0.26680,1.01970,0.42930,0.16540,0.31780,0.22610,0.51860,0.59150,0.19030,0.17070,0.17990,0.91620,0.20250,0.83830,0.38930,0.14090,0.27300,0.19800,0.32420,0.47100,0.20530,0.14020,0.15750,0.08280,0.13760,0.09060,0.24320,0.08920,0.16030,0.09220,0.27610,0.09070,0.12160,0.09500,0.13610,1.19950,0.08630,0.20040,0.08800,0.22700,0.09150,1.39100,0.09240,1.02500,0.09340,0.22630,0.10680,1.33130,0.92280,0.16490,1.26140,0.17800,0.19280,1.17410,0.17380,1.06660,0.18600,0.15810,0.12300,1.06980,0.64070,0.12790,1.10090,0.15160,0.14990,0.84020,0.16120,0.77960,0.17930,0.20790,0.09890,0.07810,0.38310,0.09370,0.68700,0.08230,0.10750,0.08480,0.12510,0.08770,0.12790,0.07840,0.08940
0:53:29,1.17880,0.08360,1.35240,0.08780,0.22330,0.09370,0.32470,0.10390,0.44670,0.09810,0.38520,0.09710,1.13560,0.27280,1.03630,0.44100,0.16890,0.32640,0.23210,0.53300,0.60720,0.19520,0.17460,0.18380,0.93470,0.20670,0.85830,0.40010,0.14330,0.28000,0.20220,0.33360,0.48410,0.21040,0.14400,0.16210,0.08350,0.14000,0.09190,0.24920,0.09060,0.16380,0.09360,0.28300,0.09210,0.12390,0.09640,0.13850,1.19860,0.08720,0.20460,0.08920,0.23260,0.09310,1.40070,0.09370,1.05410,0.09480,0.23480,0.10820,1.33240,0.94390,0.16790,1.27810,0.18200,0.19690,1.19430,0.17840,1.08660,0.19090,0.16210,0.12270,1.08370,0.65740,0.12990,1.12230,0.15440,0.15290,0.86110,0.16470,0.79950,0.18330,0.20800,0.09920,0.07850,0.39340,0.09450,0.70450,0.08310,0.10900,0.08580,0.12730,0.08860,0.13000,0.07850,0.08980
0:55:09,1.18070,0.08450,1.36020,0.08890,0.22810,0.09510,0.33270,0.10500,0.46930,0.09950,0.38870,0.09840,1.14130,0.27890,1.05170,0.45280,0.17260,0.33530,0.23820,0.54760,0.62370,0.20020,0.17860,0.18910,0.95210,0.21140,0.87790,0.41070,0.14570,0.28700,0.20660,0.34250,0.49710,0.21530,0.14720,0.16780,0.08450,0.14280,0.09130,0.25520,0.09190,0.16760,0.09510,0.29010,0.09360,0.12640,0.09790,0.14100,1.19760,0.08850,0.20910,0.09070,0.23850,0.09460,1.40900,0.09510,1.08420,0.09620,0.24350,0.10960,1.33210,0.96330,0.17120,1.29350,0.18620,0.20130,1.21310,0.18310,1.10550,0.19610,0.16620,0.12320,1.09650,0.67370,0.13190,1.14260,0.15740,0.15610,0.88170,0.16810,0.81860,0.18740,0.20910,0.09970,0.07880,0.40380,0.09530,0.72170,0.08400,0.11050,0.08680,0.12950,0.08950,0.13200,0.07870,0.09020
0:56:49,1.18210,0.08530,1.36680,0.09010,0.23350,0.09650,0.34100,0.10620,0.49220,0.10120,0.39130,0.09990,1.14620,0.26940,1.06650,0.46450,0.17640,0.34420,0.24440,0.56200,0.63970,0.20530,0.18270,0.19500,0.96870,0.21600,0.89710,0.42130,0.14820,0.29370,0.21070,0.35260,0.50990,0.22020,0.15140,0.17370,0.08540,0.14550,0.09270,0.26110,0.09330,0.17160,0.09640,0.29690,0.09510,0.12910,0.09960,0.14370,1.19690,0.08960,0.21350,0.09220,0.24440,0.09620,1.41660,0.09640,1.10710,0.09780,0.25140,0.11110,1.33150,0.98270,0.17440,1.30650,0.19050,0.20550,1.23110,0.18780,1.12320,0.20120,0.17070,0.12410,1.10780,0.69000,0.13400,1.16160,0.16020,0.15910,0.90180,0.17160,0.83770,0.19140,0.21010,0.10030,0.07900,0.41410,0.09610,0.73860,0.08490,0.11190,0.08770,0.13160,0.09030,0.13420,0.07880,0.09050
0:58:29,1.18350,0.08610,1.37260,0.09130,0.23840,0.09790,0.34890,0.10740,0.52090,0.10270,0.39660,0.10130,1.14980,0.27550,1.08030,0.47600,0.18020,0.35300,0.25030,0.57620,0.65590,0.21020,0.18680,0.20170,0.98420,0.22060,0.91590,0.43170,0.15080,0.30070,0.21510,0.36190,0.52300,0.22530,0.15510,0.17820,0.08630,0.14820,0.09400,0.26710,0.09460,0.17550,0.09790,0.30370,0.09660,0.13160,0.10130,0.14620,1.19610,0.09070,0.21800,0.09350,0.25020,0.09770,1.42230,0.09780,1.12560,0.09930,0.25910,0.11270,1.27400,1.00140,0.17760,1.31850,0.19460,0.20970,1.24750,0.19220,1.13940,0.20630,0.17480,0.12490,1.11810,0.70570,0.13600,1.17950,0.16300,0.16210,0.92120,0.17500,0.85610,0.19550,0.21100,0.10180,0.07940,0.42430,0.09700,0.75530,0.08580,0.11330,0.08880,0.13380,0.09110,0.13630,0.07890,0.09080
1:00:09,1.18380,0.08700,1.37700,0.09250,0.24360,0.09940,0.35700,0.10870,0.54830,0.10430,0.40030,0.10280,1.15310,0.28110,1.09290,0.45620,0.18410,0.36170,0.25660,0.59060,0.67160,0.21530,0.19100,0.20840,0.99920,0.22530,0.93390,0.44230,0.15340,0.30760,0.21940,0.37180,0.53600,0.23050,0.15860,0.18250,0.08730,0.15110,0.09530,0.27300,0.09600,0.17940,0.09940,0.31060,0.09820,0.13420,0.10290,0.14890,1.19490,0.09190,0.22240,0.09480,0.25610,0.09930,1.42710,0.09920,1.14220,0.10120,0.26830,0.11420,1.27210,1.01930,0.18100,1.32960,0.19880,0.21410,1.26280,0.19680,1.15500,0.21120,0.17910,0.12610,1.12770,0.72110,0.13820,1.19590,0.16600,0.16520,0.94000,0.17850,0.87430,0.19950,0.21180,0.10300,0.07980,0.43450,0.09790,0.77190,0.08670,0.11500,0.08990,0.13600,0.09200,0.13860,0.07910,0.09130

