420

Time,A1,A2,A3,A4,A5,A6,A7,A8,A9,A10,A11,A12,B1,B2,B3,B4,B5,B6,B7,B8,B9,B10,B11,B12,C1,C2,C3,C4,C5,C6,C7,C8,C9,C10,C11,C12,D1,D2,D3,D4,D5,D6,D7,D8,D9,D10,D11,D12,E1,E2,E3,E4,E5,E6,E7,E8,E9,E10,E11,E12,F1,F2,F3,F4,F5,F6,F7,F8,F9,F10,F11,F12,G1,G2,G3,G4,G5,G6,G7,G8,G9,G10,G11,G12,H1,H2,H3,H4,H5,H6,H7,H8,H9,H10,H11,H12
0:00:34,0.27250,0.07720,0.08100,0.07520,0.07790,0.07720,0.07730,0.07520,0.07670,0.07520,0.07990,0.07620,0.19740,0.07900,0.07940,0.07850,0.07790,0.08190,0.07680,0.07740,0.08040,0.07920,0.07680,0.07700,0.13920,0.07860,0.07720,0.07700,0.07640,0.07630,0.07660,0.07690,0.07560,0.07610,0.07580,0.07640,0.07480,0.07810,0.07490,0.07630,0.07600,0.07600,0.07520,0.07620,0.07530,0.07640,0.07510,0.07600,0.07750,0.07670,0.07700,0.07560,0.07730,0.07650,0.07720,0.07530,0.07690,0.07540,0.07680,0.07580,0.07780,0.08480,0.07850,0.07760,0.07670,0.07850,0.07700,0.07660,0.07600,0.07730,0.07650,0.07810,0.07590,0.08240,0.07550,0.07740,0.07640,0.07810,0.07870,0.07700,0.07600,0.07680,0.07610,0.07700,0.07720,0.08070,0.07510,0.07620,0.07660,0.07740,0.07540,0.07560,0.07680,0.07570,0.07540,0.07620
0:10:34,0.68700,0.07630,0.09710,0.07450,0.08070,0.07630,0.07890,0.07460,0.07610,0.07440,0.07790,0.07550,0.51580,0.08110,0.08840,0.07900,0.07930,0.07710,0.07760,0.07700,0.08100,0.07860,0.07640,0.07680,0.29670,0.07980,0.08150,0.07670,0.07680,0.07560,0.07670,0.07620,0.07500,0.07530,0.07500,0.07590,0.07430,0.07830,0.07430,0.07600,0.07520,0.07530,0.07460,0.07560,0.07460,0.07570,0.07450,0.07540,0.08020,0.07590,0.07770,0.07490,0.07700,0.07580,0.07660,0.07480,0.07660,0.07470,0.07620,0.07510,0.07940,0.10350,0.07810,0.07850,0.07610,0.08230,0.07660,0.07630,0.07550,0.07690,0.07580,0.08080,0.07620,0.09530,0.07510,0.07810,0.07570,0.08090,0.07810,0.07640,0.07540,0.07620,0.07530,0.07880,0.07660,0.08670,0.07450,0.07600,0.07590,0.07850,0.07470,0.07510,0.07610,0.07510,0.07470,0.07670
0:20:34,0.96980,0.07610,0.11570,0.07430,0.08440,0.07600,0.08190,0.07450,0.07660,0.07430,0.07890,0.07530,0.80280,0.08430,0.09900,0.07990,0.08180,0.07720,0.07930,0.07740,0.08130,0.07870,0.07700,0.07720,0.45360,0.08190,0.08680,0.07740,0.07810,0.07580,0.07750,0.07640,0.07490,0.07540,0.07500,0.07610,0.07410,0.07930,0.07420,0.07610,0.07500,0.07530,0.07430,0.07550,0.07440,0.07580,0.07450,0.07530,0.08360,0.07580,0.07910,0.07470,0.07690,0.07570,0.07700,0.07460,0.07680,0.07460,0.07670,0.07500,0.08150,0.12520,0.07720,0.08100,0.07620,0.08780,0.07660,0.07660,0.07560,0.07760,0.07580,0.08450,0.07720,0.11020,0.07530,0.07960,0.07570,0.08480,0.07800,0.07660,0.07510,0.07640,0.07520,0.08130,0.07640,0.09380,0.07440,0.07650,0.07580,0.08020,0.07450,0.07500,0.07580,0.07490,0.07450,0.07780
0:30:34,1.08460,0.07610,0.13560,0.07420,0.08880,0.07590,0.08490,0.07440,0.07700,0.07420,0.07990,0.07520,0.98660,0.08760,0.11060,0.08140,0.08430,0.07780,0.08140,0.07770,0.08150,0.07930,0.07790,0.07760,0.59590,0.08420,0.09250,0.07820,0.07940,0.07600,0.07850,0.07650,0.07490,0.07570,0.07550,0.07650,0.07410,0.08070,0.07410,0.07660,0.07490,0.07550,0.07420,0.07560,0.07420,0.07620,0.07470,0.07540,0.08670,0.07580,0.08050,0.07470,0.07720,0.07550,0.07780,0.07450,0.07720,0.07480,0.07770,0.07510,0.08370,0.14840,0.07810,0.08350,0.07640,0.09400,0.07690,0.07700,0.07570,0.07830,0.07600,0.08880,0.07820,0.12630,0.07560,0.08110,0.07580,0.08870,0.07800,0.07660,0.07510,0.07670,0.07530,0.08440,0.07630,0.10140,0.07430,0.07710,0.07570,0.08230,0.07440,0.07500,0.07570,0.07490,0.07440,0.07910
0:40:34,1.12020,0.07620,0.15720,0.07430,0.09320,0.07590,0.08830,0.07450,0.07730,0.07430,0.08130,0.07550,1.07410,0.09140,0.12390,0.08340,0.08700,0.08070,0.08390,0.07830,0.08200,0.08070,0.07940,0.07840,0.72960,0.08690,0.09900,0.07950,0.08060,0.07640,0.08000,0.07700,0.07510,0.07600,0.07630,0.07700,0.07410,0.08240,0.07430,0.07720,0.07490,0.07590,0.07430,0.07590,0.07430,0.07730,0.07580,0.07580,0.09010,0.07620,0.08180,0.07500,0.07770,0.07560,0.07880,0.07470,0.07780,0.07570,0.07920,0.07530,0.08610,0.17220,0.07900,0.08660,0.07700,0.09980,0.07770,0.07760,0.07620,0.07930,0.07680,0.09360,0.07940,0.14300,0.07610,0.08300,0.07600,0.09290,0.07830,0.07710,0.07530,0.07740,0.07560,0.08740,0.07620,0.10910,0.07430,0.07780,0.07570,0.08450,0.07440,0.07520,0.07560,0.07510,0.07440,0.08040
0:50:34,1.12500,0.07670,0.18040,0.07460,0.09800,0.07610,0.09230,0.07500,0.07800,0.07470,0.08380,0.07640,1.10840,0.09600,0.13870,0.08590,0.09000,0.08590,0.08690,0.07930,0.08280,0.08350,0.08210,0.08020,0.84410,0.09010,0.10660,0.08160,0.08220,0.07720,0.08200,0.07770,0.07560,0.07700,0.07850,0.07840,0.07450,0.08470,0.07460,0.07860,0.07520,0.07700,0.07470,0.07680,0.07460,0.08000,0.07840,0.07690,0.09360,0.07710,0.08350,0.07590,0.07840,0.07610,0.08070,0.07540,0.07900,0.07790,0.08200,0.07600,0.08880,0.19730,0.08030,0.09070,0.07840,0.10690,0.07900,0.07930,0.07720,0.08100,0.07840,0.09940,0.08060,0.16030,0.07680,0.08550,0.07650,0.09740,0.07910,0.07800,0.07570,0.07870,0.07670,0.09100,0.07620,0.11680,0.07460,0.07880,0.07610,0.08700,0.07460,0.07580,0.07570,0.07530,0.07440,0.08190
1:00:34,1.11830,0.07730,0.20260,0.07500,0.10270,0.07640,0.09610,0.07590,0.07860,0.07530,0.08600,0.07730,1.11240,0.10070,0.15330,0.08870,0.09300,0.08860,0.09010,0.08070,0.08410,0.08560,0.08440,0.08160,0.92900,0.09370,0.11430,0.08410,0.08380,0.07830,0.08430,0.07860,0.07630,0.07840,0.08070,0.07990,0.07520,0.08730,0.07490,0.08060,0.07580,0.07850,0.07530,0.07830,0.07530,0.08240,0.08070,0.07800,0.09790,0.07840,0.08560,0.07750,0.07940,0.07700,0.08230,0.07660,0.08050,0.08010,0.08410,0.07680,0.09170,0.22190,0.08160,0.09490,0.08000,0.11410,0.08050,0.08090,0.07830,0.08290,0.08030,0.10490,0.08200,0.17760,0.07770,0.08860,0.07720,0.10200,0.08000,0.07920,0.07610,0.08000,0.07780,0.09470,0.07620,0.12440,0.07480,0.07980,0.07660,0.08960,0.07480,0.07660,0.07570,0.07560,0.07440,0.08340
1:10:34,1.10740,0.07810,0.22340,0.07570,0.10740,0.07690,0.09990,0.07720,0.07960,0.07630,0.08880,0.07870,1.10650,0.10510,0.16700,0.09140,0.09620,0.08880,0.09340,0.08220,0.08560,0.08790,0.08690,0.08320,0.98430,0.09710,0.12150,0.08650,0.08540,0.07960,0.08680,0.07980,0.07730,0.08010,0.08310,0.08190,0.07620,0.08970,0.07550,0.08260,0.07640,0.07990,0.07610,0.07980,0.07640,0.08460,0.08300,0.07970,0.10280,0.07980,0.08770,0.07910,0.08060,0.07810,0.08400,0.07810,0.08210,0.08220,0.08610,0.07790,0.09460,0.24550,0.08310,0.09880,0.08170,0.12100,0.08210,0.08280,0.07990,0.08530,0.08220,0.11070,0.08330,0.19440,0.07860,0.09160,0.07820,0.10660,0.08120,0.08050,0.07670,0.08180,0.07920,0.09860,0.07620,0.13170,0.07510,0.08080,0.07730,0.09230,0.07490,0.07760,0.07590,0.07600,0.07450,0.08480
1:20:34,1.09560,0.07920,0.24360,0.07670,0.11230,0.07760,0.10380,0.07840,0.08040,0.07710,0.09070,0.08010,1.09860,0.10950,0.17970,0.09400,0.09970,0.08720,0.09640,0.08350,0.08670,0.09000,0.08850,0.08430,1.02220,0.10040,0.12900,0.08870,0.08720,0.08090,0.08920,0.08100,0.07830,0.08140,0.08440,0.08290,0.07740,0.09210,0.07610,0.08470,0.07730,0.08130,0.07720,0.08120,0.07760,0.08660,0.08450,0.08070,0.10740,0.08100,0.09000,0.08080,0.08180,0.07920,0.08520,0.07940,0.08340,0.08390,0.08730,0.07870,0.09780,0.26850,0.08500,0.10280,0.08320,0.12770,0.08330,0.08400,0.08110,0.08710,0.08340,0.11560,0.08460,0.21080,0.07960,0.09450,0.07920,0.11120,0.08220,0.08160,0.07740,0.08310,0.08020,0.10200,0.07600,0.13900,0.07560,0.08210,0.07810,0.09500,0.07520,0.07850,0.07590,0.07630,0.07450,0.08600
1:30:34,1.08480,0.08030,0.26370,0.07780,0.11720,0.07840,0.10780,0.08000,0.08140,0.07830,0.09300,0.08190,1.09010,0.11390,0.19230,0.09640,0.10290,0.08630,0.09970,0.08490,0.08800,0.09250,0.09070,0.08580,1.04700,0.10370,0.13660,0.09100,0.08910,0.08210,0.09160,0.08220,0.07950,0.08280,0.08630,0.08430,0.07860,0.09430,0.07710,0.08670,0.07820,0.08270,0.07840,0.08260,0.07880,0.08880,0.08630,0.08190,0.11170,0.08230,0.09210,0.08240,0.08300,0.08050,0.08660,0.08070,0.08490,0.08570,0.08880,0.07970,0.10080,0.29070,0.08680,0.10640,0.08460,0.13430,0.08460,0.08540,0.08240,0.08900,0.08500,0.12090,0.08600,0.22660,0.08070,0.09720,0.08010,0.11580,0.08320,0.08280,0.07830,0.08450,0.08150,0.10570,0.07610,0.14620,0.07600,0.08340,0.07890,0.09770,0.07560,0.07950,0.07610,0.07690,0.07450,0.08740
1:40:34,1.07630,0.08150,0.28330,0.07910,0.12210,0.07930,0.11180,0.08160,0.08240,0.07950,0.09540,0.08410,1.08220,0.11810,0.20480,0.09830,0.10650,0.08760,0.10290,0.08620,0.08910,0.09520,0.09280,0.08710,1.06200,0.10690,0.14400,0.09310,0.09100,0.08330,0.09390,0.08340,0.08060,0.08420,0.08790,0.08540,0.08000,0.09640,0.07790,0.08860,0.07930,0.08390,0.07940,0.08390,0.07990,0.09090,0.08810,0.08300,0.11590,0.08340,0.09430,0.08390,0.08410,0.08160,0.08790,0.08180,0.08610,0.08720,0.09010,0.08070,0.10390,0.31250,0.08860,0.11020,0.08600,0.14080,0.08590,0.08670,0.08370,0.09060,0.08620,0.12600,0.08760,0.24240,0.08200,0.10010,0.08120,0.12050,0.08420,0.08390,0.07930,0.08590,0.08260,0.10930,0.07610,0.15360,0.07680,0.08490,0.07980,0.10050,0.07620,0.08040,0.07650,0.07780,0.07470,0.08890
1:50:34,1.06890,0.08280,0.30250,0.08030,0.12690,0.08030,0.11560,0.08360,0.08310,0.08030,0.09760,0.08830,1.07470,0.12270,0.21720,0.10030,0.10980,0.08930,0.10600,0.08750,0.09030,0.09880,0.09520,0.08830,1.06800,0.11030,0.15120,0.09540,0.09320,0.08450,0.09640,0.08460,0.08150,0.08520,0.08960,0.08660,0.08130,0.09870,0.07880,0.09070,0.08030,0.08540,0.08050,0.08550,0.08100,0.09370,0.09070,0.08390,0.12010,0.08480,0.09630,0.08550,0.08510,0.08280,0.08930,0.08330,0.08720,0.08930,0.09140,0.08150,0.10690,0.33400,0.09010,0.11400,0.08760,0.14750,0.08720,0.08810,0.08480,0.09200,0.08760,0.13080,0.08930,0.25810,0.08300,0.10290,0.08210,0.12500,0.08520,0.08490,0.08020,0.08700,0.08340,0.11250,0.07610,0.16080,0.07730,0.08650,0.08080,0.10330,0.07670,0.08140,0.07690,0.07840,0.07480,0.09030
2:00:34,1.06250,0.08360,0.32130,0.08110,0.13160,0.08100,0.11920,0.08460,0.08390,0.08130,0.09970,0.09050,1.06800,0.12670,0.22910,0.10190,0.11290,0.09040,0.10870,0.08860,0.09100,0.10070,0.09700,0.08920,1.06870,0.11320,0.15790,0.09710,0.09500,0.08540,0.09830,0.08540,0.08240,0.08620,0.09080,0.08740,0.08240,0.10050,0.07940,0.09210,0.08100,0.08640,0.08130,0.08640,0.08180,0.09550,0.09210,0.08490,0.12370,0.08580,0.09800,0.08660,0.08600,0.08370,0.09050,0.08430,0.08820,0.09090,0.09310,0.08220,0.10970,0.35470,0.09150,0.11730,0.08870,0.15380,0.08810,0.08930,0.08570,0.09320,0.08850,0.13540,0.09090,0.27310,0.08410,0.10530,0.08290,0.12930,0.08600,0.08580,0.08080,0.08810,0.08420,0.11570,0.07610,0.16810,0.07790,0.08780,0.08140,0.10580,0.07720,0.08220,0.07730,0.07920,0.07490,0.09170
2:10:34,1.05710,0.08440,0.34040,0.08180,0.13620,0.08180,0.12290,0.08560,0.08470,0.08210,0.10240,0.09410,1.06220,0.13060,0.24100,0.10360,0.11610,0.09160,0.11140,0.08960,0.09210,0.10230,0.09940,0.09040,1.06640,0.11600,0.16460,0.09870,0.09680,0.08620,0.10020,0.08620,0.08300,0.08700,0.09220,0.08840,0.08330,0.10230,0.08000,0.09350,0.08170,0.08730,0.08190,0.08740,0.08260,0.09730,0.09370,0.08550,0.12740,0.08650,0.09970,0.08750,0.08680,0.08440,0.09140,0.08520,0.08920,0.09230,0.09550,0.08270,0.11230,0.37500,0.09270,0.12040,0.08960,0.15970,0.08890,0.09020,0.08640,0.09420,0.08930,0.13990,0.09230,0.28780,0.08480,0.10760,0.08350,0.13350,0.08670,0.08650,0.08140,0.08900,0.08490,0.11880,0.07620,0.17530,0.07830,0.08890,0.08210,0.10820,0.07770,0.08290,0.07770,0.07980,0.07510,0.09310
2:20:34,1.05200,0.08530,0.35940,0.08250,0.14070,0.08230,0.12630,0.08680,0.08530,0.08290,0.10520,0.09730,1.05750,0.13410,0.25280,0.10550,0.11910,0.09270,0.11400,0.09060,0.09280,0.10360,0.10150,0.09130,1.06320,0.11880,0.17130,0.10020,0.09860,0.08690,0.10190,0.08690,0.08360,0.08770,0.09350,0.08900,0.08400,0.10390,0.08050,0.09460,0.08220,0.08810,0.08250,0.08830,0.08310,0.09870,0.09490,0.08620,0.13080,0.08710,0.10130,0.08830,0.08740,0.08510,0.09230,0.08580,0.08990,0.09350,0.09990,0.08310,0.11490,0.39480,0.09390,0.12360,0.09050,0.16550,0.08970,0.09100,0.08710,0.09520,0.09010,0.14440,0.09380,0.30220,0.08570,0.10980,0.08400,0.13760,0.08720,0.08700,0.08190,0.08980,0.08530,0.12170,0.07620,0.18220,0.07860,0.08990,0.08250,0.11050,0.07800,0.08340,0.07800,0.08030,0.07520,0.09450
2:30:34,1.04730,0.08610,0.37770,0.08310,0.14510,0.08290,0.12970,0.08780,0.08610,0.08350,0.10760,0.10000,1.05310,0.13770,0.26440,0.10740,0.12200,0.09380,0.11660,0.09160,0.09360,0.10490,0.10340,0.09230,1.05900,0.12150,0.17780,0.10180,0.10020,0.08760,0.10380,0.08770,0.08420,0.08850,0.09460,0.08960,0.08480,0.10560,0.08100,0.09590,0.08270,0.08890,0.08310,0.08920,0.08360,0.10040,0.09640,0.08670,0.13440,0.08780,0.10290,0.08920,0.08810,0.08580,0.09320,0.08660,0.09070,0.09490,0.10220,0.08340,0.11760,0.41420,0.09510,0.12660,0.09140,0.17150,0.09050,0.09190,0.08780,0.09610,0.09060,0.14850,0.09520,0.31660,0.08650,0.11200,0.08460,0.14170,0.08780,0.08770,0.08230,0.09050,0.08580,0.12460,0.07630,0.18920,0.07900,0.09110,0.08300,0.11280,0.07830,0.08400,0.07830,0.08070,0.07530,0.09580
2:40:34,1.04300,0.08680,0.39530,0.08370,0.14950,0.08320,0.13310,0.08870,0.08670,0.08450,0.11040,0.10260,1.04940,0.14120,0.27580,0.10900,0.12480,0.09470,0.11910,0.09250,0.09430,0.10590,0.10530,0.09370,1.05460,0.12420,0.18410,0.10310,0.10190,0.08820,0.10540,0.08810,0.08460,0.08920,0.09580,0.09040,0.08520,0.10710,0.08130,0.09690,0.08310,0.08950,0.08350,0.09000,0.08420,0.10170,0.09740,0.08730,0.13780,0.08830,0.10430,0.08980,0.08860,0.08640,0.09400,0.08730,0.09140,0.09600,0.10350,0.08390,0.12000,0.43300,0.09610,0.12950,0.09200,0.17710,0.09110,0.09260,0.08840,0.09700,0.09140,0.15300,0.09650,0.33050,0.08710,0.11400,0.08500,0.14560,0.08820,0.08820,0.08270,0.09130,0.08620,0.12750,0.07620,0.19610,0.07920,0.09200,0.08340,0.11500,0.07860,0.08440,0.07860,0.08120,0.07540,0.09710
2:50:34,1.03910,0.08800,0.41300,0.08450,0.15400,0.08400,0.13670,0.09000,0.08770,0.08580,0.11350,0.10560,1.04610,0.14490,0.28720,0.11100,0.12790,0.09600,0.12190,0.09380,0.09540,0.10750,0.10770,0.09620,1.05080,0.12720,0.19050,0.10480,0.10360,0.08920,0.10750,0.08900,0.08530,0.09030,0.09760,0.09140,0.08590,0.10890,0.08180,0.09830,0.08370,0.09060,0.08420,0.09110,0.08490,0.10360,0.09910,0.08830,0.14150,0.08920,0.10590,0.09070,0.08940,0.08730,0.09510,0.08830,0.09220,0.09770,0.10510,0.08440,0.12270,0.45190,0.09740,0.13270,0.09300,0.18310,0.09200,0.09360,0.08920,0.09810,0.09240,0.15740,0.09800,0.34460,0.08800,0.11630,0.08560,0.14980,0.08900,0.08900,0.08320,0.09220,0.08680,0.13050,0.07630,0.20300,0.07960,0.09320,0.08400,0.11750,0.07900,0.08530,0.07890,0.08180,0.07560,0.09860
3:00:34,1.03550,0.08930,0.43020,0.08530,0.15860,0.08470,0.14030,0.09140,0.08870,0.08700,0.11640,0.10850,1.04310,0.14870,0.29860,0.11290,0.13080,0.09740,0.12470,0.09470,0.09620,0.10920,0.10990,0.09830,1.04670,0.13010,0.19690,0.10630,0.10520,0.09000,0.10950,0.08970,0.08600,0.09120,0.09900,0.09220,0.08650,0.11070,0.08220,0.09950,0.08410,0.09150,0.08480,0.09230,0.08550,0.10550,0.10080,0.08910,0.14500,0.09000,0.10750,0.09160,0.09000,0.08820,0.09610,0.08930,0.09310,0.09930,0.10640,0.08490,0.12540,0.47040,0.09850,0.13580,0.09400,0.18920,0.09300,0.09470,0.09000,0.09920,0.09340,0.16190,0.09950,0.35840,0.08880,0.11860,0.08620,0.15380,0.08970,0.08970,0.08370,0.09310,0.08730,0.13350,0.07630,0.20980,0.08000,0.09440,0.08460,0.12000,0.07940,0.08600,0.07930,0.08220,0.07580,0.09990
3:10:34,1.03240,0.09100,0.44760,0.08650,0.16320,0.08580,0.14430,0.09330,0.08970,0.08860,0.12030,0.11170,1.04110,0.15270,0.31010,0.11510,0.13380,0.09940,0.12790,0.09610,0.09760,0.11160,0.11270,0.10120,1.04270,0.13330,0.20350,0.10840,0.10700,0.09130,0.11220,0.09080,0.08690,0.09260,0.10110,0.09370,0.08760,0.11290,0.08280,0.10140,0.08490,0.09310,0.08570,0.09410,0.08640,0.10810,0.10320,0.09020,0.14880,0.09120,0.10910,0.09300,0.09070,0.08960,0.09770,0.09090,0.09410,0.10160,0.10810,0.08550,0.12810,0.48880,0.09970,0.13940,0.09550,0.19560,0.09440,0.09640,0.09110,0.10050,0.09490,0.16650,0.10090,0.37240,0.08970,0.12130,0.08700,0.15810,0.09070,0.09090,0.08420,0.09420,0.08810,0.13650,0.07640,0.21660,0.08050,0.09560,0.08550,0.12280,0.07990,0.08730,0.07960,0.08280,0.07610,0.10130
3:20:34,1.02870,0.09210,0.46360,0.08700,0.16730,0.08620,0.14760,0.09450,0.09040,0.08960,0.12360,0.11460,1.03810,0.15600,0.32090,0.11680,0.13640,0.10080,0.13050,0.09700,0.09840,0.11360,0.11520,0.10290,1.03920,0.13580,0.20970,0.11000,0.10860,0.09200,0.11430,0.09150,0.08740,0.09330,0.10260,0.09440,0.08830,0.11450,0.08310,0.10280,0.08530,0.09410,0.08620,0.09540,0.08690,0.11020,0.10540,0.09090,0.15200,0.09200,0.11050,0.09390,0.09120,0.09040,0.09880,0.09200,0.09480,0.10350,0.10760,0.08590,0.13040,0.50640,0.10060,0.14260,0.09660,0.20170,0.09540,0.09770,0.09170,0.10140,0.09560,0.17070,0.10210,0.38570,0.09030,0.12370,0.08740,0.16210,0.09140,0.09170,0.08450,0.09490,0.08840,0.13920,0.07640,0.22320,0.08070,0.09660,0.08610,0.12520,0.08010,0.08810,0.07990,0.08320,0.07600,0.10240
3:30:34,1.02520,0.09290,0.47950,0.08740,0.17140,0.08660,0.15080,0.09550,0.09090,0.09030,0.12650,0.11720,1.03580,0.15900,0.33150,0.11840,0.13910,0.10200,0.13300,0.09770,0.09890,0.11530,0.11720,0.10440,1.03560,0.13790,0.21560,0.11140,0.11000,0.09280,0.11600,0.09210,0.08770,0.09380,0.10380,0.09480,0.08880,0.11590,0.08340,0.10390,0.08570,0.09490,0.08660,0.09650,0.08730,0.11200,0.10710,0.09120,0.15510,0.09260,0.11180,0.09460,0.09160,0.09110,0.09970,0.09300,0.09530,0.10510,0.10670,0.08600,0.13260,0.52330,0.10140,0.14550,0.09750,0.20740,0.09610,0.09860,0.09210,0.10220,0.09600,0.17460,0.10330,0.39850,0.09100,0.12570,0.08770,0.16590,0.09170,0.09230,0.08470,0.09540,0.08860,0.14190,0.07640,0.22960,0.08100,0.09740,0.08630,0.12740,0.08020,0.08860,0.07990,0.08330,0.07600,0.10360
3:40:34,1.02300,0.09400,0.49530,0.08820,0.17590,0.08720,0.15410,0.09640,0.09200,0.09120,0.12940,0.11960,1.03340,0.16240,0.34240,0.12010,0.14200,0.10320,0.13560,0.09860,0.09960,0.11690,0.11890,0.10570,1.03230,0.14030,0.22180,0.11280,0.11160,0.09360,0.11780,0.09260,0.08830,0.09470,0.10490,0.09570,0.08940,0.11740,0.08380,0.10500,0.08610,0.09570,0.08710,0.09760,0.08780,0.11370,0.10860,0.09180,0.15880,0.09300,0.11320,0.09530,0.09230,0.09180,0.10040,0.09390,0.09620,0.10650,0.10380,0.08660,0.13530,0.53990,0.10240,0.14840,0.09830,0.21310,0.09690,0.09980,0.09280,0.10330,0.09680,0.17900,0.10470,0.41130,0.09170,0.12780,0.08830,0.16980,0.09240,0.09290,0.08520,0.09630,0.08920,0.14490,0.07660,0.23630,0.08140,0.09850,0.08690,0.12960,0.08060,0.08930,0.08040,0.08410,0.07640,0.10530
3:50:34,1.01950,0.09550,0.51130,0.08950,0.18040,0.08810,0.15800,0.09770,0.09330,0.09280,0.13290,0.12210,1.03180,0.16600,0.35340,0.12220,0.14490,0.10500,0.13880,0.09990,0.09970,0.11890,0.12140,0.10810,1.02940,0.14290,0.22830,0.11480,0.11320,0.09490,0.12030,0.09380,0.08920,0.09620,0.10670,0.09710,0.09050,0.11930,0.08440,0.10680,0.08680,0.09710,0.08810,0.09920,0.08880,0.11590,0.11080,0.09300,0.16230,0.09400,0.11490,0.09660,0.09300,0.09280,0.10200,0.09540,0.09720,0.10840,0.10390,0.08720,0.13780,0.55650,0.10350,0.15180,0.09970,0.21920,0.09820,0.10140,0.09380,0.10460,0.09820,0.18360,0.10620,0.42440,0.09250,0.13030,0.08910,0.17400,0.09340,0.09410,0.08560,0.09740,0.08990,0.14780,0.07660,0.24270,0.08190,0.09970,0.08770,0.13230,0.08100,0.09050,0.08060,0.08420,0.07640,0.10620
4:00:34,1.01680,0.09710,0.52660,0.09070,0.18480,0.08890,0.16150,0.09880,0.09430,0.09410,0.13610,0.12450,1.02990,0.16960,0.36410,0.12430,0.14780,0.10650,0.14170,0.10100,0.10070,0.12080,0.12370,0.11040,1.02620,0.14560,0.23450,0.11660,0.11490,0.09600,0.12250,0.09470,0.08980,0.09700,0.10830,0.09790,0.09150,0.12110,0.08480,0.10840,0.08740,0.09830,0.08870,0.10050,0.08940,0.11780,0.11280,0.09370,0.16580,0.09500,0.11640,0.09780,0.09360,0.09390,0.10320,0.09670,0.09810,0.11020,0.10510,0.08770,0.14030,0.57260,0.10470,0.15520,0.10100,0.22520,0.09940,0.10300,0.09460,0.10570,0.09910,0.18790,0.10760,0.43720,0.09320,0.13290,0.08970,0.17810,0.09420,0.09510,0.08600,0.09830,0.09040,0.15060,0.07660,0.24920,0.08230,0.10080,0.08840,0.13480,0.08130,0.09150,0.08080,0.08480,0.07670,0.10770
4:10:34,1.01430,0.09850,0.54150,0.09190,0.18910,0.08980,0.16510,0.10010,0.09530,0.09550,0.13950,0.12680,1.02880,0.17310,0.37450,0.12630,0.15040,0.10820,0.14470,0.10230,0.10160,0.12270,0.12630,0.11280,1.02330,0.14810,0.24070,0.11850,0.11630,0.09720,0.12480,0.09570,0.09050,0.09810,0.11010,0.09920,0.09230,0.12280,0.08520,0.11010,0.08790,0.09950,0.08950,0.10210,0.09020,0.11990,0.11490,0.09470,0.16920,0.09580,0.11800,0.09900,0.09420,0.09500,0.10460,0.09810,0.09900,0.11200,0.10840,0.08810,0.14260,0.58840,0.10580,0.15860,0.10230,0.23120,0.10070,0.10450,0.09550,0.10680,0.10020,0.19230,0.10870,0.44950,0.09390,0.13540,0.09030,0.18210,0.09510,0.09610,0.08640,0.09920,0.09090,0.15330,0.07670,0.25540,0.08260,0.10190,0.08910,0.13740,0.08170,0.09250,0.08090,0.08510,0.07670,0.10890
4:20:34,1.01130,0.09970,0.55570,0.09240,0.19300,0.09000,0.16840,0.10100,0.09560,0.09640,0.14240,0.12890,1.02660,0.17610,0.38440,0.12780,0.15290,0.10950,0.14700,0.10290,0.10200,0.12420,0.12810,0.11470,1.02050,0.15020,0.24630,0.12000,0.11760,0.09790,0.12670,0.09620,0.09060,0.09860,0.11130,0.09950,0.09270,0.12420,0.08530,0.11130,0.08800,0.10040,0.08970,0.10320,0.09050,0.12150,0.11660,0.09500,0.17220,0.09630,0.11930,0.09970,0.09450,0.09560,0.10550,0.09900,0.09940,0.11350,0.10990,0.08820,0.14460,0.60320,0.10670,0.16150,0.10310,0.23680,0.10140,0.10580,0.09600,0.10760,0.10080,0.19610,0.10970,0.46150,0.09440,0.13740,0.09060,0.18570,0.09540,0.09680,0.08660,0.09970,0.09100,0.15590,0.07670,0.26160,0.08260,0.10260,0.08940,0.13960,0.08180,0.09310,0.08110,0.08530,0.07680,0.11010
4:30:34,1.00830,0.10060,0.56940,0.09290,0.19700,0.09020,0.17140,0.10190,0.09610,0.09710,0.14520,0.13080,1.02430,0.17900,0.39390,0.12900,0.15540,0.11060,0.14940,0.10350,0.10240,0.12560,0.12980,0.11640,1.01760,0.15220,0.25190,0.12120,0.11890,0.09840,0.12830,0.09670,0.09080,0.09910,0.11220,0.10010,0.09320,0.12540,0.08550,0.11230,0.08820,0.10110,0.09000,0.10420,0.09070,0.12310,0.11820,0.09520,0.17530,0.09670,0.12040,0.10030,0.09480,0.09630,0.10620,0.09990,0.09990,0.11480,0.11130,0.08840,0.14680,0.61760,0.10750,0.16430,0.10380,0.24220,0.10210,0.10670,0.09630,0.10830,0.10120,0.20010,0.11070,0.47300,0.09490,0.13920,0.09080,0.18930,0.09570,0.09720,0.08670,0.10020,0.09120,0.15850,0.07670,0.26760,0.08280,0.10330,0.08960,0.14160,0.08190,0.09370,0.08120,0.08550,0.07670,0.11120
4:40:34,1.00550,0.10170,0.58290,0.09360,0.20120,0.09070,0.17460,0.10280,0.09690,0.09810,0.14820,0.13310,1.02190,0.18190,0.40370,0.13050,0.15810,0.11180,0.15190,0.10440,0.10280,0.12710,0.13160,0.11830,1.01470,0.15420,0.25750,0.12250,0.12040,0.09910,0.13010,0.09730,0.09130,0.09970,0.11330,0.10070,0.09360,0.12660,0.08590,0.11330,0.08860,0.10180,0.09040,0.10530,0.09120,0.12460,0.11980,0.09580,0.17840,0.09710,0.12170,0.10100,0.09540,0.09690,0.10710,0.10080,0.10050,0.11620,0.11230,0.08880,0.14900,0.63150,0.10870,0.16700,0.10450,0.24760,0.10270,0.10780,0.09680,0.10930,0.10190,0.20420,0.11200,0.48450,0.09550,0.14120,0.09120,0.19290,0.09620,0.09780,0.08710,0.10090,0.09170,0.16120,0.07690,0.27370,0.08300,0.10420,0.08990,0.14370,0.08210,0.09440,0.08150,0.08590,0.07700,0.11270
4:50:34,1.00310,0.10270,0.59610,0.09440,0.20540,0.09110,0.17760,0.10350,0.09760,0.09900,0.15090,0.13490,1.01970,0.18480,0.41330,0.13190,0.16070,0.11290,0.15420,0.10510,0.10340,0.12820,0.13330,0.12000,1.01240,0.15630,0.26320,0.12370,0.12180,0.09980,0.13180,0.09800,0.09180,0.10040,0.11430,0.10150,0.09390,0.12780,0.08610,0.11440,0.08890,0.10240,0.09090,0.10620,0.09170,0.12600,0.12130,0.09630,0.18130,0.09750,0.12310,0.10150,0.09580,0.09740,0.10780,0.10160,0.10120,0.11750,0.11340,0.08920,0.15120,0.64520,0.10970,0.16980,0.10530,0.25280,0.10340,0.10890,0.09740,0.11020,0.10250,0.20830,0.11310,0.49570,0.09620,0.14300,0.09160,0.19660,0.09670,0.09840,0.08720,0.10140,0.09200,0.16380,0.07690,0.27960,0.08310,0.10490,0.09030,0.14560,0.08230,0.09530,0.08160,0.08610,0.07690,0.11380
5:00:34,1.00020,0.10350,0.60850,0.09490,0.20920,0.09120,0.18050,0.10410,0.09800,0.09950,0.15350,0.13670,1.01680,0.18750,0.42270,0.13310,0.16320,0.11380,0.15650,0.10560,0.10390,0.12940,0.13470,0.12160,1.00950,0.15830,0.26870,0.12480,0.12310,0.10030,0.13340,0.09840,0.09200,0.10070,0.11510,0.10190,0.09430,0.12890,0.08620,0.11530,0.08910,0.10300,0.09100,0.10700,0.09200,0.12730,0.12260,0.09650,0.18410,0.09800,0.12430,0.10190,0.09620,0.09790,0.10840,0.10230,0.10170,0.11860,0.11370,0.08930,0.15340,0.65850,0.11060,0.17240,0.10580,0.25800,0.10410,0.11010,0.09780,0.11100,0.10290,0.21200,0.11420,0.50660,0.09670,0.14470,0.09190,0.20010,0.09700,0.09880,0.08750,0.10200,0.09210,0.16630,0.07690,0.28550,0.08330,0.10560,0.09050,0.14760,0.08250,0.09560,0.08160,0.08620,0.07690,0.11490
5:10:33,0.99790,0.10430,0.62080,0.09540,0.21300,0.09130,0.18320,0.10460,0.09830,0.09990,0.15590,0.13830,1.01390,0.19020,0.43180,0.13430,0.16560,0.11470,0.15850,0.10600,0.10410,0.13010,0.13580,0.12290,1.00700,0.16010,0.27410,0.12590,0.12430,0.10080,0.13490,0.09890,0.09210,0.10110,0.11560,0.10200,0.09450,0.12990,0.08640,0.11600,0.08930,0.10340,0.09120,0.10770,0.09210,0.12830,0.12370,0.09650,0.18680,0.09830,0.12550,0.10230,0.09660,0.09830,0.10900,0.10300,0.10220,0.11960,0.11500,0.08950,0.15530,0.67120,0.11140,0.17480,0.10640,0.26310,0.10450,0.11120,0.09810,0.11150,0.10310,0.21560,0.11510,0.51710,0.09710,0.14640,0.09210,0.20350,0.09720,0.09910,0.08760,0.10230,0.09230,0.16880,0.07690,0.29130,0.08330,0.10630,0.09060,0.14940,0.08240,0.09570,0.08180,0.08650,0.07690,0.11610
5:20:34,0.99510,0.10510,0.63280,0.09610,0.21710,0.09150,0.18600,0.10520,0.09900,0.10050,0.15830,0.13980,1.01160,0.19320,0.44100,0.13550,0.16820,0.11570,0.16080,0.10660,0.10430,0.13110,0.13710,0.12450,1.00420,0.16210,0.27950,0.12700,0.12570,0.10130,0.13650,0.09940,0.09260,0.10160,0.11610,0.10250,0.09490,0.13090,0.08670,0.11690,0.08960,0.10390,0.09160,0.10850,0.09240,0.12940,0.12490,0.09690,0.18990,0.09860,0.12680,0.10280,0.09700,0.09870,0.10960,0.10360,0.10270,0.12070,0.11330,0.08980,0.15760,0.68360,0.11240,0.17730,0.10690,0.26810,0.10520,0.11280,0.09860,0.11240,0.10350,0.21950,0.11630,0.52790,0.09770,0.14810,0.09240,0.20710,0.09760,0.09950,0.08780,0.10290,0.09260,0.17130,0.07710,0.29710,0.08350,0.10700,0.09080,0.15130,0.08260,0.09680,0.08190,0.08660,0.07690,0.11710
5:30:34,0.99270,0.10610,0.64430,0.09680,0.22100,0.09180,0.18890,0.10580,0.09960,0.10120,0.16070,0.14130,1.00930,0.19620,0.45000,0.13680,0.17070,0.11680,0.16310,0.10730,0.10500,0.13190,0.13830,0.12620,1.00170,0.16430,0.28500,0.12820,0.12720,0.10200,0.13810,0.10000,0.09300,0.10210,0.11690,0.10300,0.09530,0.13210,0.08690,0.11790,0.09000,0.10460,0.09200,0.10940,0.09300,0.13060,0.12620,0.09720,0.19280,0.09910,0.12810,0.10340,0.09750,0.09920,0.11030,0.10430,0.10330,0.12170,0.11090,0.09010,0.15980,0.69570,0.11330,0.18000,0.10750,0.27330,0.10590,0.11470,0.09910,0.11330,0.10410,0.22340,0.11740,0.53840,0.09820,0.14980,0.09270,0.21060,0.09810,0.10020,0.08820,0.10360,0.09300,0.17400,0.07720,0.30290,0.08370,0.10790,0.09110,0.15330,0.08290,0.09780,0.08210,0.08710,0.07720,0.11880
5:40:34,0.99090,0.10740,0.65630,0.09820,0.22570,0.09280,0.19240,0.10690,0.10110,0.10280,0.16380,0.14330,1.00740,0.19980,0.45960,0.13870,0.17390,0.11830,0.16600,0.10880,0.10610,0.13340,0.14040,0.12870,0.99990,0.16670,0.29100,0.13000,0.12890,0.10310,0.14010,0.10140,0.09410,0.10340,0.11850,0.10460,0.09620,0.13370,0.08760,0.11920,0.09080,0.10560,0.09290,0.11060,0.09410,0.13210,0.12790,0.09840,0.19640,0.09980,0.12980,0.10450,0.09830,0.10010,0.11150,0.10540,0.10460,0.12310,0.11200,0.09110,0.16240,0.70780,0.11450,0.18300,0.10870,0.27870,0.10700,0.11680,0.10020,0.11480,0.10530,0.22810,0.11900,0.54900,0.09920,0.15210,0.09360,0.21450,0.09890,0.10110,0.08870,0.10470,0.09390,0.17700,0.07730,0.30870,0.08410,0.10900,0.09180,0.15550,0.08340,0.09810,0.08240,0.08760,0.07740,0.11990
5:50:34,0.98900,0.10870,0.66790,0.09960,0.23020,0.09350,0.19590,0.10800,0.10250,0.10410,0.16660,0.14530,1.00580,0.20340,0.46900,0.14080,0.17680,0.12000,0.16880,0.11020,0.10720,0.13480,0.14250,0.13130,0.99790,0.16940,0.29690,0.13200,0.13040,0.10430,0.14230,0.10260,0.09500,0.10480,0.12010,0.10600,0.09740,0.13540,0.08820,0.12100,0.09160,0.10680,0.09400,0.11200,0.09520,0.13370,0.12970,0.09940,0.19970,0.10070,0.13160,0.10580,0.09930,0.10110,0.11370,0.10670,0.10600,0.12470,0.11500,0.09200,0.16490,0.71990,0.11580,0.18640,0.11000,0.28440,0.10850,0.11920,0.10160,0.11640,0.10650,0.23260,0.12020,0.55960,0.10020,0.15460,0.09440,0.21870,0.10000,0.10240,0.08930,0.10600,0.09460,0.17990,0.07740,0.31450,0.08470,0.11030,0.09260,0.15800,0.08400,0.09930,0.08270,0.08810,0.07770,0.12110
6:00:34,0.98660,0.10980,0.67890,0.10060,0.23390,0.09400,0.19900,0.10880,0.10330,0.10520,0.16910,0.14680,1.00390,0.20650,0.47760,0.14230,0.17910,0.12120,0.17140,0.11110,0.10780,0.13600,0.14420,0.13360,0.99540,0.17160,0.30220,0.13360,0.13160,0.10520,0.14420,0.10350,0.09530,0.10540,0.12120,0.10680,0.09790,0.13660,0.08830,0.12220,0.09200,0.10760,0.09440,0.11320,0.09570,0.13500,0.13110,0.09990,0.20240,0.10130,0.13280,0.10670,0.09960,0.10190,0.11560,0.10770,0.10670,0.12590,0.11670,0.09220,0.16680,0.73090,0.11650,0.18930,0.11100,0.28960,0.10950,0.12110,0.10230,0.11730,0.10730,0.23660,0.12110,0.56940,0.10050,0.15660,0.09480,0.22220,0.10060,0.10320,0.08930,0.10660,0.09480,0.18230,0.07740,0.32000,0.08460,0.11090,0.09300,0.16000,0.08400,0.10010,0.08260,0.08810,0.07760,0.12210
6:10:34,0.98410,0.11070,0.68920,0.10140,0.23740,0.09420,0.20190,0.10950,0.10380,0.10620,0.17170,0.14820,1.00160,0.20930,0.48590,0.14370,0.18120,0.12230,0.17380,0.11190,0.10840,0.13700,0.14560,0.13570,0.99310,0.17350,0.30730,0.13480,0.13280,0.10600,0.14590,0.10400,0.09550,0.10590,0.12230,0.10730,0.09820,0.13770,0.08840,0.12330,0.09210,0.10840,0.09470,0.11410,0.09610,0.13620,0.13240,0.10010,0.20500,0.10180,0.13390,0.10740,0.09990,0.10260,0.11690,0.10850,0.10720,0.12710,0.11720,0.09230,0.16870,0.74170,0.11710,0.19200,0.11170,0.29470,0.11030,0.12320,0.10280,0.11800,0.10780,0.24040,0.12190,0.57890,0.10080,0.15850,0.09510,0.22570,0.10100,0.10380,0.08940,0.10700,0.09500,0.18470,0.07740,0.32550,0.08460,0.11160,0.09330,0.16210,0.08410,0.10040,0.08270,0.08830,0.07760,0.12320
6:20:34,0.98140,0.11170,0.69920,0.10210,0.24110,0.09440,0.20470,0.11020,0.10430,0.10690,0.17410,0.14970,0.99980,0.21200,0.49410,0.14500,0.18340,0.12330,0.17600,0.11240,0.10870,0.13790,0.14690,0.13770,0.98990,0.17550,0.31230,0.13590,0.13410,0.10650,0.14760,0.10450,0.09570,0.10630,0.12300,0.10760,0.09840,0.13860,0.08840,0.12410,0.09220,0.10900,0.09480,0.11510,0.09620,0.13720,0.13370,0.10020,0.20760,0.10210,0.13510,0.10790,0.10010,0.10310,0.11780,0.10940,0.10740,0.12810,0.11670,0.09240,0.17060,0.75170,0.11780,0.19450,0.11230,0.29970,0.11110,0.12480,0.10300,0.11860,0.10810,0.24410,0.12290,0.58820,0.10120,0.16010,0.09510,0.22900,0.10140,0.10430,0.08950,0.10720,0.09490,0.18700,0.07750,0.33100,0.08460,0.11210,0.09340,0.16390,0.08410,0.10070,0.08270,0.08840,0.07750,0.12430
6:30:34,0.97870,0.11250,0.70870,0.10250,0.24460,0.09440,0.20730,0.11070,0.10440,0.10740,0.17630,0.15080,0.99730,0.21460,0.50210,0.14630,0.18570,0.12430,0.17810,0.11290,0.10870,0.13860,0.14800,0.13950,0.98770,0.17720,0.31720,0.13690,0.13530,0.10700,0.14920,0.10490,0.09570,0.10640,0.12350,0.10770,0.09850,0.13950,0.08850,0.12490,0.09220,0.10960,0.09490,0.11580,0.09620,0.13810,0.13470,0.10000,0.21040,0.10230,0.13630,0.10830,0.10050,0.10350,0.11810,0.10990,0.10770,0.12900,0.11790,0.09240,0.17250,0.76140,0.11860,0.19690,0.11300,0.30460,0.11170,0.12660,0.10320,0.11920,0.10820,0.24760,0.12390,0.59730,0.10170,0.16170,0.09540,0.23240,0.10160,0.10460,0.08960,0.10750,0.09480,0.18930,0.07750,0.33640,0.08460,0.11260,0.09350,0.16580,0.08410,0.10110,0.08270,0.08850,0.07750,0.12540
6:40:34,0.97610,0.11320,0.71800,0.10280,0.24800,0.09430,0.20970,0.11100,0.10440,0.10750,0.17820,0.15190,0.99490,0.21700,0.50980,0.14760,0.18790,0.12520,0.17990,0.11310,0.10860,0.13910,0.14890,0.14130,0.98500,0.17890,0.32190,0.13780,0.13640,0.10730,0.15050,0.10520,0.09570,0.10640,0.12370,0.10750,0.09870,0.14010,0.08850,0.12560,0.09220,0.11000,0.09480,0.11630,0.09620,0.13890,0.13550,0.09990,0.21300,0.10230,0.13730,0.10850,0.10070,0.10370,0.11800,0.11040,0.10770,0.12970,0.11660,0.09240,0.17440,0.77080,0.11930,0.19910,0.11340,0.30930,0.11210,0.12790,0.10330,0.11970,0.10810,0.25090,0.12480,0.60590,0.10200,0.16310,0.09540,0.23550,0.10170,0.10480,0.08950,0.10770,0.09480,0.19160,0.07750,0.34160,0.08460,0.11320,0.09350,0.16740,0.08410,0.10120,0.08280,0.08860,0.07740,0.12640
6:50:34,0.97390,0.11420,0.72660,0.10360,0.25190,0.09460,0.21250,0.11170,0.10490,0.10810,0.18050,0.15330,0.99320,0.21990,0.51800,0.14940,0.19040,0.12620,0.18220,0.11360,0.10880,0.13990,0.15010,0.14320,0.98300,0.18090,0.32710,0.13890,0.13790,0.10790,0.15210,0.10590,0.09610,0.10680,0.12420,0.10790,0.09900,0.14120,0.08890,0.12640,0.09250,0.11050,0.09510,0.11720,0.09640,0.14000,0.13670,0.10010,0.21610,0.10250,0.13860,0.10910,0.10130,0.10420,0.11820,0.11110,0.10820,0.13070,0.11640,0.09280,0.17670,0.77940,0.12020,0.20150,0.11400,0.31420,0.11280,0.12870,0.10380,0.12070,0.10850,0.25460,0.12600,0.61510,0.10260,0.16470,0.09580,0.23910,0.10210,0.10530,0.09000,0.10840,0.09520,0.19440,0.07780,0.34720,0.08470,0.11390,0.09360,0.16930,0.08430,0.10150,0.08300,0.08910,0.07770,0.12770
7:00:34,0.97220,0.11540,0.73620,0.10480,0.25640,0.09540,0.21580,0.11280,0.10640,0.10940,0.18300,0.15480,0.99150,0.22340,0.52640,0.15190,0.19360,0.12750,0.18490,0.11510,0.11000,0.14130,0.15180,0.14570,0.98100,0.18350,0.33270,0.14070,0.13970,0.10900,0.15410,0.10740,0.09730,0.10830,0.12550,0.10940,0.10000,0.14270,0.08960,0.12780,0.09340,0.11160,0.09600,0.11850,0.09760,0.14140,0.13820,0.10120,0.21980,0.10300,0.14040,0.11010,0.10250,0.10500,0.11900,0.11210,0.10950,0.13190,0.11770,0.09400,0.17940,0.78870,0.12160,0.20450,0.11510,0.31950,0.11390,0.13040,0.10540,0.12240,0.10970,0.25930,0.12760,0.62430,0.10380,0.16690,0.09670,0.24320,0.10300,0.10640,0.09070,0.10970,0.09630,0.19740,0.07790,0.35270,0.08540,0.11520,0.09430,0.17150,0.08500,0.10210,0.08340,0.08970,0.07790,0.12890
7:10:34,0.97000,0.11660,0.74520,0.10590,0.26070,0.09600,0.21910,0.11370,0.10760,0.11050,0.18550,0.15630,0.99000,0.22680,0.53440,0.15440,0.19650,0.12860,0.18760,0.11630,0.11090,0.14250,0.15350,0.14810,0.97920,0.18590,0.33810,0.14240,0.14120,0.11020,0.15620,0.10880,0.09830,0.10960,0.12660,0.11060,0.10090,0.14420,0.09020,0.12930,0.09420,0.11260,0.09690,0.11960,0.09870,0.14270,0.13960,0.10200,0.22280,0.10360,0.14210,0.11120,0.10340,0.10590,0.12000,0.11320,0.11080,0.13320,0.11900,0.09470,0.18170,0.79730,0.12540,0.20760,0.11640,0.32470,0.11520,0.13100,0.10660,0.12390,0.11100,0.26350,0.12870,0.63320,0.10460,0.16910,0.09760,0.24730,0.10390,0.10740,0.09120,0.11090,0.09690,0.20020,0.07800,0.35810,0.08560,0.11630,0.09490,0.17380,0.08550,0.10300,0.08360,0.09010,0.07810,0.13010
7:20:34,0.96810,0.11760,0.75370,0.10690,0.26480,0.09650,0.22210,0.11450,0.10850,0.11150,0.18780,0.15750,0.98830,0.22970,0.54230,0.15640,0.19900,0.12960,0.19020,0.11740,0.11170,0.14360,0.15490,0.15020,0.97710,0.18810,0.34320,0.14390,0.14240,0.11120,0.15790,0.10990,0.09870,0.11030,0.12770,0.11140,0.10150,0.14560,0.09030,0.13040,0.09460,0.11350,0.09740,0.12070,0.09920,0.14380,0.14090,0.10250,0.22550,0.10400,0.14340,0.11190,0.10410,0.10650,0.12100,0.11410,0.11170,0.13430,0.12000,0.09500,0.18370,0.80570,0.12650,0.21040,0.11730,0.32980,0.11630,0.13200,0.10760,0.12500,0.11170,0.26740,0.12960,0.64180,0.10500,0.17120,0.09820,0.25120,0.10460,0.10840,0.09140,0.11180,0.09720,0.20260,0.07810,0.36320,0.08570,0.11710,0.09530,0.17590,0.08560,0.10370,0.08350,0.09020,0.07800,0.13110
7:30:34,0.96550,0.11840,0.76180,0.10760,0.26840,0.09670,0.22490,0.11510,0.10910,0.11210,0.18990,0.15860,0.98660,0.23240,0.54970,0.15810,0.20100,0.13060,0.19250,0.11810,0.11220,0.14470,0.15620,0.15220,0.97470,0.19000,0.34790,0.14520,0.14360,0.11200,0.15960,0.11090,0.09890,0.11070,0.12840,0.11190,0.10180,0.14660,0.09040,0.13140,0.09480,0.11430,0.09780,0.12170,0.09960,0.14490,0.14190,0.10260,0.22800,0.10420,0.14450,0.11260,0.10450,0.10710,0.12210,0.11480,0.11220,0.13520,0.12030,0.09520,0.18550,0.81350,0.12710,0.21310,0.11810,0.33470,0.11720,0.13230,0.10830,0.12590,0.11210,0.27090,0.13050,0.65010,0.10530,0.17300,0.09850,0.25490,0.10520,0.10910,0.09140,0.11230,0.09710,0.20470,0.07810,0.36840,0.08570,0.11770,0.09560,0.17780,0.08550,0.10410,0.08360,0.09030,0.07790,0.13240
7:40:34,0.96330,0.11930,0.76950,0.10820,0.27210,0.09690,0.22770,0.11580,0.10960,0.11270,0.19210,0.15980,0.98450,0.23500,0.55670,0.15960,0.20320,0.13150,0.19490,0.11870,0.11230,0.14560,0.15740,0.15420,0.97230,0.19180,0.35270,0.14640,0.14480,0.11290,0.16130,0.11160,0.09900,0.11100,0.12900,0.11230,0.10200,0.14750,0.09030,0.13240,0.09480,0.11500,0.09800,0.12260,0.09980,0.14580,0.14290,0.10270,0.23040,0.10450,0.14560,0.11300,0.10500,0.10760,0.12310,0.11550,0.11280,0.13610,0.12080,0.09530,0.18710,0.82090,0.12760,0.21560,0.11880,0.33960,0.11800,0.13250,0.10890,0.12680,0.11240,0.27430,0.13120,0.65790,0.10560,0.17480,0.09870,0.25850,0.10560,0.10980,0.09160,0.11280,0.09710,0.20700,0.07830,0.37350,0.08550,0.11820,0.09570,0.17990,0.08560,0.10450,0.08360,0.09050,0.07790,0.13340
7:50:34,0.96100,0.12020,0.77710,0.10890,0.27590,0.09720,0.23050,0.11640,0.11020,0.11330,0.19420,0.16090,0.98270,0.23760,0.56380,0.16110,0.20570,0.13260,0.19720,0.11940,0.11270,0.14720,0.15860,0.15620,0.96990,0.19350,0.35720,0.14760,0.14600,0.11360,0.16290,0.11220,0.09910,0.11120,0.12950,0.11250,0.10200,0.14830,0.09030,0.13320,0.09480,0.11560,0.09800,0.12330,0.09990,0.14680,0.14390,0.10260,0.23310,0.10450,0.14680,0.11350,0.10560,0.10800,0.12420,0.11610,0.11320,0.13700,0.12120,0.09530,0.18900,0.82770,0.12840,0.21810,0.11940,0.34450,0.11880,0.13270,0.10930,0.12770,0.11260,0.27750,0.13240,0.66560,0.10600,0.17650,0.09890,0.26200,0.10590,0.11040,0.09170,0.11320,0.09710,0.20940,0.07830,0.37860,0.08550,0.11870,0.09570,0.18160,0.08550,0.10480,0.08370,0.09070,0.07800,0.13470
8:00:34,0.95940,0.12130,0.78450,0.11000,0.28030,0.09770,0.23360,0.11730,0.11130,0.11430,0.19670,0.16210,0.98140,0.24080,0.57150,0.16310,0.20880,0.13390,0.19990,0.12040,0.11340,0.14930,0.16010,0.15860,0.96800,0.19580,0.36230,0.14920,0.14770,0.11470,0.16470,0.11320,0.10000,0.11220,0.13060,0.11370,0.10270,0.14960,0.09090,0.13450,0.09540,0.11650,0.09870,0.12440,0.10060,0.14800,0.14510,0.10340,0.23680,0.10470,0.14860,0.11410,0.10700,0.10870,0.12580,0.11700,0.11440,0.13800,0.12240,0.09620,0.19160,0.83520,0.12990,0.22120,0.12040,0.34990,0.12000,0.13360,0.11020,0.12940,0.11350,0.28170,0.13390,0.67370,0.10680,0.17850,0.09960,0.26580,0.10670,0.11140,0.09240,0.11430,0.09790,0.21250,0.07850,0.38390,0.08600,0.11990,0.09610,0.18370,0.08600,0.10560,0.08400,0.09150,0.07830,0.13590
8:10:33,0.95770,0.12240,0.79170,0.11100,0.28470,0.09830,0.23670,0.11820,0.11240,0.11530,0.19910,0.16330,0.97980,0.24390,0.57900,0.16530,0.21170,0.13540,0.20260,0.12160,0.11430,0.15090,0.16180,0.16110,0.96590,0.19810,0.36730,0.15100,0.14930,0.11590,0.16660,0.11430,0.10070,0.11330,0.13160,0.11480,0.10350,0.15090,0.09130,0.13570,0.09600,0.11750,0.09930,0.12560,0.10120,0.14910,0.14630,0.10400,0.24000,0.10510,0.15040,0.11500,0.10830,0.10940,0.12750,0.11780,0.11570,0.13900,0.12340,0.09680,0.19390,0.84180,0.13060,0.22430,0.12140,0.35520,0.12130,0.13470,0.11120,0.13120,0.11440,0.28570,0.13500,0.68140,0.10760,0.18070,0.10040,0.26950,0.10740,0.11240,0.09270,0.11550,0.09840,0.21510,0.07860,0.38890,0.08620,0.12090,0.09660,0.18580,0.08630,0.10640,0.08420,0.09170,0.07830,0.13700
8:20:34,0.95570,0.12340,0.79870,0.11180,0.28900,0.09860,0.23960,0.11880,0.11340,0.11590,0.20130,0.16430,0.97830,0.24690,0.58580,0.16690,0.21430,0.13680,0.20520,0.12260,0.11490,0.15200,0.16310,0.16310,0.96400,0.20010,0.37210,0.15250,0.15040,0.11690,0.16840,0.11510,0.10110,0.11390,0.13220,0.11530,0.10400,0.15200,0.09150,0.13680,0.09630,0.11820,0.09960,0.12640,0.10180,0.15010,0.14720,0.10430,0.24280,0.10540,0.15190,0.11560,0.10920,0.11000,0.12890,0.11850,0.11660,0.13990,0.12440,0.09700,0.19580,0.84860,0.13160,0.22730,0.12230,0.36040,0.12230,0.13540,0.11200,0.13260,0.11500,0.28940,0.13590,0.68890,0.10810,0.18260,0.10080,0.27300,0.10810,0.11330,0.09280,0.11630,0.09860,0.21760,0.07880,0.39380,0.08630,0.12160,0.09680,0.18780,0.08640,0.10700,0.08420,0.09180,0.07820,0.13800
8:30:34,0.95450,0.12450,0.80530,0.11280,0.29360,0.09930,0.24290,0.11980,0.11470,0.11710,0.20400,0.16550,0.97710,0.25010,0.59330,0.16880,0.21720,0.13840,0.20810,0.12400,0.11590,0.15330,0.16480,0.16550,0.96230,0.20250,0.37700,0.15430,0.15210,0.11800,0.17020,0.11630,0.10190,0.11500,0.13330,0.11640,0.10480,0.15340,0.09200,0.13810,0.09680,0.11920,0.10030,0.12760,0.10250,0.15120,0.14840,0.10490,0.24620,0.10590,0.15390,0.11640,0.11060,0.11060,0.13080,0.11940,0.11810,0.14100,0.12570,0.09770,0.19830,0.85500,0.13290,0.23050,0.12350,0.36590,0.12360,0.13660,0.11310,0.13430,0.11600,0.29360,0.13720,0.69650,0.10880,0.18470,0.10150,0.27670,0.10880,0.11430,0.09330,0.11740,0.09910,0.22050,0.07880,0.39900,0.08670,0.12260,0.09720,0.18990,0.08670,0.10760,0.08450,0.09240,0.07850,0.13940
8:40:34,0.95370,0.12560,0.81170,0.11380,0.29820,0.09980,0.24590,0.12060,0.11600,0.11810,0.20660,0.16660,0.97590,0.25330,0.60050,0.17070,0.22010,0.13990,0.21090,0.12540,0.11690,0.15500,0.16650,0.16790,0.96070,0.20480,0.38200,0.15610,0.15350,0.11920,0.17210,0.11730,0.10260,0.11590,0.13440,0.11760,0.10560,0.15470,0.09240,0.13940,0.09730,0.12010,0.10090,0.12860,0.10320,0.15240,0.14960,0.10550,0.24950,0.10630,0.15590,0.11740,0.11190,0.11130,0.13270,0.12030,0.11950,0.14200,0.12730,0.09840,0.20080,0.86130,0.13440,0.23380,0.12470,0.37140,0.12500,0.13760,0.11410,0.13600,0.11720,0.29790,0.13850,0.70400,0.10970,0.18680,0.10230,0.28030,0.10970,0.11530,0.09380,0.11850,0.09980,0.22330,0.07910,0.40410,0.08700,0.12350,0.09780,0.19200,0.08710,0.10810,0.08460,0.09280,0.07850,0.14040
8:50:34,0.95250,0.12680,0.81790,0.11480,0.30260,0.10040,0.24910,0.12140,0.11720,0.11890,0.20920,0.16770,0.97460,0.25650,0.60740,0.17180,0.22290,0.14160,0.21350,0.12670,0.11780,0.15640,0.16810,0.17010,0.95840,0.20690,0.38660,0.15770,0.15490,0.12030,0.17390,0.11830,0.10330,0.11690,0.13540,0.11850,0.10630,0.15600,0.09270,0.14060,0.09790,0.12100,0.10150,0.12950,0.10380,0.15340,0.15060,0.10590,0.25270,0.10670,0.15780,0.11810,0.11290,0.11200,0.13430,0.12120,0.12080,0.14290,0.12850,0.09870,0.20290,0.86730,0.13580,0.23690,0.12570,0.37660,0.12620,0.13860,0.11510,0.13750,0.11800,0.30190,0.13940,0.71130,0.11020,0.18870,0.10290,0.28380,0.11030,0.11610,0.09400,0.11930,0.10010,0.22580,0.07910,0.40880,0.08720,0.12430,0.09800,0.19410,0.08730,0.10870,0.08460,0.09280,0.07840,0.14150
9:00:34,0.95240,0.12790,0.82380,0.11570,0.30690,0.10070,0.25220,0.12200,0.11830,0.11960,0.21170,0.16880,0.97350,0.25950,0.61390,0.17280,0.22520,0.14320,0.21610,0.12790,0.11850,0.15760,0.16930,0.17210,0.95680,0.20900,0.39130,0.15900,0.15600,0.12120,0.17550,0.11890,0.10350,0.11710,0.13590,0.11890,0.10680,0.15700,0.09280,0.14160,0.09810,0.12170,0.10180,0.13040,0.10410,0.15420,0.15160,0.10580,0.25550,0.10690,0.15930,0.11860,0.11350,0.11250,0.13570,0.12180,0.12180,0.14380,0.12950,0.09890,0.20500,0.87310,0.13650,0.24000,0.12670,0.38180,0.12730,0.13950,0.11570,0.13850,0.11850,0.30570,0.14040,0.71820,0.11060,0.19060,0.10330,0.28700,0.11100,0.11690,0.09410,0.11970,0.10010,0.22830,0.07930,0.41350,0.08720,0.12500,0.09840,0.19600,0.08730,0.10920,0.08460,0.09290,0.07840,0.14260
9:10:34,0.95170,0.12880,0.82980,0.11660,0.31120,0.10130,0.25530,0.12290,0.11960,0.12050,0.21420,0.16980,0.97220,0.26260,0.62070,0.17430,0.22770,0.14470,0.21860,0.12910,0.11960,0.15940,0.17070,0.17420,0.95480,0.21110,0.39570,0.16040,0.15740,0.12210,0.17720,0.11980,0.10400,0.11780,0.13670,0.11960,0.10730,0.15810,0.09300,0.14270,0.09840,0.12240,0.10220,0.13130,0.10460,0.15500,0.15240,0.10610,0.25870,0.10720,0.16090,0.11920,0.11410,0.11310,0.13690,0.12260,0.12280,0.14460,0.13050,0.09930,0.20710,0.87810,0.13760,0.24290,0.12760,0.38660,0.12820,0.14050,0.11650,0.13970,0.11910,0.30960,0.14160,0.72480,0.11110,0.19240,0.10370,0.29020,0.11150,0.11770,0.09440,0.12030,0.10040,0.23080,0.07950,0.41830,0.08720,0.12560,0.09860,0.19790,0.08750,0.10990,0.08480,0.09330,0.07850,0.14380
9:20:34,0.95150,0.13000,0.83550,0.11770,0.31580,0.10200,0.25880,0.12390,0.12120,0.12160,0.21660,0.17100,0.97140,0.26620,0.62750,0.17640,0.23050,0.14620,0.22150,0.13050,0.12080,0.16080,0.17230,0.17630,0.95360,0.21350,0.40060,0.16200,0.15900,0.12320,0.17890,0.12080,0.10480,0.11870,0.13770,0.12050,0.10810,0.15940,0.09350,0.14390,0.09890,0.12330,0.10290,0.13230,0.10530,0.15620,0.15360,0.10660,0.26200,0.10760,0.16290,0.12010,0.11490,0.11390,0.13830,0.12350,0.12410,0.14570,0.13160,0.10000,0.20960,0.88310,0.13900,0.24590,0.12870,0.39180,0.12940,0.14160,0.11740,0.14120,0.11990,0.31400,0.14300,0.73150,0.11200,0.19450,0.10440,0.29390,0.11230,0.11880,0.09500,0.12130,0.10100,0.23360,0.07970,0.42310,0.08770,0.12660,0.09910,0.20010,0.08780,0.11060,0.08500,0.09380,0.07870,0.14490
9:30:34,0.95080,0.13140,0.84090,0.11900,0.32030,0.10290,0.26220,0.12490,0.12290,0.12260,0.21900,0.17220,0.97050,0.26980,0.63390,0.17860,0.23340,0.14780,0.22430,0.13180,0.12200,0.16180,0.17390,0.17830,0.95200,0.21610,0.40520,0.16350,0.16070,0.12440,0.18080,0.12200,0.10590,0.11980,0.13870,0.12160,0.10900,0.16070,0.09400,0.14530,0.09970,0.12430,0.10370,0.13340,0.10610,0.15720,0.15480,0.10740,0.26550,0.10810,0.16480,0.12110,0.11590,0.11470,0.13970,0.12450,0.12540,0.14670,0.13300,0.10090,0.21210,0.88800,0.14050,0.24890,0.12990,0.39670,0.13060,0.14300,0.11850,0.14290,0.12100,0.31830,0.14440,0.73810,0.11280,0.19660,0.10520,0.29700,0.11320,0.11980,0.09560,0.12240,0.10180,0.23640,0.08000,0.42770,0.08810,0.12770,0.09970,0.20220,0.08830,0.11120,0.08530,0.09430,0.07890,0.14610
9:40:34,0.95060,0.13300,0.84620,0.12070,0.32520,0.10420,0.26600,0.12630,0.12510,0.12440,0.22170,0.17370,0.97000,0.27390,0.64150,0.18140,0.23680,0.14960,0.22740,0.13370,0.12390,0.16340,0.17600,0.18060,0.95100,0.21900,0.41070,0.16560,0.16300,0.12600,0.18300,0.12370,0.10750,0.12160,0.14050,0.12330,0.11060,0.16260,0.09510,0.14710,0.10090,0.12570,0.10500,0.13480,0.10750,0.15860,0.15640,0.10880,0.26930,0.10910,0.16710,0.12260,0.11740,0.11570,0.14160,0.12580,0.12730,0.14800,0.13490,0.10240,0.21510,0.89300,0.14240,0.25240,0.13150,0.40210,0.13230,0.14480,0.12010,0.14520,0.12270,0.32310,0.14620,0.74490,0.11430,0.19920,0.10650,0.30100,0.11450,0.12120,0.09680,0.12400,0.10310,0.23970,0.08040,0.43270,0.08900,0.12950,0.10070,0.20460,0.08920,0.11230,0.08600,0.09520,0.07940,0.14730
9:50:34,0.95000,0.13440,0.85110,0.12230,0.32990,0.10530,0.26950,0.12750,0.12690,0.12580,0.22390,0.17480,0.96950,0.27780,0.64830,0.18380,0.24000,0.15130,0.23020,0.13540,0.12540,0.16490,0.17780,0.18260,0.94970,0.22200,0.41590,0.16780,0.16470,0.12740,0.18500,0.12520,0.10890,0.12310,0.14210,0.12470,0.11210,0.16450,0.09610,0.14880,0.10220,0.12700,0.10630,0.13620,0.10890,0.15990,0.15770,0.10990,0.27270,0.11020,0.16930,0.12400,0.11890,0.11690,0.14320,0.12710,0.12910,0.14930,0.13670,0.10370,0.21790,0.89740,0.14450,0.25560,0.13300,0.40710,0.13380,0.14650,0.12170,0.14730,0.12430,0.32770,0.14750,0.75140,0.11560,0.20190,0.10780,0.30510,0.11570,0.12250,0.09770,0.12570,0.10420,0.24250,0.08060,0.43730,0.08970,0.13110,0.10170,0.20700,0.09010,0.11340,0.08630,0.09580,0.07960,0.14850
10:00:34,0.94940,0.13580,0.85570,0.12370,0.33440,0.10640,0.27290,0.12870,0.12870,0.12720,0.22610,0.17580,0.96900,0.28140,0.65500,0.18620,0.24300,0.15270,0.23300,0.13700,0.12670,0.16640,0.17970,0.18440,0.94850,0.22470,0.42090,0.16970,0.16630,0.12890,0.18700,0.12670,0.11020,0.12450,0.14340,0.12610,0.11350,0.16620,0.09680,0.15040,0.10320,0.12810,0.10740,0.13750,0.11010,0.16110,0.15880,0.11080,0.27560,0.11100,0.17140,0.12530,0.12010,0.11790,0.14470,0.12830,0.13070,0.15060,0.13820,0.10490,0.22030,0.90200,0.14580,0.25890,0.13450,0.41230,0.13530,0.14820,0.12300,0.14920,0.12560,0.33180,0.14870,0.75770,0.11660,0.20430,0.10890,0.30920,0.11690,0.12380,0.09830,0.12710,0.10490,0.24510,0.08070,0.44170,0.09030,0.13250,0.10250,0.20920,0.09070,0.11430,0.08640,0.09600,0.07950,0.14930

