Corrected [600]
	1	2	3	4	5	6	7	8	9	10	11	12
A	0.23839	0.07530	0.23316	0.07560	0.22457	0.07404	0.21721	0.07483	0.22272	0.07497	0.25216	0.07455	Corrected [600]
B	0.18853	0.24485	0.18849	0.27078	0.17981	0.26833	0.18213	0.24369	0.18039	0.24066	0.20139	0.25577	Corrected [600]
C	0.13405	0.18783	0.13263	0.21397	0.13152	0.20226	0.12835	0.18825	0.13204	0.19528	0.14408	0.20524	Corrected [600]
D	0.07441	0.13524	0.07505	0.14100	0.07435	0.13662	0.07489	0.12550	0.07613	0.13075	0.07425	0.14017	Corrected [600]
E	0.24595	0.07416	0.28723	0.07571	0.28396	0.07442	0.26077	0.07506	0.25804	0.07520	0.29296	0.07444	Corrected [600]
F	0.18467	0.24093	0.20760	0.26125	0.20775	0.25542	0.20243	0.25069	0.18949	0.29473	0.22475	0.24713	Corrected [600]
G	0.13160	0.19599	0.14281	0.19667	0.13743	0.18915	0.13679	0.18874	0.12969	0.22052	0.14427	0.18739	Corrected [600]
H	0.07400	0.17693	0.07375	0.13224	0.07424	0.13072	0.07463	0.12975	0.07467	0.13552	0.07386	0.12805	Corrected [600]

