Corrected [600]
	1	2	3	4	5	6	7	8	9	10	11	12
A	0.33264	0.07709	0.26873	0.07973	0.26408	0.07807	0.31538	0.07834	0.34046	0.07731	0.31002	0.07962	Corrected [600]
B	0.25530	0.28938	0.22007	0.28716	0.21230	0.27862	0.23882	0.33905	0.25400	0.33309	0.23883	0.31704	Corrected [600]
C	0.14990	0.20733	0.14400	0.21679	0.13915	0.20628	0.15857	0.25475	0.16283	0.23664	0.15856	0.22934	Corrected [600]
D	0.07887	0.13475	0.07631	0.14118	0.07799	0.13996	0.07823	0.16170	0.07626	0.15244	0.07490	0.14591	Corrected [600]
E	0.26052	0.07757	0.28929	0.07844	0.28307	0.07844	0.34685	0.07944	0.32670	0.07868	0.33441	0.07595	Corrected [600]
F	0.18917	0.26842	0.21203	0.27960	0.21069	0.31403	0.25166	0.33167	0.23669	0.31500	0.24035	0.37132	Corrected [600]
G	0.12630	0.21314	0.13886	0.20093	0.13854	0.23095	0.16386	0.24327	0.14883	0.22104	0.15280	0.28306	Corrected [600]
H	0.07803	0.15301	0.07806	0.13109	0.08484	0.14609	0.09510	0.15163	0.07881	0.14082	0.07824	0.17107	Corrected [600]

