Corrected [600]
	1	2	3	4	5	6	7	8	9	10	11	12
A	0.29470	0.08555	0.27503	0.07398	0.28026	0.07453	0.27546	0.07304	0.32009	0.07329	0.30240	0.07467	Corrected [600]
B	0.23412	0.31272	0.23408	0.32011	0.19881	0.31017	0.22629	0.35506	0.25454	0.33982	0.22716	0.29267	Corrected [600]
C	0.15908	0.22664	0.15676	0.23630	0.13012	0.22229	0.15155	0.26457	0.16492	0.26126	0.14562	0.21418	Corrected [600]
D	0.07304	0.15029	0.07300	0.15023	0.07567	0.14346	0.07624	0.17589	0.07422	0.16041	0.07307	0.14284	Corrected [600]
E	0.29556	0.07537	0.32349	0.07571	0.31002	0.07549	0.33948	0.07824	0.37440	0.07387	0.31732	0.07383	Corrected [600]
F	0.20889	0.30424	0.23609	0.30340	0.23090	0.32600	0.23987	0.35494	0.26754	0.35344	0.22455	0.22913	Corrected [600]
G	0.15521	0.21278	0.15213	0.23735	0.14563	0.24525	0.14224	0.25309	0.16948	0.25256	0.14614	0.17475	Corrected [600]
H	0.07973	0.13632	0.07448	0.15036	0.07529	0.14942	0.07484	0.15924	0.07433	0.16257	0.07453	0.12340	Corrected [600]

