420

Time,A1,A2,A3,A4,A5,A6,A7,A8,A9,A10,A11,A12,B1,B2,B3,B4,B5,B6,B7,B8,B9,B10,B11,B12,C1,C2,C3,C4,C5,C6,C7,C8,C9,C10,C11,C12,D1,D2,D3,D4,D5,D6,D7,D8,D9,D10,D11,D12,E1,E2,E3,E4,E5,E6,E7,E8,E9,E10,E11,E12,F1,F2,F3,F4,F5,F6,F7,F8,F9,F10,F11,F12,G1,G2,G3,G4,G5,G6,G7,G8,G9,G10,G11,G12,H1,H2,H3,H4,H5,H6,H7,H8,H9,H10,H11,H12
0:00:34,0.33850,0.08100,0.09820,0.10620,0.25330,0.09280,0.15890,0.09340,0.15770,0.08050,0.10630,0.08640,0.30990,0.29910,0.10240,0.24570,0.18990,0.12680,0.16320,0.10430,0.13650,0.18640,0.09150,0.11800,0.21390,0.26290,0.09800,0.24520,0.18400,0.43500,0.13230,0.10020,0.12240,0.19290,0.12590,0.11000,0.08750,0.22870,0.08260,0.43560,0.09360,0.27750,0.08350,0.09720,0.07730,0.12130,0.11090,0.10620,0.11520,0.07720,0.12440,0.07770,0.25280,0.07840,0.40480,0.09010,0.10940,0.07660,0.15670,0.07770,0.12260,0.43160,0.10940,0.26490,0.26320,0.30150,0.36630,0.11860,0.10030,0.10950,0.12200,0.11300,0.09150,0.09860,0.10630,0.22430,0.20110,0.18710,0.18130,0.09030,0.09630,0.08960,0.08700,0.12720,0.07720,0.08600,0.08440,0.18710,0.08280,0.45840,0.07950,0.09630,0.08230,0.50500,0.08050,0.08820
0:02:09,0.39030,0.08070,0.09790,0.10570,0.32280,0.09250,0.20760,0.07970,0.20850,0.07900,0.10300,0.08610,0.36810,0.37750,0.10100,0.30670,0.25390,0.13900,0.20450,0.10190,0.16820,0.26410,0.09050,0.13900,0.24570,0.30680,0.09700,0.30050,0.21980,0.41770,0.15420,0.09780,0.14330,0.24710,0.11600,0.13590,0.08850,0.27180,0.08240,0.47460,0.09330,0.28860,0.08210,0.09760,0.07660,0.15180,0.10860,0.11970,0.11400,0.07700,0.12870,0.07750,0.33860,0.07820,0.47130,0.08940,0.10970,0.07650,0.14150,0.07730,0.12400,0.43040,0.11240,0.33620,0.30430,0.36360,0.39970,0.11350,0.10110,0.11460,0.11330,0.11040,0.09050,0.09780,0.10790,0.28390,0.24470,0.23900,0.21890,0.09100,0.09500,0.09060,0.08230,0.12180,0.07670,0.08510,0.08400,0.23180,0.08250,0.49490,0.07930,0.09430,0.08190,0.50360,0.07610,0.08970
0:03:44,0.45140,0.08050,0.09640,0.10520,0.39820,0.09220,0.24760,0.07940,0.28250,0.07870,0.10600,0.08640,0.42980,0.45160,0.09980,0.37600,0.31800,0.16160,0.24780,0.10120,0.21810,0.34610,0.08890,0.17570,0.28250,0.37280,0.09710,0.35340,0.26060,0.43390,0.17580,0.09880,0.17120,0.31330,0.11530,0.15750,0.08840,0.31960,0.07580,0.49660,0.09290,0.29600,0.08180,0.09650,0.07610,0.18730,0.10810,0.13650,0.11390,0.07670,0.13840,0.07720,0.43500,0.07800,0.55270,0.08860,0.10860,0.07640,0.14880,0.07710,0.12500,0.42310,0.11780,0.36510,0.37080,0.42930,0.50020,0.11360,0.10310,0.10890,0.11340,0.11280,0.08930,0.09690,0.11160,0.34840,0.29750,0.28660,0.25940,0.08950,0.09480,0.08790,0.08220,0.11490,0.07640,0.08490,0.08390,0.26580,0.08220,0.53070,0.07920,0.09280,0.08170,0.49850,0.07530,0.08790
0:05:19,0.52850,0.08040,0.09760,0.10480,0.48820,0.09200,0.30490,0.07910,0.32400,0.07740,0.10300,0.08620,0.49230,0.55330,0.10080,0.46000,0.37360,0.18190,0.29410,0.10170,0.26080,0.42420,0.08950,0.20170,0.32000,0.44110,0.09750,0.41600,0.30560,0.45560,0.20470,0.09820,0.19740,0.38500,0.11360,0.17940,0.08840,0.36300,0.07570,0.52260,0.09240,0.30430,0.08170,0.09670,0.07570,0.21650,0.10710,0.15580,0.11490,0.07660,0.15280,0.07710,0.51880,0.07790,0.61210,0.08830,0.10830,0.07610,0.14470,0.07690,0.12220,0.41880,0.12330,0.39990,0.42270,0.49490,0.59830,0.11240,0.10140,0.11140,0.11080,0.11490,0.08600,0.09690,0.11730,0.40430,0.35270,0.33670,0.30920,0.08930,0.09500,0.08830,0.08120,0.10890,0.07620,0.08460,0.08360,0.30750,0.08200,0.56920,0.07910,0.08530,0.08160,0.49010,0.07510,0.08680
0:06:54,0.60360,0.08030,0.09830,0.10400,0.54600,0.09180,0.36060,0.07880,0.39580,0.07720,0.10080,0.08630,0.56230,0.64240,0.10190,0.54190,0.44640,0.20430,0.34810,0.10220,0.30790,0.51000,0.09090,0.22830,0.36000,0.50070,0.09760,0.47040,0.34890,0.45620,0.23480,0.09840,0.22490,0.44770,0.11350,0.20180,0.08550,0.40570,0.07560,0.56010,0.09200,0.31460,0.08150,0.09690,0.07560,0.26110,0.10620,0.17540,0.11490,0.07640,0.16480,0.07690,0.61860,0.07780,0.67650,0.08820,0.10620,0.07600,0.14240,0.07670,0.12120,0.41340,0.13140,0.45350,0.48320,0.56500,0.71170,0.11250,0.10170,0.11000,0.10920,0.11320,0.08620,0.09630,0.12290,0.47140,0.40610,0.39400,0.35740,0.08810,0.09530,0.08780,0.08110,0.11500,0.07600,0.08430,0.08330,0.35190,0.08180,0.61560,0.07900,0.08500,0.08050,0.49120,0.07490,0.08700
0:08:29,0.68060,0.08030,0.10010,0.10370,0.62210,0.09170,0.41740,0.07870,0.45450,0.07720,0.10120,0.08650,0.62910,0.73890,0.10180,0.61190,0.49920,0.22790,0.39870,0.10260,0.35610,0.59900,0.09200,0.25850,0.39840,0.55780,0.09810,0.52720,0.39170,0.47490,0.26380,0.09930,0.25520,0.52610,0.11330,0.22990,0.08540,0.45140,0.07550,0.59840,0.09180,0.32350,0.08140,0.09710,0.07550,0.29970,0.10540,0.19590,0.11460,0.07640,0.17370,0.07690,0.70290,0.07780,0.73810,0.08820,0.10500,0.07590,0.14020,0.07680,0.11990,0.40780,0.13970,0.51050,0.54120,0.62620,0.81570,0.11100,0.09930,0.10840,0.10870,0.10870,0.08620,0.09650,0.12880,0.53200,0.45640,0.44290,0.40460,0.08800,0.09580,0.08720,0.08090,0.11710,0.07600,0.08430,0.08310,0.39200,0.08180,0.33120,0.07890,0.08500,0.08040,0.47570,0.07490,0.08740
0:10:04,0.73940,0.08030,0.10180,0.09880,0.69540,0.09160,0.47050,0.07860,0.52130,0.07700,0.10460,0.08670,0.68710,0.82760,0.10310,0.68180,0.56710,0.25150,0.45280,0.10400,0.40950,0.68310,0.09350,0.29150,0.44010,0.62660,0.09860,0.58310,0.43450,0.48580,0.29300,0.10010,0.28440,0.59290,0.11320,0.25630,0.08110,0.50010,0.07550,0.63200,0.09160,0.33380,0.08140,0.09730,0.07550,0.34070,0.10450,0.21760,0.11520,0.07640,0.18070,0.07690,0.78520,0.07770,0.79740,0.08830,0.10610,0.07580,0.13880,0.07670,0.12080,0.40460,0.14770,0.56820,0.60180,0.68110,0.91680,0.10860,0.10080,0.10830,0.10670,0.11120,0.08670,0.09660,0.13470,0.60560,0.51070,0.50300,0.44910,0.08790,0.09620,0.08740,0.08090,0.11320,0.07590,0.08450,0.08280,0.43280,0.08160,0.38700,0.07900,0.08540,0.08030,0.47350,0.07480,0.08780
0:11:39,0.81080,0.08000,0.10280,0.09750,0.77900,0.09160,0.52230,0.07850,0.58910,0.07700,0.10630,0.08680,0.73800,0.91200,0.10460,0.76120,0.63810,0.27930,0.50870,0.10480,0.46660,0.75760,0.09450,0.32660,0.48160,0.69230,0.09920,0.63680,0.48220,0.51290,0.32270,0.10070,0.31620,0.67110,0.11240,0.28380,0.08080,0.55060,0.07560,0.66830,0.09140,0.34310,0.08120,0.09780,0.07540,0.38140,0.10350,0.23990,0.11490,0.07630,0.19180,0.07680,0.86540,0.07760,0.86140,0.08840,0.10700,0.07580,0.14050,0.07660,0.12000,0.40000,0.15580,0.61570,0.66490,0.74100,1.00560,0.10880,0.10210,0.10900,0.10580,0.11280,0.08730,0.09680,0.14130,0.66130,0.55790,0.55370,0.49350,0.08780,0.09670,0.08720,0.08100,0.11180,0.07580,0.08450,0.08270,0.48030,0.08130,0.43290,0.07890,0.08080,0.08040,0.45630,0.07470,0.08860
0:13:14,0.86320,0.08000,0.10450,0.09640,0.83350,0.09150,0.57380,0.07830,0.64730,0.07700,0.10610,0.08700,0.80530,1.00780,0.10650,0.82520,0.70080,0.30740,0.55800,0.10610,0.51720,0.82240,0.09600,0.36000,0.52410,0.75750,0.09980,0.70010,0.53000,0.52860,0.35220,0.10130,0.32440,0.74910,0.11250,0.31590,0.08050,0.60150,0.07540,0.70830,0.09130,0.35320,0.08110,0.09810,0.07510,0.42320,0.10290,0.26230,0.11630,0.07620,0.20340,0.07680,0.93790,0.07750,0.92410,0.08850,0.10820,0.07560,0.13630,0.07660,0.12020,0.39680,0.16380,0.67100,0.71700,0.80310,1.10900,0.10850,0.10150,0.10660,0.10440,0.11230,0.08770,0.09720,0.14810,0.72050,0.61230,0.61120,0.53850,0.08810,0.09710,0.08690,0.08120,0.11190,0.07580,0.08480,0.08250,0.52640,0.08110,0.46910,0.07890,0.08060,0.07660,0.45710,0.07470,0.08870
0:14:49,0.93430,0.07990,0.10690,0.07760,0.88210,0.09150,0.62900,0.07830,0.70360,0.07690,0.10750,0.08730,0.85910,1.08600,0.10750,0.88420,0.74840,0.33770,0.60670,0.10860,0.57190,0.86870,0.09750,0.39270,0.56680,0.80300,0.10030,0.75520,0.57210,0.55080,0.38240,0.10230,0.31670,0.83170,0.11230,0.34660,0.08040,0.65280,0.07540,0.74410,0.09110,0.36300,0.08120,0.09840,0.07490,0.46480,0.10190,0.28530,0.11690,0.07630,0.21720,0.07680,1.00340,0.07740,0.98410,0.08850,0.10840,0.07560,0.13870,0.07810,0.12080,0.39260,0.17240,0.72480,0.77300,0.86670,0.89580,0.10810,0.10310,0.10590,0.10430,0.11300,0.08820,0.09760,0.15500,0.76730,0.66530,0.66580,0.58350,0.08790,0.09770,0.08700,0.08100,0.11110,0.07570,0.08510,0.08240,0.57330,0.08100,0.50510,0.07890,0.08030,0.07660,0.45390,0.07470,0.08890
0:16:24,0.97980,0.07990,0.10910,0.07660,0.92330,0.09150,0.68490,0.07830,0.75730,0.07690,0.11030,0.08770,0.91980,1.17030,0.10840,0.93370,0.80220,0.35520,0.65600,0.10880,0.62380,0.91880,0.09920,0.42440,0.60600,0.85390,0.10110,0.81070,0.61640,0.57080,0.41240,0.10310,0.34440,0.90790,0.11300,0.37860,0.08030,0.70470,0.07540,0.78030,0.09120,0.37310,0.08110,0.09900,0.07490,0.50430,0.10160,0.30790,0.11730,0.07620,0.23290,0.07680,1.08080,0.07740,1.04270,0.08870,0.10770,0.07560,0.13730,0.07850,0.12140,0.38730,0.18140,0.78300,0.83190,0.92030,0.96760,0.10890,0.10610,0.10650,0.10380,0.11390,0.08870,0.09800,0.16340,0.82620,0.71900,0.71700,0.62800,0.08790,0.09840,0.08700,0.08110,0.11220,0.07560,0.08520,0.08230,0.61860,0.08090,0.54560,0.07890,0.08060,0.07660,0.44730,0.07480,0.08910
0:17:59,1.03510,0.07990,0.11110,0.07640,0.97690,0.09150,0.73100,0.07830,0.80420,0.07700,0.11370,0.08810,0.97770,1.23050,0.10990,0.96280,0.85720,0.37920,0.70250,0.11140,0.68200,0.97100,0.10120,0.45420,0.64750,0.91190,0.10170,0.87310,0.66750,0.59990,0.44410,0.10400,0.37320,0.98540,0.11300,0.40690,0.08020,0.75560,0.07550,0.81590,0.08960,0.38470,0.08110,0.09960,0.07500,0.54510,0.10120,0.33120,0.11880,0.07630,0.24930,0.07680,1.15600,0.07730,1.10090,0.08880,0.10940,0.07550,0.13640,0.07650,0.12140,0.38350,0.19130,0.84960,0.90360,0.97720,1.02290,0.10470,0.10790,0.10530,0.10350,0.11440,0.08890,0.09860,0.17120,0.88570,0.77080,0.77270,0.67160,0.08810,0.09910,0.08740,0.08110,0.11150,0.07560,0.08540,0.08230,0.66330,0.08090,0.58790,0.07920,0.08060,0.07600,0.44050,0.07480,0.08960
0:19:34,1.08460,0.07990,0.11400,0.07620,1.03750,0.09140,0.77830,0.07840,0.86070,0.07700,0.11560,0.08890,1.02840,1.28090,0.11180,1.00970,0.90270,0.40130,0.74840,0.11130,0.73190,1.02560,0.10340,0.48270,0.69350,0.96940,0.10260,0.93610,0.70950,0.63040,0.47620,0.10510,0.40190,1.05250,0.11380,0.43710,0.08010,0.79380,0.07540,0.84930,0.08970,0.39570,0.08110,0.10000,0.07500,0.58700,0.07680,0.35380,0.11950,0.07630,0.26840,0.07690,1.22810,0.07720,1.16960,0.08640,0.11140,0.07540,0.13860,0.07660,0.12220,0.37920,0.20100,0.92810,0.97450,1.03490,1.06520,0.10500,0.10880,0.10470,0.10280,0.11520,0.08940,0.09920,0.17680,0.94270,0.82180,0.83010,0.71540,0.08840,0.09980,0.08740,0.08120,0.11230,0.07560,0.08550,0.08230,0.70950,0.08090,0.62850,0.07930,0.08070,0.07620,0.44260,0.07470,0.09020
0:21:09,1.13640,0.07990,0.11580,0.07630,1.13850,0.09140,0.83050,0.07850,0.91310,0.07710,0.11960,0.09030,1.07890,1.32920,0.11310,1.06670,0.95610,0.41760,0.78740,0.11420,0.78370,1.07450,0.10590,0.51330,0.73660,1.01690,0.10330,0.99290,0.73890,0.65160,0.50710,0.10650,0.43020,1.11440,0.11410,0.47070,0.08020,0.83530,0.07560,0.88550,0.08350,0.40460,0.08140,0.10070,0.07500,0.63000,0.07700,0.37660,0.12150,0.07640,0.28930,0.07700,1.29140,0.07730,1.22960,0.08660,0.11240,0.07550,0.13500,0.07660,0.12240,0.37650,0.21200,0.99810,1.03540,1.10060,1.09900,0.10460,0.10950,0.10470,0.10270,0.11600,0.09010,0.09970,0.18280,1.00630,0.86720,0.88200,0.76070,0.08850,0.10080,0.08780,0.08140,0.11280,0.07560,0.08580,0.08240,0.75240,0.08090,0.66300,0.07950,0.08100,0.07610,0.43080,0.07490,0.09120
0:22:44,1.19500,0.07990,0.11810,0.07620,1.20360,0.09120,0.88280,0.07850,0.95020,0.07710,0.12270,0.09160,1.14050,1.36560,0.11580,1.13720,1.01890,0.45600,0.82500,0.11640,0.83440,1.13140,0.10750,0.54390,0.77380,1.07480,0.10450,1.04130,0.79860,0.69290,0.53910,0.10760,0.45880,1.16470,0.11490,0.50640,0.08010,0.87270,0.07550,0.92020,0.08300,0.41600,0.08140,0.10110,0.07490,0.63710,0.07680,0.39870,0.12230,0.07640,0.30920,0.07690,1.33320,0.07720,1.28660,0.08660,0.11400,0.07550,0.13480,0.07730,0.12370,0.37360,0.22350,1.05980,1.05700,1.16390,1.12400,0.10390,0.11010,0.10520,0.10140,0.11790,0.09050,0.09970,0.19060,1.05870,0.90700,0.93020,0.80290,0.08880,0.10140,0.08820,0.08160,0.11260,0.07550,0.08590,0.08230,0.79260,0.08080,0.69620,0.07950,0.08120,0.07610,0.43200,0.07480,0.09160
0:24:19,1.24670,0.08000,0.12090,0.07620,1.23960,0.09110,0.93910,0.07850,0.99130,0.07730,0.12060,0.09260,1.18610,1.38810,0.11680,1.19630,1.08070,0.49980,0.86190,0.11860,0.88520,1.18660,0.10960,0.57440,0.81300,1.11420,0.10540,1.07520,0.83970,0.71180,0.57300,0.10870,0.48780,1.20460,0.11560,0.53620,0.08010,0.91070,0.07560,0.95470,0.08290,0.42730,0.08160,0.10150,0.07510,0.68160,0.07700,0.42100,0.12410,0.07650,0.27610,0.07710,1.36600,0.07730,1.33520,0.08680,0.11590,0.07550,0.13230,0.08120,0.12360,0.37090,0.23580,1.12460,1.09590,1.21910,1.14360,0.10460,0.11070,0.10540,0.10130,0.11930,0.09100,0.10010,0.19740,1.10990,0.95460,0.97670,0.84550,0.08930,0.10200,0.08820,0.08210,0.11240,0.07560,0.08630,0.08230,0.83840,0.08090,0.73090,0.07960,0.08000,0.07610,0.42030,0.07490,0.09210
0:25:54,1.29240,0.08000,0.12330,0.07630,1.28360,0.09110,0.99220,0.07870,1.03900,0.07730,0.12330,0.09320,1.22140,1.39700,0.11960,1.23900,1.12530,0.53010,0.90700,0.12000,0.93430,1.23260,0.10820,0.60630,0.85260,1.14290,0.10640,1.09990,0.88550,0.73050,0.60810,0.10980,0.51660,1.24370,0.11610,0.56730,0.08010,0.94760,0.07570,0.99080,0.08280,0.43900,0.08180,0.10190,0.07510,0.71450,0.07710,0.44450,0.12530,0.07660,0.29470,0.07720,1.38290,0.07730,1.37190,0.08680,0.11880,0.07560,0.42800,0.07800,0.12530,0.36720,0.24940,1.18530,1.15940,1.26690,1.15040,0.10600,0.11130,0.10470,0.10060,0.12050,0.09160,0.10060,0.20580,1.14970,1.00710,1.01270,0.88760,0.08960,0.10260,0.08790,0.08200,0.11380,0.07560,0.08650,0.08250,0.88070,0.08090,0.76530,0.07960,0.08010,0.07630,0.41790,0.07490,0.09270
0:27:29,1.32510,0.08000,0.12590,0.07630,1.32060,0.09110,1.03650,0.07880,1.08230,0.07740,0.12560,0.09370,1.25230,1.41530,0.12150,1.27220,1.16620,0.55780,0.96290,0.12200,0.97700,1.27460,0.11050,0.63830,0.83550,1.17790,0.10710,1.14220,0.93310,0.75250,0.64470,0.11110,0.54520,1.28140,0.11710,0.59920,0.08010,0.98700,0.07570,1.02520,0.08270,0.45210,0.08200,0.10250,0.07510,0.71360,0.07720,0.46780,0.12670,0.07660,0.30030,0.07730,1.40030,0.07740,1.42260,0.08700,0.12070,0.07560,0.42550,0.07690,0.12540,0.36380,0.26340,1.23940,1.19100,1.30690,1.16010,0.10670,0.11210,0.10410,0.10090,0.12200,0.09200,0.10120,0.21360,1.19020,1.05200,1.05650,0.93110,0.09040,0.10320,0.08820,0.08230,0.11570,0.07550,0.08690,0.08250,0.91990,0.08100,0.80130,0.07960,0.08040,0.07640,0.41920,0.07500,0.09350
0:29:04,1.34810,0.08000,0.12850,0.07630,1.35790,0.09120,1.07450,0.07890,1.06830,0.07750,0.12880,0.09440,1.27890,1.42120,0.12340,1.29500,1.21830,0.57770,1.01610,0.12280,1.02090,1.31330,0.11270,0.67060,0.84920,1.22060,0.10820,1.18640,0.97760,0.76930,0.68250,0.11300,0.57510,1.31570,0.11880,0.63360,0.08010,1.02840,0.07580,1.05720,0.08270,0.46520,0.08210,0.10320,0.07520,0.69180,0.07750,0.49240,0.12780,0.07680,0.31790,0.07740,1.41470,0.07740,1.46190,0.08580,0.12260,0.07570,0.41630,0.07720,0.12640,0.35940,0.27760,1.29330,1.21550,1.34400,1.16760,0.10760,0.11310,0.10430,0.10010,0.12350,0.09260,0.10190,0.22220,1.22630,1.09170,1.09080,0.97280,0.09100,0.10410,0.08860,0.08250,0.11710,0.07540,0.08360,0.08270,0.96030,0.08110,0.83560,0.07950,0.08080,0.07650,0.41540,0.07510,0.09460
0:30:39,1.36900,0.08000,0.13120,0.07630,1.38660,0.09140,1.11130,0.07980,1.10610,0.07790,0.13270,0.09550,1.30430,1.42830,0.12520,1.31450,1.27740,0.60950,1.06730,0.12470,1.05680,1.34960,0.10710,0.70170,0.89470,1.25910,0.10910,1.22340,1.01470,0.78880,0.72120,0.11480,0.59960,1.34350,0.12100,0.66580,0.08010,1.06690,0.07600,1.08910,0.08270,0.47980,0.08240,0.10400,0.07520,0.74520,0.07790,0.51690,0.12920,0.07690,0.33510,0.07750,1.42810,0.07750,1.49080,0.08660,0.12690,0.07590,0.41150,0.07950,0.12650,0.35580,0.29280,1.34270,1.26180,1.37410,1.17280,0.10870,0.11400,0.10400,0.10050,0.12540,0.09310,0.10250,0.23080,1.26180,1.13490,1.11750,1.01330,0.09140,0.10520,0.08910,0.08290,0.11770,0.07540,0.08650,0.08270,1.00140,0.08110,0.86490,0.07950,0.08120,0.07670,0.41160,0.07520,0.09560
0:32:14,1.38990,0.08010,0.13340,0.07660,1.40730,0.09210,1.14040,0.08020,1.14270,0.07830,0.13680,0.09670,1.32650,1.42730,0.12750,1.32600,1.31700,0.64160,1.11210,0.12690,1.09540,1.36930,0.10910,0.73710,0.93300,1.28800,0.10410,1.25220,1.05110,0.80740,0.76000,0.11650,0.62550,1.36800,0.12400,0.70610,0.08020,1.10800,0.07620,1.11760,0.08280,0.49070,0.08290,0.10500,0.07540,0.79590,0.07860,0.54050,0.13070,0.07720,0.35220,0.07780,1.43220,0.07770,1.51000,0.08740,0.12900,0.07600,0.40700,0.07840,0.12750,0.35210,0.30840,1.38220,1.30320,1.40170,1.17690,0.10990,0.11660,0.10460,0.10090,0.12820,0.09390,0.09830,0.23950,1.29040,1.17220,1.14740,1.05180,0.09210,0.10640,0.08990,0.08330,0.11790,0.07540,0.08680,0.08300,1.04310,0.08120,0.89230,0.07950,0.08200,0.07710,0.40480,0.07540,0.09660
0:33:49,1.41020,0.08020,0.13620,0.07670,1.42280,0.09230,1.16460,0.07700,1.18360,0.07870,0.14190,0.09790,1.34610,1.42660,0.12940,1.33730,1.34430,0.67080,1.14570,0.12890,1.13870,1.38560,0.11120,0.76850,0.96500,1.31660,0.10520,1.28200,1.08720,0.82510,0.79450,0.11820,0.65020,1.38660,0.12690,0.74400,0.08030,1.14330,0.07640,1.14770,0.08310,0.50320,0.08340,0.10590,0.07560,0.83900,0.07800,0.56410,0.13220,0.07730,0.36710,0.07800,1.43420,0.07780,1.52890,0.08780,0.13150,0.07630,0.39860,0.07850,0.12770,0.35000,0.32270,1.41010,1.33520,1.42260,1.17870,0.11090,0.11830,0.10540,0.10100,0.12770,0.09440,0.09900,0.24810,1.31380,1.20670,1.18380,1.08660,0.09290,0.10760,0.09070,0.08370,0.11860,0.07540,0.08720,0.08300,1.08180,0.08130,0.91790,0.07960,0.08260,0.07740,0.40180,0.07560,0.09770
0:35:24,1.41890,0.08100,0.13890,0.07680,1.42890,0.09290,1.18590,0.07730,1.21410,0.07900,0.14670,0.09600,1.36150,1.42600,0.13150,1.34460,1.36330,0.69590,1.18440,0.13120,1.17280,1.39490,0.11400,0.80090,0.99380,1.33440,0.10620,1.31040,1.12160,0.84450,0.83190,0.11980,0.67330,1.40320,0.12950,0.77790,0.08040,1.17310,0.07660,1.17770,0.08330,0.51470,0.08390,0.10700,0.07570,0.87500,0.07870,0.58810,0.13370,0.07770,0.38120,0.07830,1.43210,0.07810,1.54110,0.08800,0.13220,0.07670,0.09960,0.07920,0.12890,0.34700,0.33730,1.42460,1.36340,1.44010,1.17940,0.11220,0.12020,0.10560,0.10120,0.12900,0.09520,0.09960,0.25640,1.33190,1.23610,1.21570,1.11880,0.09380,0.10900,0.09140,0.08410,0.12000,0.07530,0.08760,0.08330,1.11710,0.08140,0.94130,0.07980,0.08310,0.07780,0.39520,0.07590,0.09850
0:36:59,1.42310,0.08150,0.14180,0.07690,1.42970,0.09330,1.20180,0.07760,1.23330,0.07940,0.15110,0.09680,1.37370,1.42200,0.13340,1.34900,1.38050,0.72550,1.21830,0.13350,1.19690,1.40020,0.11700,0.83220,1.01970,1.34410,0.10720,1.33010,1.15160,0.86360,0.87530,0.12130,0.69590,1.41380,0.13170,0.81250,0.07820,1.19890,0.07680,1.20450,0.08340,0.52750,0.08420,0.10800,0.07570,0.90550,0.07930,0.60910,0.13530,0.07780,0.39840,0.07850,1.42880,0.07820,1.54530,0.08810,0.13280,0.07680,0.10000,0.07950,0.12900,0.34490,0.35160,1.42940,1.38270,1.45270,1.17860,0.11290,0.12120,0.10640,0.10160,0.13220,0.09570,0.10030,0.26460,1.34900,1.26100,1.26150,1.14620,0.09480,0.11020,0.09200,0.08420,0.12050,0.07520,0.08780,0.08330,1.14900,0.08150,0.96300,0.08000,0.08360,0.07800,0.38600,0.07590,0.09880
0:38:34,1.42600,0.08050,0.14430,0.07710,1.42990,0.09360,1.21480,0.07800,1.24840,0.07980,0.15560,0.09770,1.38350,1.41640,0.13530,1.34530,1.39560,0.75390,1.24750,0.13600,1.22520,1.40210,0.12010,0.86310,1.04370,1.35080,0.10820,1.34610,1.17900,0.88120,0.92390,0.12280,0.71630,1.42550,0.13390,0.84620,0.07820,1.22240,0.07690,1.23140,0.08360,0.53980,0.08480,0.10900,0.07590,0.93130,0.08000,0.63360,0.13660,0.07790,0.41320,0.07880,1.42530,0.07840,1.54900,0.08820,0.13230,0.07710,0.10020,0.08170,0.13030,0.34200,0.36590,1.43180,1.39530,1.46100,1.17620,0.11390,0.12140,0.10670,0.10160,0.13570,0.09620,0.10090,0.27290,1.36320,1.28290,1.29470,1.16420,0.09600,0.18260,0.09270,0.08460,0.11360,0.07520,0.08810,0.08350,1.17840,0.08160,0.98250,0.08020,0.08410,0.07840,0.38770,0.07600,0.09980
0:00:00,,,,,,,,,,,,,,,,,,,,,,,,,,,,,,,,,,,,,,,,,,,,,,,,,,,,,,,,,,,,,,,,,,,,,,,,,,,,,,,,,,,,,,,,,,,,,,,,
0:00:00,,,,,,,,,,,,,,,,,,,,,,,,,,,,,,,,,,,,,,,,,,,,,,,,,,,,,,,,,,,,,,,,,,,,,,,,,,,,,,,,,,,,,,,,,,,,,,,,
0:00:00,,,,,,,,,,,,,,,,,,,,,,,,,,,,,,,,,,,,,,,,,,,,,,,,,,,,,,,,,,,,,,,,,,,,,,,,,,,,,,,,,,,,,,,,,,,,,,,,
0:00:00,,,,,,,,,,,,,,,,,,,,,,,,,,,,,,,,,,,,,,,,,,,,,,,,,,,,,,,,,,,,,,,,,,,,,,,,,,,,,,,,,,,,,,,,,,,,,,,,
0:00:00,,,,,,,,,,,,,,,,,,,,,,,,,,,,,,,,,,,,,,,,,,,,,,,,,,,,,,,,,,,,,,,,,,,,,,,,,,,,,,,,,,,,,,,,,,,,,,,,
0:00:00,,,,,,,,,,,,,,,,,,,,,,,,,,,,,,,,,,,,,,,,,,,,,,,,,,,,,,,,,,,,,,,,,,,,,,,,,,,,,,,,,,,,,,,,,,,,,,,,
0:00:00,,,,,,,,,,,,,,,,,,,,,,,,,,,,,,,,,,,,,,,,,,,,,,,,,,,,,,,,,,,,,,,,,,,,,,,,,,,,,,,,,,,,,,,,,,,,,,,,
0:00:00,,,,,,,,,,,,,,,,,,,,,,,,,,,,,,,,,,,,,,,,,,,,,,,,,,,,,,,,,,,,,,,,,,,,,,,,,,,,,,,,,,,,,,,,,,,,,,,,
0:00:00,,,,,,,,,,,,,,,,,,,,,,,,,,,,,,,,,,,,,,,,,,,,,,,,,,,,,,,,,,,,,,,,,,,,,,,,,,,,,,,,,,,,,,,,,,,,,,,,
0:00:00,,,,,,,,,,,,,,,,,,,,,,,,,,,,,,,,,,,,,,,,,,,,,,,,,,,,,,,,,,,,,,,,,,,,,,,,,,,,,,,,,,,,,,,,,,,,,,,,
0:00:00,,,,,,,,,,,,,,,,,,,,,,,,,,,,,,,,,,,,,,,,,,,,,,,,,,,,,,,,,,,,,,,,,,,,,,,,,,,,,,,,,,,,,,,,,,,,,,,,
0:00:00,,,,,,,,,,,,,,,,,,,,,,,,,,,,,,,,,,,,,,,,,,,,,,,,,,,,,,,,,,,,,,,,,,,,,,,,,,,,,,,,,,,,,,,,,,,,,,,,
0:00:00,,,,,,,,,,,,,,,,,,,,,,,,,,,,,,,,,,,,,,,,,,,,,,,,,,,,,,,,,,,,,,,,,,,,,,,,,,,,,,,,,,,,,,,,,,,,,,,,

