550

Time,A1,A2,A3,A4,A5,A6,A7,A8,A9,A10,A11,A12,B1,B2,B3,B4,B5,B6,B7,B8,B9,B10,B11,B12,C1,C2,C3,C4,C5,C6,C7,C8,C9,C10,C11,C12,D1,D2,D3,D4,D5,D6,D7,D8,D9,D10,D11,D12,E1,E2,E3,E4,E5,E6,E7,E8,E9,E10,E11,E12,F1,F2,F3,F4,F5,F6,F7,F8,F9,F10,F11,F12,G1,G2,G3,G4,G5,G6,G7,G8,G9,G10,G11,G12,H1,H2,H3,H4,H5,H6,H7,H8,H9,H10,H11,H12
0:00:55,0.08600,0.08370,0.08630,0.08660,0.08140,0.08690,0.09170,0.07880,0.39680,0.35440,0.07820,0.07610,0.08080,0.09270,0.08130,0.07900,0.09550,0.08930,0.10060,0.07990,0.07640,0.26550,0.08360,0.08600,0.07970,0.08610,0.07880,0.09260,0.08020,0.09740,0.08390,0.08690,0.08060,0.44950,0.07540,0.09870,0.07540,0.07620,0.07580,0.07660,0.15320,0.08240,0.07640,0.08650,0.07490,0.56420,0.07680,0.09060,0.07950,0.07570,0.08400,0.09330,0.17150,0.07790,0.09540,0.07460,0.07520,0.40140,0.07580,0.08400,0.07400,0.07980,0.10350,0.07640,0.19560,0.08180,0.07910,0.09410,0.07400,0.62590,0.07820,0.08680,0.07650,0.07640,0.07470,0.07660,0.10360,0.07790,0.07450,0.08210,0.07270,0.11540,0.08330,0.09300,0.07510,0.35980,0.07910,0.08400,0.07900,0.07590,0.10590,0.10540,0.07770,0.19620,0.07520,0.07740
0:03:25,0.08530,0.08330,0.08550,0.08630,0.08150,0.08640,0.08950,0.07830,0.42170,0.34610,0.07800,0.07570,0.08040,0.09210,0.08100,0.07870,0.09510,0.08850,0.09960,0.07940,0.07600,0.25930,0.07910,0.08560,0.07920,0.08550,0.07830,0.09140,0.08040,0.09640,0.08400,0.08600,0.07990,0.45410,0.07480,0.09810,0.07510,0.07570,0.07560,0.07630,0.15160,0.08210,0.07620,0.08620,0.07470,0.56140,0.07660,0.12060,0.07890,0.07510,0.08310,0.09260,0.17030,0.07740,0.09500,0.07430,0.07500,0.40680,0.07560,0.08370,0.07380,0.07920,0.10290,0.07640,0.19290,0.08100,0.07870,0.09320,0.07370,0.63000,0.07710,0.08690,0.07600,0.07610,0.07440,0.07650,0.10210,0.07660,0.07420,0.08130,0.07250,0.11540,0.08300,0.09230,0.07410,0.37260,0.07840,0.08330,0.07850,0.07620,0.10390,0.10230,0.07750,0.19360,0.07500,0.07710
0:05:55,0.08540,0.08330,0.08500,0.08620,0.08140,0.08610,0.08940,0.07810,0.42930,0.33380,0.07790,0.07560,0.08050,0.09170,0.08100,0.07830,0.09490,0.08830,0.09930,0.07920,0.07590,0.26140,0.07900,0.08540,0.07920,0.08490,0.07800,0.09070,0.07980,0.09560,0.08410,0.08490,0.07990,0.45020,0.07470,0.09760,0.07600,0.07550,0.07170,0.07630,0.14840,0.08160,0.07600,0.08600,0.07460,0.55750,0.07650,0.11960,0.07870,0.07480,0.08270,0.09140,0.16760,0.07710,0.09420,0.07410,0.07510,0.40300,0.07530,0.08360,0.07370,0.07890,0.10150,0.07600,0.19050,0.08070,0.07840,0.09260,0.07370,0.62900,0.07690,0.08700,0.07590,0.07600,0.07440,0.07620,0.10010,0.07620,0.07420,0.08100,0.07240,0.11400,0.08280,0.09190,0.07010,0.38160,0.07380,0.08290,0.07820,0.07560,0.10320,0.10150,0.07730,0.19350,0.07490,0.07650
0:08:25,0.08530,0.08310,0.08470,0.08610,0.08120,0.08590,0.08950,0.07800,0.43410,0.32980,0.07780,0.07540,0.08050,0.09110,0.08100,0.07810,0.09430,0.08820,0.10020,0.07890,0.07580,0.25740,0.07900,0.08530,0.07910,0.08460,0.07780,0.08980,0.07980,0.09470,0.08420,0.08450,0.07970,0.45090,0.07460,0.09680,0.06960,0.07530,0.07170,0.07610,0.14590,0.08130,0.07580,0.08580,0.07450,0.55580,0.07640,0.11860,0.07860,0.07460,0.08210,0.09040,0.16500,0.07700,0.09360,0.07390,0.07510,0.40360,0.07500,0.08340,0.07370,0.07860,0.10040,0.07610,0.18710,0.08070,0.07830,0.09220,0.07350,0.61430,0.07670,0.08680,0.07580,0.07570,0.07430,0.07620,0.10050,0.07600,0.07400,0.08070,0.07230,0.11330,0.08270,0.09090,0.07000,0.39140,0.07350,0.08250,0.07800,0.07540,0.10260,0.10160,0.07720,0.18930,0.07480,0.07620
0:10:55,0.08550,0.08290,0.08450,0.08590,0.08130,0.08570,0.08940,0.07790,0.45480,0.33240,0.07770,0.07530,0.08050,0.09050,0.08070,0.07780,0.09370,0.08810,0.09810,0.07890,0.07550,0.24730,0.07900,0.08540,0.07910,0.08430,0.07820,0.08970,0.07970,0.09440,0.08450,0.08500,0.07950,0.44930,0.07440,0.09640,0.06950,0.07510,0.07150,0.07590,0.14390,0.08100,0.07570,0.08580,0.07430,0.55300,0.07600,0.11840,0.07850,0.07440,0.08160,0.08950,0.16380,0.07660,0.09300,0.07370,0.07520,0.40030,0.07490,0.08150,0.07370,0.07840,0.09950,0.07620,0.18570,0.08060,0.07800,0.09180,0.07350,0.61360,0.07670,0.08680,0.07550,0.07540,0.07410,0.07610,0.09930,0.07570,0.07390,0.08030,0.07220,0.11240,0.08240,0.09140,0.07000,0.40490,0.07330,0.08210,0.07770,0.07530,0.10210,0.09990,0.07710,0.18370,0.07460,0.07590
0:13:25,0.08550,0.08270,0.08430,0.08570,0.08130,0.08540,0.08970,0.07780,0.47120,0.30700,0.07770,0.07510,0.08040,0.09030,0.08040,0.07780,0.09340,0.08800,0.09800,0.07850,0.07540,0.23930,0.07910,0.08520,0.07930,0.08400,0.07720,0.08900,0.07970,0.09380,0.08460,0.08330,0.07930,0.44520,0.07430,0.09630,0.06940,0.07490,0.07130,0.07560,0.14090,0.08090,0.07530,0.08560,0.07430,0.54660,0.07600,0.11710,0.07850,0.07030,0.08130,0.08880,0.16200,0.07660,0.09250,0.07360,0.07510,0.39510,0.07470,0.08120,0.07350,0.07810,0.09840,0.07610,0.18320,0.08030,0.07790,0.09150,0.07340,0.60510,0.07650,0.08650,0.07540,0.07530,0.07410,0.07620,0.09980,0.07560,0.07380,0.08030,0.07220,0.11120,0.08240,0.09060,0.06990,0.41240,0.07330,0.08190,0.07750,0.07520,0.10100,0.09940,0.07690,0.18380,0.07450,0.07560
0:15:55,0.08580,0.08260,0.08410,0.08560,0.08140,0.08550,0.08970,0.07780,0.46970,0.30980,0.07770,0.07500,0.08060,0.09000,0.08030,0.07750,0.09280,0.08800,0.09810,0.07870,0.07530,0.24760,0.07910,0.08530,0.07940,0.08380,0.07710,0.08850,0.07970,0.09330,0.08490,0.08380,0.07930,0.44170,0.07440,0.09600,0.06940,0.07490,0.07120,0.07550,0.13840,0.08070,0.07510,0.08560,0.07410,0.54300,0.07580,0.11620,0.07850,0.07010,0.08120,0.08800,0.16060,0.07870,0.09200,0.07350,0.07500,0.39060,0.07470,0.07270,0.07360,0.07790,0.09740,0.07600,0.18090,0.08060,0.07780,0.09110,0.07360,0.60350,0.07640,0.08650,0.07420,0.07520,0.07400,0.07620,0.09870,0.07550,0.07380,0.07950,0.07220,0.11130,0.08220,0.09050,0.06990,0.42870,0.07310,0.08160,0.07710,0.07520,0.09740,0.09690,0.07700,0.17900,0.07440,0.07520
0:18:25,0.08600,0.08250,0.08410,0.08540,0.08200,0.08520,0.09010,0.07760,0.49500,0.30760,0.07800,0.07500,0.08060,0.09010,0.08010,0.07740,0.09250,0.08790,0.09830,0.07860,0.07530,0.24110,0.07910,0.08540,0.07920,0.08350,0.07710,0.08860,0.07970,0.09230,0.08510,0.08330,0.07920,0.43820,0.07430,0.09510,0.06940,0.07470,0.07110,0.07540,0.13630,0.08070,0.07490,0.08560,0.07410,0.54010,0.07560,0.11550,0.07840,0.07000,0.08090,0.08700,0.15860,0.07770,0.09160,0.07340,0.07500,0.38750,0.07480,0.07560,0.07360,0.07770,0.09680,0.07610,0.17770,0.08040,0.07750,0.09090,0.07350,0.59790,0.07630,0.08650,0.07410,0.07500,0.07400,0.07620,0.09710,0.07540,0.07370,0.08010,0.07220,0.10940,0.08230,0.09010,0.06970,0.43590,0.07300,0.08120,0.07700,0.07520,0.09720,0.09670,0.07690,0.18030,0.07430,0.07500
0:20:55,0.08620,0.08260,0.08400,0.08550,0.08250,0.08510,0.09020,0.07750,0.50210,0.30010,0.07820,0.07500,0.08060,0.08980,0.08000,0.07720,0.09240,0.08780,0.09760,0.07870,0.07530,0.23910,0.07920,0.08570,0.07930,0.08350,0.07700,0.08770,0.07990,0.09210,0.08540,0.08300,0.07920,0.43550,0.07440,0.09520,0.06930,0.07470,0.07100,0.07540,0.13400,0.08060,0.07480,0.08560,0.07410,0.53470,0.07500,0.11450,0.07880,0.06990,0.08060,0.08620,0.15880,0.07740,0.09130,0.07340,0.07510,0.38340,0.07510,0.07540,0.07370,0.07770,0.09590,0.07620,0.17640,0.08030,0.07750,0.09050,0.07380,0.58360,0.07640,0.08620,0.07420,0.07500,0.07400,0.07630,0.09600,0.07530,0.07360,0.07910,0.07230,0.10880,0.08220,0.09020,0.06980,0.44660,0.07330,0.08100,0.07690,0.07520,0.09650,0.09650,0.07670,0.17490,0.07420,0.07480
0:23:25,0.08640,0.08240,0.08380,0.08530,0.08220,0.08480,0.09040,0.07740,0.51050,0.29940,0.07840,0.07500,0.08070,0.08940,0.07990,0.07710,0.09270,0.08780,0.09700,0.07860,0.07520,0.23380,0.07930,0.08590,0.07920,0.08320,0.07700,0.08730,0.07980,0.09150,0.08560,0.08190,0.07930,0.43080,0.07440,0.09460,0.06930,0.07450,0.07100,0.07530,0.13180,0.08050,0.07460,0.08570,0.07410,0.52850,0.07470,0.11310,0.07870,0.06990,0.08040,0.08550,0.15650,0.07740,0.09060,0.07330,0.07520,0.37570,0.07500,0.06950,0.07370,0.07760,0.09490,0.07640,0.17340,0.08020,0.07740,0.09040,0.07370,0.57730,0.07680,0.08620,0.07420,0.07500,0.07390,0.07630,0.09580,0.07520,0.07360,0.07910,0.07220,0.10790,0.08210,0.08940,0.06990,0.45870,0.07350,0.08080,0.07670,0.07520,0.09680,0.09570,0.07680,0.17490,0.07420,0.07450
0:25:55,0.08640,0.08240,0.08380,0.08530,0.08220,0.08490,0.09070,0.07750,0.53320,0.29660,0.07860,0.07510,0.08080,0.08940,0.07980,0.07700,0.09180,0.08790,0.09670,0.07860,0.07520,0.23200,0.07950,0.08600,0.07930,0.08320,0.07680,0.08710,0.07970,0.09120,0.08570,0.08170,0.07930,0.42700,0.07440,0.09490,0.06930,0.07450,0.07090,0.07530,0.13090,0.08050,0.07460,0.08580,0.07410,0.52520,0.07460,0.11160,0.07880,0.06990,0.08000,0.08490,0.15520,0.07640,0.09010,0.07330,0.07510,0.37220,0.07510,0.06940,0.07370,0.07770,0.09420,0.07660,0.17210,0.08020,0.07720,0.08980,0.07380,0.57410,0.07750,0.08600,0.07410,0.07500,0.07390,0.07640,0.09600,0.07510,0.07360,0.07860,0.07230,0.10660,0.08210,0.08970,0.06990,0.46870,0.07320,0.08070,0.07660,0.07520,0.09530,0.09340,0.07680,0.16650,0.07420,0.07440
0:28:25,0.08660,0.08240,0.08370,0.08530,0.08240,0.08480,0.09090,0.07740,0.54640,0.27730,0.07920,0.07530,0.08090,0.08920,0.07980,0.07690,0.09140,0.08790,0.09650,0.07850,0.07510,0.22270,0.07980,0.08650,0.07920,0.08310,0.07670,0.08680,0.07970,0.09060,0.08590,0.08120,0.07920,0.42210,0.07470,0.09400,0.06920,0.07450,0.07090,0.07510,0.12750,0.08040,0.07430,0.08590,0.07410,0.52090,0.07460,0.11040,0.07890,0.06950,0.08000,0.08430,0.15340,0.07660,0.08940,0.07340,0.07520,0.36750,0.07520,0.06950,0.07380,0.07760,0.09340,0.07680,0.16850,0.08040,0.07710,0.08980,0.07390,0.56650,0.07640,0.08590,0.07410,0.07490,0.07380,0.07650,0.09410,0.07510,0.07350,0.07870,0.07230,0.10570,0.08190,0.08890,0.06990,0.07420,0.07570,0.08050,0.07650,0.07510,0.09360,0.09400,0.07690,0.16080,0.07420,0.07420
0:30:55,0.08680,0.08260,0.08370,0.08510,0.08250,0.09150,0.09110,0.07740,0.55150,0.27800,0.07960,0.07550,0.08120,0.08920,0.07970,0.07690,0.09200,0.08790,0.09640,0.07870,0.07520,0.22400,0.08010,0.08640,0.07950,0.08300,0.07660,0.08640,0.07990,0.09020,0.08620,0.08050,0.07920,0.41860,0.07490,0.09360,0.06920,0.07440,0.07080,0.07510,0.12630,0.08060,0.07430,0.08590,0.07480,0.51490,0.07480,0.10990,0.07900,0.06930,0.07990,0.08370,0.15300,0.07650,0.08910,0.07340,0.07530,0.36160,0.07530,0.06950,0.07380,0.07750,0.09270,0.07690,0.16770,0.08030,0.07700,0.08950,0.07400,0.56030,0.07670,0.08570,0.07420,0.07490,0.07380,0.07660,0.09440,0.07490,0.07350,0.07840,0.07240,0.10480,0.08200,0.08930,0.07000,0.07420,0.06930,0.08030,0.07650,0.07520,0.09470,0.09250,0.07700,0.16550,0.07430,0.07410
0:33:25,0.08720,0.08270,0.08380,0.08510,0.08270,0.09600,0.09130,0.07760,0.57380,0.27080,0.08060,0.07620,0.08150,0.08920,0.07970,0.07690,0.09130,0.08790,0.09640,0.07890,0.07540,0.21750,0.08100,0.08760,0.07960,0.08310,0.07660,0.08620,0.07090,0.09000,0.08660,0.08080,0.07950,0.41440,0.07550,0.09380,0.06930,0.07450,0.07080,0.07510,0.12510,0.08070,0.07430,0.08630,0.07490,0.51190,0.07500,0.10910,0.07920,0.06940,0.07980,0.08330,0.15060,0.07650,0.08890,0.07370,0.07560,0.35790,0.07560,0.06960,0.07400,0.07750,0.09190,0.07710,0.16410,0.08030,0.07700,0.08910,0.07420,0.54580,0.07740,0.08560,0.07440,0.07500,0.07380,0.07670,0.09300,0.07490,0.07360,0.07840,0.07270,0.10300,0.08210,0.08920,0.07000,0.07420,0.06930,0.08020,0.07640,0.07520,0.09210,0.09200,0.07700,0.16320,0.07440,0.07420
0:35:55,0.08730,0.08260,0.08370,0.08520,0.08300,0.09880,0.09160,0.07780,0.58270,0.26750,0.08090,0.07660,0.08140,0.08900,0.07960,0.07690,0.09110,0.08790,0.09600,0.07910,0.07550,0.21820,0.08210,0.08830,0.07980,0.08300,0.07660,0.08600,0.07100,0.08950,0.08680,0.08090,0.07950,0.41130,0.07620,0.09340,0.06930,0.07440,0.07070,0.07500,0.12190,0.08060,0.07400,0.08650,0.07500,0.50730,0.07530,0.10820,0.07920,0.06930,0.07970,0.08280,0.14850,0.07500,0.08820,0.07380,0.07570,0.35420,0.07580,0.06970,0.07400,0.07740,0.09150,0.07740,0.16190,0.08010,0.07670,0.08900,0.07430,0.54360,0.07700,0.07620,0.07440,0.07500,0.07370,0.07670,0.09320,0.07490,0.07350,0.07840,0.07280,0.10180,0.08220,0.08870,0.07000,0.07440,0.06920,0.08010,0.07640,0.07520,0.09180,0.08960,0.07700,0.15720,0.07450,0.07390
0:38:25,0.08770,0.08300,0.08390,0.08520,0.08350,0.09880,0.09200,0.07780,0.59850,0.26670,0.08310,0.07830,0.08190,0.08920,0.07970,0.07710,0.09160,0.08820,0.09600,0.07950,0.07620,0.21410,0.08420,0.08080,0.08000,0.08330,0.07650,0.08570,0.07140,0.08930,0.08740,0.08140,0.07970,0.40660,0.07820,0.09400,0.06950,0.07450,0.07060,0.07510,0.12150,0.08090,0.07410,0.08700,0.07530,0.50140,0.07610,0.10800,0.07950,0.06930,0.07960,0.08240,0.14650,0.07130,0.08780,0.07420,0.07600,0.34940,0.07640,0.06980,0.07410,0.07760,0.09070,0.07740,0.15920,0.08060,0.07680,0.08890,0.07480,0.53360,0.07740,0.07660,0.07450,0.07510,0.07380,0.07700,0.09270,0.07500,0.07370,0.07860,0.07320,0.10010,0.08250,0.08920,0.07010,0.07450,0.06940,0.08000,0.07650,0.07530,0.09110,0.09090,0.07730,0.15650,0.07460,0.07400
0:40:55,0.08790,0.08340,0.08410,0.08500,0.08380,0.09890,0.09260,0.07800,0.60540,0.24850,0.08490,0.07980,0.08210,0.08920,0.07980,0.07740,0.09150,0.08830,0.09590,0.08000,0.07720,0.20870,0.08620,0.08220,0.08030,0.08360,0.07650,0.08600,0.07160,0.08910,0.08790,0.08220,0.08020,0.40410,0.08020,0.09440,0.06940,0.07450,0.07060,0.07500,0.11870,0.08120,0.07400,0.08740,0.07580,0.49390,0.07770,0.10860,0.07960,0.06930,0.07950,0.08210,0.14580,0.06990,0.08740,0.07470,0.07640,0.34390,0.07710,0.07000,0.07410,0.07780,0.09010,0.07740,0.15770,0.08060,0.07670,0.08860,0.07520,0.52510,0.07780,0.07660,0.07460,0.07520,0.07390,0.07720,0.09220,0.07500,0.07360,0.07880,0.07360,0.09890,0.08290,0.08900,0.07030,0.07470,0.06940,0.07980,0.07640,0.07530,0.09100,0.08960,0.07750,0.15180,0.07490,0.07400
0:43:25,0.08830,0.08370,0.08450,0.08520,0.08440,0.09890,0.09370,0.07820,0.61170,0.26080,0.08690,0.08140,0.08260,0.08940,0.08000,0.07780,0.09200,0.08850,0.09610,0.08130,0.07870,0.21260,0.08870,0.08370,0.08100,0.08390,0.07660,0.08620,0.07210,0.08920,0.08850,0.08430,0.08130,0.40060,0.08240,0.09610,0.06950,0.07470,0.07070,0.07510,0.11820,0.08180,0.07410,0.08820,0.07690,0.48730,0.07980,0.10960,0.08010,0.06930,0.07980,0.08190,0.14480,0.07010,0.08730,0.07570,0.07710,0.33900,0.07870,0.07020,0.07440,0.07810,0.08930,0.07790,0.15560,0.08100,0.07680,0.08890,0.07600,0.51200,0.07900,0.07690,0.07490,0.07540,0.07420,0.07750,0.09180,0.07510,0.07380,0.07960,0.07440,0.09830,0.08340,0.08920,0.07040,0.07480,0.06970,0.08010,0.07670,0.07550,0.08960,0.09020,0.07790,0.15050,0.07520,0.07450
0:45:55,0.08850,0.08430,0.08470,0.08530,0.08480,0.09860,0.09490,0.07860,0.62080,0.24550,0.08940,0.08280,0.08290,0.08970,0.08030,0.07830,0.09280,0.08880,0.09570,0.08260,0.08020,0.19980,0.09150,0.08560,0.08120,0.08430,0.07670,0.08640,0.07270,0.08930,0.08940,0.08580,0.08270,0.39580,0.08480,0.09650,0.06950,0.07480,0.07090,0.07520,0.11620,0.08250,0.07420,0.08940,0.07830,0.47980,0.08150,0.11010,0.08030,0.06860,0.08040,0.08180,0.14370,0.07020,0.08720,0.07700,0.07800,0.33520,0.08020,0.07030,0.07460,0.07840,0.08900,0.07820,0.15410,0.08120,0.07690,0.08890,0.07700,0.51450,0.08020,0.07700,0.07510,0.07560,0.07440,0.07770,0.09160,0.07520,0.07390,0.07980,0.07510,0.09730,0.08380,0.08940,0.07060,0.07490,0.06990,0.08010,0.07670,0.07560,0.08930,0.08920,0.07820,0.14640,0.07570,0.07500
0:48:25,0.08870,0.08460,0.08490,0.08520,0.08510,0.09870,0.09590,0.07870,0.62700,0.24350,0.09120,0.08400,0.08330,0.08990,0.08040,0.07860,0.09330,0.08890,0.09560,0.08320,0.08090,0.20560,0.09350,0.08710,0.08160,0.08460,0.07660,0.08670,0.07310,0.08910,0.09000,0.08680,0.08300,0.39190,0.08660,0.09600,0.06960,0.07490,0.07080,0.07510,0.11470,0.08300,0.07420,0.09020,0.07920,0.47460,0.08280,0.11050,0.08070,0.06860,0.08070,0.08150,0.14220,0.07030,0.08710,0.07770,0.07850,0.33090,0.08080,0.07050,0.07480,0.07860,0.08860,0.07840,0.15130,0.08150,0.07690,0.08930,0.07770,0.50150,0.08080,0.07710,0.07530,0.07560,0.07450,0.07800,0.09150,0.07520,0.07400,0.08040,0.07560,0.09650,0.08420,0.08920,0.07070,0.07510,0.07000,0.08010,0.07670,0.07560,0.08890,0.08920,0.07860,0.14580,0.07570,0.07570
0:50:55,0.08900,0.08520,0.08540,0.08530,0.08570,0.09820,0.09640,0.07890,0.63630,0.23580,0.09270,0.08540,0.08360,0.09020,0.08080,0.07920,0.09400,0.08900,0.09540,0.08450,0.08200,0.19800,0.09530,0.08820,0.08210,0.08510,0.07670,0.08700,0.07400,0.08910,0.09090,0.08870,0.08420,0.38830,0.08830,0.09310,0.06970,0.07500,0.07070,0.07520,0.11370,0.08380,0.07430,0.09140,0.08040,0.46710,0.08420,0.11110,0.08090,0.06860,0.08120,0.08140,0.14190,0.07070,0.08710,0.07920,0.07960,0.32640,0.08220,0.07060,0.07500,0.07890,0.08810,0.07880,0.15050,0.08190,0.07700,0.08920,0.07870,0.49320,0.08230,0.07720,0.07550,0.07590,0.07470,0.07820,0.09050,0.07520,0.07410,0.08090,0.07640,0.09580,0.08480,0.08940,0.07100,0.07440,0.07020,0.08010,0.07680,0.07560,0.08850,0.08830,0.07890,0.14250,0.07620,0.07610
0:53:25,0.08940,0.08620,0.08590,0.08550,0.08640,0.09770,0.09680,0.07990,0.63970,0.24270,0.09490,0.08750,0.08430,0.09080,0.08130,0.08010,0.09510,0.08930,0.09590,0.08620,0.08390,0.19430,0.09770,0.09030,0.08290,0.08580,0.07690,0.08770,0.07520,0.08950,0.09250,0.09100,0.08600,0.38630,0.09060,0.09390,0.06980,0.07530,0.07090,0.07540,0.11370,0.08510,0.07450,0.09340,0.08240,0.46360,0.08640,0.11240,0.08140,0.06880,0.08190,0.08130,0.14060,0.07110,0.08730,0.08110,0.08120,0.32450,0.08390,0.07110,0.07530,0.07940,0.08800,0.07920,0.14920,0.08250,0.07720,0.08960,0.08020,0.48740,0.08390,0.07760,0.07580,0.07630,0.07490,0.07850,0.09050,0.07550,0.07430,0.08190,0.07770,0.09510,0.08560,0.09000,0.07120,0.07470,0.07060,0.08030,0.07690,0.07580,0.08710,0.08830,0.07980,0.14280,0.07690,0.07680
0:55:55,0.08970,0.08680,0.08600,0.08570,0.08670,0.09850,0.09690,0.08030,0.63940,0.23320,0.09730,0.09000,0.08470,0.09110,0.08180,0.08070,0.09610,0.08970,0.09560,0.08780,0.08580,0.19680,0.10000,0.09270,0.08340,0.08650,0.07680,0.08850,0.07640,0.09000,0.09380,0.09290,0.08740,0.38320,0.09280,0.09550,0.06990,0.07550,0.07080,0.07560,0.11230,0.08620,0.07470,0.09500,0.08420,0.45840,0.08870,0.11360,0.08180,0.06880,0.08220,0.08140,0.13990,0.07150,0.08760,0.08280,0.08250,0.32040,0.08560,0.07130,0.07550,0.08000,0.08830,0.07970,0.14770,0.08290,0.07740,0.09020,0.08150,0.48000,0.08530,0.07780,0.07620,0.07660,0.07500,0.07890,0.09160,0.07560,0.07450,0.08270,0.07870,0.09460,0.08630,0.09020,0.07140,0.07480,0.07090,0.08030,0.07710,0.07600,0.08730,0.08790,0.08010,0.13680,0.07720,0.07720
0:58:25,0.09000,0.08720,0.08640,0.08580,0.08710,0.09940,0.09710,0.08050,0.64030,0.23970,0.09900,0.09200,0.08530,0.09150,0.08220,0.08140,0.09690,0.09010,0.09560,0.08900,0.08720,0.19450,0.10190,0.09440,0.08410,0.08710,0.07690,0.08880,0.07740,0.09030,0.09490,0.09490,0.08850,0.37930,0.09480,0.09610,0.07000,0.07570,0.07100,0.07570,0.11140,0.08720,0.07490,0.09620,0.08570,0.45310,0.09050,0.11470,0.08210,0.06890,0.08260,0.08150,0.13980,0.07200,0.08760,0.08420,0.08340,0.31500,0.08700,0.07140,0.07590,0.08030,0.08750,0.08020,0.14600,0.08330,0.07750,0.09030,0.08250,0.46750,0.08680,0.07790,0.07650,0.07690,0.07520,0.07930,0.09120,0.07580,0.07460,0.08330,0.07940,0.09430,0.08680,0.09020,0.07170,0.07510,0.07140,0.08050,0.07730,0.07630,0.08670,0.08740,0.08070,0.13530,0.07760,0.07750
1:00:55,0.09050,0.08810,0.08690,0.08600,0.08780,0.09860,0.09760,0.08170,0.66700,0.23030,0.10080,0.09390,0.08600,0.09230,0.08300,0.08220,0.09790,0.09070,0.09620,0.09060,0.08900,0.19670,0.10400,0.09640,0.08490,0.08790,0.07700,0.08990,0.07860,0.09120,0.09630,0.09700,0.09020,0.37600,0.09700,0.09730,0.07020,0.07590,0.07110,0.07600,0.11100,0.08830,0.07510,0.09780,0.08740,0.44190,0.09260,0.11610,0.08260,0.06900,0.08310,0.08150,0.13920,0.07270,0.08790,0.08570,0.08470,0.31300,0.08870,0.07190,0.07610,0.08090,0.08750,0.08080,0.14490,0.08380,0.07770,0.09080,0.08380,0.46730,0.08800,0.07830,0.07670,0.07720,0.07550,0.07960,0.09140,0.07590,0.07450,0.08390,0.08050,0.09390,0.08770,0.09100,0.07200,0.07540,0.07170,0.08070,0.07750,0.07640,0.08690,0.08690,0.08130,0.13410,0.07810,0.07820
1:03:25,0.09060,0.08920,0.08740,0.08630,0.08830,0.09900,0.09800,0.08260,0.67180,0.22870,0.10290,0.09630,0.08660,0.09290,0.08380,0.08310,0.09940,0.09140,0.09660,0.09270,0.09120,0.19600,0.10640,0.09860,0.08560,0.08870,0.07710,0.09070,0.08010,0.09190,0.09780,0.09970,0.09180,0.37480,0.09920,0.09960,0.07030,0.07620,0.07120,0.07620,0.11060,0.08960,0.07550,0.09970,0.08940,0.43900,0.09470,0.11730,0.08290,0.06900,0.08370,0.08160,0.13810,0.07340,0.08850,0.08740,0.08620,0.31010,0.09050,0.07230,0.07640,0.08140,0.08720,0.08140,0.14390,0.08410,0.07800,0.09160,0.08510,0.46280,0.08960,0.07850,0.07700,0.07730,0.07560,0.08000,0.09140,0.07610,0.07470,0.08480,0.08150,0.09330,0.08850,0.09140,0.07220,0.07570,0.07200,0.08090,0.07770,0.07680,0.08570,0.08760,0.08200,0.13090,0.07880,0.07880
1:05:55,0.09100,0.09010,0.08780,0.08650,0.08890,0.09850,0.09860,0.08300,0.66940,0.22630,0.10500,0.09840,0.08740,0.09360,0.08450,0.08420,0.10090,0.09170,0.09700,0.09490,0.09350,0.19410,0.10860,0.10090,0.08640,0.08960,0.07710,0.09150,0.08160,0.09230,0.09950,0.10160,0.09360,0.37040,0.10150,0.10050,0.07040,0.07650,0.07120,0.07650,0.11010,0.09090,0.07580,0.10160,0.09160,0.43370,0.09700,0.11910,0.08350,0.06910,0.08430,0.08180,0.13760,0.07430,0.08900,0.08930,0.08790,0.30630,0.09250,0.07270,0.07670,0.08210,0.08710,0.08210,0.14310,0.08460,0.07820,0.09220,0.08660,0.44580,0.09130,0.07880,0.07750,0.07780,0.07580,0.08040,0.09220,0.07630,0.07490,0.08580,0.08280,0.09270,0.08930,0.12780,0.07250,0.07610,0.07250,0.08110,0.07790,0.07680,0.08580,0.08710,0.08260,0.12920,0.07940,0.07940
1:08:25,0.09140,0.09080,0.08820,0.08660,0.08940,0.09900,0.09910,0.08360,0.66420,0.22810,0.10710,0.10050,0.08780,0.09400,0.08490,0.08500,0.10210,0.09230,0.09730,0.09680,0.09540,0.19560,0.11070,0.10280,0.08690,0.09010,0.07720,0.09220,0.08290,0.09290,0.10100,0.10390,0.09510,0.36990,0.10340,0.10220,0.07050,0.07670,0.07130,0.07680,0.11010,0.09220,0.07630,0.10320,0.09350,0.43060,0.09890,0.12020,0.08370,0.06920,0.08490,0.08190,0.13760,0.07490,0.08940,0.09090,0.08950,0.30420,0.09420,0.07290,0.07700,0.08250,0.08700,0.08270,0.14130,0.08490,0.07840,0.09270,0.08800,0.43880,0.09290,0.07920,0.07760,0.07810,0.07610,0.08080,0.09220,0.07650,0.07510,0.08660,0.08400,0.09240,0.09000,0.14010,0.07280,0.07640,0.07290,0.08140,0.07820,0.07720,0.08580,0.08700,0.08350,0.12710,0.07990,0.07990
1:10:55,0.09190,0.09170,0.08890,0.08690,0.09000,0.09880,0.09950,0.08460,0.65970,0.22090,0.10880,0.10290,0.08860,0.09480,0.08560,0.08600,0.10360,0.09300,0.09800,0.09890,0.09740,0.19190,0.11270,0.10470,0.08740,0.09070,0.07720,0.09320,0.08430,0.09370,0.10270,0.10610,0.09710,0.36230,0.10550,0.10350,0.07070,0.07710,0.07150,0.07710,0.10900,0.09350,0.07680,0.10500,0.09540,0.42210,0.10090,0.12160,0.08420,0.06940,0.08560,0.08220,0.13690,0.07580,0.09000,0.09260,0.09110,0.30120,0.09610,0.07350,0.07750,0.08310,0.08710,0.08350,0.14000,0.08560,0.07880,0.09340,0.08940,0.43550,0.09370,0.07970,0.07800,0.07850,0.07630,0.08120,0.09280,0.07660,0.07550,0.08750,0.08510,0.09210,0.09080,0.14320,0.07310,0.07660,0.07350,0.08170,0.07850,0.07730,0.08610,0.08730,0.08400,0.12550,0.08040,0.08050
1:13:25,0.09210,0.09270,0.08940,0.08710,0.09050,0.09990,0.10000,0.08540,0.65220,0.21920,0.11060,0.10500,0.08930,0.09550,0.08640,0.08700,0.10510,0.09350,0.09800,0.10080,0.09930,0.18940,0.11480,0.10670,0.08770,0.09150,0.07730,0.09440,0.08580,0.09470,0.10440,0.10840,0.09880,0.36460,0.10740,0.10500,0.07090,0.07750,0.07160,0.07770,0.10930,0.09510,0.07730,0.10660,0.09730,0.41930,0.10290,0.12240,0.08460,0.06950,0.08630,0.08250,0.13640,0.07650,0.09060,0.09440,0.09290,0.29940,0.09790,0.07380,0.07780,0.08380,0.08730,0.08410,0.13950,0.08620,0.07920,0.09400,0.09090,0.43120,0.09530,0.08010,0.07840,0.07880,0.07670,0.08180,0.09320,0.07690,0.07590,0.08840,0.08630,0.09190,0.09160,0.14010,0.07350,0.07700,0.07400,0.08200,0.07880,0.07750,0.08550,0.08700,0.08490,0.12350,0.08090,0.08130
1:15:55,0.09260,0.09380,0.08990,0.08750,0.09140,0.09970,0.10080,0.08630,0.64670,0.09110,0.11240,0.10720,0.08990,0.09630,0.08700,0.08820,0.10660,0.09410,0.09860,0.10290,0.10120,0.19110,0.11680,0.10850,0.08810,0.09220,0.07730,0.09550,0.08740,0.09560,0.10630,0.11020,0.10060,0.36030,0.10940,0.10720,0.07110,0.07790,0.07170,0.07830,0.10890,0.09630,0.07810,0.10850,0.09920,0.41260,0.10480,0.12360,0.08490,0.06960,0.08710,0.08280,0.13680,0.07750,0.09100,0.09610,0.09470,0.29590,0.09970,0.07440,0.07820,0.08440,0.08740,0.08490,0.13880,0.08680,0.07950,0.09500,0.09240,0.42420,0.09710,0.08070,0.07860,0.07910,0.07680,0.08220,0.09350,0.07710,0.07630,0.08960,0.08780,0.09190,0.09260,0.13950,0.07390,0.07750,0.07450,0.08220,0.07900,0.07770,0.08530,0.08720,0.08580,0.12430,0.08160,0.08210
1:18:25,0.09280,0.09500,0.09060,0.08750,0.09210,0.10040,0.10100,0.08750,0.63810,0.09270,0.11420,0.10940,0.09080,0.09720,0.08790,0.08940,0.10830,0.09480,0.09890,0.10480,0.10310,0.19040,0.11870,0.11030,0.08860,0.09300,0.07760,0.09680,0.08890,0.09700,0.10820,0.11270,0.10220,0.35940,0.11120,0.10870,0.07140,0.07850,0.07190,0.07870,0.10870,0.09820,0.07860,0.11030,0.10110,0.40880,0.10660,0.12460,0.08530,0.06980,0.08790,0.08320,0.13630,0.07840,0.09170,0.09800,0.09640,0.29450,0.10150,0.07460,0.07860,0.08520,0.08750,0.08570,0.13810,0.08730,0.07990,0.09550,0.09390,0.41330,0.09880,0.08080,0.07910,0.07960,0.07720,0.08270,0.09420,0.07730,0.07660,0.09050,0.08900,0.09160,0.09350,0.13710,0.07420,0.07790,0.07500,0.08250,0.07930,0.07780,0.08530,0.08740,0.08670,0.12010,0.08210,0.08280
1:20:55,0.09310,0.09600,0.09080,0.08750,0.09240,0.09850,0.10160,0.08780,0.62400,0.09390,0.11550,0.11100,0.09140,0.09770,0.08830,0.09030,0.10950,0.09500,0.09910,0.10640,0.10460,0.18660,0.12030,0.11180,0.08900,0.09360,0.07750,0.09780,0.09030,0.09780,0.10970,0.11420,0.10360,0.35580,0.11290,0.10970,0.07170,0.07870,0.07210,0.07900,0.10860,0.09950,0.07900,0.11180,0.10260,0.40080,0.10830,0.12530,0.08560,0.06980,0.08860,0.08330,0.13640,0.07920,0.09210,0.09950,0.09790,0.29010,0.10310,0.07480,0.07880,0.08580,0.08750,0.08630,0.13670,0.08770,0.08020,0.09610,0.09530,0.40790,0.10040,0.08110,0.07940,0.07980,0.07740,0.08310,0.09480,0.07740,0.07700,0.09160,0.09100,0.09120,0.09430,0.13640,0.07440,0.07810,0.07560,0.08290,0.07940,0.07800,0.08510,0.08750,0.08750,0.12140,0.08270,0.08350
1:23:25,0.09340,0.09660,0.09140,0.08780,0.09290,0.09900,0.10200,0.08860,0.60630,0.09520,0.11700,0.11250,0.09190,0.09840,0.08890,0.09120,0.11090,0.09560,0.09950,0.10800,0.10610,0.18880,0.12180,0.11340,0.08950,0.09420,0.07760,0.09880,0.09180,0.09890,0.11130,0.11620,0.10510,0.35270,0.11450,0.11110,0.07200,0.07900,0.07220,0.07950,0.10840,0.10080,0.07940,0.11340,0.10410,0.39700,0.10990,0.12620,0.08600,0.07000,0.08920,0.08370,0.13610,0.08010,0.09260,0.10100,0.09940,0.28910,0.10450,0.07490,0.07920,0.08650,0.08770,0.08700,0.13610,0.08820,0.08060,0.09670,0.09670,0.40610,0.10190,0.08130,0.07970,0.08020,0.07760,0.08350,0.09520,0.07760,0.07720,0.09250,0.09210,0.09120,0.09510,0.13530,0.07470,0.07830,0.07600,0.08310,0.07970,0.07820,0.08470,0.08740,0.08840,0.11670,0.08310,0.08420
1:25:55,0.09380,0.09740,0.09200,0.08790,0.09360,0.10090,0.10270,0.08960,0.59780,0.09650,0.11880,0.11400,0.09260,0.09900,0.08950,0.09230,0.11230,0.09620,0.09980,0.10960,0.10770,0.18490,0.12330,0.11470,0.08980,0.09480,0.07760,0.09990,0.09300,0.10010,0.11270,0.11760,0.10650,0.34870,0.11590,0.11240,0.07230,0.07930,0.07230,0.08000,0.10850,0.10210,0.07990,0.11500,0.10570,0.39180,0.11130,0.12720,0.08610,0.07000,0.08990,0.08380,0.13560,0.08080,0.09310,0.10250,0.10080,0.28970,0.10580,0.07520,0.07940,0.08740,0.08790,0.08760,0.13570,0.08860,0.08090,0.09710,0.09790,0.39040,0.10320,0.08170,0.07980,0.08050,0.07780,0.08390,0.09540,0.07780,0.07750,0.09340,0.09250,0.09080,0.09580,0.13170,0.07490,0.07840,0.07650,0.08340,0.07980,0.07820,0.08440,0.08760,0.08930,0.11730,0.08350,0.08500
1:28:25,0.09410,0.09810,0.09260,0.08780,0.09420,0.10180,0.10300,0.09090,0.58480,0.09780,0.11990,0.11550,0.09340,0.09980,0.09030,0.09330,0.11360,0.09710,0.10050,0.11150,0.10930,0.18550,0.12490,0.11630,0.09030,0.09550,0.07770,0.10120,0.09440,0.10130,0.11410,0.11940,0.10790,0.34700,0.11750,0.11350,0.07240,0.07960,0.07250,0.08040,0.10830,0.10330,0.08040,0.11640,0.10720,0.38890,0.11280,0.12750,0.08660,0.07020,0.09070,0.08400,0.13510,0.08180,0.09360,0.10390,0.10210,0.28630,0.10730,0.07560,0.07960,0.08800,0.08810,0.08820,0.13510,0.08910,0.08140,0.09750,0.09920,0.38760,0.10470,0.08200,0.08010,0.08080,0.07810,0.08440,0.09650,0.07800,0.07790,0.09430,0.09370,0.09080,0.09690,0.13350,0.07530,0.07880,0.07690,0.08360,0.08020,0.07840,0.08450,0.08740,0.09020,0.11390,0.08400,0.08580
1:30:55,0.09420,0.09900,0.09280,0.08800,0.09470,0.10140,0.10340,0.09190,0.56760,0.09910,0.12090,0.11720,0.09400,0.10040,0.09080,0.09410,0.11470,0.09760,0.10070,0.11260,0.11070,0.18540,0.12640,0.11770,0.09070,0.09610,0.07780,0.10200,0.09550,0.10240,0.11560,0.12090,0.10890,0.34430,0.11910,0.11470,0.07310,0.07980,0.07260,0.08070,0.10810,0.10440,0.08050,0.11770,0.10850,0.38390,0.11420,0.12840,0.08660,0.07030,0.09130,0.08430,0.13510,0.08260,0.09400,0.10530,0.10350,0.28030,0.10860,0.07560,0.08000,0.08850,0.08820,0.08870,0.13350,0.08960,0.08160,0.09810,0.10030,0.37340,0.10600,0.08220,0.08030,0.08110,0.07830,0.08470,0.09690,0.07810,0.07810,0.09530,0.09480,0.09020,0.09770,0.13050,0.07550,0.07910,0.07740,0.08390,0.08020,0.07840,0.08450,0.08780,0.09090,0.11190,0.08440,0.08650
1:33:25,0.09470,0.10010,0.09330,0.08820,0.09550,0.10140,0.10380,0.09310,0.54440,0.10020,0.12250,0.11870,0.09460,0.10110,0.09140,0.09510,0.11590,0.09850,0.10150,0.11420,0.11200,0.18550,0.12780,0.11890,0.09090,0.09670,0.07790,0.10290,0.09670,0.10360,0.11690,0.12230,0.11020,0.34090,0.12040,0.11550,0.07310,0.08010,0.07280,0.08110,0.10840,0.10550,0.08100,0.11900,0.10990,0.37840,0.11550,0.12890,0.08700,0.07040,0.09200,0.08450,0.13480,0.08350,0.09440,0.10640,0.10470,0.27810,0.11000,0.07600,0.08020,0.08900,0.08830,0.08930,0.13330,0.08990,0.08200,0.09860,0.10150,0.37520,0.10730,0.08250,0.08050,0.08140,0.07850,0.08510,0.09740,0.07820,0.07840,0.09610,0.09660,0.09020,0.09840,0.12750,0.07580,0.07900,0.07790,0.08410,0.08040,0.07870,0.08440,0.08760,0.09190,0.11250,0.08490,0.08730
1:35:55,0.09490,0.10090,0.09400,0.08870,0.09650,0.10250,0.10400,0.09460,0.53800,0.10170,0.12370,0.12040,0.09540,0.10210,0.09230,0.09610,0.11710,0.09960,0.10230,0.11570,0.11350,0.18290,0.12920,0.12030,0.09150,0.09760,0.07820,0.10410,0.09800,0.10490,0.11830,0.12400,0.11160,0.33880,0.12210,0.11700,0.07360,0.08060,0.07320,0.08150,0.10840,0.10690,0.08170,0.12060,0.11140,0.37430,0.11700,0.12980,0.08750,0.07060,0.09260,0.08480,0.13520,0.08450,0.09530,0.10790,0.10620,0.27800,0.11140,0.07640,0.08070,0.08960,0.08860,0.09010,0.13290,0.09070,0.08240,0.09930,0.10280,0.36980,0.10880,0.08290,0.08090,0.08190,0.07890,0.08560,0.09800,0.07850,0.07890,0.09720,0.09750,0.09040,0.09930,0.12930,0.07620,0.07930,0.07850,0.08440,0.08080,0.07900,0.08460,0.08800,0.09290,0.11080,0.08550,0.08820
1:38:25,0.09550,0.10180,0.09490,0.08900,0.09770,0.10400,0.10480,0.09630,0.51350,0.10300,0.12510,0.12170,0.09650,0.10310,0.09330,0.09710,0.11850,0.10090,0.10360,0.11710,0.11520,0.18260,0.13070,0.12180,0.09210,0.09830,0.07830,0.10530,0.09920,0.10620,0.11970,0.12530,0.11290,0.33600,0.12340,0.11830,0.07370,0.08110,0.07330,0.08220,0.10850,0.10810,0.11340,0.12200,0.11280,0.37090,0.11840,0.13050,0.08770,0.07070,0.09310,0.08520,0.13500,0.08560,0.09610,0.10920,0.10750,0.27630,0.11270,0.07690,0.08090,0.09050,0.08910,0.09100,0.13280,0.09150,0.08290,0.10000,0.10400,0.36730,0.11030,0.08330,0.08110,0.08230,0.07920,0.08610,0.09840,0.07870,0.07930,0.09820,0.09800,0.09030,0.10040,0.12680,0.07650,0.07940,0.07900,0.08460,0.08100,0.07900,0.08470,0.08830,0.09370,0.11160,0.08620,0.08910
1:40:55,0.09560,0.10260,0.09570,0.08920,0.09870,0.10410,0.10540,0.09790,0.50820,0.10420,0.12650,0.12310,0.09730,0.10400,0.09430,0.09810,0.11970,0.10230,0.10480,0.11870,0.11650,0.18330,0.13230,0.12310,0.09250,0.09920,0.07840,0.10650,0.10050,0.10770,0.12120,0.12720,0.11410,0.33270,0.12490,0.11960,0.07430,0.08140,0.07350,0.08280,0.10930,0.10950,0.11420,0.12340,0.11430,0.36580,0.11980,0.13150,0.08810,0.07090,0.09390,0.08550,0.13550,0.08670,0.09690,0.11050,0.10880,0.27510,0.11400,0.07710,0.08130,0.09110,0.08940,0.09180,0.13220,0.09210,0.08330,0.10100,0.10520,0.36220,0.11140,0.08360,0.08140,0.08260,0.07940,0.08640,0.09910,0.07890,0.07980,0.09940,0.09910,0.09040,0.10120,0.12580,0.07680,0.07970,0.07960,0.08500,0.08130,0.07920,0.08490,0.08860,0.09470,0.11120,0.08680,0.08990
1:43:25,0.09580,0.10330,0.09610,0.08910,0.09940,0.10310,0.10550,0.09900,0.49190,0.10540,0.12750,0.12450,0.09790,0.10480,0.09520,0.09910,0.12090,0.10320,0.10560,0.11990,0.11780,0.18070,0.13350,0.12440,0.09310,0.09980,0.07860,0.10740,0.10160,0.10900,0.12250,0.12820,0.11530,0.32900,0.12640,0.12080,0.07470,0.08180,0.07380,0.08310,0.10960,0.11050,0.11380,0.12460,0.11550,0.36050,0.12110,0.13230,0.08840,0.07100,0.09440,0.08580,0.13570,0.08770,0.09780,0.11180,0.11010,0.26850,0.11540,0.07740,0.08160,0.09180,0.08970,0.09250,0.13150,0.09260,0.08370,0.10170,0.10620,0.35430,0.11270,0.08370,0.08160,0.08300,0.07990,0.08690,0.09980,0.07920,0.08020,0.10040,0.10020,0.09050,0.10200,0.12460,0.07710,0.08010,0.08040,0.08540,0.08150,0.07940,0.08460,0.08880,0.09550,0.10940,0.08750,0.09070
1:45:55,0.09630,0.10400,0.09690,0.08920,0.10040,0.10520,0.10590,0.10050,0.46590,0.10670,0.12880,0.12590,0.09860,0.10580,0.09600,0.10010,0.12220,0.10450,0.10680,0.12130,0.11900,0.18090,0.13480,0.12570,0.09350,0.10080,0.07870,0.10860,0.10280,0.11020,0.12380,0.12950,0.11670,0.32590,0.12750,0.12150,0.07490,0.08220,0.07430,0.08370,0.11020,0.11180,0.11350,0.12580,0.11680,0.35730,0.12240,0.13300,0.08870,0.07120,0.09540,0.08610,0.13610,0.08870,0.09850,0.11310,0.11130,0.26530,0.11670,0.07770,0.08190,0.09260,0.09020,0.09320,0.13210,0.09360,0.08410,0.10240,0.10740,0.34170,0.11390,0.08390,0.08190,0.08330,0.08010,0.08740,0.10050,0.07930,0.08060,0.10140,0.10130,0.09060,0.10310,0.12070,0.07750,0.08050,0.08100,0.08560,0.08170,0.07960,0.08500,0.08910,0.09650,0.10690,0.08810,0.09150
1:48:25,0.09680,0.10510,0.09780,0.08980,0.10170,0.10670,0.10700,0.10180,0.45990,0.10810,0.13010,0.12740,0.09930,0.10690,0.09710,0.10120,0.12360,0.10570,0.10810,0.12290,0.12060,0.18470,0.13620,0.12710,0.09420,0.10160,0.07920,0.10990,0.10400,0.11180,0.12540,0.13120,0.11800,0.32610,0.12910,0.12320,0.07530,0.08270,0.07470,0.08450,0.11090,0.11290,0.11340,0.12720,0.11830,0.35610,0.12380,0.13370,0.08930,0.07150,0.09650,0.08650,0.13600,0.08980,0.09950,0.11450,0.11260,0.26220,0.11800,0.07810,0.08240,0.09340,0.09060,0.09420,0.13140,0.09430,0.08470,0.10340,0.10860,0.34310,0.11510,0.08440,0.08220,0.08380,0.08050,0.08790,0.10130,0.07970,0.08130,0.10260,0.10250,0.09080,0.10390,0.11980,0.07800,0.08100,0.08170,0.08590,0.08210,0.07980,0.08510,0.08970,0.09730,0.10730,0.08890,0.09260
1:50:55,0.09700,0.10640,0.09860,0.09010,0.10260,0.10800,0.10780,0.10310,0.44390,0.10920,0.13120,0.12870,0.09990,0.10790,0.09810,0.10220,0.12470,0.10710,0.10950,0.12440,0.12180,0.18390,0.13770,0.12840,0.09460,0.10240,0.07910,0.11110,0.10520,0.11300,0.12630,0.13270,0.11920,0.32220,0.13050,0.12440,0.07570,0.08310,0.07490,0.08520,0.11110,0.11380,0.11330,0.12840,0.11940,0.35200,0.12500,0.13460,0.08960,0.07160,0.09750,0.08700,0.13620,0.09070,0.10040,0.11570,0.11380,0.26130,0.11950,0.07850,0.08270,0.09400,0.09120,0.09510,0.13110,0.09510,0.08530,0.10420,0.10980,0.33010,0.11650,0.08480,0.08240,0.08420,0.08090,0.08850,0.10180,0.07980,0.08180,0.10380,0.10350,0.09120,0.10500,0.12110,0.07830,0.08140,0.08240,0.08640,0.08260,0.07990,0.08540,0.09030,0.09830,0.10480,0.08960,0.09340
1:53:25,0.09720,0.10650,0.09900,0.09000,0.10340,0.10760,0.10810,0.10420,0.43120,0.11030,0.13230,0.12960,0.10030,0.10860,0.09880,0.10300,0.12580,0.10820,0.11030,0.12540,0.12290,0.18310,0.13870,0.12930,0.09520,0.10310,0.07930,0.11200,0.10610,0.11400,0.12750,0.13390,0.12000,0.32120,0.13170,0.12500,0.07580,0.08350,0.07510,0.08560,0.11180,0.11490,0.11290,0.12950,0.12050,0.34850,0.12620,0.13510,0.09000,0.07180,0.09830,0.08720,0.13630,0.09170,0.10120,0.11680,0.11490,0.25920,0.12030,0.07870,0.08300,0.09470,0.09150,0.09580,0.13090,0.09610,0.08570,0.10490,0.11090,0.32580,0.11760,0.08480,0.08270,0.08450,0.08100,0.08890,0.10270,0.08000,0.08240,0.10480,0.10450,0.09120,0.10580,0.12050,0.07880,0.08190,0.08300,0.08680,0.08280,0.08010,0.18530,0.09070,0.09920,0.10320,0.09020,0.09420
1:55:55,0.09760,0.10740,0.09980,0.09040,0.10430,0.10780,0.10870,0.10530,0.41750,0.11140,0.13350,0.13090,0.10080,0.10950,0.09960,0.10390,0.12700,0.10910,0.11140,0.12660,0.12440,0.17930,0.13990,0.13050,0.09560,0.10390,0.07950,0.11300,0.10730,0.11520,0.12860,0.13510,0.12120,0.31650,0.13270,0.12610,0.07610,0.08390,0.07540,0.08630,0.11210,0.11600,0.11260,0.13090,0.12160,0.34550,0.12730,0.13590,0.09030,0.07200,0.09920,0.08760,0.13680,0.09270,0.10190,0.11800,0.11600,0.25720,0.12150,0.07900,0.08330,0.09550,0.09200,0.09660,0.13080,0.09680,0.08630,0.10560,0.11190,0.31900,0.11890,0.08510,0.08300,0.08500,0.08130,0.08930,0.10320,0.08030,0.08300,0.10590,0.10530,0.09170,0.10660,0.11770,0.07920,0.08240,0.08370,0.08700,0.08310,0.08030,0.18070,0.09100,0.10000,0.10310,0.09160,0.09500
1:58:25,0.09810,0.10830,0.10060,0.09070,0.10530,0.11000,0.10980,0.10650,0.40460,0.11250,0.13460,0.13220,0.10120,0.11060,0.10070,0.10490,0.12810,0.11040,0.11270,0.12790,0.12550,0.18310,0.14130,0.13180,0.09620,0.10450,0.07980,0.11410,0.10840,0.11660,0.12970,0.13630,0.12230,0.31620,0.13420,0.12760,0.07650,0.08450,0.07590,0.08700,0.11270,0.11710,0.11260,0.13190,0.12290,0.34120,0.12860,0.13670,0.09080,0.07220,0.10020,0.08810,0.13680,0.09380,0.10290,0.11910,0.11720,0.25390,0.12280,0.07970,0.08370,0.09640,0.09270,0.09750,0.13080,0.09780,0.08700,0.10660,0.11310,0.31990,0.12020,0.08580,0.08330,0.08540,0.08190,0.08990,0.10410,0.08050,0.08370,0.10690,0.10660,0.09220,0.10750,0.11680,0.07950,0.08290,0.08450,0.08750,0.08360,0.08060,0.17630,0.09180,0.10100,0.10230,0.09110,0.09610
2:00:55,0.09850,0.10900,0.10160,0.09140,0.10640,0.11030,0.11070,0.10790,0.38570,0.11370,0.13580,0.13360,0.10180,0.11150,0.10160,0.10600,0.12920,0.11170,0.11420,0.12910,0.12650,0.17720,0.14260,0.13300,0.09670,0.10530,0.08000,0.11500,0.10970,0.11780,0.13130,0.13780,0.12360,0.31260,0.13520,0.12870,0.07690,0.08510,0.07630,0.08790,0.11330,0.11810,0.11320,0.13340,0.12400,0.33610,0.12990,0.13760,0.09120,0.07260,0.10120,0.08860,0.13710,0.09480,0.10380,0.12020,0.11840,0.25180,0.12400,0.08050,0.08410,0.09720,0.09330,0.09840,0.13110,0.09910,0.08790,0.10760,0.11420,0.31670,0.12150,0.08650,0.08360,0.08580,0.08220,0.09040,0.10470,0.08070,0.08450,0.10800,0.10750,0.09290,0.10850,0.11650,0.07990,0.08340,0.08520,0.08790,0.08390,0.08060,0.17470,0.09220,0.10190,0.10200,0.09180,0.09680
2:03:25,0.09900,0.10980,0.10250,0.09210,0.10750,0.11200,0.11140,0.10740,0.36880,0.11480,0.13680,0.13510,0.10230,0.11270,0.10260,0.10690,0.13060,0.11300,0.11560,0.13040,0.12800,0.18120,0.14380,0.13440,0.09750,0.10610,0.08010,0.11620,0.11070,0.11910,0.13200,0.13920,0.12460,0.31120,0.13670,0.13010,0.07720,0.08590,0.07670,0.08870,0.11440,0.11920,0.11340,0.13460,0.12530,0.33540,0.13110,0.13810,0.09170,0.07280,0.10220,0.08920,0.13740,0.09590,0.10490,0.12140,0.11970,0.25000,0.12530,0.08130,0.08450,0.09790,0.09410,0.09930,0.13100,0.09970,0.08880,0.10860,0.11530,0.31120,0.12280,0.08730,0.08410,0.08640,0.08260,0.09110,0.10550,0.08110,0.08530,0.10910,0.10850,0.09350,0.10950,0.11560,0.08050,0.08400,0.08590,0.08840,0.08440,0.08090,0.17220,0.09290,0.10280,0.10180,0.09270,0.09790
2:05:55,0.09930,0.11060,0.10330,0.09270,0.10850,0.11080,0.11270,0.10860,0.36380,0.11600,0.13820,0.13630,0.10290,0.11340,0.10360,0.10770,0.13170,0.11420,0.11700,0.13170,0.12940,0.18170,0.14510,0.13540,0.09800,0.10700,0.08040,0.11720,0.11180,0.12020,0.13330,0.14060,0.12600,0.30660,0.13800,0.13120,0.07750,0.08650,0.07710,0.08960,0.11480,0.12020,0.11380,0.13570,0.12640,0.33250,0.13240,0.13920,0.09220,0.07300,0.10320,0.08960,0.13790,0.09690,0.10600,0.12260,0.12080,0.24790,0.12660,0.08190,0.08490,0.09870,0.09480,0.10010,0.13100,0.10120,0.08970,0.10960,0.11650,0.30450,0.12400,0.08790,0.08440,0.08690,0.08300,0.09180,0.10620,0.08130,0.08620,0.11030,0.10960,0.09430,0.11050,0.11560,0.08100,0.08460,0.08660,0.08890,0.08500,0.08120,0.16560,0.09370,0.10380,0.10210,0.09350,0.09870
2:08:25,0.09950,0.11140,0.10430,0.09360,0.10970,0.11300,0.11400,0.11020,0.35870,0.11720,0.13920,0.13770,0.10330,0.11450,0.10460,0.10880,0.13300,0.11510,0.11840,0.13300,0.13060,0.18190,0.14630,0.13670,0.09860,0.10780,0.08050,0.11820,0.11280,0.12140,0.13460,0.14180,0.12680,0.30630,0.13930,0.13230,0.07790,0.08720,0.07740,0.09050,0.11560,0.12110,0.11390,0.13680,0.12760,0.32870,0.13350,0.14010,0.09270,0.07310,0.10430,0.09020,0.13820,0.09790,0.10700,0.12360,0.12190,0.24570,0.12760,0.08260,0.08530,0.09950,0.09560,0.10100,0.13120,0.10170,0.09060,0.11060,0.11750,0.30190,0.12520,0.08860,0.08480,0.08740,0.08340,0.09240,0.10700,0.08150,0.08690,0.11140,0.11050,0.09490,0.11120,0.11500,0.08150,0.08510,0.08730,0.08940,0.08540,0.08130,0.16670,0.09430,0.10450,0.10170,0.09440,0.09970
2:10:55,0.10000,0.11220,0.10530,0.09450,0.11060,0.11530,0.11580,0.11170,0.34390,0.11860,0.14080,0.13870,0.10380,0.11530,0.10570,0.10970,0.13420,0.11630,0.11980,0.13410,0.13190,0.18000,0.14770,0.13780,0.09920,0.10860,0.08080,0.11930,0.11400,0.12280,0.13590,0.14310,0.12820,0.30320,0.14030,0.13350,0.07810,0.08800,0.07780,0.09130,0.11630,0.12240,0.11450,0.13770,0.12870,0.32470,0.13460,0.14100,0.09320,0.07340,0.10530,0.09070,0.13840,0.09900,0.10820,0.12480,0.12310,0.24350,0.12880,0.08330,0.08580,0.10030,0.09640,0.10190,0.13180,0.10330,0.09160,0.11160,0.11860,0.29990,0.12630,0.08920,0.08510,0.08800,0.08380,0.09310,0.10780,0.08180,0.08770,0.11240,0.11160,0.09560,0.11230,0.11520,0.08190,0.08570,0.08810,0.08990,0.08590,0.08160,0.16650,0.09500,0.10540,0.10230,0.09510,0.10060
2:13:25,0.10040,0.11290,0.10620,0.09510,0.11160,0.11610,0.11720,0.11290,0.33100,0.11960,0.14140,0.14010,0.10420,0.11650,0.10670,0.11060,0.13530,0.11750,0.12120,0.13530,0.13310,0.18000,0.14880,0.13890,0.09970,0.10920,0.08080,0.12010,0.11500,0.12390,0.13660,0.14420,0.12930,0.30180,0.14140,0.13450,0.07840,0.08870,0.07820,0.09210,0.11710,0.12330,0.11480,0.13900,0.12970,0.32270,0.13560,0.14170,0.09380,0.07360,0.10620,0.09130,0.13890,0.09990,0.10920,0.12580,0.12420,0.24060,0.12990,0.08400,0.08610,0.10100,0.09700,0.10280,0.13180,0.10380,0.09250,0.11240,0.11960,0.29110,0.12720,0.09000,0.08550,0.08850,0.08420,0.09380,0.10860,0.08210,0.08860,0.11350,0.11250,0.09640,0.11320,0.11370,0.08250,0.08620,0.08880,0.09050,0.08650,0.08180,0.16090,0.09580,0.10620,0.10210,0.09600,0.10150
2:15:55,0.10050,0.11330,0.10670,0.09560,0.11240,0.11530,0.11810,0.11390,0.32280,0.12050,0.14210,0.14090,0.10440,0.11720,0.10760,0.11140,0.13630,0.11870,0.12240,0.13630,0.13410,0.17750,0.14990,0.13970,0.10010,0.10990,0.08080,0.12110,0.11590,0.12490,0.13760,0.14520,0.13020,0.29860,0.14230,0.13520,0.07870,0.08940,0.07840,0.09290,0.11770,0.12420,0.11510,0.13990,0.13070,0.31920,0.13670,0.14220,0.09410,0.07370,0.10710,0.09170,0.13910,0.10080,0.11010,0.12670,0.12520,0.11950,0.13090,0.08430,0.08650,0.10160,0.09770,0.10350,0.13200,0.10520,0.09340,0.11330,0.12040,0.28120,0.12800,0.09020,0.08580,0.08910,0.08460,0.09430,0.10930,0.08230,0.08980,0.11450,0.11350,0.09700,0.11400,0.11390,0.08300,0.08680,0.08940,0.09100,0.08690,0.08190,0.15740,0.09640,0.10720,0.10160,0.09670,0.10230
2:18:25,0.10100,0.11410,0.10760,0.09600,0.11340,0.11670,0.11900,0.11490,0.30870,0.12180,0.14300,0.14230,0.10490,0.11810,0.10830,0.11220,0.13720,0.11960,0.12360,0.13730,0.13520,0.17960,0.15080,0.14070,0.10080,0.11060,0.08110,0.12200,0.11680,0.12590,0.13870,0.14600,0.13110,0.29800,0.14330,0.13610,0.07910,0.09000,0.07880,0.09360,0.11830,0.12540,0.11520,0.14090,0.13180,0.31620,0.13770,0.14290,0.09460,0.07390,0.10800,0.09220,0.13970,0.10190,0.11100,0.12760,0.12620,0.12060,0.13200,0.08490,0.08690,0.10230,0.09850,0.10450,0.13190,0.10600,0.09420,0.11390,0.12140,0.28190,0.12870,0.09070,0.08620,0.08960,0.08500,0.09500,0.11010,0.08270,0.09060,0.11550,0.11430,0.09760,0.11470,0.11470,0.08340,0.08730,0.09010,0.09140,0.08740,0.08210,0.15620,0.09710,0.10790,0.10100,0.09740,0.10300
2:20:55,0.10160,0.11470,0.10830,0.09680,0.11430,0.11760,0.12000,0.11580,0.29470,0.12290,0.14410,0.14330,0.10530,0.11900,0.10930,0.11310,0.13820,0.12070,0.12490,0.13830,0.13650,0.17840,0.15190,0.14180,0.10120,0.11140,0.08120,0.12290,0.11780,0.12700,0.14000,0.14750,0.13180,0.29330,0.14470,0.13700,0.07950,0.09070,0.07920,0.09450,0.11900,0.12590,0.11570,0.14180,0.13280,0.31150,0.13890,0.14370,0.09510,0.07420,0.10900,0.09270,0.14000,0.10270,0.11210,0.12860,0.12720,0.12150,0.13300,0.08560,0.08730,0.10320,0.09920,0.10530,0.13210,0.10730,0.09510,0.11520,0.12250,0.28010,0.12970,0.09140,0.08650,0.09010,0.08540,0.09570,0.11090,0.08300,0.09150,0.11650,0.11530,0.09840,0.11550,0.11280,0.08400,0.08790,0.09080,0.09200,0.08790,0.08230,0.15890,0.09800,0.10870,0.10160,0.09810,0.10380
2:23:25,0.10200,0.11570,0.10920,0.09750,0.11510,0.11860,0.12100,0.11700,0.28980,0.12390,0.14510,0.14440,0.10570,0.11990,0.11020,0.11390,0.13910,0.12150,0.12600,0.13950,0.13730,0.17910,0.15290,0.14290,0.10160,0.11210,0.08140,0.12380,0.11880,0.12800,0.14040,0.14860,0.13290,0.29300,0.14570,0.13780,0.07970,0.09140,0.07960,0.09530,0.11970,0.12690,0.11600,0.14220,0.13380,0.31020,0.13980,0.14450,0.09550,0.07440,0.10990,0.09320,0.14050,0.10370,0.11310,0.12950,0.12810,0.12270,0.13410,0.08620,0.08770,0.10390,0.10000,0.10610,0.13220,0.10790,0.09600,0.11620,0.12340,0.27770,0.13050,0.09240,0.08700,0.09070,0.08590,0.09630,0.11150,0.08330,0.09240,0.11750,0.11610,0.09920,0.11650,0.11280,0.08450,0.08840,0.09150,0.09250,0.08850,0.08270,0.15370,0.09860,0.10970,0.10160,0.09880,0.10470
2:25:55,0.10250,0.11630,0.11010,0.09790,0.11600,0.12020,0.12210,0.11780,0.28020,0.12470,0.14580,0.14520,0.10610,0.12070,0.11110,0.11480,0.13990,0.12240,0.12720,0.14060,0.13830,0.17690,0.15400,0.14370,0.10200,0.11290,0.08150,0.12460,0.11970,0.12900,0.14140,0.14920,0.13380,0.28950,0.14640,0.13850,0.08020,0.09210,0.07990,0.09610,0.12040,0.12770,0.11670,0.14140,0.13470,0.30490,0.14060,0.14490,0.09590,0.07460,0.11090,0.09370,0.14070,0.10460,0.11410,0.13040,0.12910,0.12350,0.13500,0.08680,0.08800,0.10470,0.10070,0.10700,0.13230,0.10910,0.09690,0.11660,0.12420,0.27550,0.13160,0.09280,0.08720,0.09130,0.08630,0.09690,0.11220,0.08370,0.09330,0.11840,0.11690,0.09980,0.11690,0.11300,0.08490,0.08900,0.09210,0.09310,0.08890,0.08280,0.15190,0.09930,0.11020,0.10150,0.09940,0.10540
2:28:25,0.10290,0.11650,0.11060,0.09830,0.11660,0.11920,0.12240,0.11860,0.27350,0.12560,0.14670,0.14610,0.10640,0.12140,0.11170,0.11540,0.14080,0.12330,0.12810,0.14130,0.13930,0.17640,0.15460,0.14460,0.10240,0.11340,0.08150,0.12530,0.12040,0.12990,0.14210,0.15020,0.13460,0.28830,0.14730,0.13950,0.08030,0.09260,0.08020,0.09680,0.12100,0.12850,0.11690,0.13960,0.13540,0.30310,0.14130,0.14560,0.09630,0.07470,0.11170,0.09400,0.14130,0.10530,0.11480,0.13130,0.13000,0.12430,0.13570,0.08700,0.08830,0.10510,0.10140,0.10780,0.13280,0.10960,0.09750,0.11760,0.12500,0.26980,0.13240,0.09300,0.08760,0.09170,0.08650,0.09740,0.11300,0.08380,0.09400,0.11930,0.11770,0.10050,0.11750,0.11150,0.08530,0.08940,0.09270,0.09350,0.08930,0.08280,0.14760,0.09990,0.11080,0.10130,0.10000,0.10620
2:30:55,0.10300,0.11720,0.11140,0.09890,0.11750,0.12130,0.12340,0.11940,0.26700,0.12660,0.14780,0.14710,0.10670,0.12220,0.11250,0.11620,0.14130,0.12380,0.12910,0.14210,0.14020,0.17720,0.15560,0.14530,0.10300,0.11380,0.08170,0.12600,0.12140,0.13090,0.14320,0.15080,0.13540,0.28540,0.14820,0.14030,0.08060,0.09320,0.08050,0.09740,0.12160,0.12930,0.11750,0.14060,0.13630,0.29960,0.14230,0.14620,0.09660,0.07470,0.11240,0.09440,0.14160,0.10620,0.11580,0.13210,0.13090,0.12520,0.13670,0.08750,0.08860,0.10580,0.10190,0.10860,0.13310,0.11070,0.09840,0.11810,0.12590,0.26410,0.13330,0.09350,0.08780,0.09220,0.08690,0.09800,0.11360,0.08410,0.09480,0.12020,0.11850,0.10110,0.11820,0.11210,0.08570,0.08980,0.09330,0.09390,0.08970,0.08300,0.14890,0.10060,0.11150,0.10130,0.10070,0.10700

