420

Time,A1,A2,A3,A4,A5,A6,A7,A8,A9,A10,A11,A12,B1,B2,B3,B4,B5,B6,B7,B8,B9,B10,B11,B12,C1,C2,C3,C4,C5,C6,C7,C8,C9,C10,C11,C12,D1,D2,D3,D4,D5,D6,D7,D8,D9,D10,D11,D12,E1,E2,E3,E4,E5,E6,E7,E8,E9,E10,E11,E12,F1,F2,F3,F4,F5,F6,F7,F8,F9,F10,F11,F12,G1,G2,G3,G4,G5,G6,G7,G8,G9,G10,G11,G12,H1,H2,H3,H4,H5,H6,H7,H8,H9,H10,H11,H12
0:00:09,0.34330,0.08300,0.08350,0.08240,0.11030,0.08290,0.21980,0.08280,0.21780,0.08410,0.10280,0.08320,0.27300,0.08820,0.08430,0.08660,0.11280,0.15780,0.17780,0.08480,0.18950,0.08460,0.09740,0.08390,0.17640,0.08690,0.08270,0.08480,0.09950,0.13620,0.13410,0.08500,0.14830,0.08430,0.09020,0.08450,0.08350,0.08470,0.08590,0.08430,0.08280,0.11550,0.08270,0.08340,0.08420,0.08360,0.08470,0.08400,0.08360,0.08260,0.08780,0.08340,0.09460,0.08260,0.11860,0.08350,0.10280,0.08400,0.08630,0.08340,0.08340,0.08640,0.08610,0.08390,0.09140,0.10070,0.11220,0.08360,0.09890,0.09250,0.08520,0.08450,0.08360,0.08540,0.08440,0.08390,0.08640,0.09630,0.09760,0.08370,0.09220,0.09160,0.08430,0.08430,0.08260,0.08360,0.08300,0.08320,0.08280,0.09000,0.08320,0.08310,0.08340,0.08790,0.08330,0.08370
0:01:49,0.45370,0.08270,0.08340,0.08230,0.12480,0.08270,0.27870,0.08270,0.28490,0.08400,0.11680,0.08310,0.34770,0.09000,0.08410,0.08670,0.12540,0.18730,0.21880,0.08430,0.25010,0.08450,0.10510,0.08400,0.21200,0.08770,0.08260,0.08520,0.10550,0.15740,0.15600,0.08460,0.17610,0.08410,0.09430,0.08420,0.08330,0.08570,0.08560,0.08450,0.08280,0.12750,0.08260,0.08320,0.08400,0.08420,0.08450,0.08370,0.08370,0.08260,0.08880,0.08330,0.09840,0.08230,0.13610,0.08330,0.11300,0.08370,0.08650,0.08320,0.08350,0.08710,0.08670,0.08400,0.09400,0.10790,0.12500,0.08340,0.10790,0.09960,0.08680,0.08460,0.08350,0.08570,0.08470,0.08390,0.08760,0.10010,0.10390,0.08350,0.09590,0.09560,0.08450,0.08450,0.08250,0.08370,0.08280,0.08310,0.08280,0.09220,0.08300,0.08290,0.08320,0.08990,0.08330,0.08370
0:03:29,0.56070,0.08270,0.08340,0.08220,0.14080,0.08270,0.34070,0.08260,0.35490,0.08380,0.13190,0.08300,0.41870,0.09180,0.08430,0.08750,0.13710,0.22310,0.26470,0.08430,0.30470,0.08470,0.11320,0.08400,0.24990,0.08890,0.08260,0.08580,0.11200,0.18020,0.17860,0.08450,0.20410,0.08400,0.09900,0.08440,0.08320,0.08650,0.08520,0.08460,0.08270,0.13950,0.08250,0.08320,0.08380,0.08410,0.08450,0.08370,0.08380,0.08250,0.09010,0.08320,0.10270,0.08230,0.15350,0.08320,0.12470,0.08350,0.08740,0.08310,0.08370,0.08770,0.08750,0.08410,0.09680,0.11580,0.13840,0.08340,0.11670,0.10690,0.08740,0.08510,0.08340,0.08610,0.08490,0.08390,0.08890,0.10500,0.11080,0.08320,0.10010,0.09940,0.08460,0.08490,0.08240,0.08380,0.08280,0.08290,0.08270,0.09460,0.08290,0.08270,0.08310,0.09240,0.08330,0.08370
0:05:09,0.65910,0.08260,0.08360,0.08210,0.15780,0.08260,0.39780,0.08260,0.42300,0.08370,0.14760,0.08280,0.48830,0.09380,0.08430,0.08830,0.14920,0.25840,0.30750,0.08450,0.35990,0.08480,0.12250,0.08410,0.28960,0.09020,0.08270,0.08630,0.11790,0.20470,0.20080,0.08440,0.23460,0.08410,0.10380,0.08450,0.08300,0.08740,0.08510,0.08470,0.08250,0.15220,0.08230,0.08320,0.08370,0.08410,0.08440,0.08380,0.08400,0.08250,0.09130,0.08310,0.10690,0.08220,0.17160,0.08310,0.13720,0.08340,0.08850,0.08300,0.08370,0.08830,0.08830,0.08420,0.09980,0.12350,0.15200,0.08330,0.12610,0.11510,0.08820,0.08600,0.08340,0.08670,0.08530,0.08370,0.09030,0.11030,0.11800,0.08310,0.10450,0.10430,0.08490,0.08510,0.08240,0.08400,0.08260,0.08290,0.08260,0.09680,0.08280,0.08260,0.08290,0.09480,0.08330,0.08380
0:06:49,0.74830,0.08270,0.08390,0.08220,0.17630,0.08270,0.45510,0.08260,0.48920,0.08370,0.16370,0.08290,0.55660,0.09560,0.08450,0.08930,0.16140,0.29290,0.35050,0.08460,0.41920,0.08510,0.12950,0.08430,0.32940,0.09140,0.08280,0.08690,0.12380,0.23110,0.22080,0.08460,0.26490,0.08440,0.10920,0.08460,0.08310,0.08820,0.08520,0.08510,0.08260,0.16540,0.08240,0.08330,0.08360,0.08420,0.08450,0.08400,0.08430,0.08260,0.09270,0.08310,0.11120,0.08230,0.18970,0.08310,0.14980,0.08340,0.08950,0.08300,0.08380,0.08920,0.08930,0.08440,0.10280,0.13150,0.16570,0.08360,0.13630,0.12390,0.08920,0.08700,0.08360,0.08740,0.08580,0.08370,0.09170,0.11580,0.12480,0.08320,0.10930,0.10920,0.08530,0.08580,0.08240,0.08430,0.08280,0.08310,0.08260,0.09960,0.08280,0.08270,0.08290,0.09710,0.08330,0.08420
0:08:29,0.82620,0.08250,0.08380,0.08210,0.19510,0.08250,0.51020,0.08240,0.55320,0.08360,0.17900,0.08280,0.62130,0.09710,0.08430,0.09010,0.17460,0.32170,0.38890,0.08430,0.47780,0.08520,0.13790,0.08440,0.36630,0.09260,0.08270,0.08740,0.12950,0.25750,0.24170,0.08470,0.29400,0.08440,0.11440,0.08470,0.08300,0.08870,0.08510,0.08520,0.08240,0.17910,0.08220,0.08310,0.08350,0.08410,0.08430,0.08390,0.08450,0.08240,0.09390,0.08290,0.11510,0.08210,0.20760,0.08290,0.16120,0.08320,0.09060,0.08290,0.08390,0.08980,0.09010,0.08430,0.10540,0.13900,0.17870,0.08350,0.14520,0.13260,0.08970,0.08770,0.08350,0.08790,0.08610,0.08360,0.09310,0.12160,0.13130,0.08300,0.11400,0.11440,0.08540,0.08610,0.08220,0.08450,0.08260,0.08300,0.08250,0.10210,0.08260,0.08250,0.08280,0.09910,0.08310,0.08420
0:10:09,0.89250,0.08260,0.08400,0.08210,0.21460,0.08260,0.56390,0.08250,0.61610,0.08360,0.19410,0.08290,0.68220,0.09910,0.08430,0.09110,0.18930,0.35240,0.42830,0.08460,0.53930,0.08540,0.14860,0.08480,0.40360,0.09380,0.08270,0.08820,0.13580,0.28390,0.26180,0.08480,0.32400,0.08470,0.11990,0.08500,0.08300,0.08940,0.08530,0.08550,0.08250,0.19340,0.08220,0.08310,0.08350,0.08430,0.08440,0.08410,0.08480,0.08250,0.09540,0.08300,0.11940,0.08210,0.22890,0.08300,0.17330,0.08330,0.09180,0.08290,0.08400,0.09060,0.09100,0.08440,0.10840,0.14640,0.19150,0.08370,0.15390,0.14140,0.09050,0.08840,0.08360,0.08890,0.08650,0.08370,0.09470,0.12740,0.13810,0.08320,0.11920,0.11970,0.08580,0.08660,0.08220,0.08480,0.08260,0.08300,0.08250,0.10490,0.08260,0.08260,0.08280,0.10170,0.08310,0.08460
0:11:49,0.95070,0.08250,0.08400,0.08200,0.23490,0.08250,0.61590,0.08230,0.67620,0.08350,0.20950,0.08280,0.73970,0.10070,0.08430,0.09190,0.20150,0.38450,0.46590,0.08460,0.59330,0.08570,0.15970,0.08490,0.44020,0.09480,0.08270,0.08920,0.14210,0.31020,0.28330,0.08470,0.35470,0.08480,0.12550,0.08510,0.08290,0.09000,0.08500,0.08570,0.08240,0.20830,0.08210,0.08300,0.08340,0.08430,0.08430,0.08410,0.08490,0.08230,0.09670,0.08290,0.12380,0.08210,0.24980,0.08290,0.18480,0.08320,0.09310,0.08280,0.08420,0.09140,0.09180,0.08450,0.11140,0.15410,0.20380,0.08380,0.16300,0.15000,0.09120,0.08920,0.08360,0.08950,0.08690,0.08370,0.09630,0.13280,0.14500,0.08320,0.12430,0.12480,0.08610,0.08710,0.08210,0.08510,0.08250,0.08290,0.08240,0.10780,0.08260,0.08250,0.08260,0.10420,0.08300,0.08470
0:13:29,1.00070,0.08240,0.08400,0.08200,0.25530,0.08250,0.66720,0.08220,0.73430,0.08340,0.22630,0.08270,0.79460,0.10260,0.08440,0.09240,0.21290,0.41560,0.50830,0.08460,0.63830,0.08600,0.17030,0.08510,0.47610,0.09600,0.08270,0.08950,0.14850,0.33750,0.30500,0.08470,0.38500,0.08480,0.13130,0.08530,0.08280,0.09070,0.08500,0.08590,0.08230,0.22390,0.08200,0.08290,0.08330,0.08430,0.08420,0.08410,0.08520,0.08240,0.09820,0.08280,0.12830,0.08560,0.27050,0.08280,0.19650,0.08320,0.09420,0.08270,0.08430,0.09240,0.09280,0.08460,0.11470,0.16200,0.21720,0.08390,0.17220,0.15850,0.09190,0.09010,0.08350,0.09020,0.08720,0.08370,0.09800,0.13830,0.15250,0.08320,0.12930,0.13010,0.08640,0.08760,0.08200,0.08540,0.08240,0.08290,0.08240,0.11070,0.08250,0.08250,0.08250,0.10650,0.08290,0.08490
0:15:09,1.04350,0.08250,0.08420,0.08200,0.27500,0.08250,0.71950,0.08230,0.78980,0.08340,0.24510,0.08280,0.84620,0.10430,0.08450,0.09350,0.22490,0.45090,0.55110,0.08480,0.68780,0.08640,0.18130,0.08530,0.51150,0.09730,0.08280,0.08980,0.15540,0.36470,0.32830,0.08470,0.41600,0.08510,0.13720,0.08550,0.08290,0.09150,0.08490,0.08620,0.08230,0.24000,0.08210,0.08290,0.08340,0.08440,0.08420,0.08430,0.08580,0.08240,0.09970,0.08290,0.13320,0.08560,0.29200,0.08280,0.20890,0.08320,0.09550,0.08280,0.08450,0.09340,0.09390,0.08470,0.11820,0.17050,0.23150,0.08410,0.18060,0.16710,0.09280,0.09100,0.08360,0.09090,0.08770,0.08390,0.09990,0.14440,0.16100,0.08340,0.13450,0.13610,0.08680,0.08820,0.08200,0.08570,0.08240,0.08300,0.08240,0.11360,0.08250,0.08260,0.08250,0.10920,0.08290,0.08520
0:16:49,1.07740,0.08240,0.08430,0.08190,0.29430,0.08250,0.77070,0.08220,0.84150,0.08330,0.26320,0.08270,0.89360,0.10600,0.08450,0.09440,0.23850,0.48630,0.59310,0.08480,0.73450,0.08660,0.19240,0.08560,0.54710,0.09860,0.08270,0.09010,0.16230,0.39070,0.35110,0.08460,0.44940,0.08520,0.14320,0.08560,0.08270,0.09200,0.08490,0.08640,0.08220,0.25620,0.08200,0.08290,0.08330,0.08440,0.08420,0.08440,0.08590,0.08230,0.10120,0.08280,0.13800,0.08550,0.31320,0.08270,0.22200,0.08310,0.09670,0.08270,0.08470,0.09420,0.09480,0.08480,0.12160,0.17940,0.24610,0.08420,0.18930,0.17560,0.09370,0.09170,0.08360,0.09150,0.08820,0.08390,0.10150,0.15000,0.16980,0.08340,0.13990,0.14160,0.08720,0.08860,0.08190,0.08590,0.08230,0.08280,0.08230,0.11650,0.08240,0.08250,0.08240,0.11150,0.08290,0.08530
0:18:29,1.10580,0.08260,0.08440,0.08200,0.31370,0.08240,0.81780,0.08230,0.88950,0.08340,0.28080,0.08270,0.93830,0.10800,0.08460,0.09530,0.25300,0.52630,0.63490,0.08500,0.77680,0.08710,0.20370,0.08580,0.58180,0.10000,0.08280,0.09080,0.16980,0.41680,0.37590,0.08490,0.48330,0.08550,0.14940,0.08590,0.08270,0.09260,0.08490,0.08670,0.08230,0.27240,0.08200,0.08300,0.08330,0.08450,0.08430,0.08450,0.08640,0.08240,0.10290,0.08290,0.14350,0.08560,0.33370,0.08270,0.23550,0.08320,0.09810,0.08280,0.08500,0.09550,0.09590,0.08500,0.12540,0.18840,0.26170,0.08430,0.19830,0.18440,0.09470,0.09250,0.08370,0.09220,0.08870,0.08410,0.10330,0.15630,0.17870,0.08350,0.14570,0.14720,0.08770,0.08930,0.08190,0.08630,0.08240,0.08290,0.08230,0.11970,0.08240,0.08260,0.08240,0.11410,0.08290,0.08560
0:20:09,1.12820,0.08250,0.08450,0.08180,0.33230,0.08240,0.86000,0.08220,0.93340,0.08320,0.29830,0.08250,0.97820,0.11030,0.08470,0.09610,0.26810,0.56380,0.67370,0.08510,0.81560,0.08730,0.21440,0.08600,0.61470,0.10140,0.08270,0.09140,0.17710,0.44360,0.40160,0.08500,0.51580,0.08570,0.15570,0.08610,0.08260,0.09330,0.08470,0.08700,0.08220,0.28830,0.08180,0.08290,0.08320,0.08460,0.08410,0.08460,0.08660,0.08240,0.10450,0.08280,0.14880,0.08540,0.35310,0.08270,0.24820,0.08310,0.09940,0.08270,0.08510,0.09660,0.09700,0.08510,0.12900,0.19720,0.27760,0.08430,0.20750,0.19330,0.09550,0.09300,0.08360,0.09270,0.08920,0.08410,0.10490,0.16290,0.18750,0.08340,0.15170,0.15320,0.08810,0.08970,0.08170,0.08650,0.08230,0.08280,0.08230,0.12260,0.08230,0.08240,0.08230,0.11660,0.08270,0.08570
0:21:49,1.14510,0.08250,0.08470,0.08190,0.35040,0.08240,0.90110,0.08210,0.97280,0.08330,0.31640,0.08260,1.01500,0.11280,0.08470,0.09720,0.28130,0.59840,0.71230,0.08530,0.84960,0.08780,0.22520,0.08630,0.64720,0.10330,0.08280,0.09200,0.18460,0.47060,0.42610,0.08510,0.54680,0.08600,0.16220,0.08630,0.08270,0.09410,0.08480,0.08740,0.08220,0.30420,0.08190,0.08300,0.08330,0.08480,0.08420,0.08480,0.08700,0.08230,0.10620,0.08290,0.15440,0.08550,0.37370,0.08280,0.26180,0.08320,0.10080,0.08280,0.08530,0.09770,0.09810,0.08530,0.13280,0.20620,0.29260,0.08460,0.21720,0.20230,0.09650,0.09380,0.08380,0.09350,0.08990,0.08430,0.10670,0.16910,0.19630,0.08350,0.15770,0.15970,0.08880,0.09030,0.08180,0.08680,0.08230,0.08280,0.08230,0.12580,0.08230,0.08250,0.08230,0.11950,0.08270,0.08590
0:23:29,1.15930,0.08250,0.08480,0.08180,0.36820,0.08240,0.93980,0.08200,1.00790,0.08330,0.33540,0.08250,1.04780,0.11530,0.08490,0.09810,0.29510,0.63160,0.74910,0.08520,0.88480,0.08810,0.23650,0.08670,0.67860,0.10510,0.08290,0.09260,0.19220,0.49740,0.45170,0.08520,0.57550,0.08630,0.16890,0.08660,0.08270,0.09490,0.08470,0.08780,0.08220,0.31940,0.08190,0.08310,0.08320,0.08490,0.08430,0.08490,0.08720,0.08230,0.10790,0.08280,0.16010,0.08550,0.39430,0.08280,0.27670,0.08320,0.10180,0.08280,0.08550,0.09880,0.09930,0.08530,0.13640,0.21530,0.30660,0.08460,0.22680,0.21120,0.09740,0.09440,0.08390,0.09410,0.09040,0.08430,0.10830,0.17570,0.20510,0.08350,0.16360,0.16610,0.08930,0.09080,0.08170,0.08700,0.08230,0.08280,0.08240,0.12880,0.08230,0.08240,0.08230,0.12220,0.08270,0.08610
0:25:09,1.17040,0.08230,0.08480,0.08170,0.38590,0.08230,0.97400,0.08190,1.03740,0.08320,0.35390,0.08240,1.07640,0.11730,0.08510,0.09900,0.30890,0.66340,0.78320,0.08520,0.91820,0.08840,0.24820,0.08680,0.70870,0.10640,0.08280,0.09320,0.19980,0.52350,0.47460,0.08520,0.60410,0.08660,0.17550,0.08670,0.08260,0.09560,0.08460,0.08800,0.08210,0.33450,0.08190,0.08310,0.08320,0.08500,0.08430,0.08490,0.08740,0.08230,0.10960,0.08280,0.16540,0.08540,0.41440,0.08280,0.29100,0.08310,0.10290,0.08280,0.08560,0.09990,0.10020,0.08540,0.13990,0.22420,0.32090,0.08470,0.23570,0.21990,0.09830,0.09510,0.08380,0.09460,0.09100,0.08430,0.10990,0.18230,0.21390,0.08350,0.16900,0.17210,0.08980,0.09120,0.08150,0.08720,0.08230,0.08280,0.08220,0.13170,0.08210,0.08240,0.08210,0.12500,0.08250,0.08630
0:26:49,1.18020,0.08230,0.08500,0.08180,0.40340,0.08230,1.00450,0.08190,1.06440,0.08330,0.37150,0.08240,1.10050,0.11960,0.08520,0.10000,0.32220,0.69510,0.81500,0.08550,0.95070,0.08890,0.26000,0.08720,0.73800,0.10780,0.08300,0.09390,0.20770,0.54950,0.49960,0.08540,0.63030,0.08700,0.18200,0.08700,0.08260,0.09640,0.08470,0.08840,0.08220,0.34930,0.08200,0.08320,0.08330,0.08510,0.08430,0.08530,0.08770,0.08230,0.11130,0.08290,0.17080,0.08530,0.43370,0.08290,0.30440,0.08320,0.10430,0.08280,0.08580,0.10110,0.10140,0.08560,0.14360,0.23330,0.33540,0.08490,0.24540,0.22870,0.09930,0.09580,0.08390,0.09520,0.09170,0.08440,0.11160,0.18890,0.22280,0.08360,0.17400,0.17780,0.09020,0.09170,0.08150,0.08750,0.08230,0.08270,0.08220,0.13490,0.08220,0.08230,0.08220,0.12800,0.08250,0.08670
0:28:29,1.18700,0.08220,0.08510,0.08180,0.42050,0.08230,1.03160,0.08190,1.08830,0.08320,0.38870,0.08240,1.12090,0.12210,0.08540,0.10110,0.33610,0.72490,0.84640,0.08580,0.98070,0.08930,0.27120,0.08750,0.76590,0.10950,0.08300,0.09450,0.21540,0.57400,0.52160,0.08550,0.65480,0.08730,0.18840,0.08730,0.08260,0.09710,0.08480,0.08870,0.08220,0.36380,0.08200,0.08330,0.08330,0.08520,0.08440,0.08540,0.08790,0.08240,0.11300,0.08290,0.17600,0.08540,0.45300,0.08280,0.31990,0.08330,0.10550,0.08290,0.08610,0.10220,0.10250,0.08570,0.14710,0.24250,0.34970,0.08510,0.25550,0.23740,0.10030,0.09650,0.08400,0.09580,0.09230,0.08450,0.11320,0.19550,0.23160,0.08370,0.17880,0.18370,0.09070,0.09220,0.08150,0.08770,0.08230,0.08280,0.08230,0.13820,0.08220,0.08230,0.08210,0.13080,0.08250,0.08690
0:30:09,1.19310,0.08220,0.08540,0.08180,0.43800,0.08240,1.05680,0.08180,1.10700,0.08320,0.40520,0.08240,1.13850,0.12440,0.08550,0.10190,0.35010,0.75250,0.87690,0.08590,1.00710,0.08980,0.28240,0.08790,0.79320,0.11110,0.08310,0.09520,0.22300,0.59750,0.54460,0.08570,0.67850,0.08760,0.19470,0.08760,0.08260,0.09760,0.08480,0.08900,0.08230,0.37810,0.08210,0.08340,0.08340,0.08540,0.08460,0.08570,0.08820,0.08240,0.11470,0.08300,0.18120,0.08540,0.47180,0.08290,0.33720,0.08330,0.10670,0.08300,0.08640,0.10330,0.10370,0.08590,0.15060,0.25150,0.36350,0.08530,0.26530,0.24610,0.10120,0.09740,0.08410,0.09640,0.09300,0.08460,0.11490,0.20200,0.24020,0.08390,0.18340,0.18950,0.09120,0.09270,0.08150,0.08800,0.08230,0.08280,0.08230,0.14150,0.08230,0.08240,0.08210,0.13370,0.08250,0.08720
0:31:49,1.19710,0.08210,0.08550,0.08170,0.45510,0.08230,1.07800,0.08180,1.12160,0.08310,0.42140,0.08230,1.15220,0.12660,0.08550,0.10280,0.36380,0.77890,0.90470,0.08600,1.02930,0.09030,0.29330,0.08820,0.81930,0.11270,0.08310,0.09590,0.23050,0.62070,0.56860,0.08570,0.70190,0.08790,0.20080,0.08790,0.08260,0.09820,0.08480,0.08930,0.08230,0.39230,0.08210,0.08360,0.08350,0.08560,0.08470,0.08600,0.08830,0.08240,0.11620,0.08300,0.18620,0.08540,0.49060,0.08290,0.35350,0.08330,0.10760,0.08290,0.08660,0.10430,0.10470,0.08600,0.15400,0.26050,0.37750,0.08540,0.27440,0.25470,0.10210,0.09810,0.08410,0.09710,0.09350,0.08470,0.11640,0.20860,0.24840,0.08390,0.18800,0.19500,0.09160,0.09310,0.08140,0.08820,0.08220,0.08280,0.08220,0.14490,0.08220,0.08240,0.08200,0.13650,0.08250,0.08730
0:33:29,1.19910,0.08220,0.08570,0.08170,0.47220,0.08230,1.09680,0.08180,1.13310,0.08320,0.43710,0.08230,1.16400,0.12880,0.08570,0.10380,0.37720,0.80250,0.93050,0.08620,1.05040,0.09070,0.30400,0.08840,0.84350,0.11430,0.08320,0.09660,0.23780,0.64290,0.59200,0.08600,0.72480,0.08830,0.20680,0.08820,0.08260,0.09890,0.08490,0.08970,0.08230,0.40660,0.08230,0.08370,0.08370,0.08570,0.08490,0.08630,0.08860,0.08240,0.11790,0.08310,0.19130,0.08540,0.50900,0.08300,0.36950,0.08340,0.10870,0.08300,0.08690,0.10530,0.10590,0.08610,0.15740,0.26920,0.39160,0.08570,0.28380,0.26330,0.10310,0.09880,0.08420,0.09790,0.09400,0.08470,0.11800,0.21510,0.25650,0.08390,0.19270,0.20060,0.09220,0.09360,0.08130,0.08850,0.08230,0.08270,0.08220,0.14810,0.08230,0.08240,0.08200,0.13940,0.08250,0.08750
0:35:09,1.19910,0.08230,0.08600,0.08190,0.48910,0.08240,1.11330,0.08180,1.14280,0.08330,0.45290,0.08240,1.17250,0.13110,0.08590,0.10480,0.39080,0.82400,0.95350,0.08650,1.06870,0.09120,0.31590,0.08880,0.86640,0.11610,0.08340,0.09740,0.24530,0.66640,0.61610,0.08620,0.74770,0.08880,0.21280,0.08860,0.08270,0.09970,0.08490,0.09020,0.08240,0.42040,0.08240,0.08400,0.08390,0.08600,0.08510,0.08660,0.08890,0.08250,0.11960,0.08320,0.19650,0.08550,0.52690,0.08310,0.38280,0.08350,0.11020,0.08320,0.08720,0.10650,0.10720,0.08630,0.16080,0.27800,0.40530,0.08590,0.29300,0.27180,0.10410,0.09970,0.08420,0.09860,0.09470,0.08480,0.11970,0.22160,0.26470,0.08410,0.19750,0.20600,0.09280,0.09420,0.08140,0.08880,0.08230,0.08280,0.08230,0.15130,0.08240,0.08260,0.08200,0.14260,0.08260,0.08770
0:36:49,1.19850,0.08230,0.08610,0.08180,0.50580,0.08230,1.12570,0.08170,1.14940,0.08320,0.46840,0.08220,1.17860,0.13330,0.08590,0.10580,0.40410,0.84730,0.97390,0.08660,1.08820,0.09160,0.32870,0.08910,0.88820,0.11770,0.08340,0.09790,0.25290,0.68850,0.64020,0.08630,0.76940,0.08910,0.21860,0.08890,0.08270,0.10020,0.08490,0.09050,0.08240,0.43390,0.08250,0.08410,0.08390,0.08610,0.08530,0.08690,0.08910,0.08250,0.12110,0.08320,0.20150,0.08550,0.54490,0.08320,0.39480,0.08360,0.11160,0.08310,0.08730,0.10730,0.10830,0.08640,0.16420,0.28670,0.41910,0.08610,0.30290,0.28020,0.10500,0.10030,0.08420,0.09920,0.09510,0.08490,0.12130,0.22800,0.27260,0.08410,0.20230,0.21110,0.09330,0.09470,0.08130,0.08910,0.08220,0.08270,0.08230,0.15440,0.08240,0.08250,0.08190,0.14540,0.08240,0.08790
0:38:29,1.19700,0.08240,0.08640,0.08180,0.52240,0.08240,1.13580,0.08170,1.15640,0.08320,0.48420,0.08230,1.18290,0.13570,0.08610,0.10680,0.41760,0.86940,0.99480,0.08680,1.10440,0.09220,0.34150,0.08950,0.90880,0.12020,0.08350,0.09870,0.26030,0.71080,0.66430,0.08650,0.79100,0.08960,0.22440,0.08930,0.08270,0.10110,0.08500,0.09090,0.08250,0.44760,0.08260,0.08430,0.08420,0.08620,0.08550,0.08740,0.08940,0.08250,0.12280,0.08330,0.20670,0.08550,0.56280,0.08330,0.40740,0.08370,0.11290,0.08320,0.08760,0.10830,0.10950,0.08660,0.16780,0.29560,0.43270,0.08630,0.31390,0.28850,0.10610,0.10120,0.08420,0.09990,0.09580,0.08510,0.12290,0.23440,0.28050,0.08420,0.20710,0.21660,0.09380,0.09530,0.08130,0.08940,0.08230,0.08280,0.08230,0.15770,0.08250,0.08250,0.08200,0.14820,0.08240,0.08810
0:40:09,1.19440,0.08240,0.08650,0.08180,0.53800,0.08240,1.14350,0.08160,1.15910,0.08310,0.49900,0.08220,1.18520,0.13780,0.08620,0.10790,0.43090,0.88980,1.01330,0.08700,1.11680,0.09270,0.35380,0.08980,0.92840,0.12080,0.08350,0.09940,0.26760,0.73150,0.68670,0.08660,0.81240,0.08990,0.23000,0.08970,0.08260,0.10170,0.08500,0.09130,0.08250,0.46110,0.08270,0.08450,0.08440,0.08640,0.08580,0.08770,0.08960,0.08260,0.12430,0.08340,0.21190,0.08540,0.58090,0.08340,0.42080,0.08370,0.11410,0.08330,0.08770,0.10930,0.11050,0.08660,0.17130,0.30420,0.44660,0.08650,0.32520,0.29700,0.10700,0.10200,0.08420,0.10050,0.09630,0.08520,0.12450,0.24070,0.28840,0.08420,0.21190,0.22210,0.09430,0.09570,0.08120,0.08950,0.08220,0.08270,0.08210,0.16090,0.08240,0.08240,0.08190,0.15090,0.08240,0.08820
0:41:49,1.19220,0.08250,0.08690,0.08190,0.55390,0.08250,1.15090,0.08170,1.16150,0.08320,0.51420,0.08230,1.18680,0.14010,0.08640,0.10890,0.44430,0.90920,1.02950,0.08740,1.12630,0.09330,0.36590,0.09030,0.94670,0.12240,0.08370,0.10010,0.27520,0.75260,0.70760,0.08690,0.83090,0.09050,0.23560,0.09010,0.08270,0.10240,0.08520,0.09180,0.08270,0.47490,0.08310,0.08490,0.08480,0.08670,0.08620,0.08840,0.09000,0.08270,0.12610,0.08360,0.21700,0.08560,0.59790,0.08370,0.43490,0.08400,0.11540,0.08350,0.08810,0.11050,0.11170,0.08670,0.17480,0.31290,0.46060,0.08690,0.33660,0.30550,0.10810,0.10300,0.08440,0.10130,0.09690,0.08540,0.12630,0.24700,0.29630,0.08440,0.21650,0.22760,0.09500,0.09640,0.08120,0.08990,0.08230,0.08280,0.08230,0.16430,0.08250,0.08250,0.08200,0.15380,0.08250,0.08850
0:43:29,1.18910,0.08250,0.08710,0.08190,0.56910,0.08260,1.15550,0.08160,1.16180,0.08330,0.52790,0.08220,1.18700,0.14240,0.08660,0.11000,0.45720,0.92650,1.04430,0.08760,1.13320,0.09380,0.37700,0.09060,0.96370,0.12400,0.08390,0.10080,0.28250,0.77130,0.72770,0.08730,0.84910,0.09110,0.24090,0.09050,0.08280,0.10290,0.08530,0.09220,0.08270,0.48870,0.08340,0.08520,0.08520,0.08700,0.08670,0.08890,0.09030,0.08270,0.12780,0.08370,0.22220,0.08570,0.61490,0.08380,0.44910,0.08410,0.11660,0.08350,0.08820,0.11150,0.11280,0.08690,0.17820,0.32150,0.47450,0.08720,0.34740,0.31390,0.10920,0.10380,0.08440,0.10200,0.09760,0.08550,0.12790,0.25320,0.30420,0.08440,0.22220,0.23310,0.09560,0.09690,0.08120,0.09010,0.08220,0.08280,0.08220,0.16770,0.08260,0.08250,0.08190,0.15650,0.08240,0.08880
0:45:09,1.18610,0.08260,0.08740,0.08200,0.58460,0.08260,1.15800,0.08160,1.16280,0.08330,0.54150,0.08220,1.18680,0.14450,0.08680,0.11100,0.46970,0.94340,1.05770,0.08800,1.13830,0.09450,0.38780,0.09100,0.98010,0.12570,0.08390,0.10150,0.28980,0.79080,0.74670,0.08750,0.86700,0.09160,0.24670,0.09090,0.08280,0.10350,0.08550,0.09270,0.08290,0.50230,0.08360,0.08560,0.08540,0.08720,0.08710,0.08960,0.09050,0.08280,0.12950,0.08390,0.22730,0.08560,0.63200,0.08410,0.46310,0.08420,0.11790,0.08360,0.08850,0.11260,0.11400,0.08710,0.18170,0.32990,0.48810,0.08760,0.35720,0.32240,0.11030,0.10460,0.08440,0.10270,0.09820,0.08570,0.12960,0.25930,0.31190,0.08460,0.22900,0.23860,0.09620,0.09740,0.08120,0.09040,0.08230,0.08280,0.08230,0.17140,0.08260,0.08250,0.08200,0.15930,0.08240,0.08900
0:46:49,1.18350,0.08270,0.08760,0.08200,0.59940,0.08270,1.16050,0.08150,1.16290,0.08330,0.55450,0.08230,1.18520,0.14660,0.08700,0.11190,0.48230,0.95920,1.06940,0.08820,1.14400,0.09510,0.39880,0.09140,0.99460,0.12740,0.08400,0.10220,0.29690,0.80900,0.76520,0.08770,0.88360,0.09220,0.25280,0.09140,0.08270,0.10450,0.08560,0.09320,0.08300,0.51590,0.08390,0.08590,0.08590,0.08740,0.08770,0.09020,0.09080,0.08290,0.13120,0.08400,0.23250,0.08570,0.64830,0.08430,0.47610,0.08440,0.11920,0.08380,0.08870,0.11360,0.11510,0.08730,0.18510,0.33830,0.50150,0.08800,0.36650,0.33090,0.11140,0.10540,0.08450,0.10330,0.09880,0.08570,0.13120,0.26540,0.31960,0.08470,0.23500,0.24410,0.09690,0.09790,0.08100,0.09070,0.08230,0.08280,0.08230,0.17470,0.08270,0.08250,0.08190,0.16210,0.08240,0.08920
0:48:29,1.18000,0.08280,0.08780,0.08200,0.61430,0.08280,1.16070,0.08160,1.16180,0.08340,0.56810,0.08230,1.18290,0.14870,0.08720,0.11290,0.49520,0.97360,1.08020,0.08850,1.14950,0.09580,0.40940,0.09180,1.00820,0.12880,0.08420,0.10300,0.30430,0.82700,0.78330,0.08800,0.89990,0.09300,0.25850,0.09190,0.08280,0.10520,0.08580,0.09370,0.08310,0.52900,0.08440,0.08640,0.08630,0.08780,0.08820,0.09090,0.09120,0.08310,0.13290,0.08430,0.23770,0.08600,0.66480,0.08460,0.48900,0.08460,0.12060,0.08390,0.08900,0.11470,0.11630,0.08740,0.18850,0.34680,0.51480,0.08830,0.37540,0.33930,0.11250,0.10630,0.08450,0.10410,0.09960,0.08590,0.13300,0.27160,0.32740,0.08480,0.24040,0.24960,0.09750,0.09860,0.08110,0.09110,0.08240,0.08280,0.08230,0.17790,0.08280,0.08250,0.08200,0.16500,0.08240,0.08940
0:50:09,1.17650,0.08290,0.08810,0.08210,0.62850,0.08290,1.16150,0.08160,1.16100,0.08340,0.58100,0.08230,1.18070,0.15070,0.08740,0.11400,0.50750,0.98690,1.08970,0.08890,1.15360,0.09660,0.42010,0.09230,1.02090,0.13040,0.08430,0.10380,0.31150,0.84340,0.80050,0.08830,0.91490,0.09370,0.26460,0.09250,0.08280,0.10610,0.08590,0.09430,0.08320,0.54230,0.08470,0.08690,0.08690,0.08810,0.08880,0.09170,0.09150,0.08320,0.13470,0.08440,0.24300,0.08590,0.68050,0.08480,0.50150,0.08490,0.12190,0.08410,0.08920,0.11580,0.11750,0.08760,0.19210,0.35520,0.52810,0.08870,0.38440,0.34760,0.11360,0.10710,0.08470,0.10480,0.10020,0.08610,0.13470,0.27770,0.33520,0.08500,0.24580,0.25530,0.09820,0.09900,0.08110,0.09140,0.08240,0.08280,0.08240,0.18090,0.08280,0.08260,0.08200,0.16780,0.08240,0.08970
0:51:49,1.17230,0.08300,0.08840,0.08220,0.64260,0.08310,1.16250,0.08160,1.15870,0.08350,0.59380,0.08230,1.17770,0.15290,0.08760,0.11510,0.52010,0.99920,1.09820,0.08920,1.15670,0.09750,0.43090,0.09270,1.03330,0.13190,0.08450,0.10450,0.31880,0.85940,0.81770,0.08870,0.92920,0.09460,0.27050,0.09310,0.08290,0.10690,0.08620,0.09490,0.08360,0.55560,0.08540,0.08760,0.08760,0.08850,0.08940,0.09250,0.09180,0.08350,0.13650,0.08470,0.24830,0.08620,0.69620,0.08530,0.51380,0.08530,0.12340,0.08430,0.08950,0.11690,0.11870,0.08780,0.19550,0.36370,0.54130,0.08920,0.39360,0.35580,0.11480,0.10780,0.08470,0.10550,0.10090,0.08620,0.13640,0.28390,0.34290,0.08520,0.25130,0.26100,0.09900,0.09960,0.08110,0.09180,0.08240,0.08280,0.08250,0.18400,0.08310,0.08260,0.08200,0.17070,0.08250,0.08990
0:53:29,1.16880,0.08300,0.08860,0.08220,0.65660,0.08310,1.16150,0.08160,1.15720,0.08350,0.60580,0.08230,1.17490,0.15500,0.08770,0.11610,0.53230,1.01090,1.10600,0.08960,1.15920,0.09830,0.44170,0.09310,1.04450,0.13330,0.08460,0.10510,0.32590,0.87480,0.83440,0.08920,0.94310,0.09550,0.27630,0.09380,0.08280,0.10770,0.08630,0.09550,0.08370,0.56860,0.08600,0.08820,0.08820,0.08880,0.09010,0.09310,0.09210,0.08360,0.13830,0.08490,0.25350,0.08620,0.71140,0.08550,0.52530,0.08550,0.12470,0.08440,0.08970,0.11780,0.11980,0.08800,0.19900,0.37180,0.55400,0.08960,0.40290,0.36370,0.11580,0.10860,0.08470,0.10620,0.10150,0.08630,0.13810,0.29000,0.35070,0.08530,0.25670,0.26660,0.09980,0.10000,0.08100,0.09200,0.08240,0.08280,0.08240,0.18700,0.08310,0.08250,0.08200,0.17350,0.08240,0.09010
0:55:09,1.16490,0.08310,0.08880,0.08240,0.67090,0.08340,1.16150,0.08170,1.15530,0.08370,0.61830,0.08240,1.17230,0.15730,0.08810,0.11740,0.54440,1.02160,1.11260,0.09040,1.16160,0.09950,0.45250,0.09370,1.05470,0.13500,0.08490,0.10610,0.33330,0.88940,0.85050,0.08980,0.95620,0.09670,0.28290,0.09480,0.08300,0.10870,0.08670,0.09620,0.08400,0.58130,0.08670,0.08900,0.08910,0.08940,0.09110,0.09420,0.09250,0.08390,0.14010,0.08530,0.25880,0.08630,0.72600,0.08610,0.53670,0.08610,0.12620,0.08470,0.09010,0.11910,0.12120,0.08830,0.20260,0.38030,0.56670,0.09020,0.41220,0.37190,0.11730,0.10970,0.08490,0.10710,0.10240,0.08650,0.14000,0.29630,0.35870,0.08560,0.26230,0.27250,0.10060,0.10070,0.08110,0.09230,0.08260,0.08300,0.08260,0.19020,0.08330,0.08270,0.08200,0.17640,0.08250,0.09040
0:56:49,1.16200,0.08320,0.08910,0.08250,0.68370,0.08350,1.15980,0.08170,1.15370,0.08380,0.63000,0.08240,1.16950,0.15960,0.08830,0.11840,0.55650,1.03120,1.11780,0.09090,1.16320,0.10050,0.46310,0.09420,1.06450,0.13650,0.08510,0.10690,0.34050,0.90330,0.86580,0.09050,0.96910,0.09760,0.28900,0.09560,0.08300,0.10930,0.08690,0.09690,0.08430,0.59390,0.08750,0.08970,0.08980,0.09000,0.09190,0.09490,0.09280,0.08400,0.14190,0.08570,0.26400,0.08640,0.74040,0.08660,0.54770,0.08640,0.12750,0.08500,0.09030,0.12010,0.12230,0.08840,0.20600,0.38830,0.57920,0.09080,0.42140,0.37960,0.11860,0.11050,0.08490,0.10780,0.10310,0.08660,0.14160,0.30250,0.36630,0.08580,0.26780,0.27800,0.10140,0.10120,0.08100,0.09260,0.08250,0.08290,0.08260,0.19320,0.08340,0.08260,0.08200,0.17920,0.08250,0.09060
0:58:29,1.15820,0.08330,0.08930,0.08250,0.69650,0.08370,1.15910,0.08160,1.15170,0.08390,0.64240,0.08240,1.16650,0.16180,0.08850,0.11960,0.56800,1.04050,1.12310,0.09140,1.16330,0.10140,0.47390,0.09470,1.07370,0.13810,0.08520,0.10760,0.34780,0.91750,0.88070,0.09100,0.98160,0.09870,0.29510,0.09640,0.08300,0.11010,0.08700,0.09750,0.08450,0.60630,0.08800,0.09040,0.09060,0.09040,0.09280,0.09570,0.09320,0.08430,0.14360,0.08590,0.26920,0.08650,0.75510,0.08710,0.55960,0.08690,0.12890,0.08510,0.09060,0.12110,0.12360,0.08860,0.20950,0.39640,0.59140,0.09140,0.43060,0.38750,0.11990,0.11130,0.08490,0.10840,0.10370,0.08680,0.14340,0.30850,0.37390,0.08590,0.27330,0.28370,0.10220,0.10170,0.08100,0.09290,0.08250,0.08290,0.08260,0.19630,0.08370,0.08270,0.08200,0.18200,0.08250,0.09080
1:00:09,1.15580,0.08320,0.08960,0.08260,0.70930,0.08380,1.15730,0.08160,1.14980,0.08400,0.65460,0.08240,1.16370,0.16400,0.08870,0.12060,0.57970,1.04820,1.12710,0.09180,1.16390,0.10230,0.48450,0.09510,1.08110,0.13960,0.08540,0.10830,0.35490,0.92980,0.89530,0.09140,0.99280,0.09960,0.30110,0.09710,0.08300,0.11090,0.08730,0.09830,0.08480,0.61870,0.08870,0.09100,0.09120,0.09090,0.09370,0.09650,0.09340,0.08450,0.14530,0.08620,0.27450,0.08650,0.76890,0.08750,0.57070,0.08730,0.13030,0.08530,0.09090,0.12210,0.12480,0.08880,0.21310,0.40470,0.60330,0.09190,0.43970,0.39540,0.12120,0.11210,0.08490,0.10920,0.10440,0.08690,0.14500,0.31470,0.38170,0.08610,0.27880,0.28950,0.10300,0.10230,0.08090,0.09320,0.08250,0.08290,0.08260,0.19950,0.08370,0.08260,0.08200,0.18470,0.08250,0.09110

