Corrected [600]
	1	2	3	4	5	6	7	8	9	10	11	12
A	0.27935	0.07379	0.29645	0.07553	0.34184	0.07387	0.34221	0.07467	0.31178	0.07252	0.32848	0.07222	Corrected [600]
B	0.20398	0.45141	0.26677	0.44633	0.31076	0.44565	0.33793	0.48940	0.28539	0.40921	0.32686	0.30459	Corrected [600]
C	0.15173	0.28133	0.17726	0.32556	0.19371	0.35469	0.22434	0.34198	0.18538	0.29647	0.21128	0.26089	Corrected [600]
D	0.07506	0.19721	0.07355	0.20347	0.07484	0.21064	0.07267	0.21000	0.07252	0.19716	0.07349	0.18539	Corrected [600]
E	0.33570	0.07307	0.43111	0.07378	0.40533	0.07270	0.46655	0.07349	0.50143	0.07226	0.41000	0.07256	Corrected [600]
F	0.27254	0.35724	0.33656	0.36672	0.31795	0.43789	0.35627	0.39681	0.32942	0.40950	0.32263	0.30930	Corrected [600]
G	0.18720	0.26612	0.19516	0.26434	0.18866	0.27854	0.19982	0.28959	0.20566	0.29537	0.19800	0.25027	Corrected [600]
H	0.07385	0.16968	0.07314	0.16288	0.07592	0.16597	0.07665	0.17196	0.07322	0.17788	0.07370	0.16481	Corrected [600]

