Corrected [600]
	1	2	3	4	5	6	7	8	9	10	11	12
A	0.27772	0.07506	0.34387	0.07448	0.35094	0.07514	0.38848	0.07453	0.38880	0.07524	0.40197	0.07444	Corrected [600]
B	0.21878	0.48929	0.33661	0.37722	0.32530	0.41454	0.31690	0.40427	0.32392	0.45226	0.33190	0.38792	Corrected [600]
C	0.14789	0.37401	0.21704	0.32563	0.20074	0.31558	0.18883	0.33029	0.20791	0.33164	0.19946	0.29515	Corrected [600]
D	0.07353	0.18788	0.07352	0.18456	0.07424	0.20277	0.07463	0.19490	0.07379	0.18397	0.07423	0.17360	Corrected [600]
E	0.43876	0.07368	0.45546	0.07513	0.42976	0.07380	0.46053	0.07398	0.49175	0.07421	0.51720	0.07386	Corrected [600]
F	0.33625	0.52233	0.34516	0.48408	0.30523	0.48671	0.32227	0.50209	0.34455	0.49959	0.36115	0.36982	Corrected [600]
G	0.16346	0.37441	0.19470	0.34605	0.18671	0.33723	0.17399	0.32477	0.19588	0.33468	0.19370	0.25378	Corrected [600]
H	0.07307	0.18648	0.07464	0.18216	0.07517	0.17667	0.07433	0.18509	0.07480	0.18180	0.07371	0.15504	Corrected [600]

