Corrected [600]
	1	2	3	4	5	6	7	8	9	10	11	12
A	0.54593	0.07884	0.37619	0.07896	0.45334	0.08022	0.48967	0.07858	0.48105	0.07824	0.44378	0.07866	Corrected [600]
B	0.43907	0.55848	0.29600	0.45629	0.35665	0.51068	0.35832	0.47437	0.36211	0.53479	0.32513	0.48980	Corrected [600]
C	0.24880	0.41555	0.18587	0.36930	0.21527	0.37588	0.21986	0.36618	0.24214	0.38847	0.20422	0.35893	Corrected [600]
D	0.07954	0.24703	0.07790	0.22754	0.07826	0.23700	0.07830	0.23263	0.07801	0.23435	0.07858	0.22091	Corrected [600]
E	0.59864	0.07869	0.60813	0.08058	0.52477	0.07942	0.58984	0.07793	0.49369	0.07787	0.50437	0.07884	Corrected [600]
F	0.47442	0.51712	0.42730	0.49776	0.37571	0.48687	0.42781	0.52002	0.38302	0.50881	0.34817	0.50821	Corrected [600]
G	0.28514	0.38466	0.24472	0.37165	0.22012	0.36000	0.24297	0.38384	0.21907	0.38125	0.20664	0.36280	Corrected [600]
H	0.09625	0.22253	0.07912	0.21084	0.07864	0.20986	0.07891	0.23421	0.07903	0.22938	0.07843	0.18967	Corrected [600]

