Corrected [600]
	1	2	3	4	5	6	7	8	9	10	11	12
A	0.30000	0.07382	0.26752	0.07473	0.22745	0.07390	0.30424	0.07294	0.27891	0.07290	0.28198	0.07282	Corrected [600]
B	0.22533	0.43591	0.27747	0.30043	0.21991	0.30896	0.24351	0.32471	0.23181	0.33063	0.25052	0.26769	Corrected [600]
C	0.15333	0.30079	0.18751	0.25783	0.16522	0.26684	0.19011	0.35049	0.18524	0.28187	0.17260	0.23126	Corrected [600]
D	0.07340	0.18063	0.07712	0.17447	0.07588	0.19981	0.07328	0.18592	0.07591	0.17516	0.07606	0.14883	Corrected [600]
E	0.22630	0.07167	0.38499	0.07426	0.37596	0.07543	0.42360	0.07343	0.45267	0.07432	0.39713	0.07387	Corrected [600]
F	0.17097	0.43000	0.32464	0.36916	0.27795	0.46343	0.30188	0.56253	0.44149	0.44867	0.29282	0.50598	Corrected [600]
G	0.12620	0.28366	0.19607	0.24427	0.17209	0.26135	0.16475	0.35234	0.20374	0.27036	0.18234	0.32165	Corrected [600]
H	0.07313	0.14953	0.08356	0.13671	0.07200	0.13387	0.07592	0.13641	0.07424	0.11929	0.07456	0.20611	Corrected [600]

