Corrected [600]
	1	2	3	4	5	6	7	8	9	10	11	12
A	0.40641	0.07886	0.32002	0.07973	0.31080	0.08507	0.32892	0.07869	0.33934	0.07964	0.34577	0.08101	Corrected [600]
B	0.32387	0.37496	0.24579	0.34056	0.24881	0.31865	0.24713	0.33682	0.24964	0.33102	0.25525	0.34876	Corrected [600]
C	0.19477	0.24635	0.16235	0.23333	0.16662	0.24742	0.16575	0.25736	0.16659	0.25007	0.16554	0.25665	Corrected [600]
D	0.08114	0.21212	0.07791	0.15547	0.07948	0.15848	0.07913	0.16860	0.07889	0.16957	0.07871	0.17138	Corrected [600]
E	0.34278	0.07768	0.33356	0.08005	0.31893	0.08041	0.34902	0.08029	0.33074	0.07962	0.33103	0.08096	Corrected [600]
F	0.25213	0.30606	0.23100	0.33312	0.23594	0.32294	0.26184	0.34669	0.25042	0.33646	0.25724	0.46401	Corrected [600]
G	0.15207	0.22463	0.15408	0.21792	0.16224	0.24058	0.16019	0.23593	0.16090	0.25097	0.16120	0.33180	Corrected [600]
H	0.07843	0.14911	0.08030	0.15011	0.07937	0.15893	0.08014	0.15919	0.08236	0.16505	0.07953	0.21036	Corrected [600]

