Corrected [600]
	1	2	3	4	5	6	7	8	9	10	11	12
A	0.37937	0.07430	0.38551	0.07467	0.33580	0.07413	0.35212	0.07488	0.36041	0.07278	0.35756	0.07263	Corrected [600]
B	0.28149	0.40284	0.30014	0.33560	0.26180	0.41200	0.28573	0.38148	0.29125	0.36686	0.29060	0.32936	Corrected [600]
C	0.18789	0.28760	0.19473	0.26541	0.19619	0.30779	0.20002	0.30068	0.19818	0.27130	0.19638	0.27328	Corrected [600]
D	0.07362	0.18269	0.07314	0.17638	0.07237	0.19948	0.07244	0.19888	0.07824	0.18617	0.07237	0.18173	Corrected [600]
E	0.37769	0.07388	0.38206	0.07378	0.43115	0.07156	0.41986	0.07259	0.40380	0.07292	0.38407	0.07252	Corrected [600]
F	0.28183	0.41305	0.28792	0.38386	0.30404	0.44005	0.29880	0.40735	0.29928	0.40783	0.28650	0.31944	Corrected [600]
G	0.18534	0.30509	0.18808	0.28687	0.21557	0.30421	0.20277	0.30489	0.21362	0.29610	0.19219	0.25271	Corrected [600]
H	0.07317	0.19045	0.07409	0.18770	0.07240	0.20077	0.07807	0.19272	0.07266	0.19200	0.07248	0.17867	Corrected [600]

