Corrected [600]
	1	2	3	4	5	6	7	8	9	10	11	12
A	0.37212	0.07582	0.34782	0.07429	0.35446	0.07443	0.31459	0.07489	0.31521	0.07362	0.29925	0.07427	Corrected [600]
B	0.29141	0.40675	0.28727	0.37359	0.28315	0.36770	0.26091	0.32724	0.25570	0.33830	0.24700	0.28497	Corrected [600]
C	0.19309	0.31357	0.19433	0.29495	0.19761	0.29121	0.17961	0.26000	0.18394	0.27304	0.16831	0.23322	Corrected [600]
D	0.07424	0.21228	0.07583	0.20775	0.07357	0.19374	0.07353	0.17726	0.07331	0.18742	0.07434	0.16184	Corrected [600]
E	0.42070	0.07255	0.41128	0.07421	0.41219	0.07303	0.40017	0.07368	0.37349	0.07376	0.32902	0.07320	Corrected [600]
F	0.32195	0.45702	0.31643	0.40844	0.32213	0.40040	0.30216	0.36437	0.28930	0.34880	0.25845	0.40744	Corrected [600]
G	0.21221	0.34772	0.21105	0.31799	0.20724	0.32041	0.20102	0.28495	0.18886	0.26557	0.17629	0.29593	Corrected [600]
H	0.07520	0.21489	0.07600	0.21229	0.07486	0.20331	0.07360	0.18646	0.07369	0.17707	0.07751	0.14597	Corrected [600]

