420

Time,A1,A2,A3,A4,A5,A6,A7,A8,A9,A10,A11,A12,B1,B2,B3,B4,B5,B6,B7,B8,B9,B10,B11,B12,C1,C2,C3,C4,C5,C6,C7,C8,C9,C10,C11,C12,D1,D2,D3,D4,D5,D6,D7,D8,D9,D10,D11,D12,E1,E2,E3,E4,E5,E6,E7,E8,E9,E10,E11,E12,F1,F2,F3,F4,F5,F6,F7,F8,F9,F10,F11,F12,G1,G2,G3,G4,G5,G6,G7,G8,G9,G10,G11,G12,H1,H2,H3,H4,H5,H6,H7,H8,H9,H10,H11,H12
0:00:34,0.09110,0.07800,0.08880,0.07730,0.08810,0.07700,0.08570,0.07720,0.09870,0.07870,0.08110,0.07750,0.08480,0.08720,0.08370,0.10020,0.08320,0.09390,0.09300,0.11180,0.11950,0.08320,0.09100,0.08620,0.08140,0.08730,0.08130,0.09330,0.08280,0.09540,0.08340,0.09520,0.08040,0.08390,0.07950,0.08340,0.07680,0.08350,0.07710,0.08810,0.07700,0.10680,0.07670,0.10200,0.07700,0.08040,0.07630,0.07940,0.08780,0.07820,0.08470,0.07690,0.08770,0.07700,0.09650,0.07700,0.08920,0.07610,0.08610,0.07770,0.08660,0.09020,0.08170,0.12580,0.18690,0.14050,0.08270,0.08580,0.08210,0.13470,0.08130,0.08350,0.08230,0.08220,0.08060,0.08590,0.08140,0.15020,0.08300,0.08750,0.08310,0.13000,0.08120,0.10240,0.07690,0.07890,0.07710,0.11600,0.07580,0.11640,0.07590,0.07960,0.07930,0.09570,0.07590,0.08180
0:10:34,0.09270,0.07660,0.09400,0.07920,0.09080,0.07760,0.10120,0.07600,0.09890,0.07700,0.08270,0.07620,0.08570,0.09200,0.08690,0.16350,0.08460,0.13660,0.08320,0.22310,0.11330,0.08500,0.10330,0.08850,0.08100,0.09030,0.08320,0.12960,0.08330,0.12540,0.08240,0.15720,0.08010,0.08270,0.07970,0.08270,0.07580,0.08370,0.07630,0.10990,0.07600,0.13780,0.07580,0.14270,0.07610,0.08030,0.07500,0.07940,0.09100,0.07690,0.08430,0.07600,0.08820,0.07600,0.09310,0.07590,0.08620,0.07530,0.08780,0.07630,0.08860,0.08710,0.08180,0.14320,0.18380,0.33320,0.08160,0.08460,0.08170,0.27920,0.08270,0.08540,0.08290,0.08130,0.08030,0.09080,0.08190,0.33530,0.08020,0.08780,0.08220,0.32500,0.08150,0.09670,0.07590,0.07850,0.07620,0.11690,0.07520,0.22210,0.07520,0.07900,0.07860,0.17080,0.07510,0.08220
0:20:34,0.09630,0.07810,0.10800,0.07920,0.09780,0.07750,0.09650,0.07590,0.08960,0.07700,0.08520,0.07640,0.08770,0.10410,0.09450,0.25020,0.08930,0.20150,0.08290,0.30810,0.10990,0.08620,0.10660,0.09130,0.08200,0.09370,0.08760,0.18420,0.08560,0.16460,0.08210,0.24020,0.07980,0.08540,0.08120,0.08540,0.07560,0.08740,0.07620,0.14250,0.07580,0.18220,0.07570,0.20590,0.07590,0.08150,0.07500,0.08110,0.10140,0.07690,0.08650,0.07570,0.09240,0.07590,0.09280,0.07580,0.08860,0.07520,0.09590,0.07630,0.09690,0.09070,0.08310,0.17060,0.15680,0.56180,0.08270,0.08540,0.08280,0.46030,0.08670,0.08970,0.08660,0.08320,0.08140,0.09910,0.08350,0.52160,0.08090,0.08740,0.08230,0.51220,0.08400,0.10080,0.07570,0.07930,0.07620,0.12220,0.07520,0.33410,0.07510,0.07890,0.07860,0.26430,0.07510,0.08410
0:30:34,0.10450,0.07840,0.12390,0.07930,0.11330,0.07780,0.09790,0.07600,0.09120,0.07740,0.09130,0.07820,0.09140,0.12190,0.10690,0.34550,0.09690,0.28810,0.08370,0.43720,0.10380,0.09150,0.10790,0.10060,0.08410,0.10300,0.09440,0.25480,0.08950,0.21150,0.08240,0.34400,0.08060,0.09080,0.08410,0.09070,0.07570,0.09300,0.07630,0.18660,0.07600,0.23540,0.07570,0.27950,0.07600,0.08370,0.07520,0.08370,0.12380,0.07710,0.09000,0.07580,0.09830,0.07590,0.09460,0.07590,0.09060,0.07550,0.10480,0.07680,0.10930,0.09830,0.08610,0.19440,0.15460,0.76470,0.08430,0.08700,0.08410,0.64180,0.09370,0.09850,0.09120,0.08650,0.08330,0.11310,0.08630,0.69950,0.08210,0.08850,0.08360,0.63810,0.08780,0.10500,0.07580,0.08090,0.07650,0.12600,0.07530,0.44750,0.07520,0.07980,0.07870,0.37330,0.07550,0.08680
0:40:34,0.11760,0.07870,0.15290,0.07960,0.13010,0.07810,0.10000,0.07640,0.09130,0.07830,0.10000,0.08190,0.10160,0.15050,0.12790,0.44980,0.10700,0.39630,0.08760,0.59080,0.10210,0.09950,0.11180,0.11360,0.08750,0.11760,0.10300,0.33950,0.09420,0.26240,0.08040,0.45030,0.08170,0.09660,0.08740,0.09820,0.07590,0.10140,0.07650,0.23990,0.07610,0.29560,0.07590,0.35960,0.07630,0.08680,0.07580,0.08750,0.14440,0.07740,0.09770,0.07600,0.11440,0.07620,0.09600,0.07620,0.09200,0.07610,0.11540,0.07760,0.12110,0.10230,0.09080,0.21980,0.15700,0.92450,0.08660,0.09240,0.08650,0.79390,0.10190,0.10980,0.09780,0.08950,0.08520,0.13150,0.09000,0.85310,0.08380,0.09010,0.08380,0.79980,0.09250,0.10800,0.07580,0.08260,0.07680,0.13070,0.07540,0.55940,0.07550,0.08100,0.07880,0.48990,0.07590,0.08980
0:50:34,0.12460,0.07930,0.18060,0.07990,0.15040,0.07880,0.10110,0.07690,0.09380,0.07960,0.11000,0.08570,0.10760,0.16990,0.15050,0.56430,0.12590,0.57260,0.09250,0.78530,0.10040,0.11330,0.11690,0.12790,0.09290,0.13830,0.11280,0.47240,0.09980,0.31830,0.08330,0.58370,0.08310,0.10390,0.09170,0.10610,0.07600,0.11330,0.07690,0.30720,0.07660,0.36160,0.07630,0.44310,0.07680,0.09030,0.07660,0.09170,0.15990,0.07780,0.10550,0.07630,0.12260,0.07660,0.09970,0.07680,0.09760,0.07700,0.13670,0.07890,0.13870,0.10480,0.09510,0.24850,0.16230,1.05970,0.09070,0.09480,0.08960,0.93370,0.11120,0.12780,0.10630,0.09700,0.08680,0.15400,0.09770,0.98630,0.08670,0.09260,0.08440,0.95710,0.09850,0.11190,0.07580,0.08370,0.07710,0.13720,0.07560,0.66470,0.07580,0.08250,0.07930,0.60940,0.07640,0.09300
1:00:34,0.12850,0.08110,0.19880,0.08160,0.16530,0.08110,0.10200,0.07860,0.09720,0.08290,0.12780,0.09420,0.11280,0.18590,0.16550,0.66750,0.13510,0.68320,0.09410,0.91960,0.10280,0.11940,0.12340,0.14540,0.09510,0.15110,0.12540,0.57560,0.10810,0.38080,0.08590,0.74110,0.08570,0.11130,0.10160,0.12040,0.07700,0.12020,0.07840,0.39850,0.07810,0.43410,0.07780,0.54280,0.07840,0.09930,0.07930,0.09880,0.17440,0.07920,0.10940,0.07760,0.13130,0.07800,0.10190,0.07870,0.10070,0.07930,0.14870,0.08120,0.15280,0.10830,0.10020,0.27920,0.16790,1.15160,0.09280,0.09550,0.09480,1.04650,0.12150,0.13750,0.11390,0.09870,0.09130,0.18100,0.09970,1.12140,0.09030,0.09630,0.08800,1.05950,0.10800,0.11720,0.07630,0.08900,0.07850,0.14660,0.07610,0.76490,0.07690,0.08570,0.08000,0.73900,0.07800,0.09670
1:10:34,0.13540,0.08410,0.21770,0.08360,0.17800,0.08490,0.10560,0.08130,0.10150,0.08850,0.14020,0.10230,0.11680,0.20250,0.18030,0.74970,0.14350,0.76380,0.09650,0.99980,0.10630,0.12770,0.13190,0.15970,0.09850,0.16230,0.13830,0.65610,0.11590,0.44490,0.08960,0.84200,0.08900,0.11850,0.10430,0.13070,0.07850,0.12810,0.08080,0.45890,0.08080,0.50860,0.08030,0.62750,0.08100,0.10170,0.08310,0.10690,0.18940,0.08170,0.11320,0.08000,0.14010,0.08070,0.10440,0.08180,0.10400,0.08290,0.16240,0.08470,0.16290,0.11340,0.10400,0.30350,0.17510,1.15230,0.09790,0.09770,0.09640,1.12130,0.13160,0.14970,0.12090,0.10280,0.09490,0.20120,0.10600,1.15200,0.09220,0.10020,0.09050,1.10590,0.11230,0.12240,0.07700,0.09090,0.08060,0.15640,0.07700,0.86750,0.07850,0.08600,0.08120,0.84240,0.08030,0.10110
1:20:34,0.14260,0.08710,0.23620,0.08690,0.19170,0.08940,0.11060,0.08470,0.10690,0.09520,0.15350,0.11080,0.12220,0.22070,0.19510,0.81980,0.15370,0.83440,0.10140,1.05090,0.11070,0.13810,0.14260,0.17620,0.10200,0.17510,0.14830,0.72150,0.12520,0.52590,0.09350,0.91410,0.09350,0.12640,0.11180,0.14260,0.08040,0.13590,0.08400,0.50600,0.08420,0.51140,0.08360,0.71110,0.08480,0.10840,0.08870,0.11200,0.20440,0.08490,0.11820,0.08310,0.14940,0.08410,0.10860,0.08580,0.10800,0.08770,0.17630,0.08900,0.17480,0.11950,0.10850,0.32920,0.18190,1.15380,0.10160,0.10180,0.09990,1.14790,0.14160,0.16170,0.12730,0.10660,0.09900,0.22380,0.11050,1.16010,0.09490,0.10330,0.09330,1.12840,0.11970,0.12690,0.07780,0.09370,0.08320,0.16550,0.07810,0.94410,0.08050,0.08820,0.08260,0.91210,0.08320,0.10500
1:30:34,0.15190,0.09020,0.25920,0.09030,0.20850,0.09420,0.11520,0.08890,0.11370,0.10100,0.16550,0.11850,0.12850,0.24080,0.21210,0.88150,0.16540,0.89810,0.10590,1.09260,0.11550,0.14890,0.15130,0.19170,0.10600,0.19000,0.15840,0.78420,0.13240,0.58430,0.09750,0.97520,0.09780,0.13520,0.11910,0.15430,0.08230,0.14460,0.08750,0.55060,0.08800,0.56300,0.08700,0.77400,0.08830,0.11560,0.09380,0.11950,0.22140,0.08810,0.12490,0.08650,0.16070,0.08760,0.11390,0.09010,0.11310,0.09240,0.19110,0.09360,0.18840,0.12520,0.11410,0.35660,0.18770,1.14720,0.10620,0.10680,0.10410,1.16460,0.15230,0.17400,0.13380,0.11170,0.10310,0.24390,0.11590,1.16640,0.09730,0.10690,0.09640,1.14450,0.12640,0.13160,0.07870,0.09740,0.08580,0.17390,0.07940,1.00690,0.08240,0.09060,0.08400,0.97460,0.08610,0.10930
1:40:34,0.16350,0.09500,0.28530,0.09470,0.22750,0.09980,0.12250,0.09460,0.12210,0.10790,0.18040,0.12640,0.13710,0.26420,0.23300,0.93940,0.17970,0.96400,0.11280,1.12600,0.12240,0.16150,0.16240,0.20930,0.11140,0.20770,0.17210,0.84910,0.14140,0.63860,0.10340,1.03430,0.10340,0.14620,0.12870,0.16780,0.08480,0.15570,0.09190,0.60570,0.09290,0.61060,0.09130,0.83940,0.09290,0.12420,0.09970,0.12860,0.24120,0.09230,0.13350,0.09090,0.17370,0.09240,0.12060,0.09530,0.12030,0.09800,0.20820,0.09910,0.20400,0.13380,0.12140,0.38440,0.19480,1.14760,0.11190,0.11310,0.10970,1.16610,0.16480,0.18940,0.14250,0.11850,0.10900,0.26690,0.12280,1.17100,0.10130,0.11270,0.10140,1.15120,0.13520,0.13740,0.08010,0.10210,0.08960,0.18440,0.08090,1.05520,0.08510,0.09420,0.08570,1.03170,0.09020,0.11390
1:50:34,0.17450,0.09890,0.31120,0.09850,0.24740,0.10480,0.12910,0.09920,0.13010,0.11350,0.19430,0.13270,0.14550,0.28850,0.25390,0.98570,0.19440,1.01750,0.11900,1.14650,0.12910,0.17410,0.17260,0.22650,0.11680,0.22520,0.18580,0.90880,0.15110,0.69240,0.10890,1.07830,0.10920,0.15680,0.13740,0.18060,0.08710,0.16710,0.09590,0.66310,0.09730,0.65830,0.09550,0.89950,0.09730,0.13220,0.10520,0.13710,0.26130,0.09590,0.14170,0.09470,0.18660,0.09670,0.12730,0.10000,0.12730,0.10310,0.22500,0.10410,0.21980,0.14200,0.12840,0.41370,0.20210,1.14540,0.11770,0.11910,0.11560,1.16650,0.17740,0.20420,0.15150,0.12530,0.11450,0.28790,0.12940,1.16890,0.10550,0.11800,0.10580,1.15100,0.14360,0.14290,0.08120,0.10670,0.09290,0.19540,0.08210,1.09300,0.08770,0.09720,0.08750,1.07440,0.09350,0.11790
2:00:34,0.18560,0.10300,0.33580,0.10250,0.26630,0.10940,0.13500,0.10370,0.14060,0.11890,0.20770,0.13850,0.15380,0.31140,0.27420,1.02000,0.20860,1.05690,0.12470,1.15820,0.13510,0.18550,0.18260,0.24290,0.12190,0.24210,0.19890,0.95820,0.16060,0.74170,0.11390,1.10980,0.11450,0.16670,0.14540,0.19280,0.08950,0.17800,0.09940,0.71580,0.10140,0.70580,0.09960,0.95100,0.10140,0.13980,0.11020,0.14480,0.28050,0.09930,0.14980,0.09830,0.19910,0.10070,0.13380,0.10440,0.13420,0.10790,0.24140,0.10870,0.23570,0.14950,0.13500,0.44080,0.20880,1.14190,0.12260,0.12460,0.12110,1.16460,0.18940,0.21880,0.15980,0.13100,0.11930,0.30780,0.13600,1.16490,0.10940,0.12260,0.11030,1.14920,0.15170,0.14870,0.08210,0.11070,0.09590,0.20600,0.08340,1.12140,0.09030,0.10050,0.08940,1.10520,0.09700,0.12220
2:10:34,0.19570,0.10680,0.35790,0.10620,0.28310,0.11380,0.14020,0.10790,0.14640,0.12340,0.22040,0.14380,0.16140,0.33220,0.29280,1.04660,0.22240,1.08430,0.13000,1.16200,0.14040,0.19650,0.19170,0.25840,0.12700,0.25810,0.21150,0.99690,0.16930,0.78670,0.11850,1.13010,0.11960,0.17650,0.15310,0.20450,0.09180,0.18830,0.10290,0.76340,0.10530,0.75050,0.10320,0.99450,0.10530,0.14700,0.11470,0.15220,0.29710,0.10250,0.15750,0.10190,0.21130,0.10450,0.13970,0.10870,0.14090,0.11220,0.25740,0.11300,0.25020,0.15660,0.14120,0.46470,0.21680,1.13750,0.12770,0.13000,0.12640,1.16180,0.20130,0.23310,0.16740,0.13660,0.12390,0.32810,0.14250,1.16220,0.11330,0.12730,0.11440,1.14750,0.15950,0.15400,0.08290,0.11460,0.09870,0.21620,0.08440,1.14140,0.09280,0.10350,0.09120,1.12610,0.10050,0.12630
2:20:34,0.20390,0.10980,0.38010,0.10930,0.29980,0.11730,0.14480,0.11140,0.14910,0.12730,0.23180,0.14800,0.16840,0.35210,0.31050,1.06640,0.23460,1.10380,0.13480,1.16090,0.14510,0.20630,0.19990,0.27240,0.13140,0.27270,0.22310,1.02640,0.17720,0.82860,0.12270,1.14250,0.12370,0.18510,0.15990,0.21510,0.09370,0.19760,0.10600,0.80410,0.10870,0.79040,0.10650,1.03020,0.10850,0.15330,0.11860,0.15860,0.31360,0.10530,0.16430,0.10500,0.22210,0.10790,0.14500,0.11220,0.14670,0.11590,0.27210,0.11650,0.26400,0.16310,0.14680,0.48880,0.22420,1.13220,0.13240,0.13470,0.13120,1.15820,0.21220,0.24630,0.17480,0.14180,0.12830,0.34740,0.14850,1.15830,0.11660,0.13160,0.11830,1.14420,0.16650,0.15910,0.08360,0.11810,0.10130,0.22600,0.08540,1.15480,0.09510,0.10620,0.09270,1.13860,0.10330,0.12990
2:30:34,0.21230,0.11320,0.39970,0.11240,0.31480,0.12080,0.14900,0.11490,0.15240,0.13110,0.24250,0.15220,0.17540,0.37090,0.32780,1.08100,0.24620,1.11600,0.13940,1.15910,0.14960,0.21570,0.20790,0.28590,0.13570,0.28690,0.23410,1.04940,0.18470,0.86700,0.12680,1.14960,0.12760,0.19340,0.16650,0.22540,0.09580,0.20660,0.10890,0.84180,0.11200,0.82670,0.10950,1.05900,0.11160,0.15930,0.12240,0.16510,0.33040,0.10790,0.17110,0.10800,0.23300,0.11110,0.15000,0.11560,0.15250,0.11950,0.28640,0.11990,0.27760,0.16940,0.15210,0.51190,0.23150,1.12850,0.13680,0.13920,0.13590,1.15530,0.22280,0.25940,0.18210,0.14690,0.13250,0.36610,0.15430,1.15510,0.11980,0.13560,0.12190,1.14140,0.17350,0.16430,0.08430,0.12160,0.10370,0.23570,0.08640,1.16410,0.09730,0.10880,0.09440,1.14670,0.10610,0.13400
2:40:34,0.22100,0.11560,0.41940,0.11520,0.33020,0.12380,0.15300,0.11790,0.15680,0.13430,0.25300,0.15580,0.18170,0.38880,0.34390,1.09140,0.25740,1.12400,0.14320,1.15720,0.15340,0.22450,0.21530,0.29840,0.13950,0.30040,0.24460,1.06680,0.19200,0.90170,0.13010,1.15280,0.13110,0.20090,0.17240,0.23490,0.09740,0.21510,0.11120,0.87680,0.11490,0.85950,0.11210,1.08200,0.11430,0.16470,0.12550,0.17100,0.34610,0.11020,0.17730,0.11060,0.24340,0.11390,0.15460,0.11850,0.15770,0.12250,0.30020,0.12280,0.29060,0.17510,0.15710,0.53370,0.23820,1.12500,0.14080,0.14310,0.14010,1.15220,0.23270,0.27170,0.18920,0.15150,0.13640,0.38450,0.15960,1.15260,0.12270,0.13920,0.12520,1.13840,0.18000,0.16930,0.08460,0.12460,0.10570,0.24490,0.08770,1.16920,0.09910,0.11120,0.09570,1.15030,0.10840,0.13730
2:50:34,0.22970,0.11790,0.43850,0.11710,0.34480,0.12640,0.15690,0.12080,0.16160,0.13750,0.26320,0.15910,0.18790,0.40650,0.35990,1.09980,0.26880,1.12910,0.14720,1.15510,0.15730,0.23310,0.22260,0.31100,0.14350,0.31400,0.25510,1.08130,0.19910,0.93350,0.13350,1.15450,0.13450,0.20830,0.17830,0.24450,0.09910,0.22390,0.11370,0.90900,0.11760,0.89020,0.11450,1.10230,0.11700,0.17010,0.12850,0.17680,0.36200,0.11250,0.18370,0.11310,0.25390,0.11660,0.15930,0.12130,0.16300,0.12550,0.31380,0.12580,0.30340,0.18080,0.16220,0.55520,0.24520,1.12280,0.14470,0.14710,0.14450,1.14900,0.24270,0.28400,0.19620,0.15600,0.14020,0.40260,0.16500,1.14980,0.12560,0.14290,0.12860,1.13590,0.18650,0.17440,0.08510,0.12770,0.10770,0.25400,0.08920,1.17150,0.10100,0.11360,0.09710,1.15130,0.11080,0.14110
3:00:34,0.23790,0.12070,0.45800,0.11950,0.35960,0.12920,0.16070,0.12350,0.16880,0.14040,0.27310,0.16240,0.19390,0.42380,0.37520,1.10480,0.27940,1.13220,0.15090,1.15320,0.16120,0.24120,0.22950,0.32330,0.14740,0.32720,0.26530,1.09240,0.20580,0.96250,0.13650,1.15540,0.13780,0.21570,0.18390,0.25350,0.10050,0.23230,0.11590,0.93770,0.12010,0.91750,0.11690,1.11740,0.11940,0.17510,0.13150,0.18220,0.37750,0.11450,0.18970,0.11550,0.26410,0.11910,0.16350,0.12390,0.16810,0.12820,0.32700,0.12840,0.31610,0.18650,0.16710,0.57650,0.25190,1.12020,0.14840,0.15080,0.14860,1.14640,0.25240,0.29620,0.20310,0.16050,0.14370,0.41990,0.17010,1.14760,0.12830,0.14610,0.13180,1.13410,0.19280,0.17950,0.08560,0.13060,0.10950,0.26280,0.09060,1.17240,0.10270,0.11590,0.09830,1.15200,0.11290,0.14450
3:10:34,0.24610,0.12720,0.47570,0.12220,0.37260,0.13180,0.16430,0.12620,0.17140,0.14320,0.28290,0.16530,0.20010,0.44060,0.39060,1.10780,0.29030,1.13400,0.15460,1.15130,0.16490,0.24920,0.23620,0.33490,0.15140,0.33990,0.27540,1.09980,0.21250,0.98830,0.13940,1.15490,0.14080,0.22270,0.18940,0.26250,0.10210,0.24060,0.11820,0.96440,0.12260,0.94230,0.11920,1.13000,0.12180,0.17990,0.13390,0.18770,0.39260,0.11660,0.19580,0.11770,0.27390,0.12150,0.16760,0.12640,0.17280,0.13080,0.33990,0.13100,0.32870,0.19190,0.17190,0.59710,0.25880,1.11760,0.15190,0.15440,0.15260,1.14440,0.26180,0.30810,0.21000,0.16480,0.14730,0.43690,0.17520,1.14540,0.13100,0.14930,0.13490,1.13190,0.19910,0.18460,0.08600,0.13350,0.11130,0.27160,0.09210,1.17250,0.10450,0.11820,0.09980,1.15170,0.11510,0.14850
3:20:34,0.25440,0.12480,0.49420,0.12440,0.38670,0.13410,0.16800,0.12880,0.17370,0.14580,0.29270,0.16820,0.20630,0.45800,0.40570,1.11070,0.30100,1.13490,0.15820,1.14960,0.16850,0.25730,0.24300,0.34660,0.15540,0.35300,0.28550,1.10670,0.21930,1.01260,0.14250,1.15340,0.14410,0.22970,0.19500,0.27140,0.10370,0.24900,0.12050,0.98840,0.12500,0.96370,0.12150,1.13980,0.12410,0.18500,0.13660,0.19300,0.40800,0.11850,0.20190,0.12000,0.28390,0.12390,0.17170,0.12880,0.17770,0.13340,0.35300,0.13350,0.34130,0.19750,0.17670,0.61690,0.26550,1.11600,0.15560,0.15800,0.15660,1.14230,0.27140,0.32010,0.21710,0.16930,0.15080,0.45390,0.18040,1.14360,0.13380,0.15260,0.13810,1.13020,0.20510,0.18970,0.08650,0.13660,0.11330,0.28050,0.09360,1.17150,0.10630,0.12050,0.10130,1.15050,0.11720,0.15230
3:30:34,0.26240,0.12690,0.51220,0.12600,0.40100,0.13640,0.17140,0.13110,0.17770,0.14820,0.30210,0.17060,0.21220,0.47460,0.42030,1.11120,0.31140,1.13350,0.16160,1.14760,0.17160,0.26510,0.24930,0.35800,0.15920,0.36530,0.29510,1.11080,0.22560,1.03360,0.14530,1.15360,0.14690,0.23630,0.20010,0.27980,0.10510,0.25700,0.12260,1.00910,0.12730,0.98410,0.12360,1.14720,0.12620,0.18970,0.13890,0.19800,0.42250,0.12030,0.20770,0.12210,0.29370,0.12620,0.17560,0.13110,0.18230,0.13570,0.36530,0.13570,0.35340,0.20270,0.18130,0.63620,0.27220,1.11400,0.15890,0.16140,0.16050,1.14050,0.28040,0.33150,0.22380,0.17340,0.15420,0.47050,0.18530,1.14180,0.13620,0.15550,0.14090,1.12830,0.21110,0.19450,0.08680,0.13930,0.11490,0.28870,0.09500,1.16950,0.10800,0.12260,0.10270,1.14800,0.11920,0.15570
3:40:34,0.27040,0.12920,0.52930,0.12820,0.41420,0.13920,0.17480,0.13370,0.18180,0.15070,0.31160,0.17330,0.21820,0.49040,0.43500,1.11180,0.32150,1.13390,0.16500,1.14680,0.17500,0.27270,0.25560,0.36900,0.16320,0.37800,0.30450,1.11320,0.23210,1.05250,0.14830,1.15250,0.14960,0.24280,0.20520,0.28820,0.10660,0.26490,0.12480,1.02890,0.12960,1.00160,0.12580,1.15230,0.12840,0.19430,0.14130,0.20300,0.43700,0.12220,0.21350,0.12420,0.30300,0.12850,0.17940,0.13330,0.18690,0.13820,0.37750,0.13800,0.36550,0.20800,0.18590,0.65530,0.27870,1.11200,0.16210,0.16480,0.16440,1.13830,0.28950,0.34300,0.23060,0.17770,0.15760,0.48640,0.19020,1.13950,0.13880,0.15850,0.14400,1.12690,0.21700,0.19980,0.08730,0.14210,0.11670,0.29720,0.09640,1.16840,0.10970,0.12490,0.10420,1.14620,0.12160,0.15960
3:50:34,0.27840,0.13100,0.54560,0.13040,0.42710,0.14120,0.17810,0.13580,0.18530,0.15300,0.32030,0.17550,0.22410,0.50570,0.44890,1.11090,0.33160,1.13320,0.16820,1.14450,0.17820,0.28020,0.26180,0.37990,0.16710,0.39000,0.31390,1.11470,0.23850,1.06950,0.15100,1.15070,0.15240,0.24920,0.21030,0.29650,0.10820,0.27280,0.12680,1.04510,0.13190,1.01780,0.12790,1.15640,0.13050,0.19880,0.14370,0.20810,0.45120,0.12410,0.21920,0.12630,0.31260,0.13070,0.18320,0.13560,0.19150,0.14060,0.38970,0.14030,0.37740,0.21330,0.19040,0.67360,0.28530,1.11070,0.16550,0.16810,0.16830,1.13660,0.29840,0.35430,0.23750,0.18190,0.16090,0.50240,0.19520,1.13800,0.14140,0.16150,0.14690,1.12500,0.22290,0.20450,0.08780,0.14490,0.11850,0.30560,0.09810,1.16630,0.11150,0.12710,0.10570,1.14420,0.12320,0.16330
4:00:34,0.28640,0.13350,0.56240,0.13270,0.44050,0.14360,0.18130,0.13820,0.18860,0.15530,0.32910,0.17800,0.23010,0.52170,0.46300,1.11060,0.34120,1.13220,0.17140,1.14340,0.18130,0.28760,0.26790,0.39040,0.17090,0.40200,0.32330,1.11630,0.24470,1.08450,0.15380,1.14930,0.15510,0.25560,0.21500,0.30460,0.10970,0.28050,0.12890,1.06060,0.13400,1.03200,0.12990,1.15910,0.13250,0.20330,0.14590,0.21270,0.46540,0.12580,0.22480,0.12830,0.32180,0.13290,0.18700,0.13770,0.19600,0.14280,0.40150,0.14240,0.38920,0.21860,0.19490,0.69150,0.29170,1.10920,0.16870,0.17140,0.17210,1.13510,0.30720,0.36560,0.24400,0.18610,0.16430,0.51800,0.20010,1.13630,0.14390,0.16430,0.14980,1.12330,0.22860,0.20920,0.08820,0.14770,0.12020,0.31380,0.09950,1.16430,0.11310,0.12920,0.10720,1.14210,0.12510,0.16670
4:10:34,0.29390,0.13480,0.57790,0.13410,0.45280,0.14510,0.18430,0.14000,0.19160,0.15720,0.33750,0.17990,0.23560,0.53610,0.47650,1.10940,0.35070,1.13010,0.17410,1.14190,0.18400,0.29450,0.27370,0.40080,0.17440,0.41360,0.33220,1.11570,0.25080,1.09740,0.15620,1.14780,0.15740,0.26150,0.21950,0.31240,0.11100,0.28780,0.13060,1.07350,0.13580,1.04410,0.13160,1.16070,0.13420,0.20740,0.14790,0.21730,0.47890,0.12740,0.23020,0.13010,0.33070,0.13480,0.19040,0.13960,0.20000,0.14490,0.41290,0.14410,0.40060,0.22350,0.19910,0.70880,0.29790,1.10760,0.17180,0.17430,0.17550,1.13320,0.31560,0.37610,0.25050,0.19000,0.16720,0.53300,0.20470,1.13450,0.14610,0.16690,0.15230,1.12170,0.23400,0.21360,0.08840,0.15020,0.12160,0.32180,0.10070,1.16250,0.11460,0.13100,0.10850,1.13980,0.12680,0.17010
4:20:34,0.30140,0.13660,0.59380,0.13620,0.46510,0.14740,0.18720,0.14200,0.19520,0.15890,0.34600,0.18210,0.24120,0.55120,0.48940,1.10840,0.35990,1.13020,0.17710,1.14040,0.18680,0.30130,0.27920,0.41130,0.17790,0.42480,0.34100,1.11560,0.25660,1.10870,0.15850,1.14630,0.15970,0.26750,0.22410,0.32000,0.11210,0.29500,0.13220,1.08420,0.13760,1.05500,0.13330,1.16110,0.13600,0.21140,0.14970,0.22170,0.49190,0.12900,0.23530,0.13170,0.33930,0.13650,0.19380,0.14130,0.20410,0.14660,0.42420,0.14590,0.41160,0.22810,0.20310,0.72530,0.30380,1.10580,0.17450,0.17710,0.17880,1.13190,0.32390,0.38670,0.25670,0.19370,0.17010,0.54740,0.20910,1.13290,0.14830,0.16940,0.15480,1.12000,0.23930,0.21850,0.08840,0.15260,0.12300,0.32970,0.10170,1.16020,0.11600,0.13270,0.10960,1.13730,0.12840,0.17320
4:30:34,0.30890,0.13810,0.60860,0.13770,0.47690,0.14930,0.19000,0.14400,0.19820,0.16080,0.35430,0.18420,0.24660,0.56570,0.50210,1.10650,0.36970,1.12810,0.18000,1.13900,0.18950,0.30820,0.28500,0.42150,0.18140,0.43640,0.34970,1.11600,0.26250,1.11880,0.16100,1.14420,0.16200,0.27350,0.22870,0.32780,0.11340,0.30240,0.13390,1.09410,0.13950,1.06440,0.13500,1.16200,0.13770,0.21550,0.15160,0.22620,0.50520,0.13050,0.24060,0.13350,0.34810,0.13840,0.19720,0.14310,0.20810,0.14850,0.43550,0.14770,0.42270,0.23300,0.20720,0.74150,0.31000,1.10440,0.17740,0.18000,0.18240,1.13050,0.33230,0.39730,0.26300,0.19750,0.17310,0.56170,0.21380,1.13150,0.15060,0.17190,0.15750,1.11890,0.24480,0.22320,0.08890,0.15510,0.12450,0.33770,0.10300,1.15840,0.11750,0.13470,0.11100,1.13550,0.13010,0.17680
4:40:34,0.31620,0.13980,0.62290,0.13980,0.48860,0.15100,0.19290,0.14580,0.20120,0.16260,0.36220,0.18620,0.25200,0.57950,0.51540,1.10580,0.37880,1.12690,0.18280,1.13760,0.19230,0.31470,0.29050,0.43130,0.18470,0.44750,0.35820,1.11450,0.26830,1.12770,0.16330,1.14220,0.16430,0.27950,0.23300,0.33500,0.11460,0.30930,0.13550,1.10320,0.14120,1.07290,0.13670,1.16160,0.13920,0.21940,0.15340,0.23040,0.51810,0.13190,0.24570,0.13500,0.35660,0.14010,0.20040,0.14470,0.21190,0.15020,0.44620,0.14940,0.43350,0.23770,0.21110,0.75700,0.31600,1.10300,0.18010,0.18280,0.18560,1.12860,0.34050,0.40750,0.26920,0.20120,0.17600,0.57590,0.21830,1.12980,0.15270,0.17440,0.15980,1.11740,0.25000,0.22770,0.08910,0.15740,0.12570,0.34530,0.10420,1.15620,0.11880,0.13640,0.11210,1.13300,0.13170,0.18010
4:50:34,0.32350,0.14100,0.63790,0.14090,0.50090,0.15260,0.19590,0.14750,0.20420,0.16420,0.37030,0.18810,0.25740,0.59330,0.52760,1.10360,0.38780,1.12480,0.18540,1.13610,0.19480,0.32140,0.29590,0.44140,0.18800,0.45840,0.36680,1.11470,0.27410,1.13480,0.16550,1.14150,0.16650,0.28520,0.23740,0.34230,0.11570,0.31620,0.13700,1.11020,0.14290,1.08050,0.13840,1.16120,0.14080,0.22320,0.15510,0.23470,0.53070,0.13310,0.25080,0.13670,0.36500,0.14180,0.20360,0.14640,0.21590,0.15200,0.45720,0.15090,0.44420,0.24230,0.21500,0.77170,0.32180,1.10130,0.18280,0.18550,0.18880,1.12670,0.34870,0.41780,0.27520,0.20480,0.17870,0.58970,0.22270,1.12850,0.15480,0.17670,0.16240,1.11590,0.25520,0.23230,0.08930,0.15980,0.12700,0.35290,0.10530,1.15400,0.12020,0.13800,0.11340,1.13060,0.13350,0.18330
5:00:34,0.33080,0.14290,0.65130,0.14260,0.51170,0.15430,0.19830,0.14950,0.20730,0.16620,0.37840,0.18990,0.26300,0.60600,0.54030,1.10270,0.39670,1.12370,0.18820,1.13480,0.19740,0.32820,0.30120,0.45100,0.19140,0.46930,0.37520,1.11360,0.27980,1.14180,0.16780,1.13810,0.16890,0.29100,0.24160,0.34960,0.11680,0.32310,0.13850,1.11630,0.14460,1.08670,0.14000,1.16070,0.14260,0.22710,0.15690,0.23900,0.54310,0.13440,0.25580,0.13810,0.37330,0.14340,0.20680,0.14790,0.21980,0.15370,0.46770,0.15240,0.45480,0.24700,0.21890,0.78630,0.32770,1.09970,0.18550,0.18830,0.19220,1.12550,0.35660,0.42780,0.28130,0.20840,0.18150,0.60300,0.22710,1.12640,0.15700,0.17900,0.16480,1.11390,0.26040,0.23750,0.08960,0.16210,0.12830,0.36050,0.10650,1.15210,0.12160,0.13990,0.11480,1.12850,0.13480,0.18690
5:10:34,0.33810,0.14470,0.66550,0.14460,0.52400,0.15610,0.20120,0.15140,0.21040,0.16810,0.38640,0.19160,0.26840,0.61930,0.55260,1.10110,0.40560,1.12190,0.19100,1.13330,0.20020,0.33480,0.30660,0.46080,0.19500,0.48030,0.38380,1.11280,0.28560,1.14720,0.17020,1.13820,0.17120,0.29690,0.24600,0.35720,0.11810,0.33010,0.14030,1.12190,0.14630,1.09250,0.14190,1.16000,0.14440,0.23100,0.15880,0.24340,0.55570,0.13620,0.26110,0.13980,0.38210,0.14530,0.21020,0.14960,0.22380,0.15560,0.47840,0.15420,0.46540,0.25180,0.22300,0.80080,0.33360,1.09850,0.18840,0.19120,0.19570,1.12410,0.36490,0.43810,0.28760,0.21210,0.18460,0.61640,0.23170,1.12520,0.15930,0.18140,0.16740,1.11310,0.26570,0.24280,0.09020,0.16470,0.12980,0.36820,0.10810,1.15030,0.12310,0.14180,0.11610,1.12660,0.13640,0.19080
5:20:34,0.34550,0.14580,0.67830,0.14560,0.53430,0.15760,0.20400,0.15320,0.21350,0.17000,0.39400,0.19340,0.27400,0.63220,0.56480,1.09980,0.41460,1.12140,0.19380,1.13230,0.20280,0.34120,0.31200,0.47020,0.19850,0.49070,0.39220,1.11100,0.29140,1.15210,0.17250,1.13630,0.17360,0.30260,0.25020,0.36450,0.11930,0.33710,0.14190,1.12740,0.14810,1.09710,0.14350,1.15900,0.14600,0.23490,0.16050,0.24770,0.56770,0.13750,0.26600,0.14140,0.39010,0.14710,0.21340,0.15140,0.22770,0.15730,0.48890,0.15580,0.47580,0.25650,0.22700,0.81450,0.33940,1.09700,0.19130,0.19400,0.19900,1.12230,0.37280,0.44790,0.29380,0.21580,0.18750,0.62940,0.23620,1.12390,0.16160,0.18380,0.16990,1.11120,0.27090,0.24780,0.09070,0.16720,0.13130,0.37580,0.10970,1.14840,0.12460,0.14370,0.11750,1.12460,0.13800,0.19470
5:30:34,0.35280,0.14710,0.69200,0.14730,0.54600,0.15950,0.20690,0.15510,0.21660,0.17180,0.40220,0.19530,0.27950,0.64560,0.57650,1.09830,0.42360,1.11950,0.19670,1.13130,0.20550,0.34790,0.31730,0.47960,0.20230,0.50130,0.40060,1.10940,0.29710,1.15670,0.17490,1.13640,0.17570,0.30830,0.25460,0.37170,0.12080,0.34410,0.14360,1.13130,0.14990,1.10140,0.14530,1.15860,0.14760,0.23880,0.16240,0.25210,0.57980,0.13910,0.27120,0.14320,0.39850,0.14890,0.21670,0.15320,0.23170,0.15910,0.49890,0.15740,0.48630,0.26120,0.23110,0.82800,0.34540,1.09600,0.19400,0.19690,0.20250,1.12140,0.38060,0.45800,0.30000,0.21960,0.19040,0.64220,0.24080,1.12280,0.16400,0.18620,0.17260,1.11030,0.27620,0.25290,0.09140,0.16980,0.13280,0.38350,0.11130,1.14650,0.12610,0.14560,0.11910,1.12260,0.13980,0.19870
5:40:34,0.35980,0.14900,0.70450,0.14950,0.55680,0.16100,0.20940,0.15680,0.21960,0.17340,0.40960,0.19680,0.28490,0.65840,0.58860,1.09700,0.43230,1.11830,0.19940,1.13010,0.20800,0.35430,0.32240,0.48870,0.20580,0.51140,0.40890,1.10810,0.30270,1.16010,0.17710,1.13500,0.17790,0.31390,0.25880,0.37880,0.12210,0.35080,0.14530,1.13410,0.15160,1.10480,0.14710,1.15700,0.14930,0.24270,0.16400,0.25630,0.59160,0.14050,0.27620,0.14490,0.40670,0.15060,0.21980,0.15480,0.23560,0.16090,0.50900,0.15900,0.49660,0.26600,0.23500,0.84070,0.35110,1.09510,0.19690,0.19960,0.20580,1.12010,0.38850,0.46780,0.30630,0.22330,0.19330,0.65470,0.24530,1.12180,0.16610,0.18860,0.17520,1.10890,0.28130,0.25770,0.09180,0.17230,0.13420,0.39100,0.11290,1.14470,0.12760,0.14740,0.12050,1.12110,0.14150,0.20250
5:50:34,0.36690,0.15020,0.71760,0.15090,0.56810,0.16270,0.21260,0.15850,0.22250,0.17490,0.41700,0.19860,0.29010,0.67140,0.59990,1.09630,0.44060,1.11830,0.20200,1.12930,0.21040,0.36020,0.32740,0.49750,0.20920,0.52160,0.41690,1.10770,0.30830,1.16240,0.17930,1.13280,0.17990,0.31950,0.26270,0.38580,0.12320,0.35750,0.14660,1.13720,0.15320,1.10760,0.14870,1.15580,0.15060,0.24640,0.16560,0.26020,0.60310,0.14180,0.28100,0.14640,0.41480,0.15220,0.22290,0.15610,0.23930,0.16230,0.51940,0.16040,0.50660,0.27050,0.23890,0.85310,0.35700,1.09350,0.19960,0.20230,0.20900,1.11850,0.39620,0.47740,0.31230,0.22680,0.19600,0.66700,0.24960,1.12000,0.16820,0.19080,0.17770,1.10750,0.28620,0.26210,0.09200,0.17460,0.13550,0.39830,0.11430,1.14340,0.12910,0.14910,0.12190,1.11930,0.14290,0.20620
6:00:34,0.37390,0.15200,0.72970,0.15260,0.57860,0.16430,0.21520,0.16010,0.22540,0.17670,0.42450,0.20020,0.29550,0.68320,0.61110,1.09460,0.44900,1.11700,0.20470,1.12760,0.21300,0.36650,0.33250,0.50630,0.21280,0.53160,0.42520,1.10640,0.31380,1.16470,0.18150,1.13240,0.18220,0.32510,0.26690,0.39270,0.12440,0.36440,0.14810,1.13880,0.15480,1.10980,0.15030,1.15530,0.15230,0.25010,0.16730,0.26440,0.61450,0.14310,0.28610,0.14790,0.42310,0.15380,0.22600,0.15770,0.24320,0.16390,0.52950,0.16190,0.51640,0.27510,0.24270,0.86480,0.36260,1.09240,0.20220,0.20500,0.21230,1.11710,0.40400,0.48710,0.31830,0.23030,0.19890,0.67890,0.25390,1.11920,0.17040,0.19310,0.18020,1.10630,0.29140,0.26700,0.09250,0.17700,0.13680,0.40540,0.11580,1.14120,0.13050,0.15080,0.12340,1.11710,0.14460,0.21000
6:10:34,0.38080,0.15400,0.74090,0.15450,0.58810,0.16580,0.21760,0.16170,0.22850,0.17810,0.43180,0.20180,0.30070,0.69410,0.62220,1.09360,0.45790,1.11440,0.20740,1.12640,0.21550,0.37300,0.33750,0.51560,0.21630,0.54190,0.43320,1.10570,0.31920,1.16660,0.18360,1.13060,0.18420,0.33040,0.27090,0.39930,0.12570,0.37090,0.14950,1.14020,0.15650,1.11150,0.15180,1.15370,0.15380,0.25380,0.16880,0.26850,0.62540,0.14440,0.29100,0.14940,0.43070,0.15540,0.22900,0.15930,0.24700,0.16560,0.53910,0.16320,0.52630,0.27970,0.24650,0.87630,0.36830,1.09090,0.20490,0.20760,0.21550,1.11580,0.41150,0.49650,0.32440,0.23390,0.20160,0.69050,0.25830,1.11800,0.17260,0.19530,0.18270,1.10510,0.29650,0.27190,0.09300,0.17940,0.13820,0.41250,0.11730,1.13960,0.13200,0.15260,0.12470,1.11540,0.14620,0.21380
6:20:34,0.38760,0.15500,0.75210,0.15610,0.59790,0.16740,0.22020,0.16320,0.23130,0.17940,0.43910,0.20330,0.30590,0.70530,0.63290,1.09150,0.46600,1.11360,0.20990,1.12510,0.21790,0.37910,0.34240,0.52420,0.21960,0.55110,0.44110,1.10450,0.32470,1.16830,0.18580,1.13010,0.18610,0.33570,0.27470,0.40610,0.12680,0.37710,0.15100,1.14130,0.15800,1.11300,0.15320,1.15170,0.15530,0.25720,0.17020,0.27220,0.63630,0.14570,0.29570,0.15090,0.43850,0.15690,0.23190,0.16070,0.25080,0.16680,0.54850,0.16460,0.53610,0.28400,0.25020,0.88700,0.37390,1.08990,0.20750,0.21020,0.21860,1.11460,0.41880,0.50550,0.33020,0.23740,0.20430,0.70180,0.26250,1.11660,0.17450,0.19750,0.18500,1.10340,0.30130,0.27650,0.09330,0.18170,0.13940,0.41960,0.11880,1.13760,0.13320,0.15410,0.12600,1.11370,0.14760,0.21740
6:30:34,0.39430,0.15680,0.76290,0.15670,0.60800,0.16910,0.22300,0.16480,0.23440,0.18100,0.44680,0.20500,0.31100,0.71680,0.64350,1.09030,0.47370,1.11310,0.21240,1.12380,0.22040,0.38510,0.34750,0.53280,0.22310,0.56070,0.44880,1.10290,0.33020,1.16940,0.18820,1.12930,0.18830,0.34110,0.27870,0.41300,0.12800,0.38400,0.15250,1.14240,0.15980,1.11410,0.15490,1.15000,0.15690,0.26070,0.17170,0.27630,0.64690,0.14710,0.30050,0.15240,0.44640,0.15860,0.23500,0.16240,0.25460,0.16820,0.55790,0.16610,0.54570,0.28860,0.25400,0.89770,0.37940,1.08870,0.21010,0.21290,0.22170,1.11320,0.42610,0.51470,0.33620,0.24090,0.20710,0.71300,0.26680,1.11520,0.17670,0.19980,0.18750,1.10220,0.30640,0.28160,0.09400,0.18400,0.14080,0.42680,0.12030,1.13610,0.13480,0.15590,0.12740,1.11180,0.14910,0.22150
6:40:34,0.40130,0.15720,0.77420,0.15780,0.61790,0.17060,0.22570,0.16650,0.23710,0.18260,0.45410,0.20620,0.31650,0.72780,0.65400,1.08940,0.48230,1.11170,0.21490,1.12290,0.22280,0.39150,0.35250,0.54130,0.22660,0.56960,0.45670,1.10220,0.33560,1.17040,0.19030,1.12750,0.19040,0.34650,0.28260,0.41970,0.12930,0.39060,0.15400,1.14390,0.16140,1.11520,0.15650,1.14940,0.15860,0.26420,0.17320,0.28020,0.65760,0.14850,0.30530,0.15400,0.45400,0.16020,0.23820,0.16390,0.25830,0.16980,0.56760,0.16750,0.55510,0.29310,0.25790,0.90780,0.38510,1.08750,0.21280,0.21560,0.22480,1.11180,0.43360,0.52410,0.34210,0.24450,0.20990,0.72370,0.27120,1.11470,0.17890,0.20200,0.19010,1.10100,0.31130,0.28680,0.09460,0.18640,0.14210,0.43360,0.12200,1.13490,0.13630,0.15770,0.12890,1.10980,0.15060,0.22550
6:50:34,0.40800,0.15870,0.78520,0.16030,0.62780,0.17230,0.22850,0.16800,0.24000,0.18430,0.46140,0.20780,0.32160,0.73830,0.66420,1.08830,0.49040,1.11050,0.21760,1.12170,0.22530,0.39770,0.35720,0.54940,0.23000,0.57980,0.46460,1.10090,0.34120,1.17090,0.19260,1.12590,0.19260,0.35180,0.28660,0.42630,0.13060,0.39690,0.15540,1.14520,0.16310,1.11590,0.15800,1.14810,0.16020,0.26780,0.17470,0.28420,0.66820,0.15000,0.31000,0.15560,0.46160,0.16180,0.24130,0.16530,0.26230,0.17150,0.57700,0.16900,0.56450,0.29760,0.26170,0.91760,0.39070,1.08620,0.21550,0.21830,0.22790,1.11060,0.44100,0.53310,0.34800,0.24800,0.21270,0.73440,0.27550,1.11350,0.18090,0.20420,0.19250,1.09990,0.31610,0.29210,0.09540,0.18890,0.14340,0.44070,0.12360,1.13270,0.13780,0.15940,0.13030,1.10810,0.15220,0.22950
7:00:34,0.41470,0.16000,0.79530,0.16160,0.63740,0.17350,0.23100,0.16930,0.24280,0.18550,0.46830,0.20900,0.32670,0.74870,0.67470,1.08710,0.49820,1.11020,0.22010,1.12060,0.22750,0.40340,0.36200,0.55760,0.23340,0.58900,0.47240,1.10160,0.34640,1.17130,0.19470,1.12450,0.19450,0.35680,0.29020,0.43270,0.13190,0.40310,0.15690,1.14440,0.16460,1.11600,0.15950,1.14670,0.16180,0.27110,0.17610,0.28800,0.67840,0.15140,0.31470,0.15700,0.46920,0.16330,0.24430,0.16670,0.26590,0.17290,0.58580,0.17040,0.57350,0.30200,0.26530,0.92690,0.39610,1.08490,0.21800,0.22080,0.23100,1.10890,0.44810,0.54190,0.35390,0.25140,0.21550,0.74490,0.27960,1.11220,0.18290,0.20640,0.19480,1.09850,0.32110,0.29700,0.09600,0.19120,0.14470,0.44760,0.12520,1.13140,0.13920,0.16110,0.13180,1.10590,0.15380,0.23350
7:10:34,0.42100,0.16160,0.80570,0.16330,0.64730,0.17490,0.23360,0.17060,0.24540,0.18670,0.47520,0.21020,0.33140,0.75960,0.68470,1.08570,0.50570,1.10910,0.22260,1.11970,0.22980,0.40950,0.36660,0.56570,0.23640,0.59770,0.47990,1.09780,0.35160,1.17140,0.19660,1.12400,0.19630,0.36220,0.29380,0.43880,0.13280,0.40920,0.15810,1.14440,0.16610,1.11630,0.16080,1.14530,0.16310,0.27440,0.17730,0.29150,0.68800,0.15240,0.31910,0.15820,0.47650,0.16470,0.24720,0.16800,0.26930,0.17420,0.59460,0.17160,0.58260,0.30610,0.26890,0.93530,0.40130,1.08420,0.22050,0.22320,0.23390,1.10780,0.45520,0.55070,0.35950,0.25460,0.21800,0.75470,0.28360,1.11070,0.18490,0.20840,0.19700,1.09740,0.32560,0.30120,0.09610,0.19330,0.14590,0.45410,0.12650,1.12990,0.14040,0.16240,0.13300,1.10490,0.15520,0.23690
7:20:34,0.42710,0.16270,0.81510,0.16440,0.65600,0.17620,0.23570,0.17180,0.24790,0.18790,0.48180,0.21110,0.33630,0.76910,0.69370,1.08440,0.51310,1.10780,0.22490,1.11770,0.23190,0.41490,0.37100,0.57330,0.23950,0.60650,0.48710,1.09770,0.35650,1.17110,0.19850,1.12230,0.19800,0.36670,0.29740,0.44470,0.13390,0.41540,0.15940,1.14400,0.16730,1.11580,0.16210,1.14330,0.16430,0.27740,0.17870,0.29470,0.69700,0.15340,0.32350,0.15940,0.48340,0.16590,0.24970,0.16920,0.27260,0.17550,0.60330,0.17270,0.59110,0.31000,0.27220,0.94330,0.40640,1.08200,0.22280,0.22530,0.23660,1.10630,0.46200,0.55890,0.36490,0.25780,0.22040,0.76410,0.28760,1.10980,0.18670,0.21020,0.19920,1.09570,0.33020,0.30520,0.09620,0.19530,0.14690,0.46060,0.12770,1.12800,0.14160,0.16380,0.13410,1.10220,0.15650,0.24020
7:30:34,0.43320,0.16370,0.82440,0.16570,0.66510,0.17750,0.23820,0.17300,0.25030,0.18920,0.48800,0.21200,0.34090,0.77900,0.70340,1.08310,0.52090,1.10650,0.22720,1.11690,0.23400,0.42010,0.37550,0.58070,0.24250,0.61500,0.49440,1.09570,0.36140,1.17130,0.20050,1.12090,0.19970,0.37180,0.30090,0.45090,0.13480,0.42130,0.16050,1.14430,0.16870,1.11610,0.16320,1.14210,0.16550,0.28050,0.17990,0.29830,0.70660,0.15440,0.32780,0.16060,0.49050,0.16720,0.25240,0.17030,0.27600,0.17650,0.61190,0.17390,0.59980,0.31400,0.27570,0.95150,0.41150,1.08110,0.22500,0.22760,0.23940,1.10510,0.46860,0.56700,0.37050,0.26090,0.22280,0.77350,0.29160,1.10830,0.18850,0.21210,0.20130,1.09450,0.33480,0.30940,0.09640,0.19730,0.14790,0.46720,0.12890,1.12600,0.14290,0.16530,0.13520,1.10070,0.15770,0.24360
7:40:34,0.43940,0.16550,0.83250,0.16650,0.67310,0.17870,0.24030,0.17410,0.25310,0.19030,0.49460,0.21320,0.34560,0.78870,0.71260,1.08180,0.52800,1.10510,0.22940,1.11520,0.23600,0.42570,0.38010,0.58870,0.24540,0.62370,0.50140,1.09480,0.36640,1.17080,0.20250,1.12000,0.20150,0.37650,0.30420,0.45670,0.13560,0.42700,0.16180,1.14340,0.16990,1.11520,0.16440,1.14020,0.16650,0.28360,0.18120,0.30170,0.71540,0.15540,0.33220,0.16190,0.49770,0.16840,0.25510,0.17150,0.27920,0.17760,0.61980,0.17500,0.60810,0.31790,0.27900,0.95900,0.41660,1.07950,0.22730,0.22980,0.24220,1.10330,0.47540,0.57520,0.37570,0.26390,0.22510,0.78240,0.29540,1.10670,0.19020,0.21400,0.20350,1.09320,0.33930,0.31340,0.09650,0.19910,0.14890,0.47360,0.13010,1.12440,0.14410,0.16660,0.13640,1.09900,0.15900,0.24670
7:50:34,0.44570,0.16590,0.84180,0.16790,0.68210,0.18010,0.24270,0.17560,0.25530,0.19160,0.50150,0.21410,0.35040,0.79650,0.72160,1.08050,0.53560,1.10400,0.23170,1.11430,0.23810,0.43130,0.38470,0.59610,0.24850,0.63210,0.50870,1.09360,0.37140,1.17030,0.20440,1.11870,0.20340,0.38140,0.30780,0.46260,0.13670,0.43320,0.16310,1.14210,0.17150,1.11450,0.16580,1.13870,0.16760,0.28660,0.18250,0.30510,0.72430,0.15660,0.33630,0.16320,0.50470,0.16990,0.25800,0.17270,0.28250,0.17920,0.62790,0.17630,0.61630,0.32200,0.28240,0.96570,0.42170,1.07820,0.22960,0.23200,0.24500,1.10180,0.48190,0.58300,0.38110,0.26700,0.22750,0.79120,0.29910,1.10560,0.19210,0.21580,0.20570,1.09150,0.34380,0.31790,0.09680,0.20120,0.14990,0.48000,0.13140,1.12270,0.14540,0.16810,0.13760,1.09690,0.16020,0.25040
8:00:34,0.45150,0.16660,0.85000,0.16900,0.69050,0.18130,0.24490,0.17670,0.25740,0.19270,0.50780,0.21510,0.35490,0.80570,0.73030,1.07950,0.54290,1.10120,0.23380,1.11260,0.23990,0.43680,0.38920,0.60340,0.25140,0.64030,0.51540,1.09230,0.37630,1.16950,0.20620,1.11600,0.20500,0.38600,0.31120,0.46840,0.13750,0.43850,0.16420,1.14220,0.17260,1.11370,0.16700,1.13710,0.16870,0.28940,0.18360,0.30830,0.73310,0.15740,0.34060,0.16440,0.51150,0.17110,0.26050,0.17380,0.28570,0.18030,0.63610,0.17730,0.62450,0.32590,0.28570,0.97270,0.42690,1.07660,0.23190,0.23410,0.24760,1.10070,0.48840,0.59100,0.38640,0.27000,0.22980,0.80000,0.30300,1.10490,0.19370,0.21760,0.20770,1.09040,0.34830,0.32230,0.09690,0.20300,0.15090,0.48630,0.13260,1.12130,0.14650,0.16920,0.13870,1.09510,0.16130,0.25360
8:10:34,0.45760,0.16770,0.85830,0.17030,0.69920,0.18260,0.24710,0.17800,0.25990,0.19390,0.51410,0.21630,0.35970,0.81480,0.73880,1.07820,0.55050,1.09980,0.23620,1.11080,0.24190,0.44220,0.39370,0.61070,0.25430,0.64830,0.52240,1.09110,0.38120,1.16920,0.20810,1.11630,0.20670,0.39080,0.31460,0.47400,0.13850,0.44430,0.16540,1.14090,0.17390,1.11360,0.16820,1.13600,0.17000,0.29250,0.18490,0.31170,0.74180,0.15860,0.34480,0.16580,0.51830,0.17240,0.26320,0.17500,0.28890,0.18150,0.64380,0.17830,0.63280,0.32970,0.28910,0.97890,0.43190,1.07550,0.23410,0.23640,0.25040,1.09920,0.49490,0.59870,0.39170,0.27300,0.23220,0.80840,0.30680,1.10310,0.19560,0.21930,0.20990,1.08890,0.35290,0.32660,0.09720,0.20490,0.15180,0.49260,0.13390,1.11950,0.14760,0.17070,0.13990,1.09320,0.16260,0.25680
8:20:34,0.46350,0.16850,0.86560,0.17130,0.70670,0.18360,0.24940,0.17920,0.26240,0.19510,0.52010,0.21730,0.36430,0.82300,0.74760,1.07650,0.55710,1.09980,0.23830,1.10990,0.24380,0.44740,0.39800,0.61770,0.25730,0.65660,0.52920,1.09030,0.38610,1.16830,0.21000,1.11530,0.20830,0.39510,0.31790,0.47990,0.13940,0.45010,0.16650,1.13940,0.17520,1.11240,0.16950,1.13450,0.17100,0.29550,0.18590,0.31500,0.75010,0.15940,0.34890,0.16690,0.52510,0.17370,0.26570,0.17610,0.29210,0.18260,0.65180,0.17940,0.64050,0.33360,0.29240,0.98520,0.43670,1.07390,0.23640,0.23850,0.25310,1.09750,0.50100,0.60640,0.39690,0.27610,0.23450,0.81660,0.31060,1.10170,0.19730,0.22110,0.21180,1.08780,0.35740,0.33070,0.09740,0.20670,0.15280,0.49860,0.13510,1.11770,0.14890,0.17210,0.14100,1.09130,0.16370,0.26000
8:30:33,0.46920,0.17000,0.87420,0.17250,0.71510,0.18470,0.25170,0.18030,0.26480,0.19610,0.52590,0.21840,0.36900,0.83120,0.75610,1.07600,0.56460,1.09850,0.24040,1.10920,0.24580,0.45280,0.40260,0.62510,0.26010,0.66410,0.53600,1.08900,0.39080,1.16770,0.21180,1.11430,0.20980,0.39990,0.32140,0.48560,0.14040,0.45560,0.16760,1.13890,0.17640,1.11140,0.17080,1.13290,0.17210,0.29870,0.18690,0.31840,0.75840,0.16040,0.35320,0.16810,0.53170,0.17490,0.26850,0.17720,0.29550,0.18340,0.66000,0.18050,0.64850,0.33750,0.29550,0.99040,0.44150,1.07290,0.23870,0.24070,0.25600,1.09650,0.50760,0.61420,0.40210,0.27900,0.23670,0.82430,0.31430,1.10080,0.19910,0.22290,0.21380,1.08660,0.36180,0.33510,0.09770,0.20860,0.15380,0.50430,0.13630,1.11610,0.15000,0.17330,0.14220,1.08940,0.16490,0.26330
8:40:34,0.47490,0.17100,0.88130,0.17430,0.72290,0.18580,0.25380,0.18130,0.26690,0.19700,0.53180,0.21880,0.37330,0.83900,0.76410,1.07440,0.57100,1.09800,0.24250,1.10730,0.24760,0.45770,0.40660,0.63180,0.26300,0.67170,0.54240,1.08770,0.39540,1.16670,0.21360,1.11260,0.21150,0.40410,0.32460,0.49110,0.14110,0.46120,0.16860,1.13720,0.17770,1.11020,0.17200,1.13120,0.17300,0.30140,0.18790,0.32140,0.76590,0.16120,0.35700,0.16910,0.53820,0.17600,0.27080,0.17820,0.29850,0.18450,0.66700,0.18160,0.65620,0.34110,0.29870,0.99580,0.44620,1.07140,0.24070,0.24260,0.25870,1.09480,0.51360,0.62120,0.40700,0.28190,0.23880,0.83160,0.31800,1.09910,0.20080,0.22450,0.21560,1.08480,0.36590,0.33880,0.09750,0.21030,0.15460,0.51040,0.13720,1.11410,0.15110,0.17450,0.14310,1.08750,0.16600,0.26620
8:50:34,0.48070,0.17290,0.88890,0.17490,0.73120,0.18720,0.25610,0.18260,0.26940,0.19820,0.53840,0.22010,0.37790,0.84670,0.77240,1.07280,0.57800,1.09620,0.24470,1.10590,0.24960,0.46300,0.41120,0.63880,0.26600,0.67930,0.54920,1.08570,0.40030,1.16610,0.21550,1.11130,0.21330,0.40900,0.32800,0.49680,0.14210,0.46690,0.16980,1.13680,0.17910,1.10950,0.17320,1.12990,0.17430,0.30460,0.18910,0.32510,0.77400,0.16240,0.36120,0.17040,0.54480,0.17740,0.27360,0.17950,0.30170,0.18560,0.67500,0.18280,0.66390,0.34500,0.30210,1.00110,0.45110,1.07010,0.24300,0.24480,0.26130,1.09340,0.52010,0.62870,0.41220,0.28500,0.24120,0.83940,0.32190,1.09810,0.20270,0.22630,0.21760,1.08380,0.37030,0.34360,0.09800,0.21230,0.15560,0.51650,0.13860,1.11250,0.15230,0.17590,0.14430,1.08630,0.16740,0.26960
9:00:34,0.48690,0.17370,0.89520,0.17640,0.73810,0.18840,0.25820,0.18370,0.27190,0.19930,0.54430,0.22050,0.38250,0.85490,0.78020,1.07190,0.58450,1.09600,0.24710,1.10500,0.25170,0.46790,0.41580,0.64590,0.26890,0.68720,0.55620,1.08590,0.40520,1.16560,0.21740,1.11050,0.21520,0.41310,0.33130,0.50270,0.14310,0.47280,0.17120,1.13530,0.18040,1.10830,0.17460,1.12820,0.17560,0.30740,0.19040,0.32820,0.78150,0.16350,0.36500,0.17160,0.55110,0.17880,0.27620,0.18060,0.30490,0.18690,0.68200,0.18410,0.67140,0.34880,0.30540,1.00610,0.45630,1.06880,0.24520,0.24690,0.26410,1.09240,0.52660,0.63620,0.41740,0.28800,0.24350,0.84660,0.32590,1.09650,0.20450,0.22810,0.21980,1.08260,0.37480,0.34830,0.09860,0.21420,0.15670,0.52280,0.13990,1.11080,0.15360,0.17710,0.14550,1.08450,0.16860,0.27330
9:10:34,0.49260,0.17500,0.90240,0.17760,0.74590,0.18960,0.26030,0.18470,0.27410,0.20020,0.55000,0.22160,0.38710,0.86190,0.78790,1.07080,0.59150,1.09450,0.24940,1.10350,0.25360,0.47300,0.42020,0.65260,0.27190,0.69460,0.56260,1.08450,0.41000,1.16490,0.21930,1.10990,0.21680,0.41770,0.33470,0.50820,0.14420,0.47810,0.17250,1.13420,0.18190,1.10710,0.17590,1.12720,0.17670,0.31040,0.19160,0.33140,0.78910,0.16470,0.36940,0.17290,0.55790,0.18020,0.27880,0.18180,0.30810,0.18820,0.68930,0.18540,0.67890,0.35250,0.30860,1.01110,0.46120,1.06750,0.24740,0.24890,0.26680,1.09090,0.53270,0.64360,0.42260,0.29100,0.24590,0.85360,0.32950,1.09540,0.20640,0.22990,0.22190,1.08170,0.37950,0.35320,0.09930,0.21620,0.15790,0.52880,0.14140,1.10950,0.15490,0.17850,0.14690,1.08270,0.17000,0.27690
9:20:34,0.49840,0.17550,0.90850,0.17860,0.75270,0.19090,0.26250,0.18590,0.27670,0.20140,0.55590,0.22250,0.39170,0.86950,0.79560,1.06960,0.59880,1.09220,0.25180,1.10300,0.25580,0.47790,0.42450,0.65890,0.27490,0.70210,0.56930,1.08330,0.41500,1.16410,0.22120,1.10830,0.21850,0.42250,0.33790,0.51360,0.14530,0.48380,0.17380,1.13320,0.18330,1.10630,0.17730,1.12610,0.17800,0.31350,0.19250,0.33490,0.79650,0.16580,0.37340,0.17410,0.56440,0.18150,0.28150,0.18310,0.31110,0.18930,0.69650,0.18650,0.68610,0.35630,0.31200,1.01520,0.46610,1.06600,0.24970,0.25100,0.26950,1.08980,0.53890,0.65080,0.42780,0.29400,0.24810,0.86060,0.33350,1.09440,0.20820,0.23180,0.22410,1.08060,0.38380,0.35800,0.09980,0.21810,0.15890,0.53470,0.14270,1.10780,0.15610,0.17990,0.14800,1.08110,0.17130,0.28040
9:30:34,0.50390,0.17630,0.91490,0.17980,0.76040,0.19200,0.26470,0.18690,0.27890,0.20260,0.56170,0.22400,0.39630,0.87780,0.80330,1.06850,0.60580,1.09200,0.25420,1.10170,0.25800,0.48330,0.42890,0.66600,0.27790,0.70970,0.57600,1.08230,0.41990,1.16390,0.22310,1.10710,0.22020,0.42700,0.34130,0.51940,0.14640,0.48910,0.17500,1.13240,0.18480,1.10520,0.17870,1.12460,0.17920,0.31630,0.19370,0.33820,0.80370,0.16680,0.37750,0.17540,0.57070,0.18300,0.28430,0.18430,0.31430,0.19060,0.70420,0.18770,0.69340,0.36030,0.31530,1.01940,0.47100,1.06520,0.25190,0.25320,0.27230,1.08870,0.54520,0.65790,0.43290,0.29710,0.25040,0.86720,0.33740,1.09320,0.21010,0.23360,0.22600,1.07930,0.38810,0.36290,0.10060,0.22000,0.16010,0.54050,0.14410,1.10610,0.15740,0.18120,0.14930,1.07940,0.17260,0.28390
9:40:34,0.50970,0.17760,0.92110,0.18120,0.76710,0.19310,0.26700,0.18810,0.28110,0.20350,0.56780,0.22480,0.40090,0.88360,0.81020,1.06730,0.61180,1.09100,0.25650,1.10040,0.25990,0.48790,0.43310,0.67220,0.28090,0.71620,0.58240,1.08100,0.42450,1.16330,0.22480,1.10610,0.22180,0.43130,0.34440,0.52470,0.14740,0.49510,0.17620,1.13080,0.18620,1.10430,0.18000,1.12320,0.18010,0.31930,0.19490,0.34150,0.81080,0.16820,0.38170,0.17660,0.57720,0.18430,0.28680,0.18560,0.31750,0.19190,0.71070,0.18880,0.70050,0.36420,0.31860,1.02330,0.47570,1.06400,0.25420,0.25530,0.27480,1.08730,0.55130,0.66490,0.43810,0.30000,0.25270,0.87400,0.34110,1.09170,0.21180,0.23540,0.22810,1.07800,0.39230,0.36750,0.10110,0.22190,0.16110,0.54620,0.14550,1.10430,0.15860,0.18260,0.15060,1.07790,0.17410,0.28730
9:50:34,0.51530,0.17850,0.92770,0.18250,0.77440,0.19410,0.26900,0.18930,0.28350,0.20480,0.57370,0.22570,0.40530,0.89080,0.81780,1.06650,0.61880,1.08950,0.25860,1.09930,0.26160,0.49330,0.43720,0.67850,0.28390,0.72350,0.58890,1.07970,0.42940,1.16210,0.22670,1.10330,0.22360,0.43580,0.34800,0.53020,0.14850,0.49990,0.17760,1.13020,0.18770,1.10330,0.18140,1.12200,0.18160,0.32260,0.19630,0.34480,0.81790,0.16930,0.38560,0.17790,0.58310,0.18580,0.28950,0.18640,0.32080,0.19330,0.71800,0.19000,0.70770,0.36800,0.32190,1.02690,0.48080,1.06280,0.25650,0.25760,0.27770,1.08600,0.55720,0.67180,0.44310,0.30310,0.25510,0.88000,0.34490,1.09100,0.21370,0.23720,0.23020,1.07710,0.39650,0.37240,0.10190,0.22400,0.16230,0.55210,0.14700,1.10330,0.16000,0.18400,0.15190,1.07610,0.17540,0.29110
10:00:34,0.52070,0.17990,0.93280,0.18360,0.78080,0.19550,0.27100,0.19060,0.28560,0.20590,0.57910,0.22670,0.40970,0.89690,0.82490,1.06500,0.62490,1.08870,0.26090,1.09810,0.26370,0.49760,0.44140,0.68500,0.28700,0.73030,0.59510,1.07800,0.43390,1.16150,0.22850,1.10360,0.22530,0.44000,0.35100,0.53540,0.14940,0.50570,0.17880,1.12850,0.18890,1.10180,0.18270,1.12070,0.18280,0.32530,0.19730,0.34770,0.82460,0.17020,0.38960,0.17890,0.58920,0.18710,0.29210,0.18750,0.32360,0.19440,0.72460,0.19110,0.71450,0.37180,0.32510,1.03010,0.48540,1.06170,0.25860,0.25970,0.28020,1.08500,0.56300,0.67840,0.44810,0.30610,0.25750,0.88610,0.34860,1.08950,0.21540,0.23880,0.23220,1.07580,0.40050,0.37700,0.10240,0.22580,0.16320,0.55780,0.14830,1.10180,0.16110,0.18530,0.15310,1.07460,0.17670,0.29430

