420

Time,A1,A2,A3,A4,A5,A6,A7,A8,A9,A10,A11,A12,B1,B2,B3,B4,B5,B6,B7,B8,B9,B10,B11,B12,C1,C2,C3,C4,C5,C6,C7,C8,C9,C10,C11,C12,D1,D2,D3,D4,D5,D6,D7,D8,D9,D10,D11,D12,E1,E2,E3,E4,E5,E6,E7,E8,E9,E10,E11,E12,F1,F2,F3,F4,F5,F6,F7,F8,F9,F10,F11,F12,G1,G2,G3,G4,G5,G6,G7,G8,G9,G10,G11,G12,H1,H2,H3,H4,H5,H6,H7,H8,H9,H10,H11,H12
0:00:34,0.17170,0.07840,0.09140,0.08430,0.11200,0.07940,0.12370,0.08470,0.09550,0.08680,0.09490,0.08600,0.17050,0.10000,0.09730,0.09050,0.10380,0.09820,0.10230,0.09730,0.09240,0.18570,0.09400,0.09330,0.12980,0.09710,0.10900,0.08920,0.09810,0.11480,0.09920,0.09910,0.09360,0.14840,0.08960,0.09020,0.09010,0.10330,0.07800,0.09300,0.08960,0.08840,0.08300,0.09620,0.08780,0.12300,0.08690,0.09960,0.11950,0.09400,0.11170,0.08860,0.09990,0.08550,0.09890,0.46060,0.09310,0.08570,0.08710,0.07790,0.11400,0.08980,0.10800,0.16060,0.09020,0.08890,0.08410,0.08970,0.08900,0.08710,0.09520,0.08890,0.10370,0.08650,0.09760,0.14070,0.08560,0.08610,0.08390,0.11490,0.08400,0.09080,0.08430,0.08520,0.08390,0.08320,0.08210,0.12660,0.08380,0.08560,0.08300,0.08870,0.08200,0.08880,0.08270,0.08480
0:10:34,0.33640,0.07710,0.12770,0.07730,0.16040,0.07850,0.21310,0.08380,0.09210,0.08580,0.10090,0.08520,0.32420,0.10280,0.12810,0.10100,0.13440,0.09820,0.15530,0.10610,0.08930,0.52930,0.09650,0.11110,0.20290,0.09980,0.12220,0.09550,0.11220,0.10970,0.13200,0.10440,0.09150,0.40240,0.09100,0.10020,0.08970,0.10320,0.07740,0.09440,0.08870,0.08680,0.08290,0.09820,0.08660,0.27570,0.08550,0.09570,0.18890,0.09310,0.16530,0.08730,0.11110,0.08420,0.09890,0.42680,0.09950,0.08730,0.08530,0.07710,0.16580,0.09080,0.14330,0.35660,0.09800,0.09030,0.08420,0.09430,0.09470,0.09330,0.09220,0.08940,0.12650,0.08620,0.11880,0.28310,0.08980,0.08660,0.08340,0.11440,0.08630,0.09300,0.08360,0.08560,0.08310,0.08280,0.08250,0.20470,0.08300,0.08510,0.08250,0.09110,0.08140,0.08900,0.08200,0.08480
0:20:34,0.53720,0.07710,0.17970,0.07750,0.21510,0.07840,0.31940,0.08360,0.09110,0.08540,0.10950,0.08490,0.48550,0.10790,0.16450,0.11160,0.16690,0.10040,0.22030,0.11950,0.08970,0.82270,0.10340,0.13440,0.28530,0.10460,0.13940,0.10280,0.12890,0.11050,0.16380,0.11150,0.09060,0.64920,0.09410,0.11420,0.08980,0.10470,0.07730,0.09720,0.08850,0.08720,0.08260,0.10250,0.08620,0.44140,0.08500,0.10350,0.27550,0.09270,0.22680,0.08680,0.12360,0.08350,0.09980,0.38720,0.10980,0.08700,0.08570,0.07720,0.22200,0.09310,0.18360,0.56420,0.10930,0.09320,0.08440,0.10110,0.10460,0.10160,0.09210,0.09310,0.15620,0.08800,0.14400,0.43560,0.09550,0.08900,0.08350,0.11610,0.09040,0.09730,0.08370,0.08730,0.08270,0.08310,0.08040,0.29000,0.08280,0.08590,0.08240,0.09400,0.08040,0.09180,0.08180,0.08540
0:30:34,0.73390,0.07720,0.23710,0.07760,0.27030,0.07840,0.44080,0.08370,0.09030,0.08530,0.12300,0.08500,0.64120,0.11560,0.20120,0.12300,0.20180,0.10320,0.29540,0.13440,0.09040,1.10040,0.11070,0.16250,0.36610,0.10940,0.16090,0.11410,0.14720,0.11080,0.20040,0.12110,0.08990,0.84830,0.09780,0.13240,0.09010,0.10590,0.07720,0.10040,0.08860,0.08800,0.08250,0.10730,0.08590,0.59140,0.08490,0.11210,0.36020,0.09250,0.29290,0.08660,0.13910,0.08390,0.10140,0.34990,0.12540,0.08700,0.08670,0.07750,0.27910,0.09300,0.22630,0.77000,0.12160,0.09650,0.08500,0.10940,0.11190,0.11080,0.09260,0.09660,0.18980,0.08980,0.16960,0.59060,0.10140,0.09150,0.08400,0.11910,0.09520,0.10340,0.08410,0.09020,0.08250,0.08370,0.08040,0.37710,0.08270,0.08690,0.08260,0.09750,0.07890,0.09550,0.08190,0.08670
0:40:34,0.92440,0.07770,0.28760,0.07800,0.33510,0.07880,0.57110,0.08390,0.09210,0.08570,0.13750,0.08560,0.80130,0.12420,0.24010,0.13740,0.24490,0.10700,0.37150,0.15000,0.09150,1.31070,0.11910,0.18950,0.45600,0.11480,0.18630,0.12420,0.16750,0.11190,0.23850,0.13170,0.08990,1.02590,0.10200,0.14880,0.09040,0.10710,0.07770,0.10440,0.08900,0.08960,0.08270,0.11290,0.08610,0.73970,0.08530,0.12230,0.44210,0.08650,0.36180,0.08680,0.15900,0.08460,0.10480,0.30590,0.14270,0.08730,0.08870,0.07880,0.35190,0.09520,0.27810,0.96760,0.13450,0.10040,0.08670,0.12290,0.12390,0.12080,0.09340,0.09990,0.22450,0.09190,0.19660,0.74370,0.10820,0.09400,0.08480,0.12340,0.10100,0.11050,0.08520,0.09270,0.08250,0.08480,0.08060,0.47490,0.08290,0.08890,0.08280,0.10170,0.07790,0.09980,0.08230,0.08800
0:50:17,1.07520,0.07810,0.34650,0.07870,0.40860,0.07940,0.68700,0.08490,0.09450,0.08810,0.15190,0.08840,0.94040,0.13320,0.29160,0.15200,0.28570,0.11200,0.44650,0.16710,0.09330,1.36130,0.13160,0.21960,0.54880,0.12040,0.20910,0.13590,0.19120,0.11320,0.27990,0.14210,0.09060,1.21480,0.10710,0.16730,0.09080,0.10820,0.07830,0.10930,0.08970,0.09160,0.08330,0.11970,0.08660,0.90310,0.08630,0.13520,0.52400,0.08680,0.43760,0.08730,0.17880,0.08520,0.10720,0.26540,0.16140,0.08820,0.09260,0.08070,0.42400,0.09990,0.33010,1.13800,0.14990,0.10430,0.08800,0.13600,0.13570,0.13180,0.09560,0.10500,0.26100,0.09370,0.22570,0.89320,0.11700,0.09670,0.08640,0.12680,0.10820,0.11790,0.08640,0.09520,0.08250,0.08600,0.08100,0.57820,0.08320,0.09180,0.08320,0.10680,0.07850,0.10470,0.08310,0.08950
1:00:34,1.17770,0.07920,0.38960,0.07960,0.47000,0.08020,0.79330,0.08570,0.09560,0.08820,0.16320,0.08720,1.04820,0.14320,0.33660,0.16720,0.32470,0.11580,0.51580,0.18340,0.09360,1.36410,0.14130,0.24700,0.63420,0.12670,0.23360,0.14830,0.21740,0.11560,0.32080,0.15320,0.09160,1.32140,0.11190,0.18690,0.09120,0.11070,0.07910,0.11450,0.09120,0.09420,0.08430,0.12740,0.08740,1.03840,0.08800,0.14960,0.60430,0.08760,0.51070,0.08840,0.19840,0.08600,0.11000,0.22840,0.17890,0.08970,0.09600,0.08300,0.49040,0.10450,0.38190,1.23940,0.16600,0.11070,0.08960,0.14800,0.14780,0.14340,0.09750,0.11100,0.29540,0.09550,0.25860,1.01040,0.12560,0.10070,0.08800,0.13740,0.11520,0.12530,0.08790,0.09760,0.08280,0.08740,0.08180,0.67030,0.08380,0.09460,0.08050,0.11220,0.07950,0.11040,0.08430,0.09070
1:10:34,1.23220,0.08020,0.43630,0.08060,0.52340,0.08120,0.88970,0.08700,0.09820,0.09030,0.17580,0.08930,1.12290,0.15310,0.37710,0.18250,0.36070,0.12000,0.58000,0.19950,0.09480,1.35020,0.15170,0.27690,0.70580,0.13270,0.25750,0.15960,0.24020,0.11860,0.35950,0.16330,0.09330,1.35710,0.11680,0.20570,0.08660,0.11360,0.08010,0.11930,0.09280,0.09650,0.08570,0.13490,0.08870,1.13170,0.09010,0.16780,0.67950,0.08280,0.57770,0.08960,0.21660,0.08610,0.11270,0.19490,0.19570,0.09140,0.09890,0.08570,0.55190,0.10870,0.43040,1.28650,0.18040,0.11690,0.09120,0.16150,0.15930,0.15420,0.09940,0.11630,0.32940,0.09720,0.28850,1.09450,0.13380,0.10460,0.08950,0.14750,0.12170,0.13270,0.08940,0.09980,0.08140,0.08870,0.08230,0.74550,0.08450,0.09680,0.08060,0.11760,0.08040,0.11600,0.08540,0.09180
1:20:34,1.25470,0.08150,0.48180,0.08180,0.57350,0.08240,0.96850,0.08830,0.10090,0.09320,0.18820,0.09330,1.17150,0.16220,0.41540,0.19700,0.39510,0.12370,0.64010,0.21510,0.09610,1.32720,0.16240,0.30600,0.76930,0.13940,0.28000,0.17070,0.26200,0.12180,0.39770,0.17280,0.09540,1.34890,0.12180,0.22460,0.08660,0.11650,0.08130,0.12450,0.09470,0.09900,0.08740,0.14220,0.09030,1.19500,0.09240,0.18220,0.74710,0.08410,0.63710,0.09110,0.23510,0.08670,0.11560,0.16750,0.21220,0.09360,0.10210,0.08950,0.60760,0.11260,0.47380,1.30210,0.19470,0.12270,0.09320,0.17460,0.17080,0.16510,0.10140,0.12140,0.36010,0.09950,0.31610,1.15490,0.14150,0.10830,0.09130,0.15800,0.12770,0.13970,0.09120,0.10170,0.08170,0.09010,0.08260,0.80950,0.08530,0.09920,0.08170,0.12330,0.08160,0.12130,0.08670,0.09300
1:30:34,1.25850,0.08290,0.52550,0.08330,0.62140,0.08370,1.03610,0.08980,0.10400,0.09640,0.20250,0.09780,1.20380,0.17120,0.45220,0.21030,0.42860,0.12820,0.69540,0.23170,0.09710,1.30640,0.17300,0.33300,0.82670,0.14610,0.30210,0.18150,0.28300,0.12570,0.43440,0.18280,0.09820,1.33290,0.12680,0.24200,0.08670,0.11960,0.08280,0.12970,0.09690,0.10200,0.08960,0.14980,0.09210,1.23600,0.09570,0.19650,0.80560,0.08540,0.69050,0.09270,0.25280,0.08780,0.11850,0.14600,0.22850,0.09600,0.10550,0.09350,0.65740,0.11550,0.51450,1.30290,0.20850,0.12620,0.09480,0.18620,0.18210,0.17570,0.10360,0.12610,0.39050,0.10230,0.34260,1.19680,0.14910,0.11170,0.09320,0.16280,0.13380,0.14660,0.09280,0.10360,0.08180,0.09150,0.08350,0.86520,0.08610,0.10150,0.08260,0.12810,0.08270,0.12640,0.08800,0.09410
1:40:34,1.25400,0.08470,0.57180,0.08520,0.66830,0.08560,1.09120,0.09210,0.10760,0.09970,0.21680,0.10000,1.22370,0.18030,0.48760,0.22340,0.46170,0.13370,0.74650,0.24850,0.09840,1.28990,0.18540,0.35990,0.87870,0.15320,0.32420,0.19300,0.30390,0.13010,0.46980,0.19260,0.10130,1.31660,0.13170,0.25870,0.08670,0.12290,0.08430,0.13470,0.09940,0.10500,0.09190,0.15750,0.09440,1.26230,0.09920,0.21150,0.85750,0.08680,0.74040,0.09450,0.27000,0.08910,0.12140,0.12930,0.24500,0.09880,0.10940,0.09750,0.70400,0.11820,0.55410,1.29660,0.22200,0.13080,0.09660,0.19820,0.19340,0.18660,0.10610,0.13030,0.41970,0.10450,0.36810,1.22440,0.15670,0.11530,0.09500,0.16940,0.13980,0.15370,0.09470,0.10540,0.08220,0.09290,0.08430,0.91480,0.08690,0.10400,0.08350,0.13270,0.08380,0.13160,0.08940,0.09510
1:50:34,1.24470,0.08680,0.60690,0.08730,0.71210,0.08760,1.13480,0.09430,0.11170,0.10300,0.23110,0.10440,1.23350,0.18920,0.52100,0.23620,0.49370,0.13970,0.79310,0.26560,0.09980,1.27570,0.19710,0.38590,0.92350,0.16050,0.34600,0.20480,0.32440,0.13490,0.50460,0.20290,0.10480,1.30230,0.13680,0.27530,0.08670,0.12640,0.08610,0.13990,0.10220,0.10850,0.09440,0.16540,0.09660,1.27660,0.10300,0.22710,0.90400,0.08860,0.78740,0.09670,0.28680,0.09120,0.12440,0.11750,0.26150,0.10180,0.11380,0.10120,0.74770,0.12140,0.59170,1.28690,0.23580,0.13580,0.09830,0.21010,0.20450,0.19770,0.10910,0.13480,0.44800,0.10700,0.39310,1.23950,0.16440,0.11910,0.09700,0.17390,0.14620,0.16110,0.09680,0.10730,0.08280,0.09430,0.08530,0.95760,0.08770,0.10650,0.08480,0.13760,0.08520,0.13700,0.09090,0.09620
2:00:34,1.23210,0.08870,0.64360,0.08940,0.75330,0.08970,1.16880,0.09650,0.11570,0.10620,0.24490,0.10850,1.23640,0.19790,0.55320,0.24890,0.52520,0.14470,0.83530,0.28180,0.10090,1.26310,0.20910,0.41090,0.96300,0.16780,0.36750,0.21620,0.34440,0.13950,0.53750,0.21280,0.10830,1.28850,0.14180,0.29160,0.08660,0.12980,0.08810,0.14520,0.10470,0.11180,0.09710,0.17340,0.09920,1.28210,0.10670,0.24240,0.94510,0.09030,0.83020,0.09880,0.30340,0.09260,0.12750,0.11070,0.27780,0.10480,0.11810,0.10470,0.78820,0.12440,0.62760,1.27610,0.24940,0.14100,0.10000,0.22190,0.21570,0.20880,0.11230,0.13940,0.47510,0.11010,0.41730,1.24620,0.17200,0.12330,0.09910,0.17970,0.15270,0.16850,0.09910,0.10900,0.08300,0.09570,0.08640,0.99720,0.08850,0.10920,0.08590,0.14220,0.08670,0.14240,0.09250,0.09710
2:10:34,1.22000,0.09050,0.67780,0.09140,0.79040,0.09140,1.19350,0.09820,0.11900,0.10850,0.25790,0.11200,1.23470,0.20640,0.58350,0.26110,0.55470,0.14930,0.87280,0.29730,0.10190,1.25140,0.22020,0.43460,0.99670,0.17470,0.38800,0.22720,0.36370,0.14360,0.56850,0.22270,0.11120,1.27550,0.14680,0.30740,0.08650,0.13340,0.08980,0.15030,0.10700,0.11490,0.09940,0.18070,0.10140,1.28200,0.10980,0.25710,0.98150,0.09210,0.86960,0.10070,0.31970,0.09400,0.13030,0.10620,0.29360,0.10730,0.12190,0.10780,0.82520,0.12760,0.66150,1.26450,0.26270,0.14600,0.10140,0.23350,0.22660,0.21910,0.11520,0.14390,0.50240,0.11390,0.44070,1.24700,0.17950,0.12770,0.10110,0.18850,0.15900,0.17580,0.10120,0.11070,0.08270,0.09700,0.08750,1.02750,0.08920,0.11170,0.08680,0.14680,0.08830,0.14690,0.09410,0.09790
2:20:34,1.20720,0.09270,0.71030,0.09380,0.82560,0.09390,1.21120,0.10080,0.12260,0.11100,0.27080,0.11560,1.22920,0.21510,0.61290,0.27350,0.58360,0.15380,0.90750,0.31230,0.10310,1.24030,0.23120,0.45780,1.02520,0.18170,0.40780,0.23820,0.38230,0.14790,0.59860,0.23300,0.11420,1.26360,0.15230,0.32310,0.08650,0.13710,0.09190,0.15560,0.10950,0.11810,0.10210,0.18790,0.10400,1.27820,0.11270,0.27140,1.01340,0.09380,0.90530,0.10290,0.33590,0.09510,0.13370,0.10560,0.30880,0.10980,0.12560,0.11080,0.85930,0.13080,0.69360,1.25340,0.27580,0.15130,0.10300,0.24500,0.23740,0.22930,0.11820,0.14840,0.53050,0.11670,0.46370,1.24350,0.18700,0.13190,0.10340,0.19770,0.16550,0.18300,0.10360,0.11250,0.08260,0.09830,0.08870,1.05250,0.09010,0.11460,0.08820,0.15160,0.09010,0.15200,0.09580,0.09870
2:30:34,1.19480,0.09480,0.74010,0.09610,0.85770,0.09610,1.22400,0.10340,0.12610,0.11350,0.28350,0.11910,1.22400,0.22350,0.64060,0.28560,0.61080,0.15820,0.93870,0.32690,0.10440,1.23100,0.24200,0.47980,1.05010,0.18870,0.42760,0.24880,0.40070,0.15200,0.62760,0.24360,0.11720,1.25270,0.15790,0.33870,0.08650,0.14090,0.09410,0.16100,0.11180,0.12120,0.10470,0.19530,0.10660,1.27250,0.11560,0.28570,1.04030,0.09570,0.93760,0.10490,0.35160,0.09700,0.13700,0.10670,0.32400,0.11240,0.12910,0.11360,0.89010,0.13420,0.72400,1.24320,0.28890,0.15660,0.10450,0.25640,0.24830,0.23940,0.12110,0.15310,0.55470,0.11880,0.48570,1.23830,0.19450,0.13660,0.10580,0.20670,0.17200,0.19050,0.10590,0.11420,0.08280,0.09940,0.09000,1.07200,0.09120,0.11750,0.08960,0.15640,0.09200,0.15710,0.09770,0.09950
2:40:34,1.18340,0.09700,0.76830,0.09850,0.88660,0.09840,1.23170,0.10620,0.12970,0.11600,0.29570,0.12250,1.21530,0.23160,0.66730,0.29770,0.63730,0.16250,0.96630,0.34100,0.10580,1.22190,0.25250,0.50120,1.06930,0.19570,0.44650,0.25930,0.41890,0.15600,0.65520,0.25400,0.12020,1.24250,0.16390,0.35380,0.08640,0.14470,0.09620,0.16610,0.11400,0.12430,0.10730,0.20220,0.10920,1.26590,0.11820,0.29930,1.06320,0.09760,0.96650,0.10680,0.36710,0.09880,0.14030,0.10820,0.33860,0.11480,0.13250,0.11630,0.91790,0.13750,0.75250,1.23360,0.30140,0.16160,0.10620,0.26740,0.25880,0.24930,0.12390,0.15750,0.57810,0.12040,0.50710,1.23190,0.20190,0.14090,0.10810,0.21550,0.17830,0.19760,0.10830,0.11590,0.08290,0.10050,0.09140,1.08760,0.09220,0.12030,0.09110,0.16130,0.09380,0.16220,0.09950,0.10020
2:50:34,1.17220,0.09910,0.79460,0.10080,0.91280,0.10060,1.23490,0.10880,0.13290,0.11820,0.30750,0.12570,1.20610,0.23960,0.69260,0.30950,0.66270,0.16640,0.99020,0.35480,0.10700,1.21360,0.26250,0.52150,1.08660,0.20240,0.46490,0.26940,0.43620,0.15970,0.68180,0.26430,0.12300,1.23350,0.16980,0.36860,0.08640,0.14840,0.09820,0.17120,0.11610,0.12710,0.10990,0.20890,0.11160,1.25860,0.12050,0.31260,1.08180,0.09940,0.99200,0.10870,0.38210,0.10060,0.14360,0.11030,0.35280,0.11710,0.13550,0.11880,0.94260,0.14080,0.77920,1.22490,0.31380,0.16670,0.10780,0.27820,0.26920,0.25890,0.12660,0.16200,0.60010,0.12170,0.52770,1.22400,0.20920,0.14570,0.11040,0.22420,0.18460,0.20440,0.11060,0.11760,0.08300,0.10160,0.09270,1.10280,0.09330,0.12320,0.09270,0.16600,0.09570,0.16710,0.10130,0.10100
3:00:34,1.16240,0.10130,0.81870,0.10300,0.93680,0.10280,1.23650,0.11130,0.13610,0.12030,0.31920,0.12870,1.19720,0.24760,0.71640,0.32130,0.68670,0.17040,1.01160,0.36790,0.10840,1.20520,0.27250,0.54120,1.09990,0.20890,0.48290,0.27930,0.45280,0.16350,0.70660,0.27430,0.12560,1.22430,0.17560,0.38320,0.08630,0.15210,0.10010,0.17620,0.11810,0.12990,0.11230,0.21540,0.11400,1.25170,0.12270,0.32560,1.09710,0.10120,1.01490,0.11070,0.39680,0.10250,0.14670,0.11260,0.36660,0.11940,0.13850,0.12120,0.96480,0.14420,0.80420,1.21640,0.32580,0.17150,0.10940,0.28870,0.27930,0.26820,0.12920,0.16630,0.62090,0.12240,0.54780,1.21630,0.21640,0.14970,0.11270,0.23270,0.19080,0.21120,0.11280,0.11930,0.08310,0.10270,0.09400,1.11100,0.09430,0.12600,0.09430,0.17080,0.09740,0.17040,0.10300,0.10190
3:10:34,1.15240,0.10320,0.84060,0.10500,0.95860,0.10480,1.23540,0.11350,0.13900,0.12230,0.32990,0.13150,1.18820,0.25550,0.73910,0.33270,0.70940,0.17400,1.02970,0.38060,0.10960,1.19760,0.28180,0.56020,1.10870,0.21510,0.50000,0.28890,0.46870,0.16750,0.73030,0.28390,0.12780,1.21550,0.18150,0.39720,0.08650,0.15580,0.10210,0.18090,0.11980,0.13250,0.11450,0.22160,0.11620,1.24380,0.12470,0.33830,1.10930,0.10300,1.03410,0.11230,0.41120,0.10410,0.14980,0.11480,0.37980,0.12140,0.14120,0.12340,0.98460,0.14740,0.82780,1.20870,0.33750,0.17610,0.11110,0.29890,0.28910,0.27730,0.13160,0.17130,0.64130,0.12280,0.56680,1.20860,0.22340,0.15400,0.11480,0.24110,0.19660,0.21790,0.11500,0.12080,0.08310,0.10370,0.09530,1.11600,0.09540,0.12860,0.09590,0.17540,0.09910,0.17510,0.10460,0.10260
3:20:34,1.14310,0.10500,0.86070,0.10690,0.97680,0.10670,1.23300,0.11540,0.14160,0.12400,0.34070,0.13400,1.17930,0.26300,0.76050,0.34370,0.73020,0.17750,1.04500,0.39310,0.11040,1.19120,0.29070,0.58020,1.11590,0.22110,0.51640,0.29820,0.48410,0.17130,0.75230,0.29300,0.13010,1.20640,0.18700,0.41100,0.08660,0.15950,0.10390,0.18570,0.12150,0.13500,0.11660,0.22750,0.11820,1.23650,0.12660,0.35090,1.11870,0.10470,1.05140,0.11400,0.42480,0.10580,0.15260,0.11690,0.39260,0.12320,0.14370,0.12560,1.00180,0.15070,0.84930,1.20140,0.34900,0.18070,0.10940,0.30870,0.29870,0.28610,0.13390,0.17550,0.66010,0.12360,0.58530,1.20120,0.23030,0.15750,0.11700,0.24930,0.20250,0.22440,0.11700,0.12240,0.08330,0.10480,0.09600,1.11880,0.09640,0.13140,0.09750,0.17990,0.10070,0.17970,0.10630,0.10330
3:30:34,1.13420,0.10690,0.87950,0.10890,0.99440,0.10860,1.22900,0.11730,0.14430,0.12590,0.35130,0.13650,1.17100,0.27070,0.78110,0.35440,0.75100,0.18110,1.05810,0.40520,0.11180,1.18380,0.29980,0.59750,1.12080,0.22710,0.53230,0.30740,0.49870,0.17530,0.77320,0.30230,0.13210,1.19830,0.19260,0.42460,0.08680,0.16320,0.10580,0.19020,0.12310,0.13750,0.11860,0.23350,0.12000,1.22930,0.12870,0.36300,1.12600,0.10640,1.06610,0.11580,0.43850,0.10750,0.15540,0.11910,0.40520,0.12510,0.14620,0.12780,1.01710,0.15410,0.86960,1.19430,0.36030,0.18520,0.11110,0.31860,0.30820,0.29490,0.13630,0.17980,0.67780,0.12460,0.60330,1.19380,0.23710,0.16090,0.11910,0.25750,0.20820,0.23070,0.11900,0.12390,0.08350,0.10590,0.09740,1.12030,0.09780,0.13410,0.09910,0.18450,0.10230,0.18440,0.10790,0.10400
3:40:34,1.12620,0.10900,0.89670,0.11100,1.00980,0.11060,1.22420,0.11940,0.14710,0.12790,0.36190,0.13920,1.16370,0.27860,0.80040,0.36540,0.77060,0.18460,1.06990,0.41700,0.11370,1.17680,0.30860,0.61420,1.12410,0.23320,0.54780,0.31640,0.51400,0.17880,0.79400,0.31170,0.13420,1.19200,0.19850,0.43820,0.08710,0.16710,0.10780,0.19490,0.12480,0.13990,0.12070,0.23950,0.12220,1.22210,0.13070,0.37500,1.13080,0.10820,1.07860,0.11760,0.45180,0.10940,0.15840,0.12130,0.41780,0.12720,0.14880,0.12990,1.03060,0.15770,0.88800,1.18740,0.37140,0.18970,0.11320,0.32850,0.31750,0.30360,0.13860,0.18420,0.69670,0.12570,0.62070,1.18610,0.24400,0.16450,0.12140,0.26570,0.21410,0.23720,0.12120,0.12540,0.08360,0.10730,0.09890,1.12050,0.09930,0.13680,0.10100,0.18930,0.10410,0.18930,0.10980,0.10470
3:50:34,1.11850,0.11110,0.91280,0.11320,1.02200,0.11280,1.21850,0.12160,0.14980,0.12990,0.37220,0.14170,1.15650,0.28660,0.81870,0.37640,0.78890,0.18820,1.07890,0.42850,0.11570,1.17040,0.31730,0.63100,1.12630,0.23920,0.56350,0.32540,0.52820,0.18250,0.81330,0.32070,0.13650,1.18600,0.20440,0.45160,0.08750,0.17100,0.10970,0.19950,0.12660,0.14240,0.12290,0.24520,0.12430,1.21560,0.13280,0.38700,1.13440,0.11000,1.08950,0.11940,0.46440,0.11120,0.16130,0.12350,0.42990,0.12910,0.15130,0.13200,1.04230,0.16120,0.90560,1.18120,0.38240,0.19430,0.11530,0.33810,0.32660,0.31140,0.14100,0.18860,0.71250,0.12680,0.63760,1.17880,0.25090,0.16800,0.12360,0.27400,0.21990,0.24360,0.12340,0.12690,0.08370,0.10860,0.10050,1.11960,0.10090,0.13960,0.10300,0.19240,0.10590,0.19390,0.11160,0.10540
4:00:34,1.11140,0.11310,0.92700,0.11540,1.03320,0.11490,1.21290,0.12360,0.15250,0.13190,0.38220,0.14430,1.14910,0.29440,0.83620,0.38730,0.80660,0.19170,1.08660,0.43990,0.11760,1.16450,0.32570,0.64680,1.12690,0.24510,0.57810,0.33400,0.54200,0.18610,0.83200,0.32970,0.13850,1.17980,0.20990,0.46450,0.08780,0.17480,0.11170,0.20410,0.12820,0.14480,0.12490,0.25080,0.12620,1.20910,0.13480,0.39860,1.13640,0.11170,1.09820,0.12100,0.47700,0.11300,0.16400,0.12540,0.44170,0.13100,0.15360,0.13420,1.05160,0.16470,0.92170,1.17480,0.39310,0.19930,0.11730,0.34740,0.33570,0.31950,0.14320,0.19290,0.72810,0.12790,0.65370,1.17200,0.25740,0.17140,0.12570,0.28200,0.22540,0.24990,0.12540,0.12840,0.08400,0.11000,0.10200,1.11790,0.10240,0.14230,0.10470,0.19710,0.10750,0.19850,0.11340,0.10610
4:10:34,1.10430,0.11510,0.93950,0.11740,1.04280,0.11690,1.20780,0.12560,0.15500,0.13380,0.39200,0.14670,1.14210,0.30230,0.85240,0.39790,0.82290,0.19490,1.09260,0.45070,0.11950,1.15860,0.33390,0.66230,1.12630,0.25080,0.59260,0.34270,0.55580,0.18880,0.84930,0.33820,0.14050,1.17410,0.21540,0.47720,0.08820,0.17850,0.11360,0.20840,0.12980,0.14690,0.12680,0.25640,0.12800,1.20280,0.13680,0.41000,1.13720,0.11330,1.10540,0.12260,0.48920,0.11470,0.16670,0.12760,0.45310,0.13280,0.15570,0.13610,1.06000,0.16810,0.93640,1.16880,0.40360,0.20360,0.11950,0.35640,0.34440,0.32770,0.14520,0.19710,0.74450,0.12900,0.66930,1.16570,0.26400,0.17470,0.12780,0.28970,0.23090,0.25600,0.12740,0.12980,0.08410,0.11130,0.10350,1.11540,0.10380,0.14490,0.10650,0.20170,0.10910,0.20300,0.11500,0.10680
4:20:34,1.09770,0.11700,0.95120,0.11940,1.05120,0.11870,1.20090,0.12770,0.15730,0.13550,0.40300,0.14890,1.13610,0.30990,0.86740,0.40820,0.83860,0.19820,1.09710,0.46140,0.12120,1.15320,0.34190,0.67720,1.12510,0.25600,0.60640,0.35080,0.56890,0.19130,0.86530,0.34660,0.14230,1.16770,0.22070,0.48950,0.08850,0.18210,0.11540,0.21280,0.13150,0.14900,0.12890,0.26180,0.12990,1.19680,0.13860,0.42120,1.13680,0.11500,1.11130,0.12420,0.50190,0.11640,0.16930,0.12950,0.46430,0.13450,0.15770,0.13790,1.06680,0.17150,0.95030,1.16310,0.41380,0.20800,0.12160,0.36520,0.35310,0.33570,0.14710,0.20110,0.75940,0.13010,0.68430,1.15990,0.27040,0.17790,0.12990,0.29750,0.23630,0.26190,0.12940,0.13120,0.08420,0.11250,0.10500,1.11230,0.10500,0.14740,0.10820,0.20630,0.11070,0.20730,0.11670,0.10750
4:30:34,1.09100,0.11880,0.96120,0.12110,1.05790,0.12040,1.19450,0.12930,0.15950,0.13710,0.41260,0.15110,1.12920,0.31700,0.88150,0.41820,0.85320,0.20130,1.10020,0.47170,0.12250,1.14750,0.34980,0.69140,1.12250,0.26140,0.61940,0.35870,0.58140,0.19380,0.88070,0.35450,0.14400,1.16170,0.22590,0.50170,0.08880,0.18550,0.11690,0.21690,0.13290,0.15090,0.13060,0.26710,0.13150,1.19050,0.14030,0.43200,1.13540,0.11650,1.11390,0.12580,0.51400,0.11800,0.17170,0.13140,0.47500,0.13610,0.15990,0.13960,1.07210,0.17470,0.96260,1.15760,0.42380,0.21200,0.12350,0.37370,0.36150,0.34340,0.14880,0.20500,0.77250,0.13120,0.69870,1.15390,0.27680,0.18120,0.13190,0.30500,0.24140,0.26780,0.13110,0.13250,0.08440,0.11380,0.10640,1.10840,0.10620,0.14990,0.10970,0.21080,0.11230,0.21150,0.11850,0.10820
4:40:34,1.08530,0.12050,0.97020,0.12290,1.06380,0.12210,1.18730,0.13080,0.16170,0.13860,0.42170,0.15320,1.12270,0.32400,0.89400,0.42820,0.86710,0.20430,1.10250,0.48140,0.12370,1.14240,0.35740,0.70520,1.12000,0.26660,0.63250,0.36680,0.59350,0.19590,0.89480,0.36210,0.14560,1.15610,0.23080,0.51320,0.08920,0.18880,0.11860,0.22090,0.13440,0.15300,0.13210,0.27210,0.13310,1.18460,0.14190,0.44270,1.13360,0.11810,1.11740,0.12720,0.52590,0.11940,0.17420,0.13330,0.48560,0.13770,0.16190,0.14140,1.07610,0.17800,0.97350,1.15210,0.43350,0.21600,0.12540,0.38210,0.36970,0.35090,0.15050,0.20880,0.78680,0.13250,0.71250,1.14770,0.28300,0.18420,0.13380,0.31260,0.24650,0.27340,0.13280,0.13390,0.08470,0.11510,0.10780,1.10440,0.10740,0.15240,0.11130,0.21510,0.11380,0.21580,0.12010,0.10880
4:50:34,1.07850,0.12210,0.97820,0.12460,1.06830,0.12380,1.18150,0.13230,0.16390,0.14020,0.43050,0.15520,1.11670,0.33110,0.90660,0.43790,0.88040,0.20750,1.10420,0.49190,0.12520,1.13680,0.36490,0.71850,1.11650,0.27170,0.64500,0.37440,0.60520,0.19790,0.90820,0.36990,0.14730,1.15100,0.23580,0.52460,0.08960,0.19210,0.12020,0.22490,0.13560,0.15520,0.13360,0.27720,0.13470,1.17900,0.14340,0.45340,1.13060,0.11960,1.11930,0.12860,0.53730,0.12100,0.17630,0.13500,0.49580,0.13920,0.16360,0.14310,1.07940,0.18120,0.98390,1.14660,0.44300,0.21990,0.12730,0.39030,0.37780,0.35840,0.15210,0.21250,0.79980,0.13350,0.72570,1.14200,0.28900,0.18720,0.13570,0.31990,0.25150,0.27900,0.13440,0.13520,0.08480,0.11630,0.10920,1.10000,0.10860,0.15460,0.11280,0.21940,0.11510,0.21990,0.12140,0.10950
5:00:34,1.07230,0.12390,0.98510,0.12630,1.07240,0.12570,1.17530,0.13420,0.16640,0.14170,0.43940,0.15730,1.11160,0.33810,0.91770,0.44760,0.89280,0.21070,1.10480,0.50170,0.12710,1.13200,0.37220,0.73120,1.11290,0.27880,0.65700,0.38200,0.61710,0.20040,0.92100,0.37780,0.14900,1.14630,0.24070,0.53580,0.09010,0.19540,0.12190,0.22890,0.13700,0.15750,0.13520,0.28230,0.13630,1.17290,0.14500,0.46390,1.12810,0.12120,1.12080,0.13010,0.54870,0.12250,0.17850,0.13680,0.50600,0.14080,0.16560,0.14470,1.08150,0.18430,0.99290,1.14110,0.45240,0.22380,0.12930,0.39840,0.38560,0.36570,0.15370,0.21620,0.81070,0.13470,0.73830,1.13740,0.29500,0.19010,0.13770,0.32710,0.25630,0.28470,0.13590,0.13650,0.08500,0.11760,0.11050,1.09570,0.10970,0.15690,0.11420,0.22370,0.11660,0.22400,0.12280,0.11010
5:10:34,1.06690,0.12560,0.99190,0.12810,1.07540,0.12750,1.16980,0.13590,0.16870,0.14320,0.44800,0.15950,1.10670,0.34520,0.92830,0.45710,0.90430,0.21370,1.10570,0.51130,0.12900,1.12750,0.37940,0.74360,1.10970,0.27990,0.66850,0.38960,0.62840,0.20280,0.93350,0.38520,0.15570,1.14140,0.24560,0.54670,0.09060,0.19870,0.12340,0.23280,0.13830,0.15950,0.13670,0.28720,0.13790,1.16760,0.14670,0.47410,1.12440,0.12270,1.12140,0.13140,0.55940,0.12410,0.18070,0.13860,0.51600,0.14230,0.16740,0.14650,1.08320,0.18740,1.00120,1.13630,0.46160,0.22770,0.13150,0.40630,0.39350,0.37300,0.15530,0.22000,0.82290,0.13580,0.75060,1.13260,0.30080,0.19300,0.13940,0.33420,0.26130,0.29020,0.13740,0.13780,0.08510,0.11880,0.11190,1.09080,0.11100,0.15920,0.11570,0.22800,0.11800,0.22790,0.12410,0.11080
5:20:34,1.06150,0.12730,0.99710,0.12980,1.07840,0.12930,1.16350,0.13760,0.17090,0.14470,0.45640,0.16130,1.10150,0.35200,0.93770,0.46640,0.91560,0.21680,1.10560,0.52060,0.13090,1.12260,0.38650,0.75580,1.10580,0.28450,0.68010,0.39690,0.63910,0.20520,0.94420,0.39250,0.15800,1.13630,0.25030,0.55720,0.09110,0.20180,0.12500,0.23660,0.13950,0.16150,0.13820,0.29200,0.13940,1.16260,0.14810,0.48380,1.12130,0.12420,1.12180,0.13280,0.57030,0.12560,0.18290,0.14020,0.52570,0.14380,0.16930,0.14810,1.08370,0.19060,1.00870,1.13170,0.47060,0.23150,0.13350,0.41420,0.40240,0.38010,0.15680,0.22360,0.83460,0.13710,0.76250,1.12730,0.30650,0.19580,0.14120,0.34130,0.26610,0.29550,0.13890,0.13910,0.08530,0.11980,0.11320,1.08640,0.11210,0.16160,0.11700,0.23210,0.11930,0.23190,0.12530,0.11150
5:30:34,1.05640,0.12900,1.00200,0.13140,1.08000,0.13090,1.15760,0.13900,0.17300,0.14620,0.46460,0.16310,1.09640,0.35870,0.94640,0.47560,0.92560,0.21980,1.10450,0.53000,0.13250,1.11780,0.39310,0.76720,1.10150,0.28910,0.69110,0.40410,0.64960,0.20760,0.95460,0.39950,0.15960,1.13190,0.25480,0.56780,0.09150,0.20480,0.12640,0.24030,0.14060,0.16330,0.13950,0.29660,0.14080,1.15710,0.14950,0.49370,1.11790,0.12560,1.12120,0.13390,0.58070,0.12700,0.18500,0.14180,0.53500,0.14530,0.17100,0.14960,1.08380,0.19350,1.01520,1.12680,0.47960,0.23530,0.13530,0.42180,0.40960,0.38710,0.15830,0.22710,0.84270,0.13840,0.77380,1.12200,0.31210,0.19890,0.14300,0.34810,0.27080,0.30090,0.14030,0.14050,0.08560,0.12090,0.11440,1.08170,0.11320,0.16380,0.11840,0.23620,0.12060,0.23570,0.12650,0.11220
5:40:34,1.05050,0.13040,1.00570,0.13290,1.08120,0.13240,1.15180,0.14040,0.17500,0.14760,0.47280,0.16480,1.09180,0.36520,0.95470,0.48470,0.93500,0.22280,1.10310,0.53900,0.13380,1.11340,0.39960,0.77840,1.09750,0.29370,0.70150,0.41100,0.65940,0.20930,0.96410,0.40640,0.16090,1.12720,0.25880,0.57780,0.09170,0.20770,0.12780,0.24370,0.14160,0.16500,0.14070,0.30110,0.14200,1.15320,0.15070,0.50340,1.11390,0.12690,1.12030,0.13510,0.59090,0.12820,0.18710,0.14320,0.54430,0.14660,0.17260,0.15100,1.08310,0.19630,1.02070,1.12230,0.48800,0.23890,0.13710,0.42910,0.41670,0.39370,0.15930,0.23050,0.85320,0.13980,0.78450,1.11760,0.31760,0.20170,0.14450,0.35480,0.27530,0.30590,0.14150,0.14160,0.08570,0.12180,0.11560,1.07730,0.11430,0.16590,0.11950,0.24010,0.12180,0.23940,0.12740,0.11280
5:50:34,1.04440,0.13190,1.00910,0.13440,1.08220,0.13400,1.14680,0.14170,0.17700,0.14900,0.48060,0.16640,1.08730,0.37170,0.96220,0.49350,0.94420,0.22580,1.10170,0.54800,0.13510,1.10900,0.40600,0.78940,1.09320,0.29820,0.71170,0.41820,0.66950,0.21110,0.97310,0.41330,0.16230,1.12300,0.26300,0.58760,0.09200,0.21050,0.12920,0.24720,0.14260,0.16650,0.14190,0.30540,0.14320,1.14800,0.15190,0.51300,1.11040,0.12820,1.11910,0.13610,0.60050,0.12950,0.18920,0.14470,0.55340,0.14790,0.17430,0.15230,1.08200,0.19910,1.02570,1.11790,0.49670,0.24260,0.13880,0.43650,0.42370,0.40050,0.16070,0.23380,0.86270,0.14090,0.79490,1.11320,0.32290,0.20420,0.14600,0.36140,0.27970,0.31100,0.14260,0.14290,0.08600,0.12260,0.11670,1.07290,0.11510,0.16790,0.12060,0.24400,0.12290,0.24300,0.12840,0.11370
6:00:34,1.03970,0.13340,1.01250,0.13580,1.08240,0.13550,1.14040,0.14310,0.17890,0.15040,0.48840,0.16820,1.08290,0.37810,0.96880,0.50220,0.95270,0.22880,1.10020,0.55700,0.13650,1.10490,0.41240,0.80040,1.08930,0.30260,0.72160,0.42490,0.67900,0.21350,0.98120,0.42040,0.16370,1.11860,0.26710,0.59750,0.09240,0.21330,0.13040,0.25070,0.14360,0.16820,0.14320,0.30990,0.14440,1.14360,0.15300,0.52230,1.10620,0.12950,1.11770,0.13720,0.61010,0.13070,0.19130,0.14610,0.56230,0.14920,0.17610,0.15360,1.08050,0.20200,1.03070,1.11380,0.50520,0.24630,0.14060,0.44360,0.43080,0.40710,0.16200,0.23710,0.87050,0.14240,0.80490,1.10910,0.32830,0.20690,0.14740,0.36800,0.28420,0.31600,0.14380,0.14420,0.08610,0.12340,0.11780,1.06830,0.11610,0.17000,0.12170,0.24790,0.12400,0.24660,0.12940,0.11430
6:10:34,1.03500,0.13490,1.01520,0.13730,1.08390,0.13690,1.13560,0.14460,0.18100,0.15180,0.49610,0.16980,1.07860,0.38460,0.97500,0.51090,0.96100,0.23200,1.09870,0.56610,0.13820,1.10140,0.41880,0.81080,1.08530,0.30710,0.73130,0.43190,0.68850,0.21570,0.98900,0.42700,0.16510,1.11490,0.27130,0.60700,0.09290,0.21610,0.13180,0.25370,0.14470,0.16980,0.14450,0.31450,0.14560,1.13890,0.15430,0.53150,1.10280,0.13080,1.11580,0.13840,0.61990,0.13190,0.19370,0.14760,0.57140,0.15040,0.17800,0.15490,1.07900,0.20480,1.03440,1.10970,0.51350,0.25000,0.14250,0.45070,0.43770,0.41390,0.16330,0.24050,0.87980,0.14370,0.81460,1.10400,0.33360,0.20950,0.14900,0.37440,0.28860,0.32100,0.14490,0.14550,0.08630,0.12420,0.11910,1.06390,0.11700,0.17200,0.12290,0.25170,0.12510,0.25020,0.13040,0.11490
6:20:34,1.03020,0.13640,1.01750,0.13880,1.08550,0.13830,1.13080,0.14590,0.18290,0.15310,0.50420,0.17140,1.07460,0.39120,0.98090,0.51970,0.96810,0.23520,1.09690,0.57500,0.13950,1.09690,0.42500,0.82120,1.08120,0.31150,0.74100,0.43880,0.69780,0.21760,0.99630,0.43410,0.16640,1.11100,0.27520,0.61640,0.09320,0.21870,0.13300,0.25720,0.14560,0.17130,0.14570,0.31890,0.14670,1.13500,0.15540,0.54060,1.09900,0.13210,1.11410,0.13950,0.62940,0.13310,0.19610,0.14890,0.58020,0.15170,0.17970,0.15620,1.07680,0.20750,1.03750,1.10630,0.52160,0.25360,0.14430,0.45760,0.44450,0.42060,0.16450,0.24390,0.88670,0.14510,0.82390,1.10060,0.33880,0.21210,0.15040,0.38080,0.29300,0.32590,0.14600,0.14670,0.08650,0.12500,0.12010,1.05950,0.11790,0.17390,0.12390,0.25540,0.12610,0.25370,0.13140,0.11550
6:30:34,1.02560,0.13770,1.01930,0.14020,1.08590,0.13980,1.12600,0.14710,0.18490,0.15460,0.51210,0.17310,1.07090,0.39770,0.98550,0.52840,0.97500,0.23840,1.09500,0.58380,0.14090,1.09380,0.43130,0.83080,1.07700,0.31590,0.74970,0.44570,0.70650,0.21960,1.00320,0.44050,0.16770,1.10690,0.27930,0.62590,0.09360,0.22150,0.13430,0.26090,0.14670,0.17300,0.14700,0.32340,0.14780,1.13080,0.15670,0.54960,1.09560,0.13330,1.11250,0.14050,0.63860,0.13420,0.19620,0.15020,0.58910,0.15290,0.18140,0.15750,1.07480,0.21030,1.04090,1.10280,0.52970,0.25710,0.14620,0.46460,0.45130,0.42730,0.16580,0.24720,0.89320,0.14660,0.83270,1.09670,0.34390,0.21480,0.15180,0.38710,0.29730,0.33100,0.14710,0.14820,0.08680,0.12570,0.12120,1.05550,0.11890,0.17600,0.12490,0.25920,0.12720,0.25720,0.13230,0.11620
6:40:34,1.02130,0.13900,1.02110,0.14140,1.08420,0.14110,1.12100,0.14850,0.18680,0.15580,0.51990,0.17450,1.06730,0.40400,0.99040,0.53720,0.98160,0.24130,1.09270,0.59250,0.14210,1.09000,0.43720,0.84000,1.07300,0.32020,0.75870,0.45250,0.71500,0.22190,1.00870,0.44720,0.16900,1.10340,0.28310,0.63470,0.09400,0.22390,0.13550,0.26420,0.14750,0.17440,0.14800,0.32750,0.14890,1.12660,0.15760,0.55810,1.09190,0.13430,1.11050,0.14140,0.64800,0.13530,0.19870,0.15140,0.59750,0.15410,0.18300,0.15850,1.07250,0.21290,1.04350,1.09960,0.53770,0.26060,0.14800,0.47130,0.45780,0.43370,0.16690,0.25050,0.89970,0.14750,0.84110,1.09230,0.34890,0.21740,0.15310,0.39330,0.30130,0.33560,0.14810,0.14930,0.08690,0.12630,0.12230,1.05130,0.11970,0.17770,0.12580,0.26260,0.12810,0.26040,0.13300,0.11670
6:50:34,1.01670,0.14040,1.02240,0.14280,1.08430,0.14250,1.11680,0.14980,0.18870,0.15720,0.52740,0.17610,1.06350,0.41050,0.99500,0.54590,0.98760,0.24450,1.09110,0.60130,0.14370,1.08630,0.44340,0.84930,1.06930,0.32470,0.76720,0.45940,0.72340,0.22380,1.01500,0.45380,0.17030,1.10030,0.28720,0.64380,0.09440,0.22660,0.13660,0.26780,0.14850,0.17590,0.14920,0.33160,0.14990,1.12260,0.15880,0.56700,1.08850,0.13550,1.10810,0.14250,0.65720,0.13640,0.20140,0.15260,0.60580,0.15530,0.18480,0.15970,1.07000,0.21560,1.04570,1.09610,0.54560,0.26430,0.14990,0.47800,0.46430,0.44050,0.16820,0.25380,0.90570,0.14880,0.84930,1.08930,0.35400,0.22040,0.15450,0.39930,0.30550,0.34060,0.14910,0.15070,0.08720,0.12700,0.12330,1.04750,0.12070,0.17970,0.12690,0.26630,0.12920,0.26380,0.13400,0.11730
7:00:34,1.01310,0.14180,1.02370,0.14420,1.08310,0.14400,1.11210,0.15110,0.19060,0.15840,0.53430,0.17770,1.06020,0.41690,0.99910,0.55450,0.99360,0.24780,1.08920,0.60970,0.14520,1.08280,0.44960,0.85770,1.06590,0.32940,0.77540,0.46610,0.73210,0.22610,1.02020,0.46040,0.17150,1.09680,0.29120,0.65270,0.09510,0.22930,0.13790,0.27140,0.14960,0.17750,0.15030,0.33590,0.15110,1.11940,0.16000,0.57560,1.08530,0.13680,1.10630,0.14360,0.66630,0.13760,0.20390,0.15400,0.61410,0.15650,0.18640,0.16100,1.06760,0.21840,1.04730,1.09320,0.55360,0.26810,0.15190,0.48470,0.47110,0.44730,0.16950,0.25710,0.91180,0.15010,0.85740,1.08610,0.35910,0.22330,0.15600,0.40550,0.30990,0.34570,0.15030,0.15210,0.08750,0.12790,0.12450,1.04350,0.12170,0.18210,0.12800,0.27000,0.13030,0.26730,0.13530,0.11810
7:10:34,1.00920,0.14310,1.02450,0.14550,1.08090,0.14510,1.10830,0.15230,0.19250,0.15970,0.54120,0.17910,1.05750,0.42290,1.00270,0.56250,0.99930,0.25060,1.08690,0.61760,0.14680,1.07960,0.45550,0.86590,1.06220,0.33370,0.78360,0.47290,0.74000,0.22800,1.02490,0.46680,0.17270,1.09340,0.29500,0.66100,0.09550,0.23170,0.13900,0.27490,0.15050,0.17910,0.15140,0.34020,0.15210,1.11660,0.16100,0.58390,1.08230,0.13790,1.10350,0.14460,0.67490,0.13870,0.20610,0.15510,0.62190,0.15770,0.18800,0.16210,1.06480,0.22100,1.04870,1.08970,0.56120,0.27140,0.15390,0.49120,0.47770,0.45400,0.17060,0.26020,0.91680,0.15130,0.86500,1.08230,0.36400,0.22610,0.15720,0.41150,0.31390,0.35050,0.15120,0.15350,0.08770,0.12860,0.12550,1.03990,0.12250,0.18390,0.12890,0.27350,0.13110,0.27060,0.13600,0.11860
7:20:34,1.00550,0.14430,1.02510,0.14670,1.07920,0.14630,1.10410,0.15350,0.19420,0.16090,0.54820,0.18050,1.05380,0.42850,1.00590,0.57020,1.00420,0.25340,1.08430,0.62510,0.14790,1.07640,0.46130,0.87350,1.05890,0.33820,0.79160,0.47930,0.74840,0.23050,1.02950,0.47330,0.17370,1.09060,0.29860,0.66920,0.09600,0.23420,0.14010,0.27830,0.15150,0.18060,0.15250,0.34430,0.15310,1.11220,0.16200,0.59190,1.07920,0.13900,1.10080,0.14560,0.68340,0.13990,0.20830,0.15620,0.62980,0.15880,0.18930,0.16320,1.06210,0.22370,1.04990,1.08620,0.56870,0.27460,0.15580,0.49770,0.48430,0.46090,0.17190,0.26340,0.92160,0.15250,0.87270,1.07960,0.36900,0.22880,0.15860,0.41730,0.31790,0.35550,0.15220,0.15490,0.08790,0.12930,0.12660,1.03640,0.12340,0.18570,0.12990,0.27710,0.13210,0.27380,0.13670,0.11920
7:30:34,1.00160,0.14550,1.02500,0.14790,1.07690,0.14750,1.09970,0.15450,0.19590,0.16220,0.55420,0.18170,1.05050,0.43420,1.00860,0.57780,1.00830,0.25610,1.08150,0.63320,0.14910,1.07290,0.46700,0.88130,1.05550,0.34250,0.79890,0.48540,0.75550,0.23320,1.03410,0.47920,0.17480,1.08740,0.30230,0.67720,0.09630,0.23660,0.14110,0.28180,0.15230,0.18220,0.15350,0.34830,0.15400,1.10910,0.16290,0.59990,1.07530,0.13990,1.09830,0.14670,0.69140,0.14090,0.21030,0.15720,0.63730,0.15990,0.19070,0.16410,1.05940,0.22630,1.05080,1.08290,0.57600,0.27800,0.15750,0.50400,0.49050,0.46780,0.17280,0.26630,0.92640,0.15380,0.87980,1.07670,0.37390,0.23160,0.15980,0.42300,0.32200,0.36170,0.15320,0.15640,0.08800,0.12990,0.12760,1.03230,0.12430,0.18760,0.13080,0.28050,0.13300,0.27710,0.13740,0.11990
7:40:34,0.99780,0.14680,1.02470,0.14920,1.07590,0.14880,1.09590,0.15560,0.19770,0.16340,0.56100,0.18310,1.04740,0.43970,1.01150,0.58540,1.01290,0.25890,1.07920,0.64080,0.15040,1.06980,0.47250,0.88880,1.05240,0.34670,0.80680,0.49170,0.76310,0.23540,1.03770,0.48530,0.17590,1.08450,0.30620,0.68490,0.09680,0.23910,0.14230,0.28520,0.15310,0.18380,0.15470,0.35290,0.15520,1.10520,0.16400,0.60780,1.07190,0.14110,1.09560,0.14770,0.69960,0.14190,0.21210,0.15840,0.64470,0.16100,0.19210,0.16520,1.05640,0.22890,1.05160,1.07980,0.58300,0.28130,0.15930,0.51060,0.49690,0.47480,0.17390,0.26920,0.93060,0.15480,0.88620,1.07250,0.37880,0.23410,0.16110,0.42890,0.32590,0.36700,0.15420,0.15800,0.08820,0.13060,0.12860,1.02920,0.12520,0.18940,0.13180,0.28410,0.13390,0.28030,0.13820,0.12050
7:50:34,0.99500,0.14800,1.02490,0.15030,1.07330,0.15010,1.09200,0.15690,0.19950,0.16460,0.56770,0.18440,1.04450,0.44520,1.01320,0.59260,1.01700,0.26170,1.07670,0.64830,0.15190,1.06610,0.47820,0.89650,1.04910,0.35080,0.81380,0.49780,0.77030,0.23740,1.04110,0.49130,0.17710,1.08160,0.31000,0.69280,0.09710,0.24150,0.14330,0.28860,0.15410,0.18530,0.15580,0.35670,0.15630,1.10200,0.16510,0.61560,1.06880,0.14220,1.09280,0.14870,0.70730,0.14290,0.21340,0.15950,0.65210,0.16200,0.19340,0.16630,1.05320,0.23140,1.05190,1.07660,0.58990,0.28460,0.16080,0.51690,0.50300,0.48150,0.17510,0.27220,0.93460,0.15610,0.89260,1.06950,0.38370,0.23670,0.16250,0.43460,0.33000,0.37160,0.15520,0.15960,0.08850,0.13130,0.12970,1.02600,0.12600,0.19120,0.13260,0.28750,0.13490,0.28360,0.13890,0.12120
8:00:34,0.99160,0.14920,1.02400,0.15150,1.07160,0.15120,1.08810,0.16180,0.20100,0.16570,0.57420,0.18560,1.04090,0.45080,1.01490,0.59990,1.01980,0.26440,1.07430,0.65560,0.15310,1.06280,0.48370,0.90270,1.04570,0.35500,0.82090,0.50360,0.77750,0.23920,1.04380,0.49700,0.17830,1.07920,0.31340,0.70020,0.09750,0.24380,0.14420,0.29180,0.15480,0.18690,0.15690,0.36070,0.15710,1.09830,0.16600,0.62330,1.06510,0.14320,1.09000,0.14980,0.71450,0.14370,0.21540,0.16050,0.65910,0.16310,0.19460,0.16730,1.05010,0.23400,1.05200,1.07370,0.59690,0.28770,0.16250,0.52300,0.50910,0.48780,0.17620,0.27500,0.93840,0.15740,0.89900,1.06710,0.38840,0.23920,0.16360,0.44010,0.33390,0.37600,0.15620,0.16120,0.08870,0.13200,0.13060,1.02270,0.12680,0.19290,0.13350,0.29090,0.13570,0.28670,0.13960,0.12190
8:10:34,0.98820,0.15060,1.02440,0.15260,1.06950,0.15250,1.08470,0.16930,0.20280,0.16680,0.58050,0.18680,1.03820,0.45610,1.01640,0.60700,1.02350,0.26700,1.07190,0.66290,0.15440,1.05970,0.48960,0.90890,1.04270,0.35890,0.82740,0.50950,0.78470,0.24140,1.04720,0.50270,0.17940,1.07650,0.31720,0.70750,0.09800,0.24610,0.14520,0.29520,0.15570,0.18840,0.15780,0.36480,0.15810,1.09520,0.16700,0.63060,1.06190,0.14420,1.08720,0.15080,0.72190,0.14470,0.21730,0.16160,0.66610,0.16420,0.19600,0.16820,1.04720,0.23650,1.05230,1.07060,0.60360,0.29090,0.16390,0.52920,0.51490,0.49430,0.17710,0.27770,0.94200,0.15860,0.90480,1.06420,0.39320,0.24140,0.16480,0.44580,0.33780,0.38050,0.15720,0.16290,0.08880,0.13260,0.13150,1.01950,0.12760,0.19470,0.13430,0.29430,0.13660,0.28990,0.14040,0.12260
8:20:34,0.98490,0.15170,1.02340,0.15380,1.06750,0.15360,1.08110,0.16030,0.20440,0.16790,0.58690,0.18810,1.03520,0.46150,1.01740,0.61420,1.02610,0.26980,1.06920,0.66970,0.15570,1.05710,0.49490,0.91520,1.03980,0.36290,0.83410,0.51540,0.79130,0.24340,1.04990,0.50850,0.18060,1.07380,0.32080,0.71460,0.09850,0.24850,0.14630,0.29840,0.15660,0.19000,0.15870,0.36890,0.15900,1.09270,0.16780,0.63790,1.05870,0.14520,1.08430,0.15180,0.72870,0.14570,0.21920,0.16260,0.67300,0.16530,0.19720,0.16910,1.04400,0.23910,1.05170,1.06790,0.61030,0.29400,0.16540,0.53540,0.52070,0.50010,0.17820,0.28060,0.94530,0.15990,0.90990,1.06100,0.39800,0.24390,0.16600,0.45120,0.34160,0.38470,0.15820,0.16430,0.08920,0.13330,0.13250,1.01660,0.12840,0.19640,0.13520,0.29780,0.13730,0.29300,0.14110,0.12330
8:30:34,0.98210,0.15280,1.02260,0.15480,1.06490,0.15470,1.07790,0.16100,0.20600,0.16890,0.59300,0.18920,1.03230,0.46660,1.01860,0.62100,1.02880,0.27240,1.06690,0.67680,0.15690,1.05440,0.50040,0.92120,1.03700,0.36680,0.84020,0.52090,0.79820,0.24520,1.05220,0.51380,0.18170,1.07170,0.32410,0.72160,0.09900,0.25070,0.14720,0.30160,0.15740,0.19150,0.15970,0.37260,0.15990,1.08970,0.16870,0.64510,1.05540,0.14620,1.08200,0.15270,0.73600,0.14650,0.22110,0.16360,0.67970,0.16620,0.19840,0.16990,1.04090,0.24160,1.05120,1.06500,0.61690,0.29700,0.16690,0.54160,0.52640,0.50570,0.17920,0.28330,0.94790,0.16100,0.91520,1.05820,0.40270,0.24620,0.16710,0.45670,0.34530,0.38890,0.15920,0.16580,0.08940,0.13400,0.13340,1.01370,0.12930,0.19810,0.13600,0.30110,0.13810,0.29610,0.14170,0.12400
8:40:34,0.97950,0.15390,1.02240,0.15600,1.06300,0.15590,1.07500,0.16220,0.20760,0.17010,0.59910,0.19060,1.02930,0.47160,1.01830,0.62770,1.03060,0.27500,1.06420,0.68350,0.15820,1.05140,0.50580,0.92640,1.03370,0.37090,0.84630,0.52680,0.80490,0.24750,1.05370,0.51980,0.18290,1.06910,0.32780,0.72840,0.09950,0.25310,0.14830,0.30490,0.15820,0.19310,0.16060,0.37660,0.16090,1.08640,0.16960,0.65240,1.05240,0.14720,1.07930,0.15360,0.74250,0.14740,0.22310,0.16460,0.68630,0.16730,0.19960,0.17080,1.03740,0.24430,1.05120,1.06270,0.62320,0.30010,0.16830,0.54750,0.53210,0.51130,0.18020,0.28600,0.95040,0.16240,0.91990,1.05580,0.40730,0.24850,0.16830,0.46220,0.34930,0.39300,0.16020,0.16700,0.08960,0.13460,0.13430,1.01050,0.13010,0.19990,0.13680,0.30450,0.13900,0.29920,0.14240,0.12470
8:50:34,0.97690,0.15510,1.02130,0.15710,1.06100,0.15700,1.07190,0.16330,0.20920,0.17130,0.60540,0.19180,1.02730,0.47690,1.02000,0.63450,1.03300,0.27760,1.06220,0.69040,0.15900,1.04880,0.51110,0.93210,1.03080,0.37470,0.85090,0.53240,0.81110,0.24910,1.05590,0.52540,0.18400,1.06680,0.33130,0.73510,0.10010,0.25550,0.14920,0.30810,0.15910,0.19460,0.16150,0.38060,0.16180,1.08410,0.17060,0.65950,1.04930,0.14830,1.07670,0.15470,0.74940,0.14830,0.22500,0.16560,0.69280,0.16830,0.20080,0.17170,1.03470,0.24680,1.05030,1.05990,0.62970,0.30310,0.16980,0.55350,0.53780,0.51680,0.18110,0.28880,0.95270,0.16360,0.92470,1.05310,0.41200,0.25050,0.16940,0.46750,0.35300,0.39700,0.16120,0.16840,0.08980,0.13530,0.13520,1.00770,0.13090,0.20160,0.13760,0.30780,0.13970,0.30220,0.14300,0.12550
9:00:34,0.97430,0.15630,1.02060,0.15820,1.05920,0.15820,1.06850,0.16440,0.21090,0.17240,0.61110,0.19290,1.02460,0.48210,1.02020,0.64130,1.03440,0.28020,1.06040,0.69710,0.16040,1.04670,0.51650,0.93750,1.02810,0.37870,0.85730,0.53790,0.81710,0.25110,1.05760,0.53080,0.18520,1.06470,0.33460,0.74150,0.10060,0.25790,0.15030,0.31140,0.15980,0.19600,0.16260,0.38440,0.16280,1.08140,0.17150,0.66610,1.04640,0.14930,1.07430,0.15570,0.75570,0.14920,0.22690,0.16650,0.69940,0.16930,0.20190,0.17250,1.03200,0.24940,1.04970,1.05760,0.63610,0.30600,0.17130,0.55950,0.54340,0.52230,0.18220,0.29150,0.95530,0.16490,0.92940,1.04990,0.41660,0.25270,0.17060,0.47280,0.35670,0.40130,0.16210,0.16970,0.09000,0.13600,0.13610,1.00480,0.13170,0.20330,0.13840,0.31120,0.14060,0.30520,0.14370,0.12630
9:10:34,0.97180,0.15750,1.01940,0.15940,1.05690,0.15920,1.06600,0.16550,0.21230,0.17340,0.61710,0.19410,1.02200,0.48710,1.02110,0.64790,1.03580,0.28280,1.05790,0.70400,0.16190,1.04440,0.52170,0.94240,1.02570,0.38250,0.86280,0.54320,0.82380,0.25300,1.05860,0.53640,0.18630,1.06290,0.33810,0.74790,0.10110,0.26020,0.15130,0.31450,0.16070,0.19750,0.16350,0.38830,0.16370,1.07850,0.17250,0.67320,1.04360,0.15020,1.07180,0.15670,0.76210,0.15000,0.22880,0.16740,0.70590,0.17020,0.20300,0.17340,1.02960,0.25200,1.04840,1.05470,0.64220,0.30920,0.17280,0.56550,0.54890,0.52770,0.18330,0.29410,0.95690,0.16640,0.93310,1.04770,0.42120,0.25440,0.17160,0.47800,0.36040,0.40540,0.16320,0.17090,0.09030,0.13670,0.13710,1.00220,0.13250,0.20500,0.13930,0.31450,0.14130,0.30830,0.14440,0.12750
9:20:34,0.96980,0.15850,1.01850,0.16040,1.05500,0.16030,1.06300,0.16640,0.21380,0.17430,0.62280,0.19510,1.01910,0.49200,1.02100,0.65430,1.03830,0.28520,1.05580,0.71020,0.16300,1.04190,0.52680,0.94740,1.02290,0.38630,0.86820,0.54880,0.82930,0.25480,1.05980,0.54160,0.18730,1.06080,0.34130,0.75430,0.10160,0.26250,0.15220,0.31760,0.16140,0.19890,0.16430,0.39190,0.16450,1.07590,0.17340,0.67990,1.04100,0.15100,1.06940,0.15760,0.76840,0.15090,0.23060,0.16840,0.71180,0.17110,0.20420,0.17440,1.02670,0.25450,1.04740,1.05240,0.64850,0.31210,0.17420,0.57120,0.55420,0.53290,0.18410,0.29680,0.95840,0.16770,0.93710,1.04590,0.42570,0.25660,0.17270,0.48300,0.36400,0.40940,0.16400,0.17200,0.09050,0.13730,0.13790,0.99920,0.13340,0.20660,0.14000,0.31760,0.14200,0.31130,0.14510,0.12830
9:30:34,0.96690,0.15970,1.01750,0.16150,1.05290,0.16130,1.06060,0.16740,0.21540,0.17540,0.62870,0.19620,1.01720,0.49710,1.02110,0.66090,1.03940,0.28790,1.05390,0.71610,0.16440,1.04020,0.53220,0.95200,1.02050,0.39010,0.87380,0.55410,0.83510,0.25700,1.06110,0.54720,0.18850,1.05840,0.34480,0.76030,0.10210,0.26480,0.15320,0.32070,0.16230,0.20040,0.16530,0.39540,0.16550,1.07300,0.17430,0.68630,1.03830,0.15210,1.06680,0.15860,0.77480,0.15170,0.23230,0.16940,0.71830,0.17210,0.20520,0.17500,1.02420,0.25710,1.04660,1.05040,0.65460,0.31510,0.17570,0.57710,0.55970,0.53820,0.18510,0.29940,0.96050,0.16900,0.94100,1.04380,0.43020,0.25700,0.17380,0.48820,0.36760,0.41360,0.16500,0.17320,0.09070,0.13800,0.13880,0.99660,0.13410,0.20830,0.14080,0.32080,0.14280,0.31430,0.14570,0.12890
9:40:34,0.96440,0.16080,1.01720,0.16260,1.05090,0.16240,1.05790,0.16850,0.21700,0.17640,0.63450,0.19750,1.01480,0.50210,1.02080,0.66710,1.04060,0.29040,1.05190,0.72260,0.16580,1.03780,0.53730,0.95630,1.01820,0.39390,0.87880,0.55960,0.84090,0.25860,1.06210,0.55250,0.18970,1.05650,0.34810,0.76640,0.10260,0.26710,0.15410,0.32380,0.16310,0.20190,0.16620,0.39930,0.16630,1.07070,0.17530,0.69290,1.03560,0.15300,1.06450,0.15950,0.78080,0.15250,0.23420,0.17020,0.72430,0.17300,0.20640,0.17600,1.02140,0.25980,1.04540,1.04800,0.66040,0.31800,0.17710,0.58260,0.56500,0.54320,0.18590,0.30200,0.96170,0.17030,0.94480,1.04090,0.43470,0.25910,0.17490,0.49320,0.37140,0.41770,0.16580,0.17430,0.09090,0.13870,0.13970,0.99400,0.13480,0.20990,0.14160,0.32400,0.14350,0.31710,0.14630,0.13010
9:50:34,0.96260,0.16190,1.01540,0.16380,1.04870,0.16350,1.05540,0.16950,0.21830,0.17730,0.64000,0.19850,1.01280,0.50690,1.02110,0.67330,1.04210,0.29290,1.04960,0.72870,0.16720,1.03500,0.54250,0.96010,1.01560,0.39760,0.88390,0.56490,0.84680,0.26080,1.06260,0.55790,0.19080,1.05560,0.35140,0.77210,0.10320,0.26940,0.15520,0.32690,0.16400,0.20330,0.16720,0.40320,0.16720,1.06830,0.17630,0.69930,1.03310,0.15400,1.06230,0.16060,0.78690,0.15330,0.23610,0.17120,0.73030,0.17390,0.20750,0.17680,1.01870,0.26220,1.04440,1.04570,0.66640,0.32100,0.17870,0.58820,0.57030,0.54860,0.18690,0.30460,0.96310,0.17150,0.94830,1.03860,0.43910,0.26040,0.17600,0.49820,0.37500,0.42160,0.16680,0.17560,0.09120,0.13940,0.14060,0.99170,0.13550,0.21150,0.14230,0.32720,0.14430,0.32020,0.14680,0.13090
10:00:34,0.96040,0.16290,1.01490,0.16480,1.04680,0.16470,1.05320,0.17040,0.21990,0.17820,0.64540,0.19960,1.01060,0.51190,1.02030,0.67950,1.04250,0.29530,1.04760,0.73460,0.16860,1.03340,0.54750,0.96410,1.01330,0.40150,0.88850,0.57050,0.85200,0.26250,1.06330,0.56300,0.19180,1.05330,0.35440,0.77810,0.10370,0.27160,0.15610,0.32970,0.16470,0.20460,0.16790,0.40690,0.16810,1.06580,0.17720,0.70510,1.03060,0.15490,1.06000,0.16150,0.79260,0.15400,0.23770,0.17200,0.73630,0.17470,0.20850,0.17750,1.01650,0.26460,1.04300,1.04400,0.67220,0.32370,0.18000,0.59370,0.57560,0.55370,0.18780,0.30720,0.96430,0.17280,0.95140,1.03670,0.44340,0.26250,0.17690,0.50290,0.37850,0.42570,0.16750,0.17670,0.09140,0.13990,0.14140,0.98900,0.13620,0.21310,0.14300,0.33020,0.14510,0.32300,0.14740,0.13330

