420

Time,A1,A2,A3,A4,A5,A6,A7,A8,A9,A10,A11,A12,B1,B2,B3,B4,B5,B6,B7,B8,B9,B10,B11,B12,C1,C2,C3,C4,C5,C6,C7,C8,C9,C10,C11,C12,D1,D2,D3,D4,D5,D6,D7,D8,D9,D10,D11,D12,E1,E2,E3,E4,E5,E6,E7,E8,E9,E10,E11,E12,F1,F2,F3,F4,F5,F6,F7,F8,F9,F10,F11,F12,G1,G2,G3,G4,G5,G6,G7,G8,G9,G10,G11,G12,H1,H2,H3,H4,H5,H6,H7,H8,H9,H10,H11,H12
0:00:09,0.13480,0.58790,0.09650,0.08430,0.08790,0.08760,0.09680,0.08360,0.10350,0.08310,0.11290,0.08540,0.11960,0.12400,0.08730,0.09770,0.08570,0.09250,0.09080,0.09290,0.09660,0.11160,0.08900,0.39000,0.10960,0.12460,0.08970,0.09440,0.08790,0.08930,0.08690,0.09580,0.09390,0.10130,0.08730,0.11930,0.08060,0.09600,0.09320,0.08460,0.08710,0.08920,0.09780,0.08770,0.07710,0.10390,0.08910,0.10020,0.14240,0.07880,0.08980,0.08320,0.09980,0.10260,0.09440,0.08560,0.29530,0.08140,0.10720,0.09500,0.12320,0.29960,0.08770,0.08920,0.09170,0.09240,0.09670,0.09590,0.09220,0.11640,0.12060,0.10110,0.10870,0.09280,0.09120,0.08860,0.08380,0.10570,0.12350,0.12880,0.24540,0.11640,0.10680,0.09630,0.09050,0.56460,0.08030,0.08330,0.08230,0.12670,0.08230,0.09600,0.22550,0.11090,0.08250,0.08940
0:01:49,0.15410,0.58150,0.09470,0.08410,0.08690,0.08700,0.09340,0.08320,0.11870,0.08290,0.10830,0.08490,0.13170,0.13890,0.08700,0.09740,0.08500,0.09160,0.09150,0.09610,0.10360,0.12510,0.09110,0.40010,0.11660,0.13460,0.08930,0.09420,0.08730,0.08880,0.08760,0.09740,0.09820,0.11170,0.08830,0.13460,0.08040,0.09990,0.09270,0.08450,0.08680,0.08890,0.09730,0.08860,0.07690,0.10190,0.08870,0.11570,0.16270,0.07860,0.08990,0.08300,0.09960,0.10210,0.10440,0.08520,0.31400,0.08120,0.12020,0.09480,0.13420,0.31290,0.08790,0.08830,0.09160,0.09170,0.10190,0.09740,0.10030,0.12490,0.25390,0.09830,0.11350,0.10010,0.09070,0.08910,0.08350,0.10200,0.08910,0.12820,0.28680,0.12770,0.10810,0.10820,0.09030,0.57160,0.08010,0.08340,0.08210,0.17460,0.08210,0.10150,0.22370,0.11570,0.08180,0.08900
0:03:29,0.17320,0.57640,0.09480,0.08390,0.08700,0.08650,0.09550,0.08280,0.13280,0.08280,0.11470,0.08430,0.14360,0.15460,0.08700,0.09680,0.08500,0.09160,0.09330,0.10000,0.11260,0.13830,0.09460,0.41200,0.12440,0.14300,0.08940,0.09450,0.08690,0.08870,0.08850,0.09980,0.10280,0.12340,0.08980,0.14950,0.08020,0.10450,0.09230,0.08440,0.08670,0.08900,0.09700,0.08970,0.07670,0.14430,0.08850,0.13970,0.18200,0.07840,0.09030,0.08280,0.09940,0.10130,0.10630,0.08500,0.32720,0.08110,0.13290,0.09460,0.14520,0.32430,0.08810,0.08920,0.09140,0.09590,0.10180,0.09440,0.10870,0.14280,0.27060,0.09240,0.11860,0.10840,0.09050,0.08960,0.08330,0.08470,0.13680,0.12940,0.26040,0.14000,0.18460,0.09250,0.09020,0.42200,0.08000,0.08360,0.08200,0.18430,0.08190,0.13070,0.22220,0.12260,0.08180,0.08880
0:05:09,0.19060,0.56890,0.09500,0.08380,0.08670,0.08630,0.09760,0.08270,0.14630,0.08260,0.11980,0.08420,0.15640,0.16770,0.08680,0.09730,0.08510,0.09140,0.09480,0.10440,0.12120,0.15430,0.09780,0.56920,0.13130,0.15470,0.08930,0.09490,0.08670,0.08820,0.08930,0.10220,0.10770,0.13670,0.09170,0.16630,0.08020,0.10920,0.09190,0.08440,0.08650,0.08840,0.09670,0.09090,0.07670,0.13810,0.08840,0.15480,0.20280,0.07830,0.09060,0.08260,0.09910,0.10070,0.11430,0.08400,0.34400,0.08110,0.15190,0.09450,0.15590,0.33820,0.08820,0.09030,0.09150,0.09330,0.10180,0.10170,0.11830,0.16190,0.28270,0.09270,0.12440,0.11780,0.09030,0.09000,0.08330,0.10260,0.12550,0.13100,0.30220,0.15560,0.12460,0.09510,0.09000,0.56780,0.07990,0.08380,0.08190,0.18610,0.08180,0.09710,0.22050,0.12980,0.08170,0.08860
0:06:49,0.20910,0.56300,0.09510,0.08370,0.08700,0.08610,0.09970,0.08250,0.16170,0.08250,0.12770,0.08370,0.17060,0.18240,0.08700,0.09770,0.08520,0.09160,0.09690,0.10930,0.13130,0.17190,0.10150,0.70450,0.13910,0.16700,0.08940,0.09520,0.08660,0.08820,0.09040,0.10490,0.11300,0.15220,0.09350,0.18150,0.08010,0.11430,0.09160,0.08440,0.08660,0.08850,0.09630,0.09210,0.07670,0.13010,0.08830,0.16270,0.21960,0.07820,0.09060,0.08260,0.09920,0.10030,0.10990,0.08390,0.36400,0.08110,0.17130,0.09450,0.16870,0.35240,0.08860,0.09090,0.09140,0.09340,0.10360,0.10060,0.12940,0.18040,0.29430,0.09330,0.13060,0.12790,0.09030,0.09070,0.08330,0.10050,0.12600,0.13170,0.27570,0.17160,0.13180,0.10930,0.09000,0.43360,0.08000,0.08430,0.08180,0.18400,0.08180,0.09790,0.21940,0.13650,0.08160,0.08880
0:08:29,0.22830,0.55610,0.09510,0.08350,0.08700,0.08580,0.10160,0.08230,0.17640,0.08230,0.13440,0.08350,0.18390,0.19820,0.08700,0.09840,0.08510,0.09170,0.09910,0.11400,0.14170,0.19200,0.10520,0.22180,0.14720,0.17800,0.08940,0.09570,0.08650,0.08810,0.09140,0.10780,0.11800,0.16760,0.09530,0.19870,0.08000,0.11900,0.09130,0.08440,0.08640,0.08820,0.09590,0.09350,0.07660,0.15440,0.08810,0.17000,0.23860,0.07810,0.09110,0.08250,0.09890,0.09970,0.12020,0.08380,0.39210,0.08090,0.19100,0.09440,0.18280,0.36730,0.08880,0.09180,0.09150,0.09240,0.11150,0.10270,0.14160,0.20140,0.30780,0.09200,0.13770,0.13840,0.09030,0.09130,0.08320,0.10010,0.09360,0.13350,0.31640,0.18740,0.13740,0.10910,0.08990,0.57870,0.08000,0.08440,0.08170,0.18430,0.08160,0.09860,0.21720,0.14600,0.08140,0.08900
0:10:09,0.24610,0.54730,0.09530,0.08340,0.08680,0.08560,0.10470,0.08230,0.19220,0.08220,0.14220,0.08320,0.19730,0.21520,0.08730,0.09900,0.08550,0.09190,0.10110,0.11880,0.15230,0.21350,0.10920,0.25400,0.15570,0.19020,0.08950,0.09600,0.08600,0.08830,0.09250,0.11050,0.12350,0.18250,0.09730,0.21720,0.08000,0.12410,0.09110,0.08430,0.08640,0.08820,0.09570,0.09490,0.07660,0.13650,0.08810,0.17940,0.25840,0.07810,0.09180,0.08240,0.09920,0.09930,0.12420,0.08370,0.40850,0.08080,0.20840,0.09430,0.19870,0.38480,0.08900,0.09270,0.09140,0.09740,0.11040,0.10610,0.15450,0.21830,0.32170,0.08980,0.14400,0.14940,0.09010,0.09210,0.08330,0.10020,0.14400,0.13510,0.29010,0.20340,0.14420,0.10960,0.08990,0.58330,0.08000,0.08470,0.08160,0.17980,0.08160,0.09910,0.21560,0.15210,0.08140,0.08910
0:11:49,0.26240,0.53960,0.09560,0.08330,0.08690,0.08550,0.10790,0.08210,0.20770,0.08220,0.14910,0.08290,0.21070,0.23240,0.08750,0.09970,0.08580,0.09200,0.10370,0.12470,0.16350,0.23350,0.11390,0.27180,0.16400,0.20260,0.08950,0.09640,0.08570,0.08820,0.09370,0.11380,0.12870,0.19820,0.09950,0.24120,0.07990,0.12930,0.09070,0.08440,0.08630,0.08770,0.09560,0.09610,0.07650,0.18020,0.08790,0.18970,0.27960,0.07800,0.09200,0.08230,0.09920,0.09900,0.13180,0.08360,0.42220,0.08070,0.22690,0.09430,0.21140,0.40090,0.08930,0.09380,0.09160,0.09470,0.11160,0.10790,0.16790,0.23910,0.33490,0.08920,0.15110,0.15990,0.09000,0.09280,0.08330,0.10020,0.12890,0.13660,0.33300,0.22350,0.15150,0.10800,0.08990,0.58380,0.07990,0.08500,0.08040,0.18180,0.08140,0.09960,0.21280,0.16200,0.08130,0.08930
0:13:29,0.28070,0.52840,0.09610,0.08320,0.08700,0.08530,0.11080,0.08200,0.22370,0.08210,0.15560,0.08270,0.22450,0.24790,0.08790,0.10010,0.08580,0.09240,0.10600,0.13040,0.17500,0.25570,0.11890,0.29600,0.17270,0.21570,0.08980,0.09680,0.08590,0.08830,0.09480,0.11780,0.13430,0.21380,0.10180,0.26190,0.07980,0.13420,0.09050,0.08440,0.08630,0.08760,0.09520,0.09790,0.07640,0.17660,0.08790,0.19960,0.29970,0.07790,0.09200,0.08220,0.09940,0.09850,0.12700,0.07720,0.44750,0.08070,0.24760,0.09410,0.22500,0.41880,0.08940,0.09490,0.09150,0.09470,0.12010,0.11100,0.18190,0.26010,0.34860,0.08920,0.15760,0.17010,0.08980,0.09340,0.08320,0.10040,0.13010,0.13820,0.30770,0.24460,0.15890,0.10800,0.08990,0.58330,0.08000,0.08530,0.08040,0.18030,0.08130,0.10010,0.21060,0.16980,0.08130,0.08900
0:15:09,0.30190,0.52060,0.09660,0.08310,0.08710,0.08510,0.11390,0.08190,0.24220,0.08190,0.16280,0.08250,0.23780,0.26630,0.08810,0.10100,0.08570,0.09270,0.10830,0.13580,0.18650,0.27720,0.12430,0.32430,0.18110,0.22840,0.08970,0.09720,0.08560,0.08830,0.09600,0.12120,0.14030,0.22940,0.10440,0.28140,0.07980,0.14040,0.09040,0.08450,0.08620,0.08730,0.09500,0.09900,0.07640,0.18480,0.08770,0.20790,0.32100,0.07790,0.09230,0.08210,0.09940,0.09800,0.13830,0.07720,0.47370,0.08060,0.27040,0.09400,0.23790,0.43570,0.08970,0.09590,0.09140,0.09330,0.12580,0.11450,0.19630,0.27680,0.36360,0.08930,0.16550,0.18070,0.08980,0.09400,0.08320,0.10030,0.13150,0.13990,0.35070,0.26280,0.16730,0.10710,0.08980,0.59080,0.08000,0.08570,0.08030,0.17610,0.08120,0.10080,0.20980,0.17900,0.08130,0.08900
0:16:49,0.32010,0.51880,0.09730,0.08300,0.08800,0.08510,0.11750,0.08180,0.26050,0.08190,0.17050,0.08220,0.25300,0.28520,0.08860,0.10130,0.08590,0.09300,0.11060,0.14080,0.19870,0.30010,0.13040,0.35510,0.19020,0.24070,0.08970,0.09770,0.08550,0.08850,0.09740,0.12510,0.14610,0.24630,0.10670,0.29960,0.07980,0.14660,0.09010,0.08470,0.08610,0.08730,0.09470,0.10070,0.07640,0.19200,0.08760,0.22150,0.34030,0.07780,0.09290,0.08200,0.09930,0.09770,0.14070,0.07710,0.50600,0.08050,0.29160,0.09400,0.24980,0.45560,0.09010,0.09740,0.09150,0.09810,0.12680,0.11760,0.21140,0.30090,0.37640,0.08960,0.17210,0.19210,0.08990,0.09490,0.08330,0.10030,0.13240,0.14170,0.32210,0.27870,0.17480,0.10800,0.08990,0.59110,0.07990,0.08600,0.08030,0.17610,0.08120,0.10150,0.20740,0.18640,0.08130,0.08890
0:18:29,0.34200,0.50770,0.09840,0.08300,0.08780,0.08500,0.12130,0.08180,0.27920,0.08200,0.17870,0.08220,0.26870,0.30460,0.08900,0.10250,0.08610,0.09340,0.11270,0.14610,0.21070,0.32340,0.13620,0.38650,0.19970,0.25270,0.08990,0.09810,0.08570,0.08890,0.09890,0.12940,0.15190,0.26210,0.10850,0.32010,0.07980,0.15270,0.09000,0.08490,0.08610,0.08730,0.09470,0.10260,0.07640,0.20700,0.08750,0.23320,0.36250,0.07780,0.09320,0.08210,0.09970,0.09750,0.15000,0.07710,0.53000,0.08060,0.31410,0.09400,0.26480,0.47370,0.09090,0.09850,0.09150,0.09590,0.13280,0.12080,0.22680,0.32690,0.39190,0.08980,0.17950,0.20470,0.09000,0.09540,0.08340,0.10050,0.13380,0.14330,0.36900,0.29480,0.18190,0.10860,0.09000,0.59770,0.07990,0.08650,0.08030,0.17370,0.08130,0.10240,0.20520,0.19550,0.08130,0.08900
0:20:09,0.36480,0.49910,0.09860,0.08290,0.08810,0.08490,0.12500,0.08180,0.29820,0.08200,0.18840,0.08210,0.28450,0.32500,0.08930,0.10330,0.08640,0.09350,0.11520,0.15190,0.22400,0.34890,0.14200,0.41850,0.20800,0.26480,0.09010,0.09870,0.08570,0.08920,0.10010,0.13360,0.15760,0.27970,0.11060,0.33930,0.07980,0.15980,0.08990,0.08510,0.08600,0.08720,0.09430,0.10400,0.07640,0.20490,0.08750,0.24600,0.38480,0.07770,0.09400,0.08200,0.09930,0.09710,0.14620,0.07710,0.56660,0.08060,0.33480,0.09380,0.28030,0.49280,0.09140,0.09910,0.09150,0.09480,0.13300,0.12370,0.24230,0.35290,0.40490,0.09020,0.18640,0.21760,0.08980,0.09610,0.08340,0.10070,0.13480,0.14480,0.33800,0.30950,0.18830,0.10750,0.08990,0.44220,0.07970,0.08680,0.08030,0.17250,0.08120,0.10300,0.20350,0.20390,0.08140,0.08910
0:21:49,0.39000,0.48640,0.09910,0.08290,0.08880,0.08490,0.12930,0.08180,0.31740,0.08210,0.19750,0.08210,0.30060,0.34360,0.08970,0.10430,0.08680,0.09380,0.11790,0.15720,0.23760,0.37040,0.14760,0.45000,0.21620,0.27760,0.09040,0.09930,0.08590,0.08940,0.10180,0.13800,0.16380,0.29770,0.11350,0.35920,0.07980,0.16560,0.08990,0.08530,0.08600,0.08710,0.09420,0.10600,0.07640,0.22420,0.08760,0.25880,0.40890,0.07780,0.09500,0.08210,0.09970,0.09690,0.15780,0.07710,0.58140,0.08060,0.35750,0.09380,0.29490,0.51050,0.09210,0.10030,0.09150,0.10000,0.13890,0.12800,0.25790,0.38090,0.41830,0.09140,0.19360,0.23040,0.08990,0.09690,0.08350,0.10070,0.13590,0.14600,0.38330,0.32670,0.19650,0.10780,0.08990,0.44590,0.07960,0.08700,0.08030,0.17480,0.08130,0.10400,0.20150,0.21370,0.08140,0.08920
0:23:29,0.41100,0.47960,0.10000,0.08290,0.08920,0.08480,0.13350,0.08190,0.33880,0.08200,0.20770,0.08200,0.31590,0.36220,0.09010,0.10510,0.08710,0.09410,0.12000,0.16260,0.25070,0.39120,0.15220,0.48330,0.22440,0.28990,0.09050,0.09980,0.08580,0.08970,0.10300,0.14150,0.17030,0.31420,0.11630,0.37950,0.07980,0.17050,0.08970,0.08550,0.08600,0.08710,0.09410,0.10770,0.07640,0.22380,0.08750,0.27220,0.43200,0.07780,0.09550,0.08200,0.10010,0.09660,0.16430,0.07710,0.60590,0.08060,0.37810,0.09380,0.31060,0.53210,0.09230,0.10140,0.09150,0.09650,0.13860,0.13090,0.27410,0.40710,0.43270,0.09270,0.20080,0.24310,0.08990,0.09760,0.08340,0.10080,0.13640,0.14810,0.35100,0.34410,0.20560,0.10750,0.09000,0.44890,0.07980,0.08740,0.08030,0.17140,0.08120,0.10480,0.19900,0.22200,0.08140,0.08930
0:25:09,0.43570,0.47040,0.10090,0.08290,0.08990,0.08480,0.13770,0.08190,0.35690,0.08200,0.21630,0.08210,0.33160,0.38220,0.09060,0.10650,0.08750,0.09430,0.12270,0.16820,0.26380,0.41300,0.15690,0.51980,0.23390,0.30270,0.09080,0.10020,0.08590,0.08980,0.10410,0.14510,0.17650,0.32960,0.11890,0.39890,0.07980,0.17660,0.08960,0.08570,0.08600,0.08700,0.09400,0.10940,0.07640,0.20920,0.08750,0.28240,0.45540,0.07770,0.09590,0.08200,0.10010,0.09620,0.16750,0.07720,0.62840,0.08060,0.39880,0.09380,0.32710,0.54940,0.09250,0.10280,0.09150,0.09550,0.14600,0.13440,0.28970,0.43060,0.44510,0.09330,0.20800,0.25570,0.08990,0.09830,0.08350,0.10080,0.13750,0.14960,0.39760,0.36160,0.21410,0.10660,0.09000,0.45140,0.07980,0.08790,0.08030,0.17230,0.08120,0.10560,0.19730,0.23050,0.08130,0.08930
0:26:49,0.45790,0.46150,0.10150,0.08300,0.09050,0.08490,0.14220,0.08190,0.37490,0.08220,0.22590,0.08210,0.34650,0.39930,0.09130,0.10760,0.08790,0.09470,0.12540,0.17390,0.27650,0.43680,0.16200,0.54850,0.24270,0.31480,0.09110,0.10080,0.08600,0.09010,0.10520,0.14910,0.18280,0.34370,0.12170,0.41770,0.07980,0.18240,0.08960,0.08600,0.08590,0.08760,0.09380,0.11130,0.07640,0.25050,0.08760,0.29520,0.47960,0.07770,0.09690,0.08200,0.10010,0.09590,0.17500,0.07730,0.64950,0.08060,0.41850,0.09400,0.34380,0.56830,0.09310,0.10420,0.09190,0.10110,0.14770,0.13770,0.30520,0.45370,0.45900,0.09340,0.21530,0.26810,0.09030,0.09900,0.08360,0.10090,0.13840,0.15100,0.36500,0.37890,0.22180,0.10750,0.09010,0.45250,0.08000,0.08840,0.08040,0.16960,0.08140,0.10640,0.19540,0.23900,0.08140,0.08940
0:28:29,0.48180,0.45360,0.10190,0.08300,0.09080,0.08500,0.14690,0.08200,0.39460,0.08220,0.23410,0.08210,0.36160,0.41500,0.09190,0.10850,0.08810,0.09500,0.12800,0.17920,0.28900,0.45780,0.16750,0.57170,0.25200,0.32680,0.09130,0.10170,0.08610,0.09050,0.10660,0.15320,0.18940,0.35840,0.12460,0.43650,0.07990,0.18920,0.08960,0.08640,0.08600,0.09580,0.09380,0.11310,0.07650,0.22700,0.08770,0.30530,0.50280,0.07770,0.09790,0.08210,0.10040,0.09580,0.17730,0.07730,0.68000,0.08060,0.43880,0.09400,0.35910,0.58740,0.09400,0.10550,0.09210,0.09730,0.15390,0.14150,0.31970,0.47890,0.47240,0.09330,0.22300,0.28050,0.09050,0.09970,0.08380,0.10090,0.13950,0.15260,0.41300,0.39640,0.23010,0.10700,0.09010,0.45840,0.07960,0.08920,0.08040,0.16880,0.08140,0.10730,0.19320,0.24800,0.08150,0.08950
0:30:09,0.50360,0.44490,0.10250,0.08300,0.09130,0.08490,0.15100,0.08210,0.41290,0.08230,0.24330,0.08220,0.37640,0.43640,0.09240,0.10940,0.08830,0.09570,0.13110,0.18460,0.30210,0.47650,0.17270,0.59480,0.26140,0.33870,0.09150,0.10250,0.08620,0.09080,0.10840,0.15720,0.19670,0.37490,0.12710,0.45350,0.07990,0.19600,0.08940,0.08660,0.08600,0.08720,0.09380,0.11500,0.07660,0.26680,0.08770,0.31650,0.52560,0.07770,0.09880,0.08210,0.10050,0.09550,0.18330,0.07730,0.70060,0.08070,0.46010,0.09400,0.37380,0.60560,0.09470,0.10690,0.09250,0.10190,0.15540,0.14470,0.33440,0.50380,0.48520,0.09310,0.23050,0.29240,0.09060,0.10020,0.08390,0.10100,0.14060,0.15390,0.37890,0.41400,0.23800,0.10630,0.09010,0.45960,0.07990,0.08930,0.08050,0.16700,0.08130,0.10810,0.19120,0.25620,0.08150,0.08950
0:31:49,0.52560,0.43360,0.10310,0.08300,0.09210,0.08500,0.15530,0.08220,0.42890,0.08230,0.25140,0.08230,0.39100,0.45770,0.09310,0.11040,0.08850,0.09630,0.13480,0.19000,0.31500,0.49720,0.17880,0.62400,0.27060,0.35120,0.09170,0.10320,0.08630,0.09130,0.11000,0.16140,0.20350,0.39220,0.12970,0.47280,0.07990,0.20230,0.08950,0.08690,0.08600,0.09620,0.09360,0.11710,0.07660,0.24380,0.08770,0.32690,0.54650,0.07770,0.09960,0.08210,0.10070,0.09540,0.18730,0.07750,0.72560,0.08080,0.48120,0.09390,0.38870,0.62310,0.09530,0.10820,0.09250,0.09820,0.16150,0.14800,0.34840,0.52970,0.49850,0.09320,0.23840,0.30380,0.09080,0.10110,0.08400,0.10110,0.14190,0.15590,0.42830,0.43150,0.24680,0.10580,0.09020,0.46370,0.07980,0.08990,0.08040,0.16600,0.08140,0.10910,0.18890,0.26540,0.08140,0.08950
0:33:29,0.54630,0.42550,0.10380,0.08310,0.09250,0.08500,0.16000,0.08230,0.44470,0.08250,0.26020,0.08240,0.40600,0.47830,0.09370,0.11130,0.08880,0.09680,0.13820,0.19580,0.32700,0.52080,0.18520,0.65310,0.27960,0.36270,0.09190,0.10400,0.08650,0.09190,0.11180,0.16580,0.21040,0.40930,0.13240,0.49360,0.07990,0.20850,0.08940,0.08720,0.08600,0.08700,0.09350,0.11900,0.07680,0.28330,0.08790,0.33980,0.56690,0.07770,0.10040,0.08220,0.10100,0.09520,0.19330,0.07750,0.74290,0.08080,0.50080,0.09400,0.40390,0.64200,0.09570,0.10910,0.09290,0.10320,0.16280,0.15170,0.36240,0.55530,0.51070,0.09330,0.24740,0.31470,0.09090,0.10200,0.08420,0.10140,0.14300,0.15720,0.39560,0.44890,0.25540,0.10670,0.09020,0.46610,0.07990,0.09080,0.08050,0.16300,0.08140,0.11000,0.18670,0.27350,0.08150,0.08950
0:35:09,0.57310,0.41760,0.10460,0.08310,0.09310,0.08500,0.16530,0.08250,0.46230,0.08260,0.26890,0.08250,0.42200,0.49750,0.09430,0.11210,0.08920,0.09740,0.14160,0.20180,0.33900,0.54260,0.19140,0.68050,0.28860,0.37440,0.09220,0.10470,0.08680,0.09240,0.11360,0.17000,0.21710,0.42620,0.13510,0.51300,0.08000,0.21460,0.08950,0.08760,0.08610,0.09660,0.09350,0.12080,0.07700,0.27790,0.08800,0.34960,0.58760,0.07780,0.10140,0.08230,0.10130,0.09510,0.19810,0.07770,0.76760,0.08090,0.52040,0.09420,0.41810,0.65840,0.09640,0.11020,0.09310,0.09960,0.16130,0.15530,0.37660,0.57950,0.52320,0.09360,0.25550,0.32570,0.09110,0.10290,0.08440,0.10170,0.14440,0.15870,0.44350,0.46600,0.26360,0.10650,0.09020,0.47140,0.08000,0.09090,0.08060,0.16360,0.08150,0.11100,0.18500,0.28200,0.08150,0.08950
0:36:49,0.59730,0.40970,0.10550,0.08310,0.09360,0.08500,0.17050,0.08250,0.47780,0.08270,0.27820,0.08260,0.43750,0.51560,0.09480,0.11300,0.08960,0.09810,0.14420,0.20690,0.35050,0.56460,0.19700,0.70670,0.29750,0.38660,0.09230,0.10530,0.08680,0.09290,0.11510,0.17400,0.22360,0.44280,0.13770,0.53130,0.08000,0.22070,0.08940,0.08790,0.08610,0.08740,0.09360,0.12280,0.07700,0.29820,0.08810,0.35890,0.60740,0.07770,0.10230,0.08230,0.10170,0.09490,0.20440,0.07770,0.78570,0.08100,0.54000,0.09410,0.43220,0.68210,0.09690,0.11140,0.09330,0.10450,0.16640,0.15890,0.39080,0.60320,0.53520,0.09390,0.26280,0.33660,0.09130,0.10360,0.08450,0.10190,0.14570,0.16000,0.40980,0.48300,0.27190,0.10590,0.09030,0.47270,0.08020,0.09140,0.08070,0.16020,0.08150,0.11180,0.18380,0.29070,0.08150,0.08960
0:38:29,0.61920,0.39760,0.10640,0.08320,0.09420,0.08520,0.17590,0.08280,0.49550,0.08290,0.28750,0.08300,0.45310,0.53350,0.09550,0.11440,0.09000,0.09900,0.14710,0.21300,0.36330,0.58730,0.20260,0.73080,0.30650,0.39840,0.09270,0.10610,0.08720,0.09340,0.11680,0.17830,0.23040,0.45890,0.14030,0.54990,0.08010,0.22680,0.08960,0.08840,0.08620,0.09720,0.09370,0.12480,0.07730,0.30700,0.08820,0.37030,0.62680,0.07790,0.10330,0.08250,0.10210,0.09500,0.20900,0.07790,0.80740,0.08130,0.56010,0.09430,0.44630,0.70090,0.09760,0.11280,0.09370,0.10090,0.17420,0.16260,0.40500,0.62600,0.54820,0.09430,0.27030,0.34780,0.09180,0.10460,0.08480,0.10220,0.14700,0.16190,0.46010,0.50040,0.27970,0.10520,0.09040,0.47680,0.08030,0.09200,0.08080,0.16120,0.08160,0.11280,0.18230,0.30910,0.08170,0.08970
0:40:09,0.63630,0.39070,0.10760,0.08330,0.09480,0.08520,0.18080,0.08290,0.51230,0.08310,0.29640,0.08640,0.46720,0.55120,0.09590,0.11570,0.09030,0.09970,0.15000,0.21860,0.37570,0.60860,0.20840,0.75080,0.31520,0.41030,0.09300,0.10680,0.08730,0.09390,0.11850,0.18260,0.23700,0.47480,0.14290,0.56800,0.08010,0.23280,0.08970,0.08870,0.08630,0.10390,0.09380,0.12680,0.07740,0.31510,0.08840,0.38140,0.64610,0.07790,0.10400,0.08270,0.10220,0.09490,0.21520,0.07810,0.82610,0.08140,0.57970,0.09430,0.46010,0.72030,0.09820,0.11450,0.09390,0.10590,0.17240,0.16630,0.41870,0.64880,0.56110,0.09480,0.27740,0.35900,0.09240,0.10550,0.08510,0.10260,0.14840,0.16310,0.42550,0.51700,0.28770,0.10680,0.09050,0.48160,0.08040,0.09250,0.08080,0.15820,0.08160,0.11380,0.18020,0.32180,0.08170,0.08970
0:41:49,0.65300,0.38350,0.10850,0.08330,0.09550,0.08530,0.18560,0.08310,0.52870,0.08330,0.30510,0.08640,0.48080,0.56780,0.09320,0.11680,0.09080,0.10040,0.15280,0.22420,0.38740,0.62820,0.21400,0.76990,0.32380,0.42210,0.09310,0.10750,0.08750,0.09430,0.12000,0.18690,0.24360,0.49040,0.14550,0.58600,0.08010,0.23890,0.08970,0.08910,0.08650,0.09760,0.09390,0.12870,0.07760,0.32280,0.08860,0.39200,0.66480,0.07780,0.10480,0.08270,0.10280,0.09480,0.21940,0.07820,0.85040,0.08150,0.59920,0.09430,0.47370,0.73800,0.09880,0.11580,0.09430,0.10250,0.17770,0.17000,0.43260,0.67030,0.57370,0.09510,0.28470,0.37020,0.09250,0.10630,0.08520,0.10290,0.14940,0.16490,0.47410,0.53290,0.29590,0.10550,0.09050,0.48480,0.08020,0.09300,0.08100,0.15910,0.08170,0.11470,0.17880,0.33020,0.08170,0.08980
0:43:29,0.67000,0.37630,0.10910,0.08330,0.09610,0.08530,0.19030,0.08330,0.54440,0.08350,0.31390,0.08650,0.49490,0.58370,0.09380,0.11780,0.09120,0.10110,0.15560,0.23030,0.39860,0.64650,0.21960,0.78840,0.33250,0.43410,0.09340,0.10810,0.08780,0.09470,0.12160,0.19130,0.25010,0.50570,0.14820,0.60340,0.08020,0.24490,0.08980,0.08940,0.08650,0.09790,0.08610,0.13080,0.07780,0.33110,0.08880,0.40350,0.68310,0.07780,0.10550,0.08270,0.10300,0.09490,0.22580,0.07850,0.86710,0.08180,0.61810,0.09440,0.48720,0.75420,0.09940,0.11710,0.09450,0.10740,0.18570,0.17360,0.44700,0.69180,0.58620,0.09540,0.29160,0.38130,0.09290,0.10710,0.08530,0.10310,0.15090,0.16680,0.43850,0.54980,0.30340,0.10610,0.09060,0.48620,0.08050,0.09350,0.08110,0.15710,0.08180,0.11560,0.17700,0.33870,0.08180,0.08990
0:45:09,0.68730,0.36790,0.10970,0.08340,0.09670,0.08550,0.19490,0.08360,0.56050,0.08370,0.32290,0.08680,0.50910,0.59970,0.09440,0.11880,0.09170,0.10170,0.15850,0.23610,0.40990,0.66410,0.22530,0.80720,0.34100,0.44620,0.09370,0.10890,0.08810,0.09520,0.12330,0.19570,0.25670,0.52070,0.15090,0.62080,0.08020,0.25090,0.08990,0.08970,0.08660,0.09820,0.08510,0.13300,0.07810,0.33960,0.08900,0.41250,0.70140,0.07780,0.10630,0.08280,0.10370,0.08170,0.23000,0.07870,0.88510,0.08200,0.63700,0.09440,0.50060,0.77160,0.09990,0.11830,0.09480,0.10400,0.18390,0.17730,0.46120,0.71280,0.59920,0.09560,0.29890,0.39270,0.09300,0.10800,0.08550,0.10350,0.15220,0.16860,0.48740,0.56600,0.31140,0.10510,0.09060,0.49270,0.08040,0.09390,0.08120,0.15660,0.08180,0.11670,0.17480,0.34710,0.08180,0.09000
0:46:49,0.70540,0.36100,0.11040,0.08350,0.09730,0.08570,0.19980,0.08390,0.57670,0.08420,0.33190,0.08610,0.52290,0.61570,0.09510,0.11990,0.09220,0.10240,0.16150,0.24230,0.42150,0.68220,0.23110,0.82700,0.34970,0.45810,0.09400,0.10960,0.08850,0.09570,0.12500,0.20020,0.26350,0.53610,0.15390,0.63800,0.08030,0.25700,0.09000,0.09010,0.08680,0.09860,0.08540,0.13510,0.07860,0.34790,0.08940,0.42450,0.71930,0.07790,0.10730,0.08290,0.10400,0.09500,0.23640,0.07910,0.90730,0.08230,0.65520,0.09440,0.51420,0.78710,0.10060,0.11980,0.09520,0.10930,0.19600,0.18110,0.47470,0.73350,0.61280,0.09620,0.30620,0.40430,0.09350,0.10900,0.08580,0.10390,0.15340,0.17040,0.45490,0.58250,0.31910,0.10530,0.09080,0.63940,0.08080,0.09450,0.08140,0.15500,0.08200,0.11770,0.17340,0.33160,0.08190,0.09010
0:48:29,0.72360,0.35010,0.11120,0.08370,0.09810,0.08590,0.20460,0.08440,0.59250,0.08460,0.34070,0.09240,0.53640,0.63180,0.09560,0.12080,0.09270,0.10300,0.16440,0.24820,0.43320,0.69980,0.23700,0.84690,0.35830,0.46910,0.09430,0.11030,0.08890,0.09620,0.12660,0.20470,0.27010,0.55090,0.15660,0.65510,0.08040,0.26290,0.09000,0.09050,0.08690,0.09900,0.08570,0.13720,0.07890,0.35630,0.08980,0.43400,0.73690,0.07790,0.10810,0.08300,0.10430,0.09490,0.24080,0.07940,0.92450,0.08260,0.67320,0.09460,0.52760,0.80380,0.10120,0.12120,0.09550,0.10570,0.19450,0.18480,0.48690,0.75330,0.62460,0.09680,0.31360,0.41500,0.09360,0.10990,0.08600,0.10420,0.15500,0.17260,0.50280,0.59830,0.32710,0.10460,0.09090,0.49820,0.08070,0.09500,0.08150,0.15330,0.08210,0.11860,0.17170,0.34030,0.08200,0.09010
0:50:09,0.74110,0.34110,0.11200,0.08380,0.09870,0.08610,0.20930,0.08480,0.60850,0.08520,0.34970,0.09280,0.55000,0.64750,0.09620,0.12190,0.09320,0.10360,0.16750,0.25430,0.44480,0.71800,0.24300,0.86690,0.36690,0.48030,0.09460,0.11120,0.08930,0.09670,0.12850,0.20940,0.27690,0.56640,0.15960,0.67160,0.08050,0.26900,0.09020,0.09090,0.08730,0.09960,0.08620,0.13960,0.07960,0.36470,0.09040,0.44410,0.75430,0.07800,0.10900,0.08320,0.10490,0.09520,0.24710,0.07990,0.94030,0.08300,0.69090,0.09470,0.54060,0.81890,0.10190,0.12260,0.09610,0.11120,0.20220,0.18860,0.49860,0.77290,0.63730,0.09710,0.32070,0.42570,0.09400,0.11090,0.08630,0.10460,0.15640,0.17420,0.46770,0.61470,0.33510,0.10520,0.09100,0.64130,0.08080,0.09560,0.08170,0.15080,0.08220,0.11960,0.17000,0.35300,0.08210,0.09020
0:51:49,0.75770,0.33580,0.11270,0.08400,0.09940,0.08640,0.21410,0.08540,0.62440,0.08570,0.35870,0.09320,0.56300,0.66310,0.09690,0.12300,0.09370,0.10440,0.17060,0.26040,0.45630,0.73570,0.24910,0.88650,0.37530,0.49160,0.09500,0.11200,0.08980,0.09720,0.13040,0.21430,0.28380,0.58060,0.16250,0.68770,0.08050,0.27510,0.09030,0.09140,0.08750,0.10010,0.08670,0.14200,0.08020,0.37320,0.09100,0.45240,0.77090,0.07800,0.10990,0.08330,0.10530,0.09550,0.25160,0.08030,0.95920,0.08350,0.70870,0.09490,0.55430,0.83540,0.10260,0.12410,0.09640,0.10750,0.20040,0.19250,0.51100,0.79200,0.65000,0.09760,0.32790,0.43650,0.09420,0.11180,0.08660,0.10510,0.15800,0.17620,0.51720,0.63010,0.34230,0.10410,0.09120,0.50570,0.08070,0.09610,0.08180,0.15130,0.08240,0.12080,0.16870,0.38070,0.08220,0.09030
0:53:29,0.77450,0.32620,0.11340,0.08410,0.10000,0.08660,0.21880,0.08580,0.63960,0.08610,0.36730,0.09370,0.57610,0.67850,0.09740,0.12390,0.09410,0.10500,0.17360,0.26610,0.46750,0.75320,0.25490,0.90560,0.38380,0.50260,0.09520,0.11260,0.09020,0.09750,0.13200,0.21870,0.29050,0.59430,0.16530,0.70370,0.08050,0.28110,0.09040,0.09170,0.08770,0.10050,0.08700,0.14410,0.08070,0.38150,0.09150,0.46450,0.78780,0.07790,0.11070,0.08330,0.10570,0.09110,0.25780,0.08070,0.97170,0.08380,0.72570,0.09480,0.56700,0.84970,0.10300,0.12540,0.09680,0.11300,0.21210,0.19610,0.52350,0.81050,0.68720,0.09790,0.33500,0.44710,0.09440,0.11260,0.08670,0.10540,0.15920,0.17790,0.48040,0.64590,0.35020,0.10470,0.09110,0.65150,0.08110,0.09650,0.08190,0.15090,0.08240,0.12160,0.16690,0.38900,0.08220,0.09020
0:55:09,0.79110,0.31880,0.11420,0.08430,0.10070,0.08690,0.22340,0.08640,0.65520,0.08660,0.37570,0.09400,0.58910,0.69340,0.09800,0.12510,0.09470,0.10580,0.17660,0.27220,0.47900,0.77010,0.26070,0.92380,0.39240,0.51400,0.09560,0.11360,0.09070,0.09830,0.13390,0.22360,0.29740,0.60820,0.16830,0.71920,0.08060,0.28710,0.09060,0.09220,0.08800,0.10110,0.08770,0.14660,0.08150,0.39040,0.09220,0.47290,0.80370,0.07810,0.11160,0.08350,0.10630,0.09080,0.26230,0.08120,0.99290,0.08430,0.74270,0.09500,0.58020,0.86330,0.10380,0.12690,0.09720,0.10920,0.21040,0.19990,0.53610,0.82800,0.69830,0.09840,0.34200,0.45790,0.09500,0.11370,0.08700,0.10590,0.16070,0.17990,0.53190,0.66090,0.35820,0.10440,0.09130,0.51210,0.08130,0.09700,0.08220,0.15120,0.08260,0.12260,0.16560,0.39710,0.08230,0.09040
0:56:49,0.80740,0.31240,0.11500,0.08450,0.10130,0.08710,0.22800,0.08690,0.66990,0.08700,0.38400,0.09460,0.60160,0.70800,0.09860,0.12620,0.09520,0.10640,0.17970,0.27810,0.49000,0.78640,0.26650,0.94110,0.40070,0.52500,0.09590,0.11440,0.09120,0.09880,0.13570,0.22810,0.30400,0.62230,0.17110,0.73440,0.08070,0.29300,0.09080,0.09260,0.08820,0.10160,0.08810,0.14870,0.08200,0.39840,0.09260,0.48430,0.81970,0.07800,0.11230,0.08360,0.10670,0.08460,0.26830,0.08160,1.00250,0.08460,0.75880,0.09500,0.59280,0.87900,0.10440,0.12830,0.09760,0.11480,0.21820,0.20370,0.54860,0.84580,0.70750,0.09870,0.34910,0.46860,0.09510,0.11460,0.08720,0.10620,0.16220,0.18200,0.49470,0.67630,0.36500,0.10510,0.09140,0.65380,0.08140,0.09760,0.08240,0.14820,0.08270,0.12370,0.16390,0.40530,0.08240,0.09040
0:58:29,0.82330,0.30380,0.11570,0.08460,0.10210,0.08750,0.23280,0.08760,0.68530,0.08770,0.39290,0.09550,0.61410,0.72240,0.09930,0.12730,0.09580,0.10740,0.18290,0.28450,0.50160,0.80340,0.27250,0.95840,0.40920,0.53580,0.09610,0.11520,0.09170,0.09930,0.13760,0.23310,0.31090,0.63630,0.17430,0.74980,0.08080,0.29900,0.09090,0.09310,0.08860,0.10230,0.08880,0.15130,0.08290,0.40740,0.09340,0.49280,0.83520,0.07810,0.11320,0.08360,0.10720,0.09670,0.27140,0.08230,1.02170,0.08520,0.77530,0.09520,0.60550,0.89280,0.10500,0.12970,0.09800,0.11080,0.21590,0.20750,0.56100,0.86270,0.72120,0.09910,0.35620,0.47920,0.09570,0.11550,0.08740,0.10670,0.16360,0.18390,0.54510,0.69070,0.37300,0.10500,0.09150,0.51980,0.08130,0.09800,0.08250,0.14790,0.08290,0.12470,0.16200,0.41330,0.08260,0.09050
1:00:09,0.83920,0.29560,0.11650,0.08490,0.10290,0.08780,0.23760,0.08840,0.69990,0.08840,0.40180,0.09660,0.62670,0.73650,0.09990,0.12850,0.09650,0.10810,0.18630,0.29080,0.51280,0.81920,0.27870,0.97490,0.41760,0.54670,0.09650,0.11620,0.09240,0.10000,0.13970,0.23790,0.31780,0.65050,0.17750,0.76460,0.08080,0.30490,0.09110,0.09350,0.08890,0.10280,0.08940,0.15390,0.08370,0.41570,0.09430,0.50390,0.85010,0.07810,0.11400,0.08380,0.10770,0.09220,0.27060,0.08290,1.03570,0.08580,0.79170,0.09530,0.61870,0.90590,0.10570,0.13110,0.09830,0.11640,0.22760,0.21130,0.57340,0.87970,0.73040,0.09940,0.36330,0.48980,0.09580,0.11640,0.08770,0.10720,0.16530,0.18590,0.50880,0.70610,0.38100,0.10430,0.09150,0.65790,0.08160,0.09860,0.08280,0.14800,0.08300,0.12580,0.16080,0.42160,0.08260,0.09060

