Corrected [600]
	1	2	3	4	5	6	7	8	9	10	11	12
A	0.30862	0.07255	0.30068	0.07241	0.33197	0.07290	0.35341	0.07340	0.36362	0.07339	0.37845	0.07401	Corrected [600]
B	0.24503	0.35531	0.23213	0.38301	0.27305	0.39738	0.29617	0.41211	0.30021	0.39240	0.28025	0.38174	Corrected [600]
C	0.15521	0.26647	0.15475	0.27232	0.17370	0.28568	0.19784	0.30273	0.17961	0.25343	0.17567	0.29182	Corrected [600]
D	0.07207	0.17278	0.08302	0.16128	0.07366	0.18137	0.07267	0.18179	0.07374	0.16702	0.07252	0.17155	Corrected [600]
E	0.32579	0.09076	0.39312	0.07418	0.40063	0.07308	0.44510	0.07347	0.41288	0.07343	0.41936	0.07215	Corrected [600]
F	0.24229	0.37194	0.27243	0.38255	0.27863	0.43553	0.31275	0.37548	0.25711	0.42285	0.27101	0.36716	Corrected [600]
G	0.15686	0.26176	0.17357	0.26256	0.17746	0.31098	0.18743	0.25330	0.14766	0.25422	0.17351	0.26940	Corrected [600]
H	0.07200	0.15434	0.07105	0.15461	0.07279	0.17651	0.07344	0.15091	0.07182	0.14173	0.07193	0.16467	Corrected [600]

