Corrected [600]
	1	2	3	4	5	6	7	8	9	10	11	12
A	0.30560	0.09011	0.29746	0.07539	0.34214	0.07437	0.35685	0.07484	0.34096	0.07441	0.36594	0.07417	Corrected [600]
B	0.21250	0.38640	0.27783	0.39389	0.33336	0.41360	0.31874	0.38698	0.30352	0.36892	0.28200	0.31336	Corrected [600]
C	0.15429	0.30560	0.19234	0.28236	0.20115	0.36364	0.21725	0.30801	0.21471	0.30538	0.20719	0.25804	Corrected [600]
D	0.07455	0.20123	0.07435	0.19377	0.07698	0.22180	0.07337	0.22860	0.07386	0.19690	0.07359	0.18539	Corrected [600]
E	0.34061	0.07413	0.40144	0.07419	0.38562	0.07318	0.44369	0.07379	0.35375	0.07461	0.36171	0.07390	Corrected [600]
F	0.25040	0.38191	0.29759	0.37617	0.28392	0.39007	0.32704	0.45804	0.28725	0.38904	0.25793	0.31426	Corrected [600]
G	0.17427	0.27717	0.19389	0.28005	0.18869	0.29163	0.19392	0.30884	0.17903	0.28406	0.18175	0.25274	Corrected [600]
H	0.08762	0.17399	0.07453	0.18773	0.07416	0.17425	0.07387	0.18212	0.07544	0.17692	0.07376	0.15590	Corrected [600]

