550

Time,A1,A2,A3,A4,A5,A6,A7,A8,A9,A10,A11,A12,B1,B2,B3,B4,B5,B6,B7,B8,B9,B10,B11,B12,C1,C2,C3,C4,C5,C6,C7,C8,C9,C10,C11,C12,D1,D2,D3,D4,D5,D6,D7,D8,D9,D10,D11,D12,E1,E2,E3,E4,E5,E6,E7,E8,E9,E10,E11,E12,F1,F2,F3,F4,F5,F6,F7,F8,F9,F10,F11,F12,G1,G2,G3,G4,G5,G6,G7,G8,G9,G10,G11,G12,H1,H2,H3,H4,H5,H6,H7,H8,H9,H10,H11,H12
0:00:55,0.12180,0.08270,0.07930,0.08690,0.07980,0.07100,0.16820,0.08370,0.07860,0.07320,0.07720,0.07420,0.11970,0.08250,0.08070,0.11320,0.07880,0.07990,0.19610,0.09150,0.09160,0.07820,0.07840,0.07830,0.08250,0.07970,0.09420,0.26170,0.07850,0.07740,0.07640,0.08030,0.07920,0.07640,0.07960,0.07770,0.07190,0.07720,0.07720,0.15430,0.07930,0.08660,0.08170,0.08280,0.08450,0.07770,0.08410,0.08090,0.09080,0.08210,0.08800,0.07790,0.07710,0.07690,0.15400,0.08800,0.09350,0.06950,0.08530,0.07330,0.12780,0.07700,0.08120,0.12200,0.08520,0.10930,0.11600,0.07760,0.07760,0.08510,0.07620,0.08280,0.07490,0.08110,0.07900,0.08690,0.10370,0.10180,0.08500,0.07940,0.07360,0.08000,0.08600,0.08030,0.06940,0.07630,0.06860,0.07870,0.07000,0.07690,0.07720,0.07410,0.07670,0.07970,0.08280,0.07930
0:02:35,0.11970,0.08220,0.07730,0.08660,0.08050,0.07070,0.17170,0.08020,0.07970,0.07300,0.07650,0.07360,0.11760,0.08010,0.07990,0.11330,0.07770,0.07890,0.19320,0.08840,0.09020,0.07750,0.07760,0.07820,0.08170,0.07850,0.09280,0.25620,0.07780,0.07650,0.07560,0.07930,0.07890,0.07530,0.07940,0.07440,0.07180,0.07670,0.07660,0.15090,0.07810,0.08620,0.08140,0.08290,0.08430,0.07700,0.08390,0.07950,0.08920,0.08150,0.08680,0.07720,0.07580,0.07690,0.23990,0.08740,0.09370,0.06900,0.08290,0.07300,0.12550,0.07740,0.08020,0.11970,0.08390,0.12060,0.10760,0.07690,0.07790,0.08380,0.07570,0.08170,0.07440,0.08030,0.07840,0.08620,0.10290,0.10030,0.08440,0.07840,0.07280,0.07610,0.08500,0.07870,0.06910,0.07580,0.06830,0.07860,0.06980,0.07630,0.07680,0.07360,0.07640,0.07780,0.08260,0.07900
0:04:15,0.11810,0.08170,0.07720,0.08550,0.07880,0.07050,0.16910,0.07960,0.07930,0.07280,0.07520,0.07340,0.11650,0.07950,0.07970,0.11240,0.07730,0.07850,0.19240,0.08800,0.08980,0.07680,0.07660,0.07720,0.08080,0.07890,0.09150,0.25490,0.07740,0.07610,0.07510,0.07890,0.07830,0.07500,0.07840,0.07420,0.07170,0.07590,0.07610,0.14590,0.07750,0.08560,0.08120,0.08240,0.08410,0.07650,0.08360,0.07950,0.08820,0.08120,0.08630,0.07670,0.07590,0.07610,0.15230,0.08650,0.09270,0.06870,0.08220,0.07290,0.12380,0.07650,0.08010,0.11660,0.08380,0.11680,0.10640,0.07540,0.07700,0.08280,0.07450,0.08070,0.07400,0.07910,0.07790,0.08620,0.10160,0.09860,0.08400,0.07820,0.07270,0.07520,0.08480,0.07840,0.06890,0.07550,0.06810,0.07800,0.06970,0.07600,0.07670,0.07320,0.07630,0.07430,0.08210,0.07830
0:05:55,0.11590,0.08120,0.07700,0.08390,0.07870,0.07040,0.17220,0.07960,0.07890,0.07260,0.07540,0.07320,0.11590,0.07960,0.07860,0.11230,0.07670,0.07810,0.18540,0.08770,0.08930,0.07660,0.07620,0.07750,0.07990,0.07820,0.09070,0.25100,0.07680,0.07590,0.07480,0.07850,0.07800,0.07480,0.07730,0.07380,0.07230,0.07570,0.07580,0.14620,0.07690,0.08520,0.08130,0.08190,0.08390,0.07620,0.08350,0.07860,0.08740,0.08090,0.08630,0.07650,0.07550,0.07620,0.23350,0.08560,0.09260,0.06840,0.08100,0.07270,0.12210,0.07540,0.07950,0.11430,0.08360,0.10540,0.13130,0.07500,0.07620,0.08220,0.07400,0.08090,0.07360,0.07870,0.07740,0.08530,0.10000,0.09590,0.08360,0.07760,0.07240,0.07470,0.08460,0.07780,0.06870,0.07520,0.06790,0.07790,0.06950,0.07560,0.07650,0.07270,0.07610,0.07170,0.08160,0.07750
0:07:35,0.11540,0.08110,0.07660,0.08270,0.07840,0.07040,0.16620,0.07950,0.07890,0.07270,0.07470,0.07310,0.11430,0.07900,0.07870,0.11330,0.07670,0.07780,0.18340,0.08760,0.08870,0.07630,0.07620,0.07740,0.07960,0.07780,0.09010,0.24880,0.07670,0.07540,0.07460,0.07820,0.07780,0.07460,0.07650,0.07350,0.07220,0.07540,0.07560,0.13990,0.07670,0.08490,0.08140,0.08170,0.07720,0.07600,0.08350,0.07830,0.08750,0.08070,0.08640,0.07640,0.07530,0.07630,0.15490,0.08480,0.09210,0.06850,0.08110,0.07270,0.12000,0.07470,0.07930,0.11450,0.08320,0.11990,0.10500,0.07470,0.07580,0.08150,0.07390,0.07970,0.07340,0.07840,0.07710,0.08430,0.09860,0.09670,0.08360,0.07740,0.07240,0.07450,0.08430,0.07790,0.06870,0.07490,0.06790,0.07750,0.06950,0.07540,0.07650,0.07280,0.07600,0.07170,0.08140,0.07710
0:09:15,0.11290,0.08080,0.07610,0.08140,0.07800,0.07010,0.16100,0.07940,0.07900,0.07250,0.07460,0.07310,0.11200,0.07850,0.07820,0.11250,0.07680,0.07760,0.18800,0.08760,0.08860,0.07570,0.07570,0.07670,0.07930,0.07730,0.08910,0.24570,0.07650,0.07510,0.07430,0.07810,0.07750,0.07440,0.07610,0.07320,0.07210,0.07510,0.07540,0.13910,0.07640,0.08490,0.08140,0.08130,0.07720,0.07580,0.08340,0.07800,0.08660,0.08040,0.08620,0.07590,0.07490,0.07630,0.22940,0.08370,0.09130,0.06830,0.07980,0.07260,0.11620,0.07440,0.07880,0.11190,0.08250,0.10750,0.10410,0.07440,0.07540,0.08130,0.07380,0.07950,0.07320,0.07800,0.07690,0.08390,0.09690,0.09510,0.08320,0.07710,0.07200,0.07400,0.08410,0.07740,0.06850,0.07450,0.06770,0.07730,0.06940,0.07510,0.07650,0.07240,0.07580,0.07150,0.08120,0.07680
0:10:55,0.11310,0.08080,0.07600,0.08100,0.07790,0.07010,0.16240,0.07950,0.07910,0.07250,0.07450,0.07310,0.11070,0.07860,0.07800,0.11140,0.07640,0.07760,0.18240,0.08770,0.08810,0.07540,0.07560,0.07640,0.07920,0.07720,0.08840,0.24160,0.07610,0.07500,0.07420,0.07800,0.07740,0.07420,0.07580,0.07300,0.07190,0.07510,0.07520,0.13560,0.07620,0.08460,0.08140,0.08120,0.07720,0.07570,0.08320,0.07780,0.08650,0.08040,0.08590,0.07590,0.07490,0.07660,0.14850,0.08310,0.09070,0.06790,0.07990,0.07260,0.11460,0.07460,0.07860,0.11310,0.08200,0.10850,0.12970,0.07420,0.07530,0.08030,0.07360,0.07910,0.07320,0.07790,0.07660,0.08370,0.09570,0.09540,0.08330,0.07700,0.07210,0.07410,0.08420,0.07710,0.06850,0.07440,0.06770,0.07700,0.06940,0.07080,0.07660,0.07240,0.07580,0.07140,0.08130,0.07720
0:12:35,0.11160,0.08070,0.07590,0.08080,0.07780,0.07010,0.16140,0.07950,0.07910,0.07240,0.07440,0.07310,0.10960,0.07840,0.07790,0.11030,0.07640,0.07740,0.19170,0.08790,0.08830,0.07520,0.07510,0.07610,0.07200,0.07720,0.08800,0.23520,0.07600,0.07470,0.07420,0.07800,0.07740,0.07400,0.07570,0.07300,0.07170,0.07510,0.07510,0.13630,0.07610,0.08480,0.08160,0.08080,0.07710,0.07560,0.08330,0.07770,0.08620,0.08040,0.08580,0.07580,0.07480,0.07670,0.21990,0.08290,0.09000,0.06790,0.07910,0.07260,0.11340,0.07430,0.07850,0.11140,0.08180,0.10010,0.10010,0.07440,0.07540,0.08020,0.07350,0.07900,0.07320,0.07780,0.07660,0.08360,0.09490,0.09420,0.08330,0.07680,0.07200,0.07420,0.08400,0.07710,0.06850,0.07420,0.06770,0.07670,0.06930,0.07060,0.07660,0.07220,0.07570,0.07130,0.08150,0.08090
0:14:15,0.11140,0.08060,0.07590,0.08040,0.07790,0.07000,0.15640,0.07960,0.07920,0.07240,0.07410,0.07310,0.10820,0.07840,0.07770,0.10920,0.07660,0.07710,0.19390,0.08790,0.08780,0.07520,0.07490,0.07610,0.07220,0.07720,0.08740,0.23190,0.07320,0.07480,0.07410,0.07810,0.07750,0.07410,0.07560,0.07310,0.07150,0.07490,0.07490,0.13220,0.07590,0.08450,0.08150,0.08050,0.07700,0.07560,0.08340,0.07750,0.08610,0.08030,0.08580,0.07560,0.07480,0.07340,0.14350,0.08250,0.08960,0.06770,0.07880,0.07130,0.11130,0.07410,0.07830,0.10550,0.08140,0.11210,0.10110,0.07450,0.07510,0.07960,0.07330,0.07890,0.07330,0.07770,0.07650,0.08340,0.09400,0.09430,0.08330,0.07660,0.07190,0.07400,0.08400,0.07670,0.06840,0.07400,0.06770,0.07670,0.06920,0.07060,0.07650,0.07210,0.07580,0.07120,0.07680,0.08090
0:15:55,0.10810,0.08050,0.07580,0.08010,0.07790,0.07000,0.15620,0.07930,0.07940,0.07230,0.07410,0.07310,0.10690,0.07830,0.07750,0.10790,0.07650,0.07650,0.18920,0.08800,0.08720,0.07540,0.07490,0.07610,0.07230,0.07700,0.08710,0.22700,0.07320,0.07460,0.07400,0.07820,0.07750,0.07430,0.07580,0.07320,0.07120,0.07500,0.07480,0.13010,0.07580,0.08450,0.08160,0.08030,0.07690,0.07550,0.08350,0.07740,0.08580,0.08030,0.08580,0.07540,0.07470,0.07300,0.21270,0.08230,0.08930,0.06770,0.07820,0.07100,0.11040,0.07410,0.07820,0.10430,0.08110,0.10430,0.10770,0.07400,0.07520,0.08000,0.07320,0.07870,0.07320,0.07770,0.07630,0.08320,0.09310,0.09310,0.08330,0.07640,0.07200,0.07410,0.08390,0.07650,0.06830,0.07400,0.06750,0.07650,0.06920,0.07050,0.07650,0.07200,0.07570,0.07100,0.07660,0.07880
0:17:35,0.10790,0.08060,0.07570,0.07990,0.07800,0.07010,0.15660,0.07940,0.07970,0.07240,0.07430,0.07320,0.10670,0.07840,0.07740,0.10580,0.07670,0.07640,0.19150,0.08860,0.08480,0.07560,0.07490,0.07620,0.07260,0.07720,0.08680,0.22380,0.08260,0.07450,0.07400,0.07840,0.07790,0.07440,0.07450,0.07340,0.06860,0.07510,0.07480,0.12650,0.07590,0.08460,0.08180,0.08050,0.07680,0.07560,0.08330,0.07720,0.08570,0.07690,0.08600,0.07540,0.07450,0.06840,0.13950,0.08240,0.08910,0.06780,0.07810,0.07110,0.10940,0.07420,0.07810,0.10490,0.08090,0.09730,0.09810,0.07410,0.07520,0.07950,0.07340,0.07870,0.07320,0.07790,0.07610,0.08310,0.09310,0.09220,0.08340,0.07650,0.07220,0.07470,0.08390,0.07650,0.06840,0.07390,0.06760,0.07660,0.06920,0.06900,0.07030,0.07210,0.07560,0.07100,0.07660,0.07830
0:19:15,0.10640,0.08060,0.07570,0.07960,0.07800,0.06890,0.15190,0.07950,0.08010,0.07230,0.07430,0.07320,0.10570,0.07840,0.07730,0.10500,0.07670,0.07650,0.18680,0.08870,0.08410,0.07570,0.07490,0.07630,0.07260,0.07710,0.08640,0.21810,0.07050,0.07430,0.07380,0.07840,0.07790,0.07450,0.07410,0.07340,0.06850,0.07500,0.07470,0.12460,0.07600,0.08440,0.08160,0.08020,0.07670,0.07570,0.08340,0.07720,0.08560,0.07660,0.08610,0.07530,0.07450,0.06810,0.20720,0.08220,0.08850,0.06770,0.07770,0.07110,0.10810,0.07420,0.07790,0.10310,0.08050,0.10740,0.09950,0.07400,0.07530,0.07950,0.07350,0.07870,0.07320,0.07790,0.07610,0.08300,0.09210,0.09160,0.08370,0.07640,0.07210,0.07520,0.08380,0.07650,0.06840,0.07390,0.06750,0.07640,0.06910,0.06890,0.07010,0.07210,0.07550,0.07090,0.07650,0.07770
0:20:55,0.10720,0.08050,0.07570,0.07950,0.07810,0.06870,0.14960,0.07950,0.08050,0.07230,0.07440,0.07320,0.10460,0.07830,0.07720,0.10380,0.07670,0.07660,0.19290,0.08880,0.08360,0.07600,0.07500,0.07660,0.07260,0.07710,0.08610,0.21370,0.07040,0.07430,0.07380,0.07850,0.07780,0.07460,0.07400,0.07360,0.06850,0.07500,0.07460,0.12410,0.07600,0.08420,0.08160,0.08010,0.07670,0.07580,0.08360,0.07710,0.08550,0.07640,0.08610,0.07520,0.07450,0.06800,0.14270,0.08200,0.08800,0.06750,0.07730,0.07120,0.10670,0.07420,0.07780,0.09970,0.08020,0.10210,0.10700,0.07400,0.07520,0.07910,0.07340,0.07870,0.07310,0.07790,0.07620,0.08290,0.09140,0.09150,0.08370,0.07650,0.07210,0.07520,0.08380,0.07640,0.06820,0.07380,0.06740,0.07630,0.06910,0.06890,0.07000,0.07210,0.07530,0.07090,0.07640,0.07720
0:22:35,0.10560,0.08060,0.07570,0.07930,0.07830,0.06860,0.15030,0.07930,0.08090,0.07240,0.07470,0.07340,0.10440,0.07850,0.07720,0.10280,0.07680,0.07650,0.18360,0.08910,0.08370,0.07630,0.07510,0.07670,0.07280,0.07720,0.08590,0.21090,0.07050,0.07430,0.07380,0.07860,0.07790,0.07470,0.07400,0.07410,0.06860,0.07510,0.07460,0.12330,0.07630,0.08420,0.08170,0.08000,0.07660,0.07590,0.08370,0.07730,0.08530,0.07640,0.08610,0.07520,0.07450,0.06790,0.14890,0.08200,0.08760,0.06770,0.07690,0.07130,0.10590,0.07420,0.07770,0.07240,0.08010,0.09580,0.09910,0.07410,0.07520,0.07900,0.07360,0.07880,0.07320,0.07790,0.07610,0.08280,0.09100,0.09110,0.08400,0.07650,0.07220,0.07520,0.08360,0.07620,0.06830,0.07370,0.06740,0.07630,0.06920,0.06900,0.06990,0.07210,0.07530,0.07090,0.07640,0.07670
0:24:15,0.10550,0.08060,0.07560,0.07900,0.07830,0.06860,0.15030,0.07920,0.08110,0.07230,0.07470,0.07350,0.10340,0.07860,0.07720,0.10150,0.07680,0.07640,0.18760,0.08920,0.08430,0.07640,0.07520,0.07680,0.07300,0.07720,0.08570,0.20760,0.07070,0.07420,0.07370,0.07870,0.07810,0.07480,0.07400,0.07430,0.06850,0.07510,0.07460,0.12280,0.07640,0.08420,0.08170,0.08000,0.07660,0.07590,0.08380,0.07720,0.08540,0.07630,0.08600,0.07520,0.07450,0.06800,0.19580,0.08190,0.08730,0.06770,0.07690,0.07150,0.10520,0.07430,0.07760,0.07250,0.08000,0.10410,0.10510,0.07410,0.07530,0.07920,0.07350,0.07880,0.07310,0.07810,0.07600,0.10260,0.09040,0.08960,0.08390,0.07640,0.07240,0.07520,0.08380,0.07610,0.06830,0.07370,0.06740,0.07630,0.06920,0.06890,0.06990,0.07210,0.24990,0.07090,0.07650,0.07610
0:25:55,0.10540,0.08060,0.07570,0.07880,0.07860,0.06860,0.14930,0.07910,0.08150,0.07230,0.07490,0.07350,0.10260,0.07880,0.07720,0.10060,0.07700,0.07620,0.18240,0.08930,0.08490,0.07660,0.07520,0.07710,0.07320,0.07740,0.08100,0.20400,0.07080,0.07420,0.07370,0.07880,0.07820,0.07490,0.07400,0.07460,0.06850,0.07520,0.07460,0.12220,0.07660,0.08430,0.08180,0.08000,0.07660,0.07600,0.08370,0.07730,0.08530,0.07630,0.08620,0.07530,0.07450,0.06820,0.14010,0.08180,0.08700,0.06780,0.07680,0.07170,0.10390,0.07420,0.07760,0.07260,0.08000,0.09950,0.09820,0.07420,0.07530,0.07880,0.07370,0.07880,0.07310,0.07790,0.07610,0.10130,0.08970,0.08960,0.08340,0.07650,0.07250,0.07440,0.08380,0.07580,0.06830,0.07380,0.06740,0.07640,0.06930,0.06910,0.07000,0.07210,0.24660,0.07110,0.07660,0.07650
0:27:35,0.10450,0.08060,0.07570,0.07860,0.07870,0.06860,0.14410,0.07910,0.08170,0.07240,0.07500,0.07350,0.10170,0.07880,0.07710,0.10010,0.07710,0.07620,0.18680,0.08940,0.08560,0.07670,0.07540,0.07740,0.07330,0.07750,0.08070,0.20010,0.07150,0.07410,0.07370,0.07900,0.07840,0.07510,0.07440,0.07510,0.06850,0.07530,0.07460,0.12010,0.07670,0.08400,0.08180,0.08000,0.07660,0.07610,0.08390,0.07590,0.08530,0.07620,0.08610,0.07510,0.07460,0.06800,0.12980,0.08170,0.08680,0.06790,0.07690,0.07190,0.10290,0.07430,0.07760,0.07280,0.07980,0.09390,0.09430,0.07420,0.07540,0.07920,0.07380,0.07910,0.07310,0.07770,0.07610,0.09980,0.08910,0.09010,0.08320,0.07650,0.07270,0.07450,0.08390,0.07570,0.06820,0.07370,0.06730,0.07660,0.06930,0.06900,0.07000,0.07210,0.24660,0.07120,0.07650,0.07710
0:29:15,0.10440,0.08060,0.07590,0.07840,0.07900,0.06860,0.14520,0.07940,0.08210,0.07260,0.07530,0.07370,0.10120,0.07900,0.07710,0.09960,0.07730,0.07610,0.17550,0.08970,0.08620,0.07710,0.07570,0.07800,0.07350,0.07760,0.08050,0.19850,0.07100,0.07420,0.07380,0.07930,0.07860,0.07530,0.07490,0.07570,0.06850,0.07540,0.07460,0.11910,0.07460,0.08400,0.08190,0.08010,0.07660,0.07610,0.08410,0.07610,0.08520,0.07610,0.08610,0.07520,0.07450,0.06810,0.13970,0.08160,0.08670,0.06790,0.07670,0.07230,0.10230,0.07430,0.07760,0.07290,0.07980,0.09780,0.10130,0.07440,0.07550,0.07910,0.07390,0.07930,0.07310,0.07780,0.07620,0.09890,0.08860,0.08840,0.08300,0.07650,0.07280,0.07400,0.08370,0.07560,0.06810,0.07350,0.06740,0.07670,0.06930,0.06920,0.07000,0.07210,0.24460,0.07140,0.07040,0.07600
0:30:55,0.10330,0.08060,0.07590,0.07010,0.07940,0.06890,0.14070,0.07960,0.08280,0.07310,0.07610,0.07440,0.10050,0.07930,0.07730,0.09920,0.07760,0.07630,0.17240,0.09000,0.08760,0.07740,0.07630,0.07940,0.07370,0.07780,0.08040,0.19410,0.07120,0.07420,0.07390,0.07990,0.07880,0.07570,0.07570,0.07700,0.06860,0.07550,0.07580,0.11760,0.07460,0.08340,0.08200,0.08030,0.07680,0.07650,0.08450,0.07650,0.08520,0.07610,0.08620,0.07530,0.07480,0.06830,0.18760,0.08170,0.08650,0.06810,0.07710,0.07250,0.10140,0.07440,0.07770,0.07310,0.07980,0.09330,0.11330,0.07460,0.07580,0.07940,0.07430,0.07980,0.07320,0.07790,0.07630,0.09780,0.08790,0.09000,0.08300,0.07670,0.07320,0.07440,0.08410,0.07540,0.06820,0.07350,0.06730,0.07690,0.06950,0.06920,0.07020,0.07230,0.24110,0.07150,0.07050,0.07610
0:32:35,0.10350,0.08070,0.07620,0.07000,0.07990,0.06930,0.13740,0.07980,0.08370,0.07370,0.07710,0.07510,0.10010,0.07970,0.07740,0.09860,0.07810,0.07650,0.17310,0.09050,0.08900,0.07820,0.07730,0.08080,0.07390,0.07820,0.08040,0.19380,0.07140,0.07450,0.07420,0.08040,0.07930,0.07630,0.07660,0.07860,0.06870,0.07570,0.07740,0.11640,0.07460,0.08310,0.08220,0.08080,0.07710,0.07690,0.08540,0.07710,0.08540,0.07620,0.08650,0.07540,0.07500,0.06840,0.18440,0.08190,0.08670,0.06840,0.07760,0.07350,0.10060,0.07470,0.07780,0.07330,0.08000,0.09890,0.09710,0.07480,0.07610,0.07980,0.07480,0.08060,0.07330,0.07810,0.07660,0.09700,0.08770,0.08890,0.08340,0.07690,0.07360,0.07480,0.08440,0.07540,0.06830,0.07350,0.06740,0.07720,0.06980,0.06950,0.07020,0.07240,0.24090,0.07190,0.07080,0.07640
0:34:15,0.10360,0.08070,0.07650,0.06980,0.08040,0.06960,0.14280,0.08020,0.08460,0.07440,0.07810,0.07100,0.09940,0.07990,0.07770,0.09830,0.07850,0.07670,0.17030,0.09090,0.09030,0.07880,0.07810,0.08190,0.07400,0.07840,0.08040,0.19020,0.07180,0.07460,0.07430,0.08100,0.07970,0.07680,0.07760,0.08010,0.06880,0.07570,0.07560,0.11650,0.07490,0.07620,0.08240,0.08100,0.07730,0.07720,0.08600,0.07750,0.08540,0.07620,0.08650,0.07540,0.07510,0.06860,0.18110,0.08220,0.08670,0.06870,0.07840,0.07430,0.09970,0.07480,0.07800,0.07340,0.08020,0.09500,0.09300,0.07510,0.07640,0.08010,0.07510,0.08120,0.07340,0.07820,0.07660,0.09630,0.08730,0.08890,0.08370,0.07700,0.07390,0.07530,0.08470,0.07540,0.06820,0.07340,0.06740,0.07730,0.06990,0.06960,0.07030,0.07260,0.23450,0.07220,0.07090,0.07640
0:35:55,0.10260,0.07670,0.07670,0.06980,0.08100,0.07000,0.14020,0.08060,0.08550,0.07510,0.07920,0.07170,0.09910,0.08020,0.07790,0.09780,0.07900,0.07690,0.16370,0.09120,0.09160,0.07960,0.07920,0.08330,0.07390,0.07870,0.08030,0.18730,0.07210,0.07480,0.07450,0.08180,0.08020,0.07760,0.07880,0.08200,0.06880,0.07570,0.07570,0.11490,0.07520,0.07600,0.08270,0.08160,0.07750,0.07780,0.08670,0.07820,0.08550,0.07620,0.08670,0.07560,0.07540,0.06890,0.18050,0.08240,0.08700,0.06910,0.07890,0.07550,0.09940,0.07500,0.07820,0.07360,0.08030,0.09790,0.09860,0.07550,0.07690,0.08060,0.07570,0.08200,0.07350,0.07840,0.07660,0.09580,0.08680,0.08890,0.08400,0.07710,0.07430,0.07570,0.08520,0.07520,0.06810,0.07330,0.06730,0.07740,0.07010,0.06980,0.07060,0.07270,0.23340,0.07260,0.07110,0.07650
0:37:35,0.10290,0.07680,0.07710,0.06990,0.08200,0.07060,0.13520,0.08140,0.08690,0.07660,0.08120,0.07290,0.09840,0.08080,0.07850,0.09820,0.07970,0.07730,0.16700,0.09220,0.09320,0.08110,0.08100,0.08580,0.07410,0.07900,0.08050,0.18630,0.07260,0.07510,0.07490,0.08300,0.08120,0.08030,0.08090,0.08500,0.06900,0.07590,0.07590,0.11370,0.07300,0.07630,0.08320,0.08270,0.07820,0.07850,0.08840,0.07930,0.08560,0.07640,0.08710,0.07570,0.07580,0.06950,0.18010,0.08310,0.08750,0.06970,0.07990,0.07740,0.09850,0.07540,0.07850,0.07390,0.08060,0.09370,0.09860,0.07610,0.07740,0.08120,0.07650,0.08320,0.07370,0.07870,0.07680,0.09500,0.08670,0.08930,0.08460,0.07740,0.07480,0.07640,0.08570,0.07510,0.06820,0.07320,0.06740,0.07750,0.07040,0.07000,0.07090,0.07300,0.22980,0.07320,0.07150,0.07680
0:39:15,0.10240,0.07020,0.07780,0.06990,0.08310,0.07170,0.13500,0.08220,0.08850,0.07830,0.08360,0.07440,0.09830,0.08150,0.07930,0.09830,0.08080,0.07790,0.16080,0.09320,0.09560,0.08280,0.08310,0.08840,0.07360,0.07980,0.08100,0.18310,0.07350,0.07570,0.07550,0.08430,0.08230,0.08210,0.08050,0.08780,0.06940,0.07630,0.07650,0.11260,0.07380,0.07690,0.08410,0.08400,0.07910,0.07960,0.09050,0.08060,0.08600,0.07660,0.08740,0.07610,0.07640,0.07010,0.17840,0.08390,0.08840,0.07060,0.08130,0.07950,0.09880,0.07590,0.07920,0.07460,0.08100,0.09780,0.09890,0.07690,0.07830,0.08240,0.07750,0.08450,0.07410,0.07920,0.07730,0.09490,0.08670,0.08960,0.08540,0.07790,0.07570,0.07730,0.08650,0.07520,0.06840,0.07340,0.06740,0.07780,0.07090,0.07050,0.07150,0.07340,0.06980,0.07380,0.07210,0.07730
0:40:55,0.10240,0.07020,0.07800,0.07000,0.08360,0.07220,0.13480,0.08270,0.08940,0.07940,0.08500,0.07510,0.09900,0.08190,0.07990,0.09810,0.08140,0.07830,0.15460,0.09390,0.09660,0.08390,0.08440,0.08970,0.07370,0.08020,0.08110,0.18160,0.07390,0.07600,0.07600,0.08520,0.08330,0.08320,0.08200,0.09000,0.06940,0.07630,0.07660,0.11190,0.07440,0.07730,0.08460,0.08490,0.07970,0.08030,0.09160,0.08130,0.08620,0.07670,0.08780,0.07640,0.07680,0.07060,0.17420,0.08460,0.08880,0.07120,0.08200,0.08090,0.09810,0.07620,0.07950,0.07470,0.08130,0.09190,0.09910,0.07750,0.07890,0.08300,0.07800,0.08520,0.07410,0.07950,0.07740,0.09460,0.08670,0.08930,0.08600,0.07800,0.07620,0.07790,0.08680,0.07490,0.06830,0.07320,0.06730,0.07790,0.07120,0.07070,0.07070,0.07370,0.07000,0.07430,0.07250,0.07740
0:42:35,0.10190,0.07040,0.07880,0.07040,0.08480,0.07330,0.13080,0.08390,0.09130,0.08120,0.08760,0.07690,0.09970,0.08280,0.08060,0.09910,0.08270,0.07910,0.15700,0.09550,0.09930,0.08600,0.08680,0.09220,0.07400,0.08090,0.08160,0.17990,0.07500,0.07680,0.07690,0.08710,0.08520,0.08560,0.08460,0.09260,0.06970,0.07670,0.07410,0.11150,0.07540,0.07820,0.08580,0.08680,0.08100,0.08190,0.09400,0.08310,0.08640,0.07690,0.08850,0.07780,0.07750,0.07180,0.17330,0.08600,0.08990,0.07260,0.08400,0.08310,0.09850,0.07690,0.08020,0.07530,0.08200,0.09800,0.09820,0.07850,0.08000,0.08440,0.07940,0.08700,0.07450,0.08010,0.07790,0.09440,0.08690,0.08940,0.08690,0.07870,0.07710,0.07920,0.08780,0.07510,0.06850,0.07330,0.06750,0.07810,0.07180,0.07120,0.07150,0.07430,0.07050,0.07510,0.07330,0.07790
0:44:15,0.10180,0.07070,0.07950,0.07080,0.08630,0.07480,0.13290,0.08190,0.09380,0.08310,0.09080,0.07930,0.09910,0.08370,0.08160,0.09970,0.08420,0.07990,0.15710,0.09710,0.10190,0.08860,0.08990,0.09560,0.07420,0.08190,0.08220,0.17820,0.07610,0.07770,0.07800,0.08950,0.08730,0.08850,0.08650,0.09590,0.07010,0.07690,0.07420,0.11080,0.07690,0.07900,0.08690,0.08900,0.08270,0.08400,0.09670,0.08550,0.08670,0.07720,0.08460,0.07810,0.07840,0.07290,0.17310,0.08760,0.09140,0.07440,0.08650,0.08570,0.09810,0.07750,0.08100,0.07600,0.08270,0.09220,0.09900,0.07980,0.08140,0.08610,0.08120,0.08900,0.07490,0.08070,0.07850,0.09420,0.08720,0.08990,0.08810,0.07930,0.07830,0.08040,0.08890,0.07500,0.06850,0.07330,0.06760,0.07850,0.07250,0.07180,0.07240,0.07490,0.07090,0.07610,0.07420,0.07850
0:45:55,0.10200,0.07080,0.08030,0.07120,0.08770,0.07640,0.13560,0.08290,0.09640,0.08510,0.09360,0.08170,0.09900,0.08470,0.08250,0.10040,0.08560,0.08100,0.14900,0.09890,0.10460,0.09140,0.09290,0.09910,0.07450,0.08280,0.08280,0.17740,0.07740,0.07860,0.07900,0.09190,0.08970,0.09130,0.08910,0.09890,0.07040,0.07730,0.07450,0.11110,0.07840,0.08010,0.08840,0.09150,0.08460,0.08600,0.09910,0.08750,0.08710,0.07740,0.07410,0.07560,0.07920,0.07420,0.17220,0.08920,0.09270,0.07610,0.08880,0.08810,0.09800,0.07810,0.08190,0.07640,0.08320,0.09850,0.09810,0.08110,0.08290,0.08800,0.08300,0.09080,0.07520,0.08130,0.07900,0.09410,0.08750,0.09050,0.08920,0.08010,0.07950,0.08180,0.09020,0.07510,0.06860,0.07330,0.06760,0.07860,0.07300,0.07240,0.07320,0.07540,0.07150,0.07700,0.07520,0.07900
0:47:35,0.10180,0.07090,0.08100,0.07160,0.08900,0.07780,0.13120,0.08390,0.09860,0.08690,0.09600,0.08350,0.09840,0.08560,0.08340,0.10110,0.08700,0.08190,0.14950,0.10080,0.10700,0.09380,0.09540,0.10150,0.07480,0.20070,0.08350,0.17550,0.07880,0.07950,0.08010,0.09430,0.09180,0.09380,0.09130,0.10150,0.07080,0.07770,0.07530,0.11080,0.08010,0.08110,0.08990,0.09380,0.08610,0.08790,0.10120,0.08920,0.08770,0.07780,0.07610,0.07300,0.08010,0.07570,0.16870,0.09090,0.09410,0.07770,0.09090,0.09010,0.09790,0.07880,0.08260,0.07710,0.08400,0.09340,0.09990,0.08250,0.08430,0.08970,0.08460,0.09250,0.07570,0.08190,0.07950,0.09400,0.08780,0.08990,0.09030,0.08070,0.08070,0.08300,0.09110,0.07500,0.06880,0.07320,0.06770,0.07880,0.07380,0.07280,0.07400,0.07590,0.07190,0.07790,0.07600,0.07930
0:49:15,0.10150,0.07120,0.08160,0.07180,0.09000,0.07910,0.13310,0.08450,0.10030,0.08850,0.09790,0.08480,0.09780,0.08650,0.08430,0.10180,0.08820,0.08260,0.14770,0.10240,0.10880,0.09570,0.09740,0.10360,0.07520,0.19760,0.08430,0.17580,0.08000,0.08040,0.08100,0.09620,0.09360,0.09580,0.09310,0.10360,0.07130,0.07800,0.07600,0.11090,0.08160,0.08200,0.09120,0.09580,0.08750,0.08950,0.10280,0.09050,0.08810,0.07830,0.07660,0.07350,0.08090,0.07710,0.16760,0.09060,0.09540,0.07910,0.09260,0.09180,0.09790,0.07950,0.08350,0.07770,0.08460,0.09920,0.10040,0.08370,0.08550,0.09110,0.08590,0.09380,0.07600,0.08270,0.08000,0.09390,0.08780,0.09060,0.09130,0.08130,0.08190,0.08430,0.09180,0.07510,0.06880,0.07330,0.06770,0.07910,0.07450,0.07340,0.07480,0.07640,0.07230,0.07880,0.07680,0.07970
0:50:55,0.10120,0.07140,0.08210,0.07240,0.09110,0.08030,0.13290,0.08520,0.10180,0.08990,0.09970,0.08580,0.09740,0.08740,0.08500,0.10260,0.08950,0.08360,0.14840,0.10390,0.11100,0.09750,0.09890,0.10530,0.07540,0.19730,0.08490,0.17280,0.08130,0.08140,0.08200,0.09800,0.09520,0.09770,0.09480,0.10530,0.07180,0.07840,0.07690,0.11040,0.08320,0.08310,0.09250,0.09760,0.08900,0.09100,0.10420,0.09170,0.08860,0.07860,0.07710,0.07410,0.08180,0.07850,0.16830,0.09170,0.09660,0.08040,0.09410,0.09330,0.09770,0.08030,0.08430,0.07830,0.08540,0.09490,0.10080,0.08510,0.08690,0.09260,0.08720,0.09510,0.07650,0.08320,0.08060,0.09380,0.08810,0.07680,0.09260,0.08220,0.08310,0.08560,0.09300,0.07500,0.06890,0.07330,0.06770,0.07920,0.07540,0.07400,0.07570,0.07700,0.07290,0.07970,0.07770,0.08010
0:52:35,0.10140,0.07160,0.08300,0.07290,0.09270,0.08190,0.08350,0.08600,0.10370,0.09150,0.10170,0.08740,0.09700,0.08840,0.08630,0.10350,0.09120,0.08490,0.14680,0.10560,0.11230,0.09960,0.10100,0.10750,0.07590,0.19480,0.08570,0.17240,0.08300,0.08290,0.08370,0.10010,0.09710,0.10000,0.09660,0.10740,0.07240,0.07880,0.07800,0.11080,0.08500,0.08470,0.09450,0.09990,0.09080,0.09320,0.10580,0.09360,0.08920,0.07900,0.07790,0.07480,0.08310,0.08020,0.16730,0.09300,0.09860,0.08190,0.09620,0.09500,0.09790,0.08110,0.08550,0.07920,0.08620,0.10110,0.10200,0.08710,0.08870,0.09450,0.08920,0.09690,0.07690,0.08410,0.08130,0.09400,0.08860,0.07760,0.09410,0.08320,0.08440,0.08710,0.09460,0.07500,0.06910,0.07330,0.06780,0.07840,0.07620,0.07470,0.07690,0.07780,0.07370,0.08090,0.07880,0.08100
0:54:15,0.10130,0.07190,0.08400,0.07340,0.09460,0.08380,0.08520,0.08690,0.10580,0.09300,0.10390,0.08910,0.09670,0.08950,0.08800,0.10490,0.09300,0.08630,0.14480,0.10790,0.11440,0.10180,0.10310,0.10970,0.07620,0.19320,0.08680,0.17140,0.08480,0.08450,0.08360,0.10240,0.09890,0.10220,0.09850,0.10960,0.07290,0.07930,0.07930,0.11120,0.08680,0.08640,0.09650,0.10220,0.09280,0.09500,0.10760,0.09540,0.08960,0.07960,0.07860,0.07580,0.08440,0.08210,0.16660,0.09430,0.10030,0.08340,0.09800,0.09660,0.09790,0.08210,0.08660,0.08000,0.08710,0.09720,0.10110,0.08920,0.09040,0.09620,0.09100,0.09860,0.07730,0.08490,0.08190,0.09390,0.08920,0.07860,0.09570,0.08430,0.08580,0.08860,0.09590,0.07500,0.06920,0.07320,0.06780,0.07890,0.07720,0.07540,0.07800,0.07840,0.07440,0.08210,0.08000,0.08130
0:55:55,0.10160,0.07210,0.08480,0.07390,0.09610,0.08530,0.08640,0.08770,0.10760,0.09450,0.10570,0.09060,0.09620,0.09050,0.08930,0.10590,0.09470,0.08750,0.14320,0.10930,0.11570,0.10380,0.10510,0.11200,0.07670,0.19150,0.08760,0.17040,0.08640,0.08570,0.08310,0.10430,0.10070,0.10430,0.10010,0.11170,0.07350,0.07960,0.08050,0.11100,0.08850,0.08780,0.09150,0.10430,0.09420,0.09680,0.10920,0.09700,0.09020,0.08010,0.07940,0.07650,0.08570,0.08380,0.16480,0.09570,0.10190,0.08480,0.10010,0.09830,0.09790,0.08300,0.08770,0.08080,0.08790,0.10310,0.10330,0.09110,0.09210,0.09790,0.09270,0.10020,0.07780,0.08580,0.08260,0.09390,0.08960,0.07940,0.09720,0.08530,0.08730,0.09020,0.09730,0.07500,0.06920,0.07310,0.06790,0.07920,0.07830,0.07630,0.07920,0.07920,0.07510,0.08320,0.08100,0.08190
0:57:35,0.10170,0.07260,0.08580,0.07460,0.09760,0.08680,0.08800,0.08810,0.10940,0.09600,0.10760,0.09210,0.09800,0.09170,0.09090,0.10730,0.09630,0.08900,0.14200,0.11120,0.11760,0.10590,0.10690,0.11400,0.07720,0.18860,0.08870,0.16930,0.08820,0.08720,0.08460,0.10610,0.10240,0.10630,0.10190,0.11370,0.07420,0.07780,0.08180,0.11120,0.09030,0.08930,0.09290,0.10620,0.09570,0.09860,0.11060,0.09860,0.09080,0.08070,0.08020,0.07750,0.08720,0.08560,0.16390,0.09710,0.10360,0.08640,0.10190,0.09990,0.09790,0.08410,0.08920,0.08190,0.08900,0.09930,0.10330,0.09290,0.09370,0.09960,0.09430,0.10170,0.07840,0.08670,0.08340,0.09410,0.09020,0.08040,0.09880,0.08650,0.08860,0.09160,0.09840,0.07520,0.06940,0.07310,0.06800,0.07980,0.07930,0.07720,0.08060,0.08020,0.07600,0.08450,0.08210,0.08260
0:59:15,0.10150,0.07290,0.08690,0.07530,0.09920,0.08840,0.08970,0.08810,0.11110,0.09750,0.10960,0.09390,0.09770,0.09300,0.09240,0.10870,0.09800,0.09060,0.14400,0.11280,0.11930,0.10780,0.10910,0.11610,0.07760,0.18870,0.09000,0.16910,0.08990,0.08880,0.08620,0.10800,0.10420,0.10860,0.10370,0.11580,0.07490,0.07890,0.08320,0.11190,0.09200,0.09120,0.09460,0.10830,0.09730,0.10030,0.10630,0.10020,0.09150,0.08140,0.08130,0.07870,0.08870,0.08720,0.16450,0.09030,0.10520,0.08790,0.10380,0.10160,0.09820,0.08530,0.09030,0.08300,0.08990,0.10500,0.10630,0.09490,0.09520,0.10120,0.09950,0.10340,0.07890,0.08770,0.08420,0.09420,0.09100,0.08140,0.10040,0.08770,0.09000,0.09280,0.09990,0.07520,0.06950,0.07320,0.06800,0.08010,0.08020,0.07820,0.08190,0.08120,0.07680,0.08590,0.08330,0.08340
1:00:55,0.10180,0.07330,0.08830,0.07620,0.10110,0.09020,0.09160,0.08950,0.11300,0.09790,0.11180,0.09570,0.09680,0.09470,0.09400,0.11000,0.10000,0.09250,0.14170,0.11440,0.12110,0.10990,0.11130,0.11850,0.07810,0.18550,0.09120,0.16940,0.09180,0.09070,0.08810,0.10990,0.10600,0.11070,0.10560,0.11800,0.07560,0.07930,0.08460,0.11260,0.09390,0.09300,0.09640,0.11040,0.09900,0.10220,0.10780,0.10190,0.09230,0.08220,0.08250,0.08000,0.09060,0.08900,0.16410,0.09180,0.10700,0.08960,0.10590,0.10330,0.09860,0.08660,0.09170,0.08430,0.09100,0.10240,0.10650,0.09690,0.09130,0.09830,0.10120,0.10520,0.07960,0.08890,0.08530,0.09460,0.09200,0.08260,0.10220,0.08910,0.09140,0.09440,0.10110,0.07530,0.06970,0.07320,0.06820,0.08070,0.08150,0.07910,0.08330,0.08160,0.07780,0.08710,0.08450,0.08430

