420

Time,A1,A2,A3,A4,A5,A6,A7,A8,A9,A10,A11,A12,B1,B2,B3,B4,B5,B6,B7,B8,B9,B10,B11,B12,C1,C2,C3,C4,C5,C6,C7,C8,C9,C10,C11,C12,D1,D2,D3,D4,D5,D6,D7,D8,D9,D10,D11,D12,E1,E2,E3,E4,E5,E6,E7,E8,E9,E10,E11,E12,F1,F2,F3,F4,F5,F6,F7,F8,F9,F10,F11,F12,G1,G2,G3,G4,G5,G6,G7,G8,G9,G10,G11,G12,H1,H2,H3,H4,H5,H6,H7,H8,H9,H10,H11,H12
0:00:09,0.21630,0.07910,0.14370,0.07820,0.14540,0.07780,0.08140,0.07720,0.13230,0.07670,0.12200,0.07800,0.18800,0.14510,0.12210,0.07820,0.12670,0.08520,0.08040,0.16040,0.12420,0.15420,0.12260,0.10910,0.13540,0.13520,0.10420,0.07870,0.10370,0.07800,0.07860,0.15050,0.10720,0.13120,0.10720,0.10420,0.07700,0.11170,0.07810,0.07800,0.07850,0.07810,0.07650,0.12960,0.07680,0.10760,0.07630,0.09390,0.19350,0.07900,0.16420,0.08000,0.12870,0.07980,0.08250,0.07770,0.13680,0.07750,0.10970,0.07670,0.17240,0.15360,0.14690,0.16750,0.11200,0.10590,0.08110,0.07930,0.12790,0.12690,0.10090,0.07750,0.13200,0.13760,0.12140,0.13160,0.09950,0.10280,0.07880,0.07800,0.10740,0.11760,0.09620,0.07740,0.07680,0.11580,0.07680,0.12120,0.07790,0.09270,0.07800,0.07830,0.07640,0.10330,0.07670,0.07780
0:01:49,0.27690,0.07890,0.17540,0.07790,0.17940,0.07760,0.08340,0.07700,0.17620,0.07650,0.16330,0.07770,0.23120,0.18030,0.13990,0.07810,0.15380,0.08510,0.08180,0.22000,0.15470,0.19900,0.15710,0.14360,0.15580,0.15910,0.11360,0.07860,0.11460,0.07770,0.07920,0.19430,0.12390,0.16390,0.12680,0.12700,0.07680,0.12420,0.07780,0.07770,0.07830,0.07770,0.07630,0.15600,0.07670,0.12540,0.07620,0.10570,0.24020,0.07880,0.20320,0.07960,0.15070,0.07960,0.08490,0.07750,0.16970,0.07730,0.14150,0.07660,0.20990,0.18960,0.17480,0.20540,0.12550,0.11970,0.08240,0.07860,0.15440,0.15690,0.12080,0.07750,0.15080,0.16000,0.13830,0.16690,0.10700,0.11420,0.07940,0.07800,0.12180,0.14280,0.10530,0.07730,0.07660,0.12950,0.07680,0.13720,0.07770,0.09830,0.07820,0.07790,0.07630,0.11670,0.07650,0.07750
0:03:29,0.33810,0.07880,0.20710,0.07790,0.21410,0.07740,0.08570,0.07700,0.22550,0.07640,0.20900,0.07780,0.27650,0.21810,0.15880,0.07810,0.17920,0.08500,0.08310,0.28780,0.18440,0.24740,0.19480,0.18090,0.17750,0.18390,0.12440,0.07860,0.12690,0.07760,0.08000,0.23690,0.14340,0.19740,0.14830,0.14990,0.07680,0.13710,0.07780,0.07770,0.07820,0.07760,0.07620,0.18180,0.07670,0.14560,0.07620,0.11740,0.28970,0.07870,0.24580,0.07960,0.17480,0.07950,0.08680,0.07740,0.20470,0.07720,0.16880,0.07660,0.25080,0.22620,0.20380,0.24410,0.14110,0.14080,0.08380,0.07840,0.18160,0.19170,0.13800,0.07740,0.17050,0.18380,0.15480,0.19700,0.11520,0.12570,0.08010,0.07790,0.13530,0.16750,0.11600,0.07720,0.07650,0.14140,0.07680,0.15220,0.07760,0.10470,0.07780,0.07780,0.07640,0.13190,0.07650,0.07750
0:05:09,0.40070,0.07860,0.23860,0.07770,0.24940,0.07740,0.08780,0.07690,0.27530,0.07630,0.25790,0.07760,0.32130,0.25400,0.17970,0.07800,0.20380,0.08500,0.08450,0.36210,0.21470,0.29660,0.23230,0.21200,0.20100,0.20620,0.13590,0.07850,0.14000,0.07750,0.08050,0.28450,0.16170,0.23260,0.17040,0.17250,0.07660,0.14990,0.07760,0.07750,0.07800,0.07750,0.07610,0.20490,0.07650,0.16720,0.07610,0.12950,0.34300,0.07860,0.28970,0.07950,0.19680,0.07930,0.08920,0.07730,0.24040,0.07690,0.19500,0.07640,0.29060,0.26310,0.23290,0.28370,0.15640,0.16130,0.08520,0.07810,0.21030,0.22840,0.15420,0.07730,0.19000,0.20850,0.17170,0.22610,0.12360,0.13740,0.08080,0.07750,0.14950,0.19350,0.12680,0.07710,0.07640,0.15470,0.07670,0.16790,0.07740,0.11120,0.07760,0.07770,0.07620,0.14790,0.07640,0.07740
0:06:49,0.45900,0.07860,0.27180,0.07770,0.28560,0.07720,0.09010,0.07670,0.32500,0.07630,0.30720,0.07740,0.36660,0.29070,0.20240,0.07800,0.22930,0.08490,0.08600,0.43770,0.24490,0.35060,0.26870,0.24320,0.22470,0.22800,0.14690,0.07850,0.15410,0.07760,0.08110,0.33620,0.17970,0.26850,0.19300,0.19460,0.07650,0.16280,0.07760,0.07750,0.07790,0.07730,0.07610,0.22870,0.07640,0.18840,0.07600,0.14220,0.39510,0.07850,0.33350,0.07940,0.21970,0.07920,0.09200,0.07720,0.27780,0.07680,0.22560,0.07630,0.32730,0.30080,0.26320,0.32400,0.17100,0.18020,0.08680,0.07830,0.23880,0.26920,0.17400,0.07730,0.20950,0.23340,0.18880,0.25900,0.13320,0.14940,0.08170,0.07740,0.16390,0.22200,0.13810,0.07720,0.07640,0.16820,0.07650,0.18440,0.07730,0.11770,0.07760,0.07760,0.07610,0.16380,0.07630,0.07730
0:08:29,0.51640,0.07850,0.30480,0.07760,0.32250,0.07710,0.09250,0.07660,0.37550,0.07620,0.35800,0.07730,0.41220,0.32910,0.22570,0.07790,0.25510,0.08500,0.08750,0.51160,0.27580,0.40380,0.30410,0.27670,0.24830,0.25110,0.15810,0.07840,0.16870,0.07760,0.08180,0.38560,0.19740,0.30640,0.21430,0.21970,0.07640,0.17630,0.07750,0.07750,0.07770,0.07720,0.07600,0.25450,0.07630,0.20960,0.07590,0.15540,0.44500,0.07840,0.37590,0.07930,0.24250,0.07910,0.09460,0.07700,0.31780,0.07670,0.26040,0.07630,0.36370,0.33690,0.29400,0.36620,0.18720,0.19800,0.08840,0.07820,0.26720,0.31210,0.19610,0.07720,0.22940,0.25920,0.20680,0.29090,0.14280,0.16210,0.08250,0.07760,0.17880,0.25340,0.15010,0.07720,0.07630,0.18210,0.07650,0.20170,0.07720,0.12430,0.07760,0.07750,0.07610,0.17940,0.07620,0.07730
0:10:09,0.57340,0.07850,0.33700,0.07760,0.35920,0.07710,0.09520,0.07660,0.42630,0.07610,0.40810,0.07730,0.45760,0.36770,0.24900,0.07810,0.28140,0.08500,0.08930,0.58160,0.30700,0.45740,0.33880,0.31080,0.27220,0.27670,0.16980,0.07840,0.18290,0.07770,0.08260,0.43260,0.21540,0.34490,0.23680,0.24590,0.07650,0.19000,0.07740,0.07740,0.07760,0.07730,0.07600,0.28210,0.07630,0.23080,0.07590,0.16920,0.49540,0.07850,0.41880,0.07920,0.26600,0.07910,0.09780,0.07700,0.35970,0.07670,0.29350,0.07620,0.39940,0.37210,0.32490,0.40650,0.20410,0.21630,0.09030,0.07840,0.29600,0.35560,0.21780,0.07720,0.24960,0.28450,0.22520,0.32450,0.15270,0.17490,0.08340,0.07760,0.19510,0.28360,0.16230,0.07720,0.07630,0.19550,0.07640,0.21900,0.07720,0.13100,0.07750,0.07750,0.07610,0.19590,0.07620,0.07730
0:11:49,0.62880,0.07840,0.36940,0.07750,0.39630,0.07700,0.09800,0.07660,0.47570,0.07610,0.45600,0.07720,0.50100,0.40520,0.27160,0.07800,0.30770,0.08520,0.09140,0.64960,0.33910,0.51310,0.37300,0.34930,0.29640,0.30350,0.18180,0.07840,0.19690,0.07770,0.08330,0.47870,0.23370,0.38320,0.26050,0.27460,0.07640,0.20350,0.07740,0.07740,0.07760,0.07720,0.07590,0.31070,0.07630,0.25240,0.07590,0.18330,0.54450,0.07840,0.46020,0.07920,0.29010,0.07900,0.10090,0.07690,0.40180,0.07670,0.32420,0.07620,0.43420,0.40720,0.35650,0.44850,0.22090,0.23400,0.09210,0.07840,0.32520,0.39860,0.23930,0.07730,0.27010,0.30940,0.24340,0.35740,0.16280,0.18750,0.08440,0.07750,0.21140,0.31670,0.17400,0.07710,0.07620,0.20930,0.07640,0.23650,0.07710,0.13760,0.07750,0.07740,0.07610,0.21370,0.07610,0.07730
0:13:29,0.68180,0.07840,0.40160,0.07750,0.43460,0.07690,0.10080,0.07650,0.52490,0.07600,0.50250,0.07720,0.54240,0.44250,0.29420,0.07820,0.33380,0.08530,0.09360,0.71110,0.37290,0.57010,0.40760,0.38580,0.32110,0.33110,0.19410,0.07840,0.21130,0.07770,0.08420,0.52380,0.25300,0.42130,0.28430,0.30370,0.07630,0.21730,0.07730,0.07730,0.07750,0.07720,0.07590,0.34020,0.07620,0.27480,0.07580,0.19860,0.59310,0.07840,0.50150,0.07910,0.31390,0.07890,0.10410,0.07680,0.44460,0.07660,0.35510,0.07610,0.46910,0.44220,0.38800,0.49010,0.23800,0.25230,0.09410,0.07830,0.35580,0.43830,0.26010,0.07740,0.29040,0.33530,0.26150,0.39070,0.17290,0.20040,0.08550,0.07750,0.22880,0.35150,0.18650,0.07700,0.07610,0.22430,0.07630,0.25390,0.07710,0.14480,0.07760,0.07740,0.07610,0.23270,0.07600,0.07720
0:15:09,0.73250,0.07830,0.43420,0.07740,0.47290,0.07680,0.10360,0.07640,0.57210,0.07600,0.55000,0.07720,0.58260,0.48090,0.31680,0.07820,0.36010,0.08520,0.09540,0.76760,0.40720,0.62230,0.44300,0.42260,0.34590,0.35850,0.20650,0.07830,0.22610,0.07770,0.08510,0.56890,0.27200,0.46030,0.30860,0.33250,0.07630,0.23130,0.07720,0.07740,0.07740,0.07710,0.07570,0.36980,0.07620,0.29760,0.07570,0.21360,0.64110,0.07830,0.54230,0.07900,0.33840,0.07880,0.10690,0.07670,0.48640,0.07650,0.38430,0.07610,0.50450,0.47660,0.41930,0.53070,0.25580,0.27070,0.09600,0.07820,0.38710,0.47710,0.28210,0.07730,0.31040,0.36250,0.27900,0.42180,0.18310,0.21340,0.08650,0.07760,0.24640,0.38590,0.19870,0.07690,0.07610,0.23940,0.07620,0.27110,0.07700,0.15200,0.07750,0.07740,0.07610,0.25240,0.07600,0.07730
0:16:49,0.78100,0.07830,0.46710,0.07750,0.51080,0.07690,0.10650,0.07640,0.61880,0.07600,0.59770,0.07710,0.62190,0.52060,0.33990,0.07830,0.38720,0.08540,0.09730,0.81950,0.44090,0.67250,0.47880,0.45720,0.37090,0.38590,0.21870,0.07850,0.24120,0.07790,0.08600,0.61380,0.29170,0.49840,0.33430,0.35960,0.07630,0.24590,0.07730,0.07730,0.07740,0.07720,0.07580,0.39880,0.07610,0.32070,0.07570,0.22900,0.68630,0.07860,0.58270,0.07910,0.36310,0.07880,0.11000,0.07670,0.52740,0.07660,0.41580,0.07610,0.53920,0.51100,0.45120,0.57120,0.27380,0.28960,0.09800,0.07830,0.41910,0.51550,0.30350,0.07740,0.33030,0.39080,0.29660,0.45170,0.19360,0.22660,0.08760,0.07750,0.26420,0.41800,0.21060,0.07700,0.07610,0.25430,0.07630,0.28840,0.07700,0.15940,0.07750,0.07740,0.07610,0.27180,0.07600,0.07730
0:18:29,0.82580,0.07820,0.49890,0.07730,0.54790,0.07680,0.10940,0.07640,0.66270,0.07590,0.64550,0.07710,0.65910,0.55920,0.36250,0.07830,0.41460,0.08550,0.09910,0.86560,0.47410,0.71890,0.51450,0.49200,0.39550,0.41260,0.23100,0.07840,0.25640,0.07790,0.08690,0.65650,0.31060,0.53570,0.35910,0.38620,0.07620,0.26070,0.07720,0.07730,0.07730,0.07720,0.07570,0.42680,0.07610,0.34410,0.07570,0.24450,0.72900,0.07860,0.62190,0.07890,0.38840,0.07880,0.11290,0.07670,0.56690,0.07650,0.44600,0.07600,0.57190,0.54640,0.48230,0.61020,0.29170,0.30880,0.09990,0.07830,0.45080,0.55290,0.32370,0.07740,0.35020,0.41970,0.31420,0.48030,0.20360,0.23970,0.08860,0.07750,0.28130,0.44780,0.22310,0.07700,0.07600,0.26900,0.07620,0.30520,0.07680,0.16670,0.07740,0.07740,0.07610,0.29000,0.07590,0.07730
0:20:09,0.86680,0.07830,0.53050,0.07730,0.58440,0.07680,0.11240,0.07630,0.70410,0.07590,0.69290,0.07720,0.69580,0.59600,0.38510,0.07840,0.44200,0.08560,0.10090,0.90660,0.50660,0.76320,0.54880,0.52600,0.42020,0.43880,0.24320,0.07850,0.27180,0.07790,0.08780,0.69770,0.32940,0.57290,0.38310,0.41220,0.07630,0.27580,0.07720,0.07730,0.07730,0.07720,0.07570,0.45440,0.07610,0.36760,0.07570,0.25970,0.76920,0.07850,0.65950,0.07890,0.41310,0.07870,0.11580,0.07660,0.60590,0.07640,0.47410,0.07600,0.60430,0.58220,0.51310,0.64780,0.30970,0.32780,0.10200,0.07840,0.48230,0.58800,0.34440,0.07740,0.37070,0.44820,0.33140,0.50830,0.21380,0.25280,0.08950,0.07750,0.29820,0.47580,0.23490,0.07690,0.07600,0.28320,0.07610,0.32190,0.07680,0.17390,0.07730,0.07730,0.07620,0.30790,0.07580,0.07720
0:21:49,0.90370,0.07830,0.56170,0.07740,0.61990,0.07680,0.11530,0.07640,0.74400,0.07590,0.73870,0.07720,0.73090,0.63080,0.40730,0.07850,0.46900,0.08580,0.10280,0.94220,0.53790,0.80620,0.58250,0.56050,0.44470,0.46480,0.25530,0.07860,0.28730,0.07800,0.08890,0.73700,0.34770,0.61020,0.40580,0.43790,0.07630,0.29020,0.07710,0.07740,0.07730,0.07730,0.07570,0.48240,0.07600,0.39110,0.07570,0.27480,0.80740,0.07850,0.69570,0.07900,0.43760,0.07870,0.11880,0.07660,0.64280,0.07650,0.50030,0.07620,0.63660,0.61610,0.54290,0.68420,0.32710,0.34640,0.10400,0.07840,0.51290,0.62100,0.36450,0.07750,0.39120,0.47490,0.34870,0.53500,0.22410,0.26560,0.09060,0.07760,0.31490,0.50270,0.24690,0.07700,0.07600,0.29750,0.07610,0.33880,0.07680,0.18100,0.07740,0.07740,0.07630,0.32530,0.07590,0.07720
0:23:29,0.93590,0.07830,0.59210,0.07740,0.65400,0.07680,0.11830,0.07650,0.78130,0.07590,0.78240,0.07730,0.76390,0.66380,0.42930,0.07870,0.49540,0.08590,0.10480,0.97280,0.56860,0.84280,0.61570,0.59220,0.46880,0.48950,0.26750,0.07870,0.30290,0.07810,0.08990,0.77290,0.36580,0.64700,0.42840,0.46340,0.07630,0.30410,0.07720,0.07750,0.07730,0.07730,0.07570,0.50940,0.07610,0.41390,0.07590,0.28960,0.84210,0.07840,0.73000,0.07900,0.46130,0.07880,0.12180,0.07670,0.67830,0.07650,0.52770,0.07620,0.66830,0.64890,0.57160,0.71850,0.34390,0.36410,0.10620,0.07860,0.54270,0.65310,0.38410,0.07770,0.41110,0.49970,0.36610,0.56090,0.23440,0.27860,0.09160,0.07770,0.33150,0.52880,0.25870,0.07700,0.07600,0.31200,0.07610,0.35540,0.07680,0.18800,0.07740,0.07740,0.07640,0.34230,0.07590,0.07910
0:25:09,0.96470,0.07820,0.62140,0.07730,0.68630,0.07670,0.12120,0.07630,0.81390,0.07590,0.82290,0.07720,0.79460,0.69490,0.45090,0.07870,0.52160,0.08600,0.10660,0.99790,0.59880,0.87610,0.64730,0.62220,0.49270,0.51380,0.27930,0.07870,0.31830,0.07810,0.09070,0.80650,0.38380,0.68320,0.45090,0.48770,0.07620,0.31790,0.07710,0.07740,0.07730,0.07730,0.07560,0.53560,0.07600,0.43620,0.07580,0.30410,0.87420,0.07850,0.76210,0.07890,0.48470,0.07870,0.12460,0.07670,0.71240,0.07660,0.55390,0.07630,0.69830,0.67980,0.59920,0.75110,0.36030,0.38140,0.10810,0.07870,0.57090,0.68390,0.40350,0.07790,0.43030,0.52320,0.38320,0.58620,0.24430,0.29100,0.09250,0.07770,0.34770,0.55460,0.27050,0.07690,0.07590,0.32660,0.07600,0.37210,0.07670,0.19490,0.07740,0.07750,0.07640,0.35910,0.07590,0.07910
0:26:49,0.98970,0.07830,0.65050,0.07740,0.71740,0.07690,0.12420,0.07650,0.84650,0.07580,0.86050,0.07740,0.82440,0.72480,0.47260,0.07900,0.54760,0.08630,0.10850,1.02190,0.62850,0.90860,0.67860,0.65260,0.51580,0.53690,0.29120,0.07900,0.33360,0.07830,0.09180,0.83740,0.40160,0.71790,0.47310,0.51210,0.07630,0.33190,0.07720,0.07760,0.07730,0.07740,0.07560,0.56130,0.07610,0.45790,0.07610,0.31870,0.90340,0.07870,0.79260,0.07900,0.50780,0.07870,0.12770,0.07670,0.74480,0.07670,0.57940,0.07640,0.72650,0.70940,0.62590,0.78200,0.37690,0.39870,0.11010,0.07880,0.59840,0.71330,0.42290,0.07820,0.44920,0.54670,0.40050,0.61130,0.25440,0.30360,0.09360,0.07780,0.36370,0.57990,0.28230,0.07700,0.07600,0.34120,0.07620,0.38850,0.07680,0.20200,0.07760,0.07750,0.07660,0.37570,0.07590,0.07920
0:28:29,1.01150,0.07830,0.67780,0.07740,0.74700,0.07680,0.12720,0.07650,0.87470,0.07590,0.89200,0.07750,0.85180,0.75260,0.49360,0.07930,0.57270,0.08640,0.11050,1.04000,0.65610,0.93740,0.70860,0.68050,0.53780,0.56000,0.30310,0.07920,0.34830,0.07840,0.09280,0.86550,0.41950,0.74960,0.49520,0.53570,0.07630,0.34540,0.07720,0.07770,0.07730,0.07750,0.07580,0.58630,0.07620,0.47870,0.07640,0.33330,0.93000,0.07880,0.82120,0.07910,0.53050,0.07880,0.13080,0.07680,0.77580,0.07680,0.60440,0.07670,0.75340,0.73680,0.65190,0.81120,0.39340,0.41610,0.11210,0.07900,0.62510,0.74220,0.44220,0.07850,0.46760,0.56960,0.41740,0.63580,0.26420,0.31600,0.09470,0.07790,0.37940,0.60410,0.29410,0.07700,0.07590,0.35540,0.07610,0.40470,0.07670,0.20900,0.07770,0.07770,0.07680,0.39220,0.07600,0.07910
0:30:09,1.02960,0.07830,0.70490,0.07740,0.77410,0.07680,0.13010,0.07660,0.90000,0.07590,0.92050,0.07760,0.87810,0.78000,0.51400,0.07950,0.59710,0.08660,0.11230,1.05560,0.68270,0.96200,0.73740,0.70780,0.55880,0.58220,0.31500,0.07940,0.36290,0.07860,0.09380,0.89220,0.43670,0.77910,0.51680,0.55860,0.07640,0.35910,0.07720,0.07780,0.07730,0.07770,0.07580,0.61050,0.07630,0.49950,0.07670,0.34760,0.95310,0.07870,0.84730,0.07910,0.55250,0.07890,0.13380,0.07690,0.80470,0.07690,0.62920,0.07690,0.77810,0.76270,0.67680,0.83830,0.40990,0.43340,0.11410,0.07930,0.65060,0.76840,0.46130,0.07890,0.48590,0.59180,0.43420,0.65930,0.27400,0.32840,0.09570,0.07810,0.39520,0.62760,0.30580,0.07700,0.07580,0.36990,0.07610,0.42080,0.07680,0.21610,0.07790,0.07770,0.07690,0.40850,0.07600,0.07910
0:31:49,1.04530,0.07840,0.73040,0.07740,0.80020,0.07680,0.13310,0.07670,0.92400,0.07590,0.94710,0.07780,0.90200,0.80610,0.53400,0.07980,0.62060,0.08690,0.11430,1.06790,0.70810,0.98250,0.76440,0.73420,0.57960,0.60420,0.32660,0.07970,0.37730,0.07880,0.09490,0.91620,0.45450,0.80700,0.53810,0.58130,0.07650,0.37300,0.07720,0.07790,0.07740,0.07780,0.07590,0.63400,0.07630,0.51970,0.07710,0.36210,0.97410,0.07850,0.87200,0.07920,0.57420,0.07900,0.13690,0.07700,0.83120,0.07710,0.65240,0.07720,0.80170,0.78710,0.70110,0.86350,0.42610,0.45060,0.11620,0.07960,0.67530,0.79430,0.47950,0.07940,0.50390,0.61330,0.45080,0.68240,0.28360,0.34070,0.09680,0.07830,0.41090,0.65060,0.31770,0.07700,0.07580,0.38400,0.07610,0.43660,0.07670,0.22300,0.07860,0.07780,0.07690,0.42460,0.07600,0.07920
0:33:29,1.05930,0.07850,0.75450,0.07740,0.82510,0.07690,0.13610,0.07680,0.94520,0.07590,0.97000,0.07800,0.92450,0.83060,0.55360,0.08000,0.64410,0.08730,0.11620,1.07710,0.73210,1.00170,0.79000,0.75970,0.59960,0.62600,0.33840,0.08000,0.39150,0.07890,0.09590,0.93790,0.47210,0.83380,0.55910,0.60380,0.07650,0.38660,0.07730,0.07820,0.07740,0.07790,0.07600,0.65730,0.07650,0.53960,0.07770,0.37660,0.99300,0.07860,0.89430,0.07930,0.59600,0.07910,0.14000,0.07720,0.85730,0.07750,0.67560,0.07770,0.82420,0.81100,0.72440,0.88750,0.44210,0.46780,0.11830,0.08000,0.69940,0.81900,0.49830,0.08000,0.52140,0.63430,0.46700,0.70490,0.29340,0.35310,0.09800,0.07860,0.42630,0.67310,0.32960,0.07700,0.07580,0.39830,0.07610,0.45250,0.07680,0.23000,0.07910,0.07800,0.07720,0.44080,0.07600,0.07920
0:35:09,1.06950,0.07850,0.77710,0.07750,0.84860,0.07690,0.13930,0.07700,0.96550,0.07590,0.98920,0.07850,0.94490,0.85340,0.57260,0.08030,0.66670,0.08750,0.11820,1.08460,0.75620,1.01770,0.81450,0.78400,0.61960,0.64810,0.35020,0.08020,0.40560,0.07920,0.09710,0.95760,0.48920,0.85790,0.57970,0.62620,0.07660,0.39970,0.07740,0.07840,0.07750,0.07820,0.07610,0.67960,0.07690,0.55890,0.07860,0.39090,1.00850,0.07880,0.91450,0.07950,0.61670,0.07930,0.14310,0.07730,0.88040,0.07800,0.69750,0.07830,0.84510,0.83330,0.74650,0.90910,0.45790,0.48480,0.12040,0.08040,0.72240,0.84250,0.51650,0.08070,0.53850,0.65410,0.48300,0.72620,0.30300,0.36540,0.09910,0.07890,0.44170,0.69470,0.34140,0.07710,0.07570,0.41210,0.07610,0.46770,0.07680,0.23700,0.07950,0.07810,0.07740,0.45630,0.07610,0.07930
0:36:49,1.07700,0.07870,0.79790,0.07760,0.87020,0.07700,0.14240,0.07730,0.98240,0.07600,1.00590,0.07900,0.96320,0.87400,0.59110,0.08060,0.68920,0.08790,0.12020,1.08980,0.77970,1.03150,0.83730,0.80890,0.63930,0.66820,0.36200,0.08070,0.41960,0.07960,0.09840,0.97600,0.50600,0.88250,0.60020,0.64810,0.07680,0.41290,0.07750,0.07880,0.07780,0.07840,0.07630,0.70170,0.07730,0.57880,0.07980,0.40570,1.02250,0.07910,0.93340,0.07970,0.63690,0.07950,0.14630,0.07770,0.90190,0.07860,0.71960,0.07900,0.86520,0.85470,0.76730,0.92900,0.47350,0.50180,0.12270,0.08110,0.74470,0.86450,0.53490,0.08160,0.55550,0.67400,0.49910,0.74700,0.31270,0.37780,0.10040,0.07930,0.45690,0.71570,0.35330,0.07700,0.07580,0.42590,0.07610,0.48300,0.07680,0.24400,0.07980,0.07840,0.07760,0.47160,0.07620,0.07940
0:38:29,1.08330,0.07880,0.81750,0.07770,0.89080,0.07710,0.14550,0.07780,0.99720,0.07600,1.01920,0.07980,0.97910,0.89240,0.60930,0.08100,0.70990,0.08840,0.12230,1.09330,0.79990,1.04270,0.85900,0.83070,0.65830,0.68880,0.37370,0.08110,0.43320,0.07990,0.09970,0.99170,0.52300,0.90290,0.62010,0.66930,0.07690,0.42590,0.07770,0.07910,0.07800,0.07880,0.07660,0.72200,0.07780,0.59790,0.08080,0.42000,1.03410,0.07930,0.95000,0.08000,0.65590,0.07990,0.14960,0.07800,0.92190,0.07920,0.74040,0.08040,0.88270,0.87370,0.78750,0.94720,0.48880,0.51850,0.12480,0.08170,0.76620,0.88550,0.55240,0.08230,0.57170,0.69350,0.51470,0.76670,0.32230,0.39010,0.10170,0.07990,0.47170,0.73600,0.36500,0.07710,0.07580,0.43930,0.07620,0.49780,0.07680,0.25090,0.08030,0.07860,0.07780,0.48640,0.07630,0.07950
0:40:09,1.08800,0.07900,0.83590,0.07800,0.90820,0.07740,0.14880,0.07830,1.00890,0.07620,1.03040,0.08090,0.99270,0.90980,0.62670,0.08140,0.73040,0.08900,0.12460,1.09580,0.82120,1.05210,0.87840,0.85150,0.67690,0.70740,0.38530,0.08180,0.44700,0.08050,0.10110,1.00550,0.53950,0.92220,0.63900,0.68980,0.07710,0.43910,0.07790,0.07970,0.07830,0.07920,0.07700,0.74250,0.07840,0.61680,0.08220,0.43390,1.04430,0.07940,0.96510,0.08030,0.67440,0.08020,0.15300,0.07850,0.93950,0.08000,0.76070,0.08220,0.89970,0.89210,0.80640,0.96350,0.50410,0.53500,0.12710,0.08240,0.78640,0.90410,0.56970,0.08320,0.58770,0.71240,0.52990,0.78540,0.33190,0.40210,0.10310,0.08040,0.48670,0.75510,0.37680,0.07710,0.07570,0.45250,0.07620,0.51250,0.07690,0.25790,0.08030,0.07900,0.07810,0.50140,0.07640,0.07960
0:41:49,1.09110,0.07930,0.85370,0.07810,0.92510,0.07750,0.15210,0.07890,1.02040,0.07620,1.04090,0.08190,1.00480,0.92540,0.64390,0.08180,0.74980,0.08970,0.12690,1.09840,0.84200,1.05880,0.89630,0.87070,0.69500,0.72640,0.39680,0.08240,0.46070,0.08090,0.10260,1.01760,0.55580,0.94090,0.65740,0.70880,0.07730,0.45170,0.07810,0.08020,0.07870,0.07960,0.07740,0.76150,0.07910,0.63570,0.08340,0.44760,1.05150,0.07940,0.97930,0.08070,0.69280,0.08070,0.15620,0.07920,0.95610,0.08090,0.77990,0.08420,0.91530,0.90890,0.82480,0.97770,0.51900,0.55110,0.12950,0.08320,0.80590,0.92080,0.58650,0.08410,0.60340,0.73020,0.54480,0.80310,0.34120,0.41420,0.10440,0.08110,0.50130,0.77260,0.38850,0.07720,0.07580,0.46570,0.07630,0.52700,0.07700,0.26490,0.08080,0.07940,0.07830,0.51560,0.07660,0.07980
0:43:29,1.09310,0.07950,0.86950,0.07830,0.93990,0.07770,0.15530,0.07970,1.02910,0.07640,1.04890,0.08300,1.01530,0.93990,0.66040,0.08220,0.76870,0.09010,0.12930,1.09840,0.86020,1.06380,0.91290,0.88840,0.71280,0.74430,0.40830,0.08310,0.47420,0.08160,0.10410,1.02810,0.57190,0.95820,0.67600,0.72780,0.07750,0.46470,0.07830,0.08090,0.07890,0.08010,0.07790,0.77970,0.07990,0.65390,0.08480,0.46110,1.05820,0.07970,0.99110,0.08110,0.71030,0.08120,0.15970,0.07980,0.97080,0.08200,0.79880,0.08570,0.92930,0.92360,0.84150,0.99050,0.53360,0.56690,0.13190,0.08410,0.82400,0.93630,0.60310,0.08500,0.61880,0.74780,0.55960,0.82070,0.35060,0.42610,0.10600,0.08170,0.51550,0.78940,0.40000,0.07710,0.07570,0.47850,0.07630,0.54110,0.07710,0.27190,0.08120,0.07970,0.07850,0.52990,0.07670,0.07990
0:45:09,1.09330,0.07980,0.88500,0.07870,0.95410,0.07810,0.15880,0.08070,1.03690,0.07660,1.05570,0.08430,1.02460,0.95360,0.67670,0.08280,0.78680,0.09100,0.13170,1.09860,0.87690,1.06860,0.92810,0.90550,0.73000,0.76150,0.41980,0.08380,0.48780,0.08230,0.10580,1.03660,0.58810,0.97320,0.69320,0.74580,0.07780,0.47740,0.07860,0.08160,0.07950,0.08090,0.07860,0.79780,0.08090,0.67160,0.08580,0.47450,1.06340,0.08020,1.00230,0.08180,0.72780,0.08180,0.16330,0.08060,0.98440,0.08310,0.81590,0.08690,0.94270,0.93760,0.85780,1.00060,0.54800,0.58300,0.13450,0.08500,0.84100,0.95000,0.61950,0.08590,0.63380,0.76440,0.57420,0.83660,0.36000,0.43760,0.10750,0.08250,0.52950,0.80540,0.41160,0.07720,0.07570,0.49120,0.07640,0.55540,0.07730,0.27890,0.08130,0.08010,0.07880,0.54380,0.07700,0.08000
0:46:49,1.09320,0.08010,0.89950,0.07890,0.96640,0.07830,0.16210,0.08140,1.04290,0.07670,1.06070,0.08540,1.03250,0.96590,0.69250,0.08330,0.80400,0.09170,0.13420,1.09840,0.89310,1.07390,0.94200,0.92080,0.74670,0.77730,0.43110,0.08460,0.50100,0.08290,0.10750,1.04420,0.60350,0.98750,0.71090,0.76290,0.07800,0.49000,0.07900,0.08220,0.08000,0.08150,0.07910,0.81460,0.08180,0.68880,0.08700,0.48750,1.06710,0.08070,1.01190,0.08220,0.74480,0.08230,0.16670,0.08130,0.99580,0.08430,0.83320,0.08790,0.95530,0.95020,0.87320,1.00990,0.56220,0.59840,0.13680,0.08570,0.85740,0.96280,0.63520,0.08670,0.64860,0.78060,0.58850,0.85260,0.36930,0.44910,0.10900,0.08310,0.54360,0.82050,0.42300,0.07720,0.07570,0.50400,0.07640,0.56900,0.07740,0.28600,0.08140,0.08060,0.07920,0.55770,0.07720,0.08040
0:48:29,1.09160,0.08040,0.91300,0.07910,0.97760,0.07870,0.16540,0.08210,1.04740,0.07690,1.06490,0.08670,1.03940,0.97680,0.70760,0.08360,0.82080,0.09250,0.13670,1.09690,0.90770,1.07530,0.95520,0.93560,0.76250,0.79360,0.44220,0.08520,0.51410,0.08370,0.10920,1.05070,0.61920,0.99840,0.72740,0.78020,0.07830,0.50240,0.07940,0.08300,0.08060,0.08220,0.07980,0.83080,0.08270,0.70540,0.08810,0.50000,1.07000,0.08120,1.02030,0.08290,0.76120,0.08300,0.17020,0.08210,1.00490,0.08540,0.84870,0.08870,0.96670,0.96210,0.88770,1.01750,0.57610,0.61360,0.13920,0.08670,0.87220,0.97430,0.65110,0.08760,0.66290,0.79620,0.60220,0.86680,0.37850,0.46010,0.11050,0.08390,0.55710,0.83540,0.43430,0.07710,0.07560,0.51610,0.07650,0.58240,0.07740,0.29280,0.08160,0.08100,0.07930,0.57110,0.07740,0.08050
0:50:09,1.09040,0.08090,0.92540,0.07960,0.98800,0.07920,0.16890,0.08300,1.05150,0.07710,1.06780,0.08780,1.04580,0.98730,0.72280,0.08410,0.83650,0.09350,0.13930,1.09610,0.92260,1.07700,0.96700,0.94840,0.77860,0.80940,0.45350,0.08610,0.52720,0.08460,0.11090,1.05550,0.63400,1.00960,0.74360,0.79620,0.07870,0.51460,0.07970,0.08380,0.08130,0.08300,0.08060,0.84610,0.08360,0.72130,0.08920,0.51260,1.07250,0.08150,1.02740,0.08360,0.77680,0.08380,0.17380,0.08310,1.01460,0.08650,0.86470,0.08900,0.97760,0.97280,0.90150,1.02490,0.59010,0.62860,0.14170,0.08760,0.88680,0.98550,0.66640,0.08850,0.67730,0.81170,0.61640,0.88060,0.38770,0.47160,0.11210,0.08470,0.57090,0.85020,0.44560,0.07720,0.07550,0.52840,0.07650,0.59560,0.07770,0.29990,0.08150,0.08150,0.07960,0.58430,0.07780,0.08080
0:51:49,1.08970,0.08140,0.93760,0.08000,0.99730,0.07970,0.17230,0.08380,1.05550,0.07750,1.06990,0.08900,1.05120,0.99640,0.73790,0.08460,0.85180,0.09430,0.14180,1.09410,0.93600,1.07770,0.97800,0.96070,0.79350,0.82430,0.46470,0.08690,0.54000,0.08560,0.11270,1.06010,0.64890,1.01930,0.76010,0.81170,0.07920,0.52710,0.08020,0.08470,0.08200,0.08390,0.08140,0.86130,0.08460,0.73730,0.09040,0.52550,1.07430,0.08180,1.03450,0.08430,0.79220,0.08460,0.17750,0.08390,1.02280,0.08760,0.87940,0.08890,0.98760,0.98270,0.91460,1.03080,0.60360,0.64350,0.14430,0.08860,0.90040,0.99530,0.68140,0.08940,0.69110,0.82610,0.63010,0.89400,0.39700,0.48290,0.11380,0.08550,0.58430,0.86410,0.45680,0.07730,0.07570,0.54060,0.07680,0.60890,0.07800,0.30700,0.08180,0.08210,0.07990,0.59760,0.07820,0.08110
0:53:29,1.08800,0.08170,0.94820,0.08030,1.00600,0.08010,0.17550,0.08430,1.05670,0.07790,1.07140,0.09000,1.05620,1.00510,0.75250,0.08500,0.86580,0.09500,0.14420,1.09230,0.94760,1.07890,0.98750,0.97170,0.80780,0.83800,0.47580,0.08760,0.55260,0.08630,0.11430,1.06330,0.66290,1.02740,0.77510,0.82640,0.07960,0.53910,0.08070,0.08540,0.08260,0.08460,0.08210,0.87520,0.08530,0.75260,0.09140,0.53780,1.07510,0.08220,1.04040,0.08500,0.80610,0.08530,0.18100,0.08470,1.02970,0.08850,0.89390,0.08860,0.99670,0.99170,0.92710,1.03590,0.61710,0.65780,0.14680,0.08940,0.91370,1.00460,0.69610,0.09010,0.70430,0.84020,0.64320,0.90620,0.40630,0.49390,0.11530,0.08620,0.59750,0.87770,0.46770,0.07730,0.07560,0.55220,0.07690,0.62150,0.07820,0.31380,0.08200,0.08260,0.08000,0.61060,0.07840,0.08130
0:55:09,1.08670,0.08220,0.95880,0.08070,1.01310,0.08060,0.17870,0.08500,1.05920,0.07830,1.07250,0.09090,1.05990,1.01270,0.76660,0.08550,0.87990,0.09590,0.14660,1.09000,0.95940,1.08020,0.99690,0.98180,0.82220,0.85220,0.48660,0.08830,0.56520,0.08710,0.11590,1.06650,0.67720,1.03460,0.79090,0.84080,0.08000,0.55140,0.08120,0.08610,0.08320,0.08540,0.08280,0.88820,0.08610,0.76730,0.09250,0.55040,1.07580,0.08310,1.04460,0.08570,0.82080,0.08600,0.18440,0.08540,1.03550,0.08950,0.90650,0.08910,1.00480,0.99970,0.93830,1.04000,0.63010,0.67200,0.14930,0.09020,0.92590,1.01240,0.71000,0.09080,0.71760,0.85360,0.65650,0.91820,0.41540,0.50470,0.11690,0.08690,0.61040,0.89020,0.47870,0.07740,0.07560,0.56430,0.07700,0.63440,0.07850,0.32090,0.08230,0.08300,0.08030,0.62320,0.07890,0.08170
0:56:49,1.08540,0.08250,0.96780,0.08100,1.02000,0.08110,0.18200,0.08560,1.06080,0.07880,1.07310,0.09190,1.06370,1.01910,0.78010,0.08600,0.89290,0.09660,0.14900,1.08810,0.96980,1.08120,1.00500,0.99120,0.83520,0.86520,0.49740,0.08900,0.57700,0.08800,0.11750,1.06870,0.69030,1.04170,0.80470,0.85430,0.08040,0.56280,0.08160,0.08680,0.08380,0.08610,0.08330,0.90070,0.08690,0.78160,0.09350,0.56250,1.07600,0.08360,1.04820,0.08630,0.83440,0.08660,0.18790,0.08610,1.04100,0.09040,0.91870,0.08980,1.01210,1.00700,0.94940,1.04370,0.64290,0.68560,0.15170,0.09100,0.93720,1.01930,0.72430,0.09150,0.73020,0.86640,0.66930,0.92840,0.42430,0.51520,0.11840,0.08760,0.62310,0.90190,0.48920,0.07730,0.07560,0.57590,0.07720,0.64650,0.07870,0.32770,0.08240,0.08350,0.08060,0.63550,0.07920,0.08190
0:58:29,1.08400,0.08310,0.97650,0.08160,1.02580,0.08180,0.18540,0.08640,1.06170,0.07960,1.07380,0.09340,1.06650,1.02510,0.79300,0.08650,0.90400,0.09750,0.15160,1.08620,0.97840,1.07950,1.01280,0.99980,0.84770,0.87850,0.50830,0.08980,0.58940,0.08890,0.11920,1.06980,0.70460,1.04730,0.81930,0.86770,0.08090,0.57480,0.08220,0.08760,0.08460,0.08680,0.08410,0.91290,0.08780,0.79570,0.09490,0.57510,1.07610,0.08390,1.05180,0.08700,0.84730,0.08730,0.19150,0.08700,1.04580,0.09150,0.93100,0.09090,1.01940,1.01370,0.95950,1.04680,0.65600,0.69950,0.15430,0.09190,0.94840,1.02580,0.73790,0.09250,0.74260,0.87840,0.68200,0.93910,0.43350,0.52620,0.12010,0.08850,0.63570,0.91370,0.50020,0.07740,0.07570,0.58730,0.07740,0.65870,0.07910,0.33480,0.08270,0.08420,0.08120,0.64800,0.07980,0.08230
1:00:09,1.08230,0.08360,0.98470,0.08190,1.03090,0.08220,0.18870,0.08710,1.06190,0.08020,1.07420,0.09480,1.06880,1.03010,0.80550,0.08690,0.91580,0.09830,0.15400,1.08390,0.98760,1.07990,1.02030,1.00860,0.86030,0.88900,0.51870,0.09040,0.60130,0.08960,0.12080,1.07140,0.71760,1.05230,0.83310,0.88010,0.08130,0.58630,0.08270,0.08840,0.08510,0.08760,0.08480,0.92440,0.08880,0.80920,0.09610,0.58690,1.07570,0.08450,1.05480,0.08770,0.85970,0.08800,0.19490,0.08760,1.04990,0.09260,0.94220,0.09200,1.02450,1.01920,0.96800,1.04910,0.66800,0.71250,0.15670,0.09270,0.95860,1.03140,0.75080,0.09330,0.75470,0.88980,0.69420,0.94900,0.44250,0.53660,0.12170,0.08910,0.64820,0.92400,0.51080,0.07740,0.07560,0.59840,0.07750,0.67080,0.07930,0.34160,0.08300,0.08470,0.08140,0.65990,0.08020,0.08270

