420

Time,A1,A2,A3,A4,A5,A6,A7,A8,A9,A10,A11,A12,B1,B2,B3,B4,B5,B6,B7,B8,B9,B10,B11,B12,C1,C2,C3,C4,C5,C6,C7,C8,C9,C10,C11,C12,D1,D2,D3,D4,D5,D6,D7,D8,D9,D10,D11,D12,E1,E2,E3,E4,E5,E6,E7,E8,E9,E10,E11,E12,F1,F2,F3,F4,F5,F6,F7,F8,F9,F10,F11,F12,G1,G2,G3,G4,G5,G6,G7,G8,G9,G10,G11,G12,H1,H2,H3,H4,H5,H6,H7,H8,H9,H10,H11,H12
0:00:09,0.20670,0.07810,0.08090,0.07880,0.07960,0.07840,0.07940,0.07940,0.07920,0.07740,0.07990,0.07750,0.16730,0.12160,0.07820,0.14020,0.07920,0.13670,0.07850,0.15760,0.07810,0.08520,0.07860,0.09250,0.12460,0.11220,0.07780,0.12210,0.08130,0.12480,0.07780,0.13430,0.07780,0.08370,0.07800,0.09160,0.07760,0.09640,0.07730,0.10370,0.07980,0.15490,0.07830,0.10490,0.07750,0.08260,0.07790,0.08540,0.12010,0.07920,0.08360,0.07910,0.08210,0.07900,0.08040,0.07790,0.08380,0.07860,0.09210,0.07880,0.10780,0.08240,0.08090,0.08620,0.07880,0.09610,0.08280,0.09260,0.08170,0.08280,0.08830,0.07940,0.09710,0.08130,0.08140,0.08780,0.07940,0.09320,0.07930,0.08920,0.08040,0.07970,0.08460,0.08020,0.07820,0.07780,0.07760,0.08220,0.07760,0.08600,0.08440,0.08430,0.07760,0.07900,0.07820,0.08430
0:01:49,0.25840,0.07800,0.08080,0.07860,0.07940,0.07820,0.07930,0.07910,0.07910,0.07720,0.07880,0.07730,0.20340,0.13940,0.07810,0.16650,0.07930,0.16420,0.07820,0.19890,0.07790,0.08970,0.07800,0.10490,0.14410,0.12470,0.07790,0.14240,0.08120,0.14550,0.07780,0.16580,0.07760,0.08660,0.07770,0.10240,0.07730,0.10280,0.07710,0.11440,0.07950,0.16080,0.07820,0.11980,0.07730,0.08390,0.07780,0.09050,0.13570,0.07910,0.08570,0.07890,0.08190,0.07870,0.08030,0.07780,0.08610,0.07830,0.10020,0.07860,0.11880,0.08210,0.08200,0.09050,0.07860,0.10500,0.08260,0.09780,0.08300,0.08260,0.09400,0.07890,0.10280,0.08100,0.08190,0.09020,0.07910,0.09920,0.07900,0.09400,0.08130,0.07970,0.08800,0.07990,0.07800,0.07770,0.07740,0.08380,0.07750,0.08930,0.08420,0.08660,0.07760,0.07860,0.07800,0.08400
0:03:29,0.31020,0.07780,0.08070,0.07840,0.07950,0.07820,0.07900,0.07900,0.07870,0.07710,0.07850,0.07720,0.24050,0.15880,0.07830,0.19660,0.07940,0.19520,0.07810,0.24020,0.07790,0.09440,0.07780,0.11950,0.16110,0.13770,0.07770,0.16320,0.08120,0.16810,0.07760,0.19590,0.07760,0.09020,0.07750,0.11460,0.07720,0.10930,0.07700,0.12570,0.07930,0.17160,0.07800,0.13490,0.07720,0.08550,0.07780,0.09540,0.15310,0.07900,0.08790,0.07880,0.08170,0.07850,0.08040,0.07760,0.08840,0.07810,0.11070,0.07840,0.13100,0.08190,0.08350,0.09500,0.07840,0.11420,0.08250,0.10380,0.08460,0.08260,0.10090,0.07860,0.10910,0.08080,0.08250,0.09220,0.07880,0.10500,0.07900,0.09900,0.08230,0.07960,0.09190,0.07910,0.07790,0.07760,0.07730,0.08570,0.07740,0.09260,0.08410,0.08950,0.07750,0.07860,0.07770,0.08390
0:05:09,0.36080,0.07780,0.08090,0.07850,0.07980,0.07810,0.07920,0.07900,0.07890,0.07700,0.07850,0.07720,0.27720,0.18000,0.07830,0.22760,0.07970,0.22680,0.07810,0.28200,0.07800,0.09940,0.07780,0.13600,0.18060,0.15140,0.07770,0.18470,0.08130,0.18980,0.07780,0.22510,0.07760,0.09510,0.07740,0.12680,0.07730,0.11610,0.07690,0.13750,0.07920,0.14010,0.07800,0.15110,0.07720,0.08740,0.07770,0.10140,0.17150,0.07890,0.09020,0.07890,0.08170,0.07840,0.08030,0.07760,0.09080,0.07800,0.12110,0.07840,0.14370,0.08170,0.08510,0.09950,0.07850,0.12370,0.08250,0.11040,0.08630,0.08290,0.10870,0.07880,0.11570,0.08070,0.08320,0.09490,0.07880,0.11130,0.07890,0.10430,0.08350,0.07980,0.09600,0.07920,0.07790,0.07750,0.07720,0.08740,0.07740,0.09610,0.08420,0.09270,0.07760,0.07860,0.07770,0.08400
0:06:49,0.40990,0.07770,0.08080,0.07840,0.08000,0.07800,0.07910,0.07880,0.07890,0.07680,0.07850,0.07710,0.31260,0.20160,0.07830,0.25890,0.07980,0.26020,0.07800,0.32450,0.07790,0.10480,0.07770,0.15280,0.19830,0.16470,0.07770,0.20720,0.08130,0.21260,0.07770,0.25420,0.07740,0.09890,0.07720,0.13800,0.07720,0.12330,0.07670,0.14900,0.07890,0.18840,0.07780,0.16750,0.07710,0.08920,0.07760,0.10770,0.19030,0.07890,0.09220,0.07870,0.08160,0.07830,0.08010,0.07740,0.09340,0.07780,0.13250,0.07830,0.15660,0.08160,0.08670,0.10420,0.07830,0.13280,0.08230,0.11740,0.08820,0.08310,0.11700,0.07880,0.12250,0.08060,0.08400,0.09810,0.07860,0.11750,0.07880,0.10940,0.08470,0.07970,0.10030,0.07920,0.07780,0.07740,0.07710,0.08920,0.07730,0.09990,0.08400,0.09580,0.07750,0.07850,0.07740,0.08390
0:08:29,0.45890,0.07770,0.08090,0.07840,0.08060,0.07800,0.07910,0.07870,0.07900,0.07680,0.07850,0.07700,0.34740,0.22470,0.07830,0.29040,0.08000,0.29480,0.07800,0.36750,0.07800,0.11040,0.07770,0.16970,0.21780,0.17980,0.07770,0.23080,0.08140,0.23760,0.07770,0.28450,0.07750,0.10270,0.07730,0.14920,0.07710,0.13080,0.07670,0.16130,0.07870,0.20190,0.07780,0.18380,0.07710,0.09110,0.07760,0.11410,0.20910,0.07880,0.09430,0.07870,0.08150,0.07820,0.08010,0.07740,0.09620,0.07780,0.14440,0.07830,0.16990,0.08130,0.08830,0.10930,0.07830,0.14180,0.08230,0.12550,0.08990,0.08330,0.12510,0.07900,0.12940,0.08060,0.08490,0.10140,0.07860,0.12440,0.07870,0.11500,0.08580,0.07990,0.10460,0.07930,0.07780,0.07740,0.07700,0.09090,0.07720,0.10400,0.08390,0.09910,0.07740,0.07880,0.07740,0.08390
0:10:09,0.50690,0.07760,0.08120,0.07840,0.08110,0.07800,0.07920,0.07870,0.07900,0.07680,0.07860,0.07700,0.38210,0.24820,0.07840,0.32100,0.08040,0.32980,0.07800,0.41130,0.07810,0.11630,0.07780,0.18670,0.23720,0.19500,0.07770,0.25390,0.08150,0.26300,0.07780,0.31470,0.07760,0.10690,0.07730,0.16060,0.07710,0.13870,0.07670,0.17390,0.07870,0.21480,0.07780,0.20040,0.07710,0.09340,0.07750,0.12090,0.22780,0.07900,0.09680,0.07870,0.08150,0.07830,0.08010,0.07740,0.09920,0.07770,0.15740,0.07830,0.18300,0.08130,0.09010,0.11460,0.07840,0.15130,0.08230,0.13370,0.09180,0.08360,0.13270,0.07920,0.13630,0.08060,0.08580,0.10480,0.07860,0.13140,0.07870,0.12110,0.08710,0.08010,0.10940,0.07940,0.07770,0.07740,0.07700,0.09280,0.07720,0.10810,0.08390,0.10260,0.07740,0.07880,0.07740,0.08390
0:11:49,0.55440,0.07760,0.08120,0.07840,0.08160,0.07790,0.07910,0.07870,0.07920,0.07670,0.07870,0.07700,0.41690,0.27130,0.07850,0.35180,0.08070,0.36550,0.07800,0.45440,0.07810,0.12250,0.07780,0.20490,0.25610,0.21060,0.07780,0.27570,0.08160,0.28880,0.07770,0.34600,0.07760,0.11110,0.07730,0.17230,0.07710,0.14700,0.07670,0.18660,0.07860,0.22860,0.07770,0.21770,0.07710,0.09570,0.07750,0.12810,0.24700,0.07890,0.09910,0.07850,0.08160,0.07820,0.08010,0.07740,0.10260,0.07760,0.17030,0.07830,0.19600,0.08130,0.09180,0.11980,0.07840,0.16130,0.08230,0.14280,0.09360,0.08380,0.14020,0.07940,0.14320,0.08050,0.08670,0.10830,0.07850,0.13850,0.07860,0.12730,0.08830,0.08020,0.11460,0.07950,0.07770,0.07740,0.07700,0.09520,0.07720,0.11200,0.08380,0.10600,0.07740,0.07890,0.07740,0.08400
0:13:29,0.60040,0.07770,0.08130,0.07840,0.08210,0.07780,0.07910,0.07860,0.07930,0.07680,0.07870,0.07700,0.45120,0.29430,0.07860,0.38330,0.08090,0.40040,0.07800,0.49750,0.07820,0.12870,0.07780,0.22340,0.27580,0.22540,0.07780,0.29830,0.08170,0.31420,0.07770,0.37950,0.07760,0.11540,0.07730,0.18480,0.07700,0.15560,0.07660,0.19920,0.07850,0.23930,0.07760,0.23560,0.07710,0.09820,0.07740,0.13510,0.26590,0.07890,0.10160,0.07860,0.08160,0.07820,0.08010,0.07730,0.10620,0.07750,0.18340,0.08100,0.20880,0.08130,0.09350,0.12490,0.07840,0.17140,0.08230,0.15280,0.09550,0.08420,0.14850,0.07950,0.15010,0.08050,0.08760,0.11200,0.07840,0.14530,0.07860,0.13360,0.08960,0.08040,0.11990,0.07960,0.07760,0.07750,0.07700,0.09720,0.07710,0.11610,0.08380,0.10970,0.07730,0.07890,0.07730,0.08410
0:15:09,0.64440,0.07770,0.08140,0.07820,0.08260,0.07780,0.07910,0.07860,0.07940,0.07660,0.07890,0.07700,0.48490,0.31750,0.07870,0.41510,0.08120,0.43520,0.07800,0.54010,0.07830,0.13500,0.07800,0.24150,0.29530,0.24050,0.07780,0.32150,0.08200,0.33990,0.07770,0.40890,0.07760,0.11980,0.07730,0.19830,0.07690,0.16450,0.07660,0.21190,0.07840,0.24170,0.07760,0.25390,0.07710,0.10060,0.07750,0.14190,0.28490,0.07890,0.10410,0.07850,0.08150,0.07810,0.08010,0.07730,0.11000,0.07750,0.19640,0.08100,0.22150,0.08130,0.09530,0.13020,0.07830,0.18140,0.08240,0.16260,0.09740,0.08440,0.15780,0.07970,0.15710,0.08050,0.08850,0.11590,0.07850,0.15240,0.07860,0.14010,0.09070,0.08070,0.12530,0.07980,0.07770,0.07750,0.07690,0.09920,0.07710,0.12010,0.08380,0.11330,0.07730,0.07920,0.07730,0.08410
0:16:49,0.68570,0.07750,0.08150,0.07810,0.08320,0.07780,0.07920,0.07850,0.07940,0.07660,0.07900,0.07690,0.51780,0.34070,0.07880,0.44700,0.08150,0.47040,0.07800,0.58020,0.07830,0.14160,0.07810,0.25950,0.31500,0.25560,0.07790,0.34530,0.08210,0.36560,0.07770,0.43920,0.07770,0.12430,0.07730,0.21210,0.07690,0.17340,0.07650,0.22470,0.07840,0.24200,0.07760,0.27250,0.07700,0.10300,0.07740,0.14890,0.30380,0.07890,0.10660,0.07850,0.08160,0.07800,0.08010,0.07730,0.11370,0.07750,0.21020,0.08100,0.23430,0.08140,0.09700,0.13560,0.07840,0.19160,0.08230,0.17220,0.09940,0.08480,0.16740,0.08000,0.16410,0.08040,0.08950,0.11970,0.07840,0.15970,0.07860,0.14670,0.09200,0.08080,0.13070,0.07990,0.07760,0.07740,0.07680,0.10100,0.07710,0.12420,0.08380,0.11710,0.07720,0.07930,0.07730,0.08410
0:18:29,0.72480,0.07750,0.08160,0.07820,0.08370,0.07770,0.07910,0.07840,0.07960,0.07660,0.07900,0.07680,0.55050,0.36370,0.07890,0.47800,0.08180,0.50700,0.07800,0.61930,0.07840,0.14800,0.07820,0.27660,0.33430,0.27070,0.07800,0.36920,0.08220,0.39060,0.07760,0.46960,0.07780,0.12870,0.07730,0.22580,0.07680,0.18200,0.07650,0.23800,0.07830,0.24620,0.07750,0.29090,0.07700,0.10540,0.07740,0.15580,0.32280,0.07880,0.10920,0.07840,0.08170,0.07800,0.08000,0.07720,0.11730,0.07740,0.22400,0.08090,0.24710,0.08140,0.09870,0.14080,0.07840,0.20190,0.08230,0.18130,0.10130,0.08500,0.17720,0.08020,0.17110,0.08050,0.09040,0.12350,0.07850,0.16740,0.07860,0.15350,0.09340,0.08100,0.13620,0.07990,0.07750,0.07740,0.07680,0.10290,0.07700,0.12810,0.08370,0.12090,0.07720,0.07930,0.07720,0.08420
0:20:09,0.76140,0.07750,0.08190,0.07810,0.08420,0.07760,0.07910,0.07930,0.07970,0.07670,0.07920,0.07670,0.58140,0.38610,0.07910,0.50650,0.08210,0.53990,0.07810,0.65820,0.07860,0.15450,0.07830,0.29340,0.35350,0.28610,0.07800,0.39190,0.08240,0.41530,0.07770,0.50200,0.07790,0.13310,0.07730,0.23930,0.07670,0.19060,0.07640,0.25130,0.07830,0.25670,0.07750,0.30930,0.07690,0.10790,0.07750,0.16270,0.34150,0.07880,0.11180,0.07840,0.08170,0.07800,0.08010,0.07720,0.12090,0.07740,0.23820,0.08090,0.25980,0.08130,0.10060,0.14620,0.07840,0.21240,0.08230,0.19010,0.10330,0.08540,0.18700,0.08050,0.17790,0.08040,0.09140,0.12720,0.07850,0.17540,0.07850,0.16050,0.09480,0.08130,0.14160,0.08010,0.07750,0.07750,0.07670,0.10460,0.07700,0.13210,0.08370,0.12510,0.07710,0.07950,0.07720,0.08430
0:21:49,0.79630,0.07740,0.08200,0.07820,0.08470,0.07760,0.07920,0.07920,0.07990,0.07660,0.07920,0.07680,0.61220,0.40820,0.07920,0.53460,0.08240,0.57120,0.07820,0.69680,0.07880,0.16090,0.07850,0.30980,0.37300,0.30150,0.07810,0.41370,0.08250,0.43980,0.07770,0.53420,0.07790,0.13760,0.07730,0.25250,0.07680,0.19920,0.07640,0.26380,0.07820,0.26950,0.07750,0.32780,0.07690,0.11040,0.07740,0.16970,0.36000,0.07880,0.11440,0.07840,0.08170,0.07790,0.08020,0.07720,0.12450,0.07750,0.25150,0.08090,0.27260,0.08130,0.10240,0.15180,0.07850,0.22280,0.08230,0.19920,0.10540,0.08580,0.19680,0.08080,0.18460,0.08050,0.09230,0.13110,0.07850,0.18300,0.07860,0.16740,0.09610,0.08160,0.14680,0.08020,0.07750,0.07740,0.07670,0.10650,0.07690,0.13610,0.08380,0.12920,0.07720,0.07970,0.07730,0.08430
0:23:29,0.82850,0.07750,0.08230,0.07810,0.08520,0.07770,0.07930,0.07920,0.08020,0.07670,0.07930,0.07680,0.64130,0.43030,0.07950,0.56210,0.08280,0.60180,0.07830,0.73260,0.07890,0.16740,0.07890,0.32620,0.39210,0.31660,0.07820,0.43580,0.08260,0.46370,0.07790,0.56490,0.07810,0.14220,0.07750,0.26570,0.07670,0.20780,0.07630,0.27560,0.07820,0.28330,0.07750,0.34580,0.07700,0.11290,0.07760,0.17690,0.37820,0.07880,0.11710,0.07840,0.08200,0.07800,0.08030,0.07720,0.12830,0.07760,0.26440,0.08090,0.28520,0.08130,0.10430,0.15730,0.07850,0.23320,0.08250,0.20800,0.10760,0.08620,0.20650,0.08120,0.19150,0.08050,0.09330,0.13500,0.07860,0.19000,0.07860,0.17440,0.09750,0.08200,0.15210,0.08040,0.07740,0.07740,0.07670,0.10850,0.07690,0.14010,0.08370,0.13330,0.07730,0.07990,0.07730,0.08440
0:25:09,0.85840,0.07750,0.08250,0.07820,0.08580,0.07770,0.07940,0.07930,0.08050,0.07670,0.07950,0.07670,0.66960,0.45260,0.07960,0.58990,0.08320,0.63140,0.07830,0.76680,0.07920,0.17390,0.07930,0.34240,0.41090,0.33180,0.07830,0.45750,0.08280,0.48780,0.07810,0.59400,0.07830,0.14690,0.07750,0.27870,0.07660,0.21610,0.07630,0.28700,0.07820,0.29780,0.07760,0.36390,0.07710,0.11560,0.07780,0.18420,0.39620,0.07890,0.11970,0.07840,0.08200,0.07810,0.08040,0.07730,0.13200,0.07770,0.27680,0.08090,0.29770,0.08150,0.10610,0.16270,0.07860,0.24340,0.08260,0.21700,0.10980,0.08660,0.21610,0.08160,0.19820,0.08050,0.09430,0.13890,0.07850,0.19660,0.07860,0.18110,0.09890,0.08240,0.15720,0.08070,0.07740,0.07750,0.07660,0.11050,0.07690,0.14410,0.08380,0.13740,0.07720,0.08000,0.07740,0.08450
0:26:49,0.88570,0.07750,0.08270,0.07820,0.08630,0.07790,0.07950,0.07950,0.08080,0.07680,0.07960,0.07670,0.69690,0.47430,0.07980,0.61700,0.08350,0.65840,0.07850,0.79820,0.07940,0.18050,0.07990,0.35830,0.42960,0.34650,0.07840,0.47840,0.08300,0.51120,0.07820,0.62230,0.07850,0.15150,0.07750,0.29150,0.07660,0.22390,0.07630,0.29800,0.07820,0.31290,0.07770,0.38150,0.07720,0.11810,0.07810,0.19130,0.41400,0.07890,0.12240,0.07850,0.08210,0.07820,0.08060,0.07740,0.13580,0.07790,0.28950,0.08090,0.31010,0.08160,0.10780,0.16820,0.07860,0.25340,0.08270,0.22580,0.11200,0.08690,0.22560,0.08190,0.20490,0.08040,0.09520,0.14270,0.07860,0.20350,0.07870,0.18780,0.10020,0.08280,0.16240,0.08070,0.07730,0.07740,0.07660,0.11260,0.07690,0.14810,0.08380,0.14160,0.07730,0.08020,0.07740,0.08450
0:28:29,0.91100,0.07760,0.08300,0.07820,0.08690,0.07810,0.07970,0.07960,0.08110,0.07700,0.07980,0.07680,0.72270,0.49620,0.08010,0.64210,0.08390,0.68610,0.07870,0.82820,0.07980,0.18720,0.08070,0.37470,0.44820,0.36160,0.07860,0.49960,0.08330,0.53430,0.07850,0.65050,0.07880,0.15640,0.07770,0.30470,0.07670,0.23190,0.07640,0.30970,0.07820,0.32850,0.07800,0.39870,0.07740,0.12110,0.07860,0.19880,0.43180,0.07910,0.12510,0.07860,0.08210,0.07840,0.08090,0.07770,0.13990,0.07830,0.30260,0.08100,0.32270,0.08190,0.10960,0.17370,0.07870,0.26360,0.08290,0.23470,0.11440,0.08750,0.23520,0.08250,0.21170,0.08060,0.09620,0.14670,0.07860,0.21060,0.07880,0.19440,0.10170,0.08330,0.16750,0.08090,0.07720,0.07750,0.07660,0.11480,0.07700,0.15230,0.08380,0.14580,0.07730,0.08060,0.07750,0.08460
0:30:09,0.93370,0.07770,0.08330,0.07830,0.08760,0.07820,0.07980,0.07970,0.08140,0.07730,0.07990,0.07680,0.74730,0.51660,0.08040,0.66600,0.08430,0.71100,0.07890,0.85560,0.08020,0.19390,0.08160,0.39010,0.46620,0.37670,0.07880,0.51970,0.08350,0.55660,0.07900,0.67750,0.07930,0.16130,0.07780,0.31750,0.07670,0.24010,0.07660,0.32150,0.07830,0.34240,0.07820,0.41680,0.07770,0.12390,0.07910,0.20630,0.44930,0.07920,0.12790,0.07880,0.08220,0.07860,0.08130,0.07790,0.14390,0.07880,0.31560,0.08100,0.33520,0.08210,0.11150,0.17910,0.07880,0.27380,0.08240,0.24350,0.11670,0.08790,0.24460,0.08320,0.21860,0.08050,0.09730,0.15060,0.07870,0.21770,0.07890,0.20100,0.10310,0.08370,0.17270,0.08110,0.07730,0.07760,0.07670,0.11690,0.07700,0.15650,0.08380,0.14970,0.07740,0.08100,0.07770,0.08470
0:31:49,0.95320,0.07780,0.08370,0.07850,0.08830,0.07840,0.08020,0.07990,0.08200,0.07760,0.08020,0.07690,0.77120,0.53670,0.08080,0.69080,0.08470,0.73480,0.07940,0.88180,0.08080,0.20110,0.08310,0.40590,0.48420,0.39140,0.07910,0.54010,0.08390,0.57860,0.07950,0.70430,0.07980,0.16650,0.07800,0.33100,0.07670,0.24840,0.07670,0.33350,0.07840,0.35580,0.07850,0.43440,0.07800,0.12720,0.08000,0.21420,0.46690,0.07950,0.13080,0.07890,0.08240,0.07890,0.08170,0.07830,0.14800,0.07950,0.32870,0.08110,0.34770,0.08240,0.11330,0.18450,0.07890,0.28410,0.08270,0.25230,0.11930,0.08840,0.25430,0.08390,0.22540,0.08070,0.09840,0.15460,0.07880,0.22490,0.07910,0.20750,0.10460,0.08440,0.17790,0.08120,0.07730,0.07770,0.07670,0.11910,0.07710,0.16080,0.08390,0.15380,0.07750,0.08130,0.07790,0.08480
0:33:29,0.97040,0.07790,0.08400,0.07850,0.08890,0.07860,0.08040,0.08010,0.08250,0.07800,0.08030,0.07690,0.79310,0.55620,0.08110,0.71320,0.08510,0.75880,0.07980,0.90590,0.08150,0.20830,0.08450,0.42100,0.50190,0.40610,0.07940,0.56010,0.08400,0.59990,0.08020,0.72970,0.08050,0.17180,0.07820,0.34420,0.07670,0.25690,0.07680,0.34510,0.07840,0.36930,0.07900,0.45190,0.07850,0.13060,0.08110,0.22190,0.48390,0.07970,0.13360,0.07920,0.08240,0.07940,0.08230,0.07880,0.15210,0.08040,0.34220,0.08110,0.36010,0.08280,0.11520,0.18980,0.07890,0.29440,0.08300,0.26110,0.12190,0.08890,0.26380,0.08480,0.23230,0.08070,0.09960,0.15860,0.07900,0.23240,0.07940,0.21400,0.10610,0.08500,0.18300,0.08130,0.07720,0.07770,0.07660,0.12120,0.07710,0.16510,0.08400,0.15780,0.07750,0.08140,0.07810,0.08480
0:35:09,0.98460,0.07800,0.08430,0.07870,0.08960,0.07870,0.08080,0.08030,0.08340,0.07870,0.08050,0.07700,0.81420,0.57550,0.08160,0.73470,0.08570,0.77900,0.08040,0.92770,0.08240,0.21580,0.08610,0.43620,0.51990,0.42130,0.07980,0.57960,0.08440,0.62020,0.08120,0.75410,0.08160,0.17750,0.07850,0.35790,0.07670,0.26570,0.07660,0.35690,0.07850,0.38230,0.07980,0.47030,0.07920,0.13430,0.08250,0.22980,0.50090,0.08010,0.13660,0.07950,0.08250,0.08000,0.08300,0.07940,0.15640,0.08130,0.35550,0.08120,0.37240,0.08320,0.11700,0.19550,0.07900,0.30450,0.08350,0.27010,0.12460,0.08950,0.27340,0.08560,0.23920,0.08080,0.10070,0.16260,0.07910,0.23970,0.07960,0.22070,0.10770,0.08570,0.18810,0.08150,0.07720,0.07780,0.07660,0.12330,0.07710,0.16940,0.08410,0.16200,0.07770,0.08200,0.07840,0.09180
0:36:49,0.99650,0.07820,0.08490,0.07910,0.09060,0.07900,0.08130,0.08010,0.08430,0.07950,0.08080,0.07710,0.83370,0.59400,0.08220,0.75560,0.08630,0.80010,0.08110,0.94780,0.08350,0.22340,0.08790,0.45150,0.53730,0.43570,0.08030,0.59890,0.08480,0.64080,0.08240,0.77790,0.08270,0.18330,0.07900,0.37090,0.07670,0.27470,0.07690,0.36790,0.07880,0.39600,0.08070,0.48880,0.08010,0.13820,0.08400,0.23770,0.51740,0.08060,0.13980,0.08000,0.08270,0.08070,0.08390,0.08030,0.16080,0.08260,0.36920,0.08130,0.38470,0.08370,0.11900,0.20110,0.07920,0.31500,0.08410,0.27920,0.12750,0.09020,0.28310,0.08660,0.24610,0.08090,0.10210,0.16690,0.07930,0.24740,0.08000,0.22760,0.10940,0.08660,0.19330,0.08170,0.07720,0.07790,0.07680,0.12550,0.07720,0.17380,0.08420,0.16630,0.07800,0.08240,0.07880,0.09200
0:38:29,1.00630,0.07840,0.08530,0.07930,0.09140,0.07930,0.08190,0.08060,0.08550,0.08050,0.08100,0.07710,0.85170,0.61220,0.08270,0.77480,0.08690,0.81980,0.08200,0.96510,0.08460,0.23050,0.08940,0.46600,0.55380,0.45030,0.08080,0.61770,0.08510,0.66050,0.08340,0.80090,0.08390,0.18920,0.07930,0.38370,0.07660,0.28350,0.07690,0.38170,0.07890,0.40930,0.08160,0.50750,0.08110,0.14190,0.08540,0.24550,0.53350,0.08110,0.14290,0.08040,0.08280,0.08160,0.08480,0.08110,0.16520,0.08380,0.38270,0.08140,0.39670,0.08420,0.12080,0.20680,0.07920,0.32530,0.08460,0.28820,0.13020,0.09080,0.29260,0.08760,0.25290,0.08100,0.10330,0.17100,0.07950,0.25500,0.08030,0.23430,0.11110,0.08730,0.19850,0.08170,0.07720,0.07800,0.07670,0.12750,0.07720,0.17820,0.08430,0.17040,0.07810,0.08280,0.07910,0.09200
0:40:09,1.01400,0.07860,0.08580,0.07950,0.09230,0.07960,0.08250,0.08110,0.08640,0.08130,0.08130,0.07720,0.86810,0.62970,0.08330,0.79300,0.08750,0.83720,0.08280,0.98110,0.08570,0.23810,0.09080,0.48090,0.57030,0.46480,0.08140,0.63690,0.08550,0.67900,0.08460,0.82180,0.08520,0.19510,0.07980,0.39650,0.07660,0.29240,0.07710,0.39850,0.07900,0.42200,0.08260,0.52580,0.08210,0.14580,0.08670,0.25300,0.54940,0.08160,0.14600,0.08090,0.08290,0.08250,0.08580,0.08200,0.16970,0.08510,0.39610,0.08160,0.40850,0.08470,0.12280,0.21270,0.07940,0.33540,0.08530,0.29730,0.13300,0.09150,0.30210,0.08860,0.25980,0.08110,0.10470,0.17520,0.07970,0.26280,0.08080,0.24130,0.11290,0.08830,0.20360,0.08190,0.07710,0.07810,0.07670,0.12980,0.07730,0.18270,0.08450,0.17480,0.07840,0.08340,0.07960,0.09210
0:41:49,1.02120,0.07880,0.08630,0.07990,0.09320,0.08000,0.08320,0.08180,0.08770,0.08260,0.08160,0.07740,0.88400,0.64720,0.08390,0.81160,0.08820,0.85560,0.08370,0.99490,0.08680,0.24520,0.09210,0.49500,0.58610,0.47910,0.08200,0.65430,0.08600,0.69690,0.08580,0.84180,0.08650,0.20090,0.08030,0.40920,0.07660,0.30140,0.07730,0.41210,0.07930,0.43450,0.08370,0.54480,0.08330,0.14970,0.08800,0.26050,0.56490,0.08220,0.14920,0.08150,0.08300,0.08340,0.08690,0.08300,0.17420,0.08650,0.40920,0.08190,0.42020,0.08520,0.12470,0.21870,0.07950,0.34550,0.08620,0.30650,0.13590,0.09230,0.31170,0.08970,0.26660,0.08130,0.10620,0.17950,0.08000,0.27050,0.08130,0.24830,0.11480,0.08920,0.20890,0.08200,0.07710,0.07820,0.07670,0.13200,0.07740,0.18720,0.08470,0.17930,0.07880,0.08400,0.08010,0.09210
0:43:29,1.02640,0.07910,0.08700,0.08030,0.09430,0.08040,0.08390,0.08250,0.08900,0.08370,0.08200,0.07760,0.89850,0.66410,0.08470,0.82810,0.08900,0.87090,0.08470,1.00620,0.08800,0.25280,0.09360,0.50950,0.60190,0.49300,0.08260,0.67000,0.08650,0.71380,0.08710,0.86010,0.08780,0.20660,0.08100,0.42150,0.07660,0.31040,0.07770,0.42480,0.07970,0.44640,0.08510,0.56280,0.08460,0.15350,0.08940,0.26790,0.58040,0.08290,0.15250,0.08220,0.08330,0.08440,0.08800,0.08410,0.17880,0.08800,0.42240,0.08230,0.43200,0.08580,0.12680,0.22470,0.07970,0.35550,0.08690,0.31580,0.13880,0.09320,0.32100,0.09080,0.27350,0.08150,0.10760,0.18380,0.08030,0.27820,0.08190,0.25520,0.11660,0.09010,0.21410,0.08220,0.07710,0.07830,0.07680,0.13430,0.07750,0.19170,0.08490,0.18380,0.07910,0.08470,0.08060,0.08540
0:45:09,1.03150,0.07960,0.08770,0.08080,0.09540,0.08100,0.08490,0.08330,0.09040,0.08510,0.08260,0.07780,0.91190,0.68030,0.08550,0.84470,0.08990,0.88620,0.08580,1.01630,0.08920,0.25980,0.09500,0.52350,0.61710,0.50730,0.08340,0.68400,0.08710,0.73050,0.08830,0.87870,0.08920,0.21250,0.08180,0.43390,0.07660,0.31930,0.07810,0.43720,0.08010,0.45820,0.08640,0.58050,0.08590,0.15740,0.09070,0.27530,0.59550,0.08360,0.15580,0.08280,0.08350,0.08560,0.08930,0.08530,0.18350,0.08950,0.43540,0.08260,0.44350,0.08650,0.12880,0.23060,0.08000,0.36550,0.08470,0.32480,0.14180,0.09410,0.33020,0.09190,0.28030,0.08170,0.10920,0.18820,0.08080,0.28610,0.08250,0.26220,0.11870,0.09110,0.21940,0.08230,0.07710,0.07850,0.07690,0.13660,0.07770,0.19630,0.08530,0.18830,0.07960,0.08540,0.08120,0.08540
0:46:49,1.03540,0.07990,0.08840,0.08130,0.09670,0.08180,0.08590,0.08430,0.09190,0.08670,0.08310,0.07820,0.92520,0.69650,0.08630,0.85990,0.09090,0.90010,0.08700,1.02450,0.09040,0.26750,0.09670,0.53780,0.63230,0.52040,0.08410,0.69790,0.08760,0.74710,0.08960,0.89580,0.09060,0.21830,0.08280,0.44620,0.07670,0.32820,0.07840,0.44950,0.08060,0.47030,0.08770,0.59730,0.08740,0.16150,0.09220,0.28300,0.61040,0.08440,0.15920,0.08360,0.08380,0.08670,0.09040,0.08650,0.18830,0.09120,0.44860,0.08300,0.45500,0.08720,0.13090,0.23660,0.08020,0.37530,0.08570,0.33420,0.14490,0.09510,0.33960,0.09330,0.28720,0.08190,0.11070,0.19240,0.08120,0.29390,0.08320,0.26920,0.12060,0.09230,0.22480,0.08250,0.07710,0.07870,0.07700,0.13890,0.07780,0.20080,0.08570,0.19290,0.08000,0.08610,0.08190,0.08550
0:48:29,1.03860,0.08040,0.08920,0.08190,0.09780,0.08230,0.08690,0.08530,0.09330,0.08810,0.08540,0.07860,0.93650,0.71180,0.08700,0.87450,0.09190,0.91400,0.08820,1.03230,0.09170,0.27460,0.09840,0.55130,0.64750,0.53460,0.08490,0.71170,0.08830,0.76330,0.09080,0.91120,0.09190,0.22400,0.08390,0.45840,0.07660,0.33690,0.07870,0.46180,0.08110,0.48320,0.08910,0.61370,0.08870,0.16540,0.09360,0.29060,0.62500,0.08520,0.16250,0.08430,0.08400,0.08790,0.09170,0.08780,0.19290,0.09260,0.46110,0.08340,0.46640,0.08790,0.13300,0.24250,0.08050,0.38510,0.08650,0.34340,0.14800,0.09620,0.34880,0.09440,0.29400,0.08210,0.11240,0.19690,0.08170,0.30150,0.08400,0.27620,0.12260,0.09340,0.23010,0.08260,0.07710,0.07890,0.07700,0.14120,0.07800,0.20530,0.08610,0.19730,0.08050,0.08690,0.08260,0.08560
0:50:09,1.04080,0.08070,0.08980,0.08240,0.09890,0.08290,0.08780,0.08600,0.09460,0.08930,0.08600,0.07890,0.94740,0.72690,0.08780,0.88830,0.09270,0.92570,0.08920,1.03860,0.09290,0.28180,0.10010,0.56520,0.66210,0.54750,0.08570,0.72700,0.08890,0.77890,0.09190,0.92570,0.09310,0.23140,0.08500,0.47070,0.07660,0.34580,0.07910,0.47380,0.08160,0.49540,0.09020,0.62890,0.09000,0.16910,0.09500,0.29820,0.63930,0.08590,0.16570,0.08510,0.08420,0.08890,0.09280,0.08890,0.19750,0.09410,0.47410,0.08390,0.47770,0.08850,0.13510,0.24840,0.08080,0.39470,0.08740,0.35240,0.15100,0.09720,0.35800,0.09550,0.30080,0.08230,0.11390,0.20110,0.08210,0.30930,0.08450,0.28320,0.12460,0.09440,0.23540,0.08280,0.07710,0.07900,0.07710,0.14350,0.07830,0.20980,0.08650,0.20180,0.08100,0.08760,0.08320,0.08570
0:51:49,1.04290,0.08110,0.09050,0.08280,0.10000,0.08350,0.08860,0.08680,0.09580,0.09060,0.08690,0.07950,0.95740,0.74150,0.08850,0.90080,0.09370,0.93620,0.09010,1.04420,0.09400,0.28880,0.10190,0.57820,0.67610,0.56000,0.08630,0.74050,0.08960,0.79410,0.09310,0.93880,0.09440,0.23680,0.08600,0.48260,0.07660,0.35450,0.07960,0.48580,0.08220,0.50780,0.09140,0.64410,0.09110,0.17290,0.09640,0.30580,0.65360,0.08660,0.16900,0.08570,0.08450,0.08980,0.09380,0.08990,0.20200,0.09550,0.48610,0.08430,0.48880,0.08910,0.13720,0.25420,0.08110,0.40430,0.08830,0.36140,0.15400,0.09830,0.36700,0.09660,0.30760,0.08260,0.11550,0.20560,0.08260,0.31680,0.08530,0.29010,0.12650,0.09550,0.24060,0.08290,0.07700,0.07930,0.07730,0.14590,0.07850,0.21450,0.08680,0.20620,0.08150,0.08850,0.08400,0.08570
0:53:29,1.04400,0.08170,0.09130,0.08340,0.10130,0.08420,0.08950,0.08770,0.09720,0.09180,0.08790,0.08020,0.96690,0.75520,0.08930,0.91240,0.09470,0.94670,0.09120,1.04840,0.09540,0.29580,0.10390,0.59110,0.69020,0.57350,0.08710,0.75570,0.09030,0.80810,0.09440,0.95070,0.09570,0.24240,0.08720,0.49450,0.07660,0.36310,0.08010,0.49780,0.08280,0.51970,0.09250,0.65890,0.09230,0.17680,0.09790,0.31360,0.66740,0.08740,0.17230,0.08640,0.08480,0.09090,0.09490,0.09090,0.20660,0.09690,0.49850,0.08490,0.49960,0.08990,0.13930,0.26010,0.08150,0.41390,0.08920,0.37040,0.15700,0.09960,0.37600,0.09770,0.31430,0.08290,0.11710,0.20990,0.08310,0.32450,0.08600,0.29700,0.12850,0.09650,0.24600,0.08310,0.07700,0.07950,0.07740,0.14830,0.07880,0.21890,0.08740,0.21070,0.08200,0.08920,0.08460,0.08580
0:55:09,1.04500,0.08210,0.09200,0.08400,0.10250,0.08480,0.09050,0.08860,0.09870,0.09320,0.08920,0.08130,0.97480,0.76890,0.09010,0.92340,0.09570,0.95480,0.09220,1.05240,0.09680,0.30300,0.10590,0.60400,0.70340,0.58560,0.08790,0.76890,0.09100,0.82220,0.09570,0.96210,0.09710,0.24800,0.08820,0.50630,0.07660,0.37190,0.08070,0.50970,0.08360,0.53150,0.09370,0.67300,0.09350,0.18070,0.09960,0.32120,0.68090,0.08830,0.17560,0.08720,0.08520,0.09180,0.09600,0.09200,0.21110,0.09830,0.51060,0.08550,0.51060,0.09080,0.14150,0.26590,0.08190,0.42340,0.09010,0.37940,0.16000,0.10080,0.38500,0.09900,0.32100,0.08310,0.11870,0.21430,0.08360,0.33200,0.08670,0.30380,0.13060,0.09760,0.25130,0.08330,0.07700,0.07980,0.07760,0.15070,0.07910,0.22350,0.08790,0.21510,0.08260,0.09010,0.08540,0.08590
0:56:49,1.04560,0.08250,0.09270,0.08440,0.10350,0.08550,0.09150,0.08960,0.10010,0.09450,0.09020,0.08220,0.98250,0.78180,0.09080,0.93380,0.09650,0.96410,0.09320,1.05520,0.09830,0.31030,0.10800,0.61690,0.71650,0.59790,0.08850,0.78220,0.09160,0.83570,0.09700,0.97280,0.09860,0.25380,0.08920,0.51820,0.07660,0.38010,0.08120,0.52120,0.08430,0.54370,0.09480,0.68730,0.09480,0.18460,0.10120,0.32890,0.69380,0.08890,0.17870,0.08780,0.08550,0.09270,0.09760,0.09310,0.21560,0.09970,0.52320,0.08620,0.52130,0.09120,0.14370,0.27170,0.08220,0.43280,0.09110,0.38840,0.16300,0.10210,0.39420,0.10020,0.32780,0.08340,0.12030,0.21860,0.08420,0.33950,0.08730,0.31070,0.13260,0.09860,0.25650,0.08340,0.07690,0.08000,0.07770,0.15310,0.07940,0.22790,0.08830,0.21950,0.08320,0.09110,0.08610,0.08590
0:58:29,1.04510,0.08300,0.09340,0.08490,0.10470,0.08610,0.09250,0.09050,0.10170,0.09610,0.09120,0.08300,0.98970,0.79430,0.09160,0.94290,0.09750,0.97250,0.09440,1.05790,0.09980,0.31730,0.10990,0.62850,0.72900,0.60990,0.08920,0.79540,0.09220,0.84870,0.09840,0.98220,0.10010,0.25960,0.09020,0.52950,0.07660,0.38860,0.08170,0.53270,0.08480,0.55500,0.09600,0.70170,0.09600,0.18860,0.10290,0.33650,0.70660,0.08960,0.18190,0.08850,0.08580,0.09380,0.09860,0.09420,0.22010,0.10120,0.53470,0.08670,0.53180,0.09190,0.14590,0.27740,0.08260,0.44210,0.09210,0.39700,0.16610,0.10310,0.40320,0.10150,0.33470,0.08360,0.12200,0.22290,0.08460,0.34680,0.08790,0.31740,0.13450,0.09980,0.26170,0.08350,0.07700,0.08020,0.07790,0.15550,0.07980,0.23240,0.08880,0.22390,0.08370,0.09160,0.08670,0.08600
1:00:09,1.04560,0.08370,0.09430,0.08560,0.10600,0.08690,0.09370,0.09170,0.10330,0.09760,0.09240,0.08390,0.99580,0.80640,0.09250,0.95180,0.09840,0.97840,0.09560,1.06020,0.10150,0.32510,0.11190,0.64090,0.74210,0.62160,0.09000,0.80730,0.09300,0.86130,0.09990,0.99100,0.10180,0.26530,0.09120,0.54110,0.07670,0.39710,0.08230,0.54440,0.08560,0.56630,0.09730,0.71540,0.09740,0.19260,0.10470,0.34430,0.71950,0.09040,0.18520,0.08930,0.08630,0.09490,0.09990,0.09560,0.22470,0.10280,0.54710,0.08750,0.54260,0.09260,0.14810,0.28330,0.08310,0.45150,0.09320,0.40610,0.16930,0.10440,0.41240,0.10290,0.34150,0.08400,0.12360,0.22730,0.08520,0.35440,0.08870,0.32430,0.13660,0.10100,0.26710,0.08370,0.07700,0.08050,0.07810,0.15790,0.08010,0.23700,0.08930,0.22830,0.08430,0.09250,0.08760,0.08620

