Corrected [600]
	1	2	3	4	5	6	7	8	9	10	11	12
A	0.31403	0.07537	0.26054	0.07506	0.27491	0.07671	0.25419	0.07596	0.24750	0.07819	0.22964	0.08515	Corrected [600]
B	0.23825	0.29296	0.20974	0.29879	0.21699	0.24945	0.20535	0.27911	0.19135	0.26567	0.17313	0.24403	Corrected [600]
C	0.15952	0.22856	0.14431	0.21140	0.15337	0.18061	0.14073	0.21383	0.13188	0.19996	0.12604	0.18905	Corrected [600]
D	0.07453	0.14645	0.07366	0.14089	0.07587	0.11815	0.07450	0.14722	0.07404	0.13181	0.07491	0.13164	Corrected [600]
E	0.30996	0.07600	0.32030	0.07567	0.32228	0.07676	0.35895	0.07753	0.22264	0.07616	0.27092	0.07634	Corrected [600]
F	0.22500	0.30553	0.24080	0.30681	0.23064	0.29875	0.22625	0.29822	0.16052	0.33377	0.20336	0.26557	Corrected [600]
G	0.13855	0.22172	0.15093	0.22310	0.15647	0.21946	0.14708	0.20858	0.11574	0.22801	0.12211	0.20625	Corrected [600]
H	0.07717	0.13893	0.07442	0.14450	0.07542	0.14687	0.07588	0.13569	0.07432	0.13703	0.07467	0.13893	Corrected [600]

