Corrected [600]
	1	2	3	4	5	6	7	8	9	10	11	12
A	0.35055	0.07509	0.38873	0.07560	0.39440	0.07532	0.39409	0.07429	0.46766	0.07382	0.47701	0.07477	Corrected [600]
B	0.23280	0.47296	0.32538	0.41155	0.30457	0.40955	0.30925	0.40537	0.31814	0.44892	0.33615	0.41792	Corrected [600]
C	0.15291	0.34404	0.23140	0.29075	0.20420	0.27930	0.19377	0.33563	0.22728	0.33018	0.20135	0.29698	Corrected [600]
D	0.07474	0.19485	0.07368	0.19631	0.07541	0.19011	0.07466	0.19660	0.07348	0.18901	0.07363	0.17581	Corrected [600]
E	0.47590	0.08147	0.36618	0.07528	0.37566	0.07377	0.38769	0.07329	0.43983	0.07370	0.50124	0.07337	Corrected [600]
F	0.30892	0.47388	0.30497	0.42543	0.28315	0.42579	0.30755	0.49156	0.33188	0.42544	0.29071	0.38622	Corrected [600]
G	0.16246	0.35787	0.20642	0.32947	0.18137	0.32442	0.18000	0.34030	0.20611	0.34091	0.21850	0.26960	Corrected [600]
H	0.07491	0.19941	0.07442	0.16697	0.07557	0.17358	0.07387	0.19162	0.07444	0.19452	0.07436	0.16775	Corrected [600]

