420

Time,A1,A2,A3,A4,A5,A6,A7,A8,A9,A10,A11,A12,B1,B2,B3,B4,B5,B6,B7,B8,B9,B10,B11,B12,C1,C2,C3,C4,C5,C6,C7,C8,C9,C10,C11,C12,D1,D2,D3,D4,D5,D6,D7,D8,D9,D10,D11,D12,E1,E2,E3,E4,E5,E6,E7,E8,E9,E10,E11,E12,F1,F2,F3,F4,F5,F6,F7,F8,F9,F10,F11,F12,G1,G2,G3,G4,G5,G6,G7,G8,G9,G10,G11,G12,H1,H2,H3,H4,H5,H6,H7,H8,H9,H10,H11,H12
0:00:34,0.09310,0.08540,0.08650,0.08510,0.08790,0.08410,0.09430,0.08450,0.49690,0.08550,0.08600,0.08740,0.08520,0.09360,0.08420,0.08720,0.08670,0.08750,0.08570,0.14120,0.08780,0.08570,0.60590,0.08800,0.08740,0.09270,0.08440,0.08950,0.08460,0.08800,0.08440,0.13540,0.09540,0.08500,0.08480,0.08660,0.09170,0.08630,0.08760,0.09390,0.08890,0.08400,0.08450,0.10570,0.08930,0.08560,0.08960,0.08250,0.18140,0.08690,0.08910,0.08270,0.11220,0.08370,0.08740,0.08810,0.09580,0.08530,0.09000,0.08210,0.09350,0.08900,0.09160,0.08460,0.08650,0.10740,0.08700,0.09230,0.09210,0.08960,0.08480,0.08500,0.14480,0.08500,0.12780,0.08350,0.08540,0.10440,0.09200,0.08590,0.08540,0.09760,0.08290,0.08510,0.11320,0.09140,0.13680,0.08380,0.10350,0.08550,0.15370,0.08250,0.08870,0.09920,0.08400,0.08200
0:10:34,0.09250,0.08460,0.08590,0.08410,0.08480,0.08310,0.09960,0.08360,0.56400,0.08450,0.08570,0.08670,0.08590,0.09550,0.08410,0.09220,0.08590,0.08650,0.08920,0.36100,0.09070,0.08430,0.60040,0.09100,0.08700,0.09410,0.08380,0.09070,0.08360,0.08650,0.08540,0.30640,0.09420,0.08420,0.08380,0.08650,0.09000,0.08590,0.08640,0.09410,0.08800,0.08290,0.08340,0.19370,0.08810,0.08460,0.08850,0.08130,0.16570,0.08550,0.09090,0.08190,0.10760,0.08260,0.08660,0.08720,0.09720,0.08390,0.08950,0.08150,0.09260,0.08980,0.08890,0.08410,0.08560,0.10920,0.08630,0.09410,0.09430,0.08840,0.08400,0.09070,0.14350,0.08410,0.11300,0.08270,0.08380,0.10450,0.09140,0.08660,0.08580,0.09670,0.08190,0.08900,0.10730,0.09330,0.13160,0.08260,0.09870,0.08560,0.07560,0.08260,0.08760,0.09690,0.08340,0.08360
0:20:34,0.09700,0.08450,0.08750,0.08360,0.08530,0.08260,0.11440,0.08320,0.61830,0.08420,0.08630,0.08670,0.08850,0.09980,0.08500,0.09900,0.08560,0.08680,0.09540,0.63000,0.09460,0.08540,0.58200,0.09260,0.08790,0.09730,0.08420,0.09370,0.08330,0.08610,0.08740,0.49400,0.09450,0.08450,0.08360,0.08650,0.08930,0.08680,0.08580,0.09530,0.08770,0.08260,0.08270,0.29580,0.08770,0.08450,0.08810,0.08130,0.15680,0.08480,0.09440,0.08150,0.10460,0.08210,0.08660,0.08680,0.10210,0.08290,0.08930,0.08130,0.09280,0.09130,0.09100,0.08400,0.08550,0.11380,0.08610,0.09800,0.09820,0.08810,0.08420,0.09860,0.13920,0.08420,0.10810,0.08270,0.08340,0.10640,0.09130,0.08850,0.08750,0.09590,0.08190,0.09530,0.10240,0.09110,0.12480,0.08230,0.09470,0.08730,0.07550,0.08350,0.08670,0.09500,0.08280,0.08700
0:30:34,0.10200,0.08500,0.08930,0.08360,0.08590,0.08250,0.13150,0.08380,0.65940,0.08500,0.08850,0.08890,0.09120,0.10620,0.08700,0.10740,0.08590,0.08740,0.10330,0.89680,0.09970,0.08740,0.55040,0.09430,0.08940,0.10100,0.08500,0.09670,0.08330,0.08610,0.09080,0.69510,0.09570,0.08520,0.08420,0.08810,0.08930,0.08860,0.08580,0.09730,0.08790,0.08280,0.08260,0.40420,0.08770,0.08470,0.08840,0.08400,0.14900,0.08450,0.09730,0.08160,0.10350,0.08200,0.08680,0.08690,0.10790,0.08250,0.08950,0.08190,0.09350,0.09370,0.09300,0.08430,0.08580,0.11980,0.08630,0.10320,0.10290,0.08760,0.08420,0.10790,0.13500,0.08470,0.10610,0.08320,0.08360,0.10900,0.09190,0.09110,0.09010,0.09540,0.08250,0.10180,0.09810,0.08990,0.11770,0.08220,0.09150,0.08970,0.07570,0.08500,0.08630,0.13630,0.08330,0.09140
0:40:34,0.10760,0.08710,0.09250,0.08380,0.08670,0.08280,0.14980,0.08610,0.68070,0.08720,0.09290,0.09360,0.09500,0.11310,0.08870,0.11810,0.08740,0.08970,0.11280,1.10850,0.10460,0.09000,0.51020,0.09850,0.09160,0.10700,0.08660,0.10060,0.08450,0.08700,0.09510,0.89290,0.09820,0.08670,0.08600,0.09140,0.09000,0.09100,0.08660,0.10000,0.08900,0.08350,0.08330,0.51040,0.08860,0.08600,0.09000,0.08580,0.14300,0.08500,0.10310,0.08220,0.10180,0.08250,0.08860,0.08770,0.11380,0.08320,0.09150,0.08380,0.09440,0.09670,0.09680,0.08500,0.08710,0.12580,0.08750,0.11040,0.10890,0.08930,0.08580,0.11860,0.13040,0.08580,0.10460,0.08390,0.08440,0.11340,0.09330,0.09460,0.09360,0.09620,0.08410,0.11050,0.09510,0.08960,0.11240,0.08260,0.08980,0.09250,0.07650,0.08750,0.08680,0.13230,0.08490,0.09660
0:50:34,0.11550,0.08800,0.09700,0.08440,0.08750,0.08330,0.17000,0.09120,0.68110,0.09090,0.09970,0.10280,0.09920,0.12060,0.09190,0.12950,0.09070,0.09310,0.12640,1.23290,0.11260,0.09400,0.46750,0.10310,0.09450,0.11270,0.08950,0.10680,0.08670,0.08950,0.10160,1.06240,0.10240,0.09030,0.08970,0.09550,0.09150,0.09410,0.08850,0.10400,0.09160,0.08510,0.08590,0.61670,0.09100,0.08900,0.09380,0.08690,0.13680,0.08610,0.11060,0.08350,0.10060,0.08380,0.09100,0.09020,0.12140,0.08510,0.09430,0.08650,0.09510,0.09990,0.10030,0.08750,0.08930,0.13350,0.08960,0.11830,0.11660,0.09130,0.08830,0.13050,0.12610,0.08730,0.10290,0.08540,0.08610,0.11820,0.09580,0.10030,0.09790,0.09750,0.08610,0.12020,0.09280,0.08970,0.10780,0.08340,0.08890,0.09550,0.07780,0.09090,0.08800,0.12470,0.08860,0.10180
1:00:34,0.12310,0.08880,0.10140,0.08510,0.08870,0.08410,0.19130,0.09570,0.66020,0.09500,0.10680,0.11020,0.10380,0.12800,0.09520,0.14140,0.09460,0.09710,0.14020,1.28870,0.12250,0.09880,0.41990,0.10880,0.09760,0.11870,0.09240,0.11360,0.08970,0.09250,0.10930,1.17080,0.10740,0.09420,0.09170,0.09870,0.09350,0.09770,0.09120,0.10840,0.09490,0.08730,0.08930,0.73310,0.09430,0.09240,0.09830,0.08920,0.13240,0.08780,0.11620,0.08550,0.10010,0.08580,0.09400,0.09040,0.12870,0.08780,0.09680,0.08900,0.09630,0.10310,0.10410,0.09040,0.09240,0.14160,0.09230,0.12600,0.12490,0.09390,0.09120,0.14260,0.12290,0.08900,0.10310,0.08740,0.08830,0.12420,0.09880,0.10610,0.10260,0.09910,0.08840,0.12910,0.09120,0.09050,0.10510,0.08460,0.08920,0.10000,0.07940,0.09440,0.08970,0.12260,0.08930,0.10680
1:10:34,0.13050,0.08950,0.10590,0.08580,0.08990,0.08470,0.21110,0.10010,0.61750,0.09950,0.11360,0.11030,0.10740,0.13480,0.09840,0.15270,0.09840,0.10110,0.15380,1.30790,0.13130,0.10430,0.37340,0.11540,0.10020,0.12420,0.09510,0.12000,0.09280,0.09610,0.11700,1.23630,0.11320,0.09960,0.09560,0.10120,0.09520,0.10080,0.09340,0.11270,0.09830,0.08950,0.09290,0.82500,0.09760,0.09600,0.10370,0.09070,0.12770,0.08930,0.12190,0.08730,0.09990,0.08790,0.09700,0.09390,0.13630,0.09030,0.09970,0.09140,0.09730,0.10630,0.10800,0.09240,0.09500,0.14940,0.09490,0.13400,0.13210,0.09690,0.09380,0.15380,0.11870,0.09060,0.10260,0.08880,0.09010,0.12970,0.10120,0.11100,0.10680,0.10030,0.08970,0.13740,0.08970,0.09120,0.10050,0.08560,0.08920,0.10370,0.08080,0.09730,0.09120,0.11840,0.09160,0.11150
1:20:34,0.13730,0.09040,0.11020,0.08650,0.09130,0.08560,0.22950,0.10410,0.57490,0.10340,0.11920,0.11350,0.11060,0.14180,0.10170,0.16370,0.10200,0.10540,0.16610,1.30920,0.13920,0.10890,0.32780,0.12010,0.10250,0.12940,0.09770,0.12610,0.09540,0.09900,0.12430,1.27060,0.11830,0.10340,0.09940,0.10430,0.09640,0.10380,0.09550,0.11650,0.10130,0.09160,0.09620,0.90090,0.10080,0.09950,0.10760,0.09220,0.12360,0.09060,0.12690,0.08890,0.10000,0.08970,0.10000,0.09170,0.14330,0.09260,0.10250,0.09360,0.09830,0.10900,0.11160,0.09410,0.09740,0.15700,0.09730,0.14150,0.13900,0.09940,0.09660,0.16440,0.17930,0.09210,0.10320,0.09010,0.09180,0.13510,0.10340,0.11530,0.11080,0.10150,0.09110,0.14490,0.08860,0.09190,0.09870,0.08630,0.08940,0.10720,0.08200,0.10010,0.09260,0.11500,0.09300,0.11560
1:30:34,0.14390,0.09110,0.11460,0.08710,0.09260,0.08630,0.24790,0.10820,0.51830,0.10750,0.12450,0.11850,0.11380,0.14900,0.10540,0.17460,0.10600,0.10980,0.17780,1.30260,0.14710,0.11340,0.28580,0.12490,0.10470,0.13460,0.10070,0.13260,0.09830,0.10170,0.13170,1.28750,0.12410,0.10720,0.10280,0.10730,0.09740,0.10670,0.09780,0.12060,0.10470,0.09370,0.09960,0.96370,0.10400,0.10300,0.11220,0.09380,0.12050,0.09190,0.13180,0.09060,0.10050,0.09140,0.10300,0.09530,0.15000,0.09490,0.10560,0.09590,0.09940,0.11180,0.11500,0.09600,0.10010,0.16460,0.10010,0.14930,0.14570,0.10220,0.09920,0.17450,0.16880,0.09340,0.10380,0.09140,0.09350,0.14020,0.10560,0.11980,0.11470,0.10300,0.09230,0.15250,0.08760,0.09260,0.09640,0.08700,0.08990,0.11030,0.08310,0.10280,0.09410,0.11330,0.09500,0.11950
1:40:34,0.14990,0.09170,0.11850,0.08770,0.09370,0.08690,0.26540,0.11150,0.46640,0.11090,0.12900,0.12290,0.11690,0.15540,0.10880,0.18470,0.10940,0.11350,0.18890,1.29270,0.15430,0.11750,0.24600,0.12950,0.10630,0.13940,0.10340,0.13850,0.10100,0.10450,0.13850,1.29320,0.12950,0.11110,0.10630,0.10990,0.09810,0.10940,0.09980,0.12440,0.10770,0.09570,0.10280,1.01700,0.10740,0.10670,0.11630,0.09520,0.11790,0.09290,0.13670,0.09200,0.10110,0.09300,0.10600,0.09870,0.15660,0.09700,0.10860,0.09730,0.10040,0.11440,0.11820,0.09760,0.10260,0.17210,0.10260,0.15640,0.15220,0.10520,0.10150,0.18400,0.15870,0.09460,0.10440,0.09250,0.09490,0.14540,0.10770,0.12400,0.11850,0.10430,0.09350,0.15990,0.08680,0.09320,0.09460,0.08760,0.09030,0.11320,0.08400,0.10530,0.09560,0.11070,0.09640,0.12340
1:50:34,0.15590,0.09210,0.12220,0.08810,0.09460,0.08750,0.28240,0.11490,0.42340,0.11420,0.13330,0.12710,0.11990,0.16170,0.11240,0.19460,0.11250,0.11700,0.19950,1.28090,0.16190,0.12090,0.21530,0.13310,0.10800,0.14420,0.10600,0.14410,0.10360,0.10720,0.14490,1.29040,0.13450,0.11440,0.10970,0.11250,0.09870,0.11200,0.10170,0.12810,0.11070,0.09780,0.10580,1.06110,0.11060,0.11030,0.12000,0.09650,0.11540,0.09390,0.14170,0.09350,0.10180,0.09460,0.10890,0.10190,0.16300,0.09940,0.11150,0.09840,0.10110,0.11680,0.12150,0.09920,0.10500,0.17980,0.10520,0.16310,0.15860,0.10780,0.10380,0.19340,0.14810,0.09560,0.10550,0.09360,0.09640,0.15030,0.10980,0.12800,0.12220,0.10570,0.09440,0.16720,0.08620,0.09380,0.09370,0.08810,0.09090,0.11610,0.08500,0.10770,0.09680,0.10850,0.09870,0.12690
2:00:34,0.16170,0.09260,0.12570,0.08860,0.09570,0.08820,0.29850,0.11780,0.38610,0.11720,0.13700,0.13070,0.12290,0.16800,0.11540,0.20420,0.11560,0.12030,0.20970,1.27030,0.16910,0.12420,0.18990,0.13730,0.10970,0.14880,0.10850,0.14960,0.10610,0.10980,0.15100,1.28480,0.13920,0.11760,0.11280,0.11490,0.09920,0.11470,0.10370,0.13170,0.11410,0.10020,0.10870,1.09670,0.11350,0.11370,0.12330,0.09750,0.11350,0.09500,0.14630,0.09510,0.10260,0.09630,0.11170,0.10500,0.16910,0.10170,0.11440,0.09920,0.10190,0.11920,0.12470,0.10090,0.10750,0.18750,0.10770,0.16950,0.16510,0.11040,0.10620,0.20260,0.14010,0.09670,0.10660,0.09490,0.09770,0.15530,0.11180,0.13200,0.12590,0.10720,0.09540,0.17430,0.08580,0.09440,0.09280,0.08860,0.09150,0.11880,0.08600,0.11000,0.09790,0.10600,0.09990,0.13050
2:10:34,0.16710,0.09290,0.12890,0.08890,0.09640,0.08870,0.31380,0.12020,0.35420,0.11970,0.14050,0.13430,0.12580,0.17390,0.11850,0.21330,0.11830,0.12320,0.21920,1.26050,0.17580,0.12700,0.17080,0.14030,0.11110,0.15310,0.11080,0.15460,0.10820,0.11220,0.15680,1.27610,0.14340,0.12040,0.11560,0.11680,0.09960,0.11710,0.10550,0.13490,0.11690,0.10250,0.11120,1.12470,0.11610,0.11670,0.12630,0.09830,0.11210,0.09590,0.15070,0.09640,0.10340,0.09790,0.11420,0.10780,0.17510,0.10360,0.11680,0.09970,0.10240,0.12140,0.12770,0.10230,0.10980,0.19510,0.10990,0.17570,0.17110,0.11260,0.10810,0.21130,0.13290,0.09770,0.10800,0.09590,0.09880,0.16010,0.11330,0.13590,0.12930,0.10830,0.09600,0.18100,0.08530,0.09480,0.09230,0.08890,0.09200,0.12120,0.08680,0.11230,0.09900,0.10390,0.10020,0.13370
2:20:34,0.17220,0.09330,0.13200,0.08920,0.09720,0.08930,0.32850,0.12260,0.32760,0.12220,0.14370,0.13770,0.12850,0.17950,0.12090,0.22210,0.12070,0.12600,0.22840,1.25040,0.18230,0.12960,0.15770,0.14330,0.11250,0.15690,0.11290,0.15950,0.11010,0.11450,0.16210,1.26710,0.14750,0.12280,0.11800,0.11860,0.09990,0.11930,0.11170,0.13810,0.11920,0.10470,0.11350,1.14680,0.11830,0.11930,0.12880,0.09900,0.11090,0.09670,0.15530,0.09770,0.10420,0.09930,0.11640,0.11030,0.18110,0.10540,0.11850,0.10030,0.10280,0.12350,0.13060,0.10360,0.11140,0.20240,0.11180,0.18150,0.17670,0.11460,0.10990,0.21950,0.12620,0.09850,0.10940,0.09680,0.09970,0.16460,0.11450,0.13940,0.13240,0.10950,0.09670,0.18750,0.08490,0.09520,0.09180,0.08920,0.09240,0.12380,0.08750,0.11430,0.09970,0.10210,0.09980,0.13670
2:30:34,0.17700,0.09350,0.13490,0.08940,0.09780,0.08980,0.34260,0.12490,0.30740,0.12420,0.14650,0.14060,0.13110,0.18510,0.12300,0.23060,0.12290,0.12860,0.23730,1.24200,0.18850,0.13190,0.14820,0.14580,0.11380,0.16040,0.11490,0.16410,0.11200,0.11660,0.16710,1.25820,0.15110,0.12490,0.12020,0.11990,0.10000,0.12150,0.11320,0.14120,0.12120,0.10670,0.11560,1.16340,0.12050,0.12160,0.13110,0.09940,0.11020,0.09730,0.15950,0.09890,0.10490,0.10050,0.11830,0.11260,0.18680,0.10700,0.12030,0.10070,0.10310,0.12560,0.13350,0.10470,0.11270,0.20960,0.11350,0.18690,0.18210,0.11640,0.11150,0.22750,0.12020,0.09930,0.11100,0.09810,0.10050,0.16900,0.11530,0.14290,0.13550,0.11050,0.09730,0.19370,0.08460,0.09560,0.09170,0.08950,0.09280,0.12620,0.08820,0.11630,0.10040,0.10120,0.10360,0.13980
2:40:34,0.18180,0.09390,0.13770,0.08970,0.09880,0.09050,0.35640,0.12730,0.29040,0.12640,0.14940,0.14350,0.13370,0.19040,0.12510,0.23870,0.12500,0.13100,0.24600,1.24770,0.19450,0.13410,0.14290,0.14820,0.11510,0.16390,0.11680,0.16860,0.11360,0.11880,0.17200,1.24940,0.15460,0.12720,0.12240,0.12140,0.10010,0.12370,0.11460,0.14410,0.12300,0.10880,0.11760,1.17500,0.12260,0.12380,0.13330,0.10010,0.10970,0.09800,0.16300,0.10150,0.10460,0.10170,0.12020,0.11480,0.19250,0.10860,0.12220,0.10120,0.10350,0.12770,0.13630,0.10590,0.11420,0.21680,0.11520,0.19220,0.18750,0.11820,0.11310,0.23520,0.11540,0.10000,0.11250,0.10060,0.10130,0.17330,0.11590,0.14620,0.13840,0.11170,0.09780,0.19970,0.08430,0.09590,0.09170,0.08980,0.09320,0.12840,0.08890,0.11830,0.10090,0.10020,0.10520,0.14270
2:50:34,0.18640,0.09420,0.14040,0.08980,0.09950,0.09100,0.37010,0.12940,0.28220,0.12810,0.15200,0.14600,0.13630,0.19550,0.12730,0.24680,0.12690,0.13330,0.25410,1.23780,0.20030,0.13590,0.14070,0.15010,0.11650,0.16740,0.11870,0.17290,0.11530,0.12080,0.17660,1.24040,0.15800,0.12910,0.12450,0.12270,0.10020,0.12580,0.11600,0.14690,0.12460,0.11070,0.11950,1.18300,0.12450,0.12580,0.13520,0.10070,0.10960,0.09860,0.16650,0.10260,0.10440,0.10300,0.12200,0.11690,0.19810,0.11020,0.12400,0.10170,0.10390,0.12970,0.13910,0.10700,0.11560,0.22340,0.11670,0.19720,0.19280,0.12000,0.11480,0.24270,0.11110,0.10090,0.11380,0.10260,0.10190,0.17750,0.11650,0.14960,0.14110,0.11280,0.09850,0.20560,0.08410,0.09640,0.09200,0.09010,0.09360,0.13080,0.08970,0.12030,0.10160,0.10010,0.10500,0.14560
3:00:34,0.19090,0.09460,0.14310,0.09020,0.10080,0.09190,0.38300,0.13170,0.27700,0.13000,0.15490,0.14880,0.13890,0.20070,0.12920,0.25480,0.12880,0.13560,0.26230,1.23100,0.20620,0.13790,0.14080,0.15250,0.11790,0.17110,0.12070,0.17710,0.11690,0.12300,0.18120,1.23260,0.16120,0.13100,0.12680,0.12420,0.10030,0.12800,0.11740,0.14940,0.12610,0.11270,0.12150,1.18750,0.12640,0.12950,0.13730,0.10170,0.10990,0.09940,0.17100,0.10360,0.10480,0.10440,0.12380,0.11910,0.20400,0.11190,0.12590,0.10230,0.10420,0.13180,0.14190,0.10820,0.11720,0.23050,0.11840,0.20250,0.19800,0.12170,0.11660,0.25030,0.10800,0.10210,0.11540,0.10420,0.10290,0.18150,0.11730,0.15300,0.14400,0.11420,0.09940,0.21160,0.08410,0.09690,0.09230,0.09050,0.09420,0.13310,0.09060,0.12240,0.10240,0.09990,0.10460,0.14860
3:10:34,0.19530,0.09480,0.14560,0.09030,0.10180,0.09250,0.39580,0.13360,0.27490,0.13170,0.15720,0.15120,0.14140,0.20570,0.13110,0.26240,0.13050,0.13760,0.27020,1.22220,0.21170,0.13980,0.14200,0.15480,0.11920,0.17470,0.12250,0.18110,0.11840,0.12490,0.18560,1.22410,0.16440,0.13280,0.12870,0.12540,0.10030,0.13030,0.11850,0.15200,0.12750,0.11460,0.12330,1.18980,0.12810,0.13280,0.13910,0.10230,0.11030,0.10010,0.17480,0.10380,0.10830,0.10570,0.12540,0.12100,0.20970,0.11350,0.12750,0.10260,0.10440,0.13390,0.14460,0.10940,0.11860,0.23720,0.11990,0.20740,0.20300,0.12340,0.11820,0.25760,0.10520,0.10290,0.11700,0.10530,0.10370,0.18550,0.12130,0.15630,0.14660,0.11520,0.09990,0.21880,0.08380,0.09720,0.09250,0.09060,0.09460,0.13540,0.09130,0.12440,0.10300,0.10000,0.10850,0.15130
3:20:34,0.19960,0.09520,0.14820,0.09060,0.10290,0.09320,0.40810,0.13560,0.27590,0.13340,0.15960,0.15350,0.14370,0.21070,0.13280,0.26990,0.13230,0.13970,0.27780,1.21520,0.21710,0.14160,0.14350,0.15660,0.12040,0.17820,0.12450,0.18530,0.12000,0.12690,0.18990,1.21720,0.16750,0.13470,0.13080,0.12680,0.10040,0.13260,0.11980,0.15460,0.12880,0.11640,0.12510,1.19030,0.12970,0.13510,0.14090,0.10300,0.11080,0.10080,0.17860,0.10470,0.10900,0.10700,0.12700,0.12290,0.21530,0.11510,0.12930,0.10300,0.10460,0.13580,0.14730,0.11060,0.11990,0.24370,0.12140,0.21230,0.20800,0.12500,0.11990,0.26460,0.10310,0.10360,0.11850,0.10610,0.10460,0.18950,0.12200,0.15950,0.14940,0.11640,0.10070,0.22420,0.08390,0.09750,0.09280,0.09100,0.09500,0.13750,0.09220,0.12640,0.10370,0.10040,0.11040,0.15410
3:30:34,0.20390,0.09570,0.15050,0.09100,0.10400,0.09410,0.42020,0.13760,0.27970,0.13500,0.16180,0.15570,0.14610,0.21540,0.13450,0.27730,0.13390,0.14170,0.28540,1.20840,0.22240,0.14330,0.14520,0.15850,0.12170,0.18170,0.12580,0.18920,0.12150,0.12870,0.19440,1.20950,0.17060,0.13640,0.13260,0.12800,0.10050,0.13470,0.12100,0.15690,0.13000,0.11820,0.12670,1.18940,0.13130,0.13700,0.14250,0.10350,0.11150,0.10150,0.18260,0.10560,0.10980,0.10830,0.12870,0.12470,0.22090,0.11660,0.13100,0.10340,0.10500,0.13790,0.15000,0.11180,0.12130,0.25000,0.12280,0.21730,0.21300,0.12660,0.12140,0.27150,0.10150,0.10440,0.12000,0.10630,0.10540,0.19340,0.12270,0.16270,0.15200,0.11750,0.10130,0.22990,0.08380,0.09800,0.09320,0.09150,0.09550,0.13990,0.09280,0.12840,0.10440,0.10090,0.11100,0.15690
3:40:34,0.20810,0.09640,0.15290,0.09160,0.10550,0.09520,0.43200,0.13960,0.28490,0.13670,0.16400,0.15770,0.14870,0.22020,0.13620,0.28470,0.13550,0.14380,0.29270,1.20120,0.22740,0.14490,0.14680,0.15970,0.12310,0.18520,0.12730,0.19320,0.12300,0.13060,0.19860,1.20190,0.17340,0.13780,0.13430,0.12910,0.10050,0.13660,0.12210,0.15960,0.13110,0.12000,0.12840,1.18740,0.13280,0.13870,0.14400,0.10400,0.11220,0.10210,0.18670,0.10660,0.11060,0.10960,0.13020,0.12650,0.22640,0.11810,0.13250,0.10360,0.10530,0.14000,0.15270,0.11300,0.12270,0.25630,0.12430,0.22200,0.21780,0.12820,0.12300,0.27830,0.10060,0.10510,0.12150,0.10630,0.10640,0.19730,0.12070,0.16590,0.15480,0.11880,0.10200,0.23520,0.08370,0.09840,0.09370,0.09180,0.09590,0.14210,0.09370,0.13030,0.10510,0.10160,0.10920,0.15970
3:50:34,0.21200,0.09670,0.15540,0.09210,0.10670,0.09600,0.44350,0.14130,0.29010,0.13810,0.16590,0.15960,0.15100,0.22480,0.13770,0.29180,0.13710,0.14570,0.29980,1.19320,0.23240,0.14650,0.14820,0.16110,0.12450,0.18860,0.12900,0.19700,0.12440,0.13230,0.20270,1.19560,0.17620,0.13930,0.13610,0.13010,0.10040,0.13850,0.12320,0.16200,0.13210,0.12160,0.12980,1.18440,0.13410,0.14030,0.14540,0.10440,0.11290,0.10290,0.19010,0.10750,0.11120,0.11100,0.13170,0.12820,0.23160,0.11960,0.13390,0.10370,0.10560,0.14190,0.15540,0.11410,0.12380,0.26230,0.12570,0.22640,0.22250,0.12970,0.12440,0.28470,0.09980,0.10580,0.12300,0.10640,0.10710,0.20100,0.11540,0.16900,0.15730,0.11990,0.10260,0.24050,0.08360,0.09880,0.09400,0.09190,0.09630,0.14420,0.09440,0.13220,0.10590,0.10220,0.11290,0.16230
4:00:34,0.21590,0.09700,0.15780,0.09270,0.10780,0.09710,0.45470,0.14300,0.29600,0.13930,0.16780,0.16160,0.15320,0.22950,0.13920,0.29880,0.13870,0.14760,0.30690,1.18750,0.23740,0.14810,0.14980,0.16260,0.12580,0.19200,0.13060,0.20080,0.12580,0.13410,0.20660,1.18960,0.17910,0.14080,0.13770,0.13110,0.10030,0.14040,0.12410,0.16450,0.13300,0.12320,0.13130,1.18070,0.13560,0.14170,0.14680,0.10500,0.11360,0.10350,0.19410,0.10840,0.11180,0.11230,0.13310,0.12990,0.23720,0.12100,0.13540,0.10380,0.10580,0.14400,0.15810,0.11540,0.12500,0.26830,0.12690,0.23100,0.22720,0.13120,0.12590,0.29100,0.09940,0.10640,0.12430,0.10680,0.10800,0.20480,0.11650,0.17200,0.15980,0.12110,0.10320,0.24560,0.08360,0.09920,0.09430,0.09230,0.09680,0.14630,0.09520,0.13410,0.10660,0.10300,0.11060,0.16500
4:10:34,0.21970,0.09700,0.16010,0.09310,0.10860,0.09770,0.46590,0.14450,0.30120,0.14040,0.17030,0.16320,0.15530,0.23370,0.14050,0.30560,0.13990,0.14930,0.31360,1.18090,0.24190,0.14950,0.14970,0.16390,0.12690,0.19510,0.13220,0.20440,0.12700,0.13550,0.21040,1.18270,0.18160,0.14210,0.13910,0.13190,0.10020,0.14200,0.12500,0.16670,0.13370,0.12460,0.13250,1.17640,0.13660,0.14280,0.14780,0.10520,0.11420,0.10400,0.19760,0.10920,0.10760,0.11340,0.13450,0.13130,0.24210,0.12220,0.13650,0.10380,0.10600,0.14580,0.16050,0.11640,0.12600,0.27410,0.12790,0.23520,0.23160,0.13250,0.12720,0.29700,0.09920,0.10690,0.12550,0.10710,0.10850,0.20820,0.11740,0.17500,0.16220,0.12200,0.10350,0.25050,0.08340,0.09940,0.09440,0.09230,0.09700,0.14830,0.09570,0.13580,0.10700,0.10350,0.11000,0.16750
4:20:34,0.22340,0.09690,0.16230,0.09360,0.10940,0.09840,0.47680,0.14590,0.29870,0.14150,0.17160,0.16490,0.15730,0.23800,0.14190,0.31240,0.14120,0.15110,0.32020,1.17400,0.24660,0.15080,0.15120,0.16500,0.12800,0.19820,0.13380,0.20800,0.12810,0.13700,0.21430,1.17560,0.18410,0.14340,0.14050,0.13260,0.10000,0.14370,0.12580,0.16910,0.13430,0.12590,0.13380,1.17210,0.13790,0.14390,0.14890,0.10540,0.11490,0.10450,0.20080,0.10990,0.10780,0.11450,0.13570,0.13280,0.24710,0.12350,0.13790,0.10390,0.10620,0.14770,0.16310,0.11740,0.12700,0.27990,0.12900,0.23960,0.23580,0.13390,0.12840,0.30300,0.09880,0.10730,0.12670,0.10750,0.10920,0.21140,0.11820,0.17770,0.16450,0.12290,0.10390,0.25540,0.08330,0.09970,0.09450,0.09250,0.09730,0.15040,0.09630,0.13760,0.10760,0.10410,0.11000,0.17000
4:30:34,0.22700,0.09690,0.16460,0.09420,0.11030,0.09930,0.48730,0.14730,0.30430,0.14270,0.17310,0.16660,0.15950,0.24230,0.14330,0.31910,0.14240,0.15270,0.32680,1.16850,0.25140,0.15220,0.15260,0.16630,0.12920,0.20140,0.13530,0.21160,0.12940,0.13850,0.21770,1.17020,0.18660,0.14470,0.14190,0.13340,0.09990,0.14550,0.12660,0.17130,0.13500,0.12740,0.13510,1.16750,0.13890,0.14500,0.15000,0.10580,0.11570,0.10510,0.20450,0.11070,0.10900,0.11570,0.13700,0.13420,0.25210,0.12470,0.13930,0.10410,0.10640,0.14980,0.16560,0.11850,0.12810,0.28570,0.13010,0.24380,0.24010,0.13520,0.12980,0.30790,0.09910,0.10780,0.12800,0.10780,0.10980,0.21460,0.11900,0.18050,0.16700,0.12370,0.10430,0.25980,0.08320,0.10000,0.09470,0.09270,0.09760,0.15240,0.09680,0.13940,0.10810,0.10470,0.10920,0.17250
4:40:34,0.23060,0.09690,0.16670,0.09480,0.11120,0.10030,0.49790,0.14860,0.31000,0.14370,0.17450,0.16820,0.16160,0.24660,0.14480,0.32560,0.14360,0.15430,0.33320,1.16230,0.25600,0.15350,0.15410,0.16720,0.13020,0.20450,0.13690,0.21500,0.13050,0.14000,0.22150,1.16490,0.18910,0.14590,0.14320,0.13420,0.09990,0.14740,0.12730,0.17370,0.13560,0.12870,0.13630,1.16300,0.14000,0.14600,0.15110,0.10610,0.11660,0.10570,0.20780,0.11140,0.10940,0.11680,0.13820,0.13560,0.25710,0.12580,0.14060,0.10420,0.10660,0.15210,0.16820,0.11950,0.12910,0.29120,0.13110,0.24810,0.24440,0.13660,0.13100,0.31370,0.09910,0.10830,0.12930,0.10840,0.11050,0.21800,0.11980,0.18330,0.16930,0.12440,0.10470,0.26480,0.08320,0.10030,0.09500,0.09300,0.09790,0.15450,0.09740,0.14110,0.10870,0.10540,0.11040,0.17500
4:49:29,0.23400,0.09690,0.16890,0.09600,0.11230,0.10160,0.50870,0.15070,0.31630,0.14580,0.17690,0.17060,0.16360,0.25070,0.14630,0.33240,0.14500,0.15610,0.33990,1.15650,0.26100,0.15570,0.15670,0.16970,0.13110,0.20760,0.13830,0.21830,0.13170,0.14160,0.22520,1.15890,0.19180,0.14750,0.14500,0.13590,0.09950,0.14910,0.12800,0.17600,0.13630,0.13000,0.13750,1.15850,0.14130,0.14740,0.15240,0.10700,0.11750,0.10630,0.21130,0.11220,0.11000,0.11790,0.13960,0.13710,0.26220,0.12720,0.14200,0.10450,0.10670,0.15450,0.17070,0.12060,0.13020,0.29700,0.13220,0.25220,0.24860,0.13820,0.13230,0.31950,0.09890,0.10880,0.13060,0.10880,0.11130,0.22130,0.12070,0.18620,0.17180,0.12500,0.10540,0.26920,0.08300,0.10050,0.09530,0.09330,0.09830,0.15670,0.09820,0.14300,0.10950,0.10620,0.11230,0.17770
5:00:34,0.23790,0.09810,0.17140,0.09640,0.11340,0.10270,0.51910,0.15210,0.32170,0.14660,0.17820,0.17180,0.16660,0.25560,0.14810,0.33920,0.14640,0.15770,0.34620,1.15090,0.26550,0.15690,0.15790,0.17040,0.13260,0.21110,0.14000,0.22170,0.13300,0.14310,0.22880,1.15310,0.19420,0.14870,0.14620,0.13650,0.09960,0.15100,0.12890,0.17820,0.13700,0.13150,0.13870,1.15330,0.14240,0.14840,0.15330,0.10740,0.11890,0.10710,0.21220,0.11310,0.11060,0.11900,0.14100,0.13850,0.26760,0.12850,0.14340,0.10470,0.10720,0.15720,0.17340,0.12200,0.13130,0.30260,0.13330,0.25650,0.25300,0.13970,0.13360,0.32540,0.09940,0.10960,0.13200,0.10940,0.11210,0.22480,0.12160,0.18910,0.17420,0.12530,0.10590,0.27420,0.08310,0.10080,0.09560,0.09380,0.09890,0.15900,0.09890,0.14490,0.11010,0.10690,0.11360,0.17990
5:10:34,0.24160,0.09860,0.17370,0.09750,0.11470,0.10400,0.52950,0.15360,0.32770,0.14780,0.17960,0.17300,0.16930,0.26010,0.15010,0.34610,0.14780,0.15940,0.35250,1.14620,0.27020,0.15840,0.15940,0.17180,0.13400,0.21470,0.14180,0.22510,0.13410,0.14470,0.23220,1.14800,0.19670,0.14990,0.14750,0.13750,0.09950,0.15310,0.12980,0.18050,0.13780,0.13290,0.13990,1.14900,0.14350,0.15080,0.15420,0.10790,0.12020,0.10790,0.21610,0.11400,0.11130,0.12020,0.14250,0.13990,0.27260,0.12970,0.14480,0.10490,0.10770,0.16020,0.17610,0.12330,0.13230,0.30830,0.13440,0.26090,0.25720,0.14130,0.13500,0.33140,0.09920,0.11040,0.13340,0.11010,0.11300,0.22820,0.12250,0.19190,0.17660,0.12470,0.10650,0.27840,0.08300,0.10100,0.09610,0.09410,0.09940,0.16110,0.09970,0.14680,0.11080,0.10780,0.11550,0.18240
5:20:34,0.24500,0.09870,0.17590,0.09850,0.11580,0.10510,0.53940,0.15510,0.33320,0.14910,0.18090,0.17450,0.17180,0.26450,0.15200,0.35280,0.14930,0.16110,0.35880,1.14090,0.27470,0.16000,0.16100,0.17030,0.13520,0.21800,0.14340,0.22840,0.13540,0.14610,0.23570,1.14320,0.19900,0.15120,0.14880,0.13840,0.09950,0.15500,0.13060,0.18280,0.13840,0.13440,0.14100,1.14450,0.14450,0.15180,0.15520,0.10840,0.12160,0.10870,0.21980,0.11490,0.11210,0.12140,0.14390,0.14130,0.27760,0.13090,0.14630,0.10520,0.10820,0.16300,0.17870,0.12470,0.13350,0.31400,0.13550,0.26510,0.26150,0.14290,0.13630,0.33720,0.09960,0.11110,0.13480,0.11070,0.11390,0.23150,0.12340,0.19480,0.17910,0.12530,0.10720,0.28320,0.08300,0.10120,0.09640,0.09450,0.09990,0.16330,0.10050,0.14880,0.11150,0.10850,0.11020,0.18480
5:30:34,0.24850,0.09880,0.17810,0.09940,0.11720,0.10640,0.54970,0.15670,0.33910,0.15040,0.18260,0.17600,0.17440,0.26900,0.15420,0.35950,0.15070,0.16290,0.36510,1.13650,0.27940,0.16150,0.16260,0.17220,0.13640,0.22140,0.14500,0.23190,0.13660,0.14770,0.23900,1.13860,0.20140,0.15270,0.15010,0.13940,0.09950,0.15700,0.13130,0.18500,0.13920,0.13580,0.14210,1.14000,0.14560,0.15290,0.15620,0.10900,0.12290,0.10950,0.22370,0.11590,0.11280,0.12270,0.14540,0.14270,0.28300,0.13220,0.14780,0.10540,0.10870,0.16570,0.18140,0.12600,0.13460,0.31970,0.13670,0.26960,0.26580,0.14460,0.13780,0.34300,0.09980,0.11190,0.13630,0.11150,0.11490,0.23470,0.12430,0.19770,0.18150,0.12630,0.10790,0.28740,0.08290,0.10130,0.09680,0.09490,0.10050,0.16550,0.10130,0.15060,0.11220,0.10940,0.11670,0.18720
5:40:34,0.25190,0.09870,0.18040,0.10030,0.11850,0.10750,0.56050,0.15810,0.34490,0.15160,0.18400,0.17730,0.17680,0.27320,0.15570,0.36610,0.15190,0.16450,0.37130,1.13180,0.28380,0.16300,0.16410,0.17370,0.13740,0.22470,0.14650,0.23500,0.13760,0.14910,0.24220,1.13350,0.20360,0.15390,0.15130,0.14040,0.09940,0.15880,0.13200,0.18720,0.14000,0.13710,0.14330,1.13560,0.14660,0.15390,0.15690,0.10940,0.12400,0.11020,0.22780,0.11670,0.11360,0.12350,0.14690,0.14410,0.28810,0.13330,0.14920,0.10550,0.10920,0.16810,0.18410,0.12710,0.13570,0.32520,0.13770,0.27370,0.26990,0.14620,0.13910,0.34880,0.09960,0.11260,0.13750,0.11230,0.11570,0.23800,0.12510,0.20050,0.18390,0.12710,0.10830,0.29170,0.08280,0.10140,0.09710,0.09520,0.10090,0.16750,0.10200,0.15240,0.11290,0.11010,0.11190,0.18950
5:50:34,0.25530,0.09880,0.18240,0.10110,0.11970,0.10870,0.56940,0.15940,0.35010,0.15280,0.18560,0.17860,0.17920,0.27750,0.15780,0.37260,0.15320,0.16620,0.37760,1.12710,0.28830,0.16460,0.16560,0.17500,0.13860,0.22820,0.14810,0.23830,0.13880,0.15060,0.24560,1.12940,0.20590,0.15510,0.15250,0.14140,0.09940,0.16070,0.13280,0.18940,0.14060,0.13850,0.14430,1.13120,0.14760,0.15480,0.15790,0.11000,0.12520,0.11110,0.23130,0.11770,0.11420,0.12500,0.14840,0.14540,0.29320,0.13440,0.15070,0.10580,0.10980,0.17040,0.18680,0.12840,0.13680,0.33090,0.13890,0.27790,0.27400,0.14780,0.14050,0.35450,0.10020,0.11340,0.13900,0.11310,0.11650,0.24120,0.12600,0.20350,0.18630,0.12810,0.10900,0.29580,0.08270,0.10160,0.09750,0.09550,0.10150,0.16960,0.10280,0.15430,0.11380,0.11090,0.11300,0.19180
6:00:34,0.25860,0.09880,0.18440,0.10190,0.12100,0.11000,0.57850,0.16080,0.35560,0.15420,0.18720,0.18020,0.18170,0.28160,0.15940,0.37890,0.15450,0.16780,0.38390,1.12250,0.29260,0.16620,0.16690,0.17670,0.13970,0.23140,0.14960,0.24140,0.13990,0.15200,0.24880,1.12490,0.20820,0.15640,0.15370,0.14240,0.09940,0.16260,0.13350,0.19150,0.14130,0.13960,0.14540,1.12700,0.14850,0.15570,0.15860,0.11050,0.12610,0.11180,0.23500,0.11840,0.11480,0.12590,0.14970,0.14670,0.29840,0.13550,0.15200,0.10590,0.11020,0.17250,0.18930,0.12960,0.13780,0.33640,0.14000,0.28180,0.27810,0.14920,0.14180,0.36010,0.09970,0.11420,0.14020,0.11390,0.11720,0.24450,0.12670,0.20630,0.18860,0.12910,0.10940,0.29970,0.08250,0.10170,0.09780,0.09580,0.10180,0.17160,0.10350,0.15610,0.11430,0.11170,0.11490,0.19420
6:10:34,0.26200,0.09890,0.18650,0.10300,0.12220,0.11120,0.58750,0.16210,0.36090,0.15540,0.18870,0.18150,0.18400,0.28570,0.16130,0.38530,0.15580,0.16950,0.38990,1.11910,0.29700,0.16770,0.16840,0.17790,0.14070,0.23470,0.15110,0.24460,0.14100,0.15350,0.25190,1.12090,0.21050,0.15770,0.15490,0.14340,0.09930,0.16440,0.13420,0.19370,0.14200,0.14090,0.14640,1.12260,0.14930,0.15660,0.15950,0.11110,0.12710,0.11250,0.23900,0.11930,0.11530,0.12740,0.15110,0.14800,0.30300,0.13660,0.15330,0.10610,0.11060,0.17460,0.19190,0.13080,0.13890,0.34210,0.14120,0.28580,0.28220,0.15060,0.14310,0.36570,0.10040,0.11490,0.14150,0.11490,0.11810,0.24760,0.12750,0.20910,0.19110,0.13000,0.10990,0.30360,0.08250,0.10190,0.09800,0.09610,0.10240,0.17360,0.10420,0.15790,0.11500,0.11240,0.11250,0.19650
6:20:34,0.26520,0.09910,0.18860,0.10390,0.12350,0.11230,0.59610,0.16350,0.36600,0.15660,0.19020,0.18300,0.18640,0.28950,0.16310,0.39100,0.15690,0.17110,0.39590,1.11450,0.30130,0.16910,0.16990,0.17930,0.14180,0.23770,0.15270,0.24780,0.14190,0.15480,0.25510,1.11710,0.21270,0.15900,0.15600,0.14440,0.09920,0.16620,0.13490,0.19570,0.14260,0.14210,0.14750,1.11880,0.15020,0.15750,0.16040,0.11150,0.12790,0.11320,0.24210,0.12010,0.11570,0.12820,0.15240,0.14910,0.30780,0.13760,0.15460,0.10620,0.11100,0.17650,0.19450,0.13170,0.13990,0.34710,0.14220,0.28950,0.28610,0.15190,0.14430,0.37110,0.10030,0.11570,0.14270,0.11570,0.11880,0.25080,0.12830,0.21180,0.19340,0.13090,0.11030,0.30720,0.08240,0.10210,0.09820,0.09640,0.10280,0.17560,0.10490,0.15970,0.11560,0.11310,0.11160,0.19880
6:30:34,0.26850,0.09910,0.19040,0.10470,0.12470,0.11340,0.60450,0.16470,0.37130,0.15780,0.19130,0.18420,0.18860,0.29340,0.16460,0.39710,0.15810,0.17270,0.40170,1.11020,0.30550,0.17040,0.17110,0.18040,0.14280,0.24080,0.15410,0.25080,0.14300,0.15610,0.25830,1.11320,0.21490,0.16010,0.15710,0.14530,0.09910,0.16800,0.13550,0.19780,0.14310,0.14330,0.14850,1.11480,0.15110,0.15850,0.16110,0.11210,0.12870,0.11390,0.24530,0.12100,0.11610,0.12910,0.15360,0.15030,0.31240,0.13870,0.15580,0.10640,0.11130,0.17830,0.19690,0.13290,0.14090,0.35260,0.14330,0.29340,0.29010,0.15320,0.14560,0.37620,0.10010,0.11640,0.14400,0.11640,0.11950,0.25380,0.12900,0.21460,0.19570,0.13190,0.11080,0.31060,0.08230,0.10220,0.09850,0.09660,0.10320,0.17760,0.10550,0.16140,0.11620,0.11380,0.11460,0.20110
6:40:34,0.27190,0.09940,0.19250,0.10590,0.12600,0.11490,0.61330,0.16610,0.37640,0.15920,0.19260,0.18560,0.19090,0.29720,0.16640,0.40300,0.15940,0.17430,0.40770,1.10700,0.30960,0.17180,0.17250,0.18170,0.14390,0.24390,0.15570,0.25400,0.14400,0.15740,0.26150,1.10950,0.21710,0.16140,0.15830,0.14640,0.09920,0.16980,0.13640,0.19990,0.14390,0.14460,0.14970,1.11130,0.15220,0.15950,0.16200,0.11280,0.12950,0.11470,0.24900,0.12180,0.11690,0.13010,0.15490,0.15160,0.31730,0.13970,0.15710,0.10670,0.11160,0.18040,0.19950,0.13400,0.14190,0.35770,0.14440,0.29720,0.29410,0.15450,0.14680,0.38140,0.10100,0.11720,0.14540,0.11740,0.12040,0.25710,0.12990,0.21720,0.19810,0.13290,0.11150,0.31390,0.08230,0.10270,0.09890,0.09700,0.10370,0.17970,0.10630,0.16320,0.11690,0.11460,0.11540,0.20360
6:50:34,0.27500,0.09970,0.19440,0.10670,0.12730,0.11600,0.62120,0.16730,0.38130,0.16020,0.19400,0.18690,0.19290,0.30080,0.16770,0.40900,0.16040,0.17570,0.41320,1.10240,0.31360,0.17290,0.17370,0.18290,0.14500,0.24690,0.15710,0.25700,0.14510,0.15870,0.26470,1.10580,0.21920,0.16260,0.15920,0.14730,0.09910,0.17150,0.13700,0.20180,0.14440,0.14580,0.15060,1.10740,0.15300,0.16030,0.16290,0.11330,0.13030,0.11530,0.25240,0.12260,0.11730,0.13090,0.15600,0.15250,0.32180,0.14060,0.15810,0.10680,0.11180,0.18230,0.20190,0.13500,0.14270,0.36270,0.14540,0.30070,0.29790,0.15570,0.14800,0.38620,0.10030,0.11800,0.14660,0.11820,0.12110,0.26020,0.13050,0.21990,0.20030,0.13380,0.11190,0.31710,0.08210,0.10280,0.09910,0.09740,0.10410,0.18180,0.10700,0.16500,0.11760,0.11530,0.11360,0.20580
7:00:34,0.27820,0.10000,0.19630,0.10890,0.12850,0.11730,0.62980,0.16850,0.38630,0.16140,0.19530,0.18830,0.19520,0.30470,0.16930,0.41490,0.16160,0.17730,0.41900,1.09880,0.31780,0.17420,0.17510,0.18450,0.14600,0.24990,0.15860,0.26020,0.14610,0.16000,0.26780,1.10270,0.22140,0.16370,0.16030,0.14850,0.09910,0.17340,0.13770,0.20390,0.14490,0.14700,0.15170,1.10370,0.15400,0.16130,0.16380,0.11390,0.13110,0.11610,0.25580,0.12350,0.11790,0.13180,0.15730,0.15370,0.32640,0.14160,0.15930,0.10700,0.11190,0.18430,0.20440,0.13610,0.14370,0.36770,0.14630,0.30430,0.30190,0.15680,0.14920,0.39110,0.10080,0.11880,0.14790,0.11910,0.12190,0.26300,0.13130,0.22250,0.20260,0.13470,0.11240,0.32000,0.08210,0.10310,0.09940,0.09780,0.10460,0.18400,0.10770,0.16670,0.11830,0.11610,0.11360,0.20820
7:10:34,0.28130,0.10040,0.19820,0.10960,0.12960,0.11840,0.63760,0.16950,0.39120,0.16230,0.19660,0.18940,0.19720,0.30840,0.17110,0.42080,0.16270,0.17880,0.42450,1.09520,0.32170,0.17540,0.17630,0.18570,0.14710,0.25270,0.16000,0.26300,0.14710,0.16130,0.27100,1.09890,0.22360,0.16480,0.16120,0.14930,0.09890,0.17510,0.13830,0.20590,0.14560,0.14820,0.15270,1.10000,0.15490,0.16210,0.16460,0.11430,0.13180,0.11680,0.25910,0.12420,0.11830,0.13270,0.15840,0.15470,0.33090,0.14260,0.16040,0.10710,0.11210,0.18610,0.20680,0.13710,0.14450,0.37260,0.14730,0.30780,0.30580,0.15800,0.15030,0.39580,0.10120,0.11960,0.14910,0.12000,0.12260,0.26620,0.13210,0.22510,0.20490,0.13560,0.11290,0.32280,0.08210,0.10330,0.09970,0.09810,0.10510,0.18600,0.10830,0.16850,0.11880,0.11670,0.11370,0.21040
7:20:34,0.28440,0.10070,0.19990,0.11040,0.13070,0.11970,0.64550,0.17070,0.39610,0.16360,0.19800,0.19070,0.19930,0.31210,0.17260,0.42630,0.16370,0.18030,0.43010,1.09100,0.32570,0.17660,0.17760,0.18660,0.14810,0.25560,0.16140,0.26580,0.14820,0.16250,0.27400,1.09580,0.22560,0.16600,0.16220,0.15030,0.09890,0.17680,0.13890,0.20780,0.14630,0.14930,0.15370,1.09670,0.15580,0.16300,0.16540,0.11490,0.13240,0.11750,0.26220,0.12500,0.11860,0.13350,0.15950,0.15580,0.33530,0.14350,0.16140,0.10720,0.11220,0.18800,0.20910,0.13820,0.14530,0.37740,0.14830,0.31150,0.30960,0.15920,0.15140,0.40050,0.10050,0.12020,0.15030,0.12070,0.12340,0.26920,0.13280,0.22750,0.20710,0.13640,0.11340,0.32560,0.08190,0.10350,0.09990,0.09830,0.10550,0.18790,0.10890,0.17010,0.11940,0.11740,0.11330,0.21270
7:30:34,0.28740,0.10110,0.20160,0.11130,0.13190,0.12100,0.65320,0.17190,0.40120,0.16460,0.19990,0.19190,0.20130,0.31560,0.17390,0.43190,0.16480,0.18170,0.43570,1.08800,0.32950,0.17780,0.17850,0.18790,0.14910,0.25840,0.16260,0.26870,0.14930,0.16370,0.27720,1.09270,0.22760,0.16700,0.16310,0.15110,0.09880,0.17850,0.13950,0.20980,0.14680,0.15040,0.15460,1.09320,0.15670,0.16390,0.16610,0.11540,0.13310,0.11800,0.26540,0.12560,0.11890,0.13410,0.16060,0.15670,0.33980,0.14440,0.16230,0.10730,0.11230,0.18980,0.21130,0.13920,0.14600,0.38200,0.14900,0.31500,0.31320,0.16040,0.15250,0.40490,0.10120,0.12080,0.15150,0.12140,0.12400,0.27220,0.13340,0.22990,0.20920,0.13710,0.11370,0.32810,0.08190,0.10360,0.10010,0.09850,0.10590,0.18990,0.10950,0.17170,0.12000,0.11800,0.11330,0.21470
7:40:34,0.29050,0.10150,0.20330,0.11200,0.13300,0.12200,0.66090,0.17310,0.40580,0.16580,0.20120,0.19290,0.20330,0.31930,0.17530,0.43750,0.16590,0.18290,0.44110,1.08410,0.33350,0.17890,0.17980,0.18900,0.15010,0.26120,0.16400,0.27150,0.15030,0.16490,0.28030,1.08940,0.22970,0.16900,0.16400,0.15200,0.09860,0.18020,0.14010,0.21180,0.14740,0.15140,0.15560,1.09030,0.15760,0.16480,0.16680,0.11570,0.13380,0.11860,0.26860,0.12630,0.11940,0.13470,0.16150,0.15760,0.34400,0.14530,0.16330,0.10730,0.11240,0.19160,0.21350,0.14000,0.14670,0.38660,0.14990,0.31830,0.31700,0.16150,0.15350,0.40940,0.10070,0.12140,0.15260,0.12200,0.12460,0.27510,0.13400,0.23240,0.21150,0.13780,0.11400,0.33050,0.08180,0.10370,0.10030,0.09880,0.10620,0.19200,0.11000,0.17330,0.12050,0.11860,0.11340,0.21690
7:50:34,0.29360,0.10200,0.20510,0.11280,0.13420,0.12330,0.66840,0.17410,0.41080,0.16690,0.20230,0.19390,0.20540,0.32300,0.17690,0.44310,0.16700,0.18450,0.44630,1.08160,0.33720,0.18010,0.18080,0.19020,0.15120,0.26400,0.16540,0.27450,0.15130,0.16620,0.28340,1.08670,0.23190,0.16990,0.16500,0.15300,0.09860,0.18190,0.14080,0.21390,0.14800,0.15250,0.15650,1.08700,0.15860,0.16560,0.16760,0.11630,0.13440,0.11930,0.27180,0.12710,0.11990,0.13550,0.16260,0.15880,0.34860,0.14620,0.16440,0.10740,0.11260,0.19340,0.21580,0.14090,0.14750,0.39150,0.15110,0.32190,0.32070,0.16260,0.15460,0.41400,0.10090,0.12200,0.15390,0.12280,0.12530,0.27800,0.13460,0.23480,0.21370,0.13860,0.11450,0.33350,0.08180,0.10390,0.10050,0.09920,0.10660,0.19410,0.11070,0.17490,0.12110,0.11920,0.11350,0.21920
8:00:34,0.29650,0.10240,0.20690,0.11360,0.13530,0.12440,0.67600,0.17510,0.41570,0.16770,0.20350,0.19480,0.20750,0.32650,0.17810,0.44850,0.16780,0.18590,0.45160,1.07790,0.34120,0.18130,0.18200,0.19140,0.15240,0.26690,0.16670,0.27700,0.15220,0.16740,0.28640,1.08340,0.23410,0.17090,0.16590,0.15390,0.09870,0.18350,0.14150,0.21580,0.14850,0.15360,0.15740,1.08410,0.15940,0.16650,0.16830,0.11670,0.13510,0.12000,0.27500,0.12790,0.12020,0.13630,0.16360,0.15970,0.35280,0.14710,0.16540,0.10740,0.11290,0.19530,0.21820,0.14190,0.14830,0.39600,0.15230,0.32540,0.32440,0.16360,0.15560,0.41840,0.10120,0.12260,0.15500,0.12360,0.12610,0.28100,0.13530,0.23730,0.21630,0.13940,0.11490,0.33650,0.08180,0.10410,0.10070,0.09940,0.10710,0.19620,0.11130,0.17650,0.12160,0.11980,0.11370,0.22150
8:10:34,0.29960,0.10300,0.20860,0.11430,0.13650,0.12550,0.68350,0.17620,0.42050,0.16860,0.20490,0.19610,0.20970,0.33030,0.17980,0.45400,0.16910,0.18730,0.45780,1.07520,0.34510,0.18250,0.18320,0.19260,0.15360,0.26980,0.16790,0.28000,0.15310,0.16870,0.28940,1.08020,0.23620,0.17180,0.16690,0.15490,0.09880,0.18530,0.14220,0.21780,0.14920,0.15460,0.15830,1.08110,0.16040,0.16730,0.16910,0.11740,0.13600,0.12070,0.27800,0.12870,0.12080,0.13720,0.16480,0.16060,0.35710,0.14810,0.16640,0.10760,0.11320,0.19720,0.22040,0.14300,0.14910,0.40060,0.15350,0.32890,0.32810,0.16480,0.15680,0.42360,0.10100,0.12330,0.15630,0.12440,0.12680,0.28400,0.13580,0.23950,0.21850,0.14010,0.11530,0.34010,0.08180,0.10440,0.10110,0.09980,0.10750,0.19850,0.11190,0.17820,0.12220,0.12040,0.11380,0.22380
8:20:34,0.30280,0.10390,0.21050,0.11550,0.13790,0.12690,0.69060,0.17750,0.42550,0.17000,0.20630,0.19720,0.21210,0.33400,0.18130,0.45950,0.17030,0.18880,0.46310,1.07170,0.34910,0.18380,0.18440,0.19400,0.15510,0.27270,0.16940,0.28290,0.15420,0.17000,0.29260,1.07800,0.23850,0.17320,0.16800,0.15590,0.09920,0.18720,0.14310,0.21940,0.15000,0.15590,0.15940,1.07810,0.16140,0.16840,0.17000,0.11810,0.13680,0.12150,0.28120,0.12960,0.12140,0.13800,0.16590,0.16170,0.36150,0.14920,0.16760,0.10790,0.11380,0.19930,0.22290,0.14410,0.15000,0.40530,0.15460,0.33230,0.33200,0.16600,0.15790,0.42790,0.10190,0.12420,0.15760,0.12530,0.12760,0.28710,0.13660,0.24220,0.22080,0.14120,0.11590,0.34400,0.08190,0.10490,0.10150,0.10040,0.10820,0.20080,0.11270,0.17990,0.12290,0.12120,0.11420,0.22620
8:30:34,0.30570,0.10470,0.21220,0.11650,0.13910,0.12790,0.69760,0.17860,0.43020,0.17100,0.20720,0.19800,0.21430,0.33770,0.18290,0.46490,0.17140,0.19020,0.46830,1.06700,0.35300,0.18490,0.18540,0.19510,0.15640,0.27580,0.17060,0.28580,0.15510,0.17130,0.29560,1.07520,0.24050,0.17420,0.16890,0.15690,0.09940,0.18880,0.14370,0.22150,0.15060,0.15700,0.16030,1.07540,0.16240,0.16920,0.17080,0.11870,0.13760,0.12210,0.28420,0.13040,0.12230,0.13880,0.16700,0.16270,0.36590,0.15010,0.16850,0.10810,0.11400,0.20110,0.22520,0.14510,0.15070,0.40990,0.15540,0.33580,0.33560,0.16700,0.15900,0.43210,0.10140,0.12500,0.15900,0.12610,0.12840,0.29010,0.13720,0.24460,0.22300,0.14200,0.11640,0.34770,0.08180,0.10520,0.10190,0.10080,0.10860,0.20310,0.11330,0.18140,0.12340,0.12190,0.11460,0.22840
8:40:34,0.30860,0.10510,0.21390,0.11730,0.14030,0.12900,0.70500,0.17970,0.43500,0.17200,0.20860,0.19900,0.21660,0.34130,0.18420,0.47020,0.17250,0.19160,0.47340,1.06410,0.35690,0.18610,0.18650,0.19650,0.15760,0.27850,0.17180,0.28860,0.15600,0.17260,0.29880,1.07270,0.24270,0.17520,0.16980,0.15790,0.09970,0.19050,0.14450,0.22370,0.15130,0.15810,0.16130,1.07270,0.16330,0.17000,0.17170,0.11930,0.13840,0.12280,0.28730,0.13120,0.12290,0.13960,0.16800,0.16360,0.37050,0.15100,0.16950,0.10820,0.11430,0.20310,0.22750,0.14610,0.15160,0.41440,0.15630,0.33930,0.33940,0.16800,0.16010,0.43650,0.10230,0.12580,0.16030,0.12700,0.12900,0.29300,0.13780,0.24700,0.22510,0.14290,0.11700,0.35120,0.08190,0.10540,0.10230,0.10130,0.10930,0.20540,0.11400,0.18300,0.12400,0.12250,0.11480,0.23060
8:50:34,0.31180,0.10590,0.21570,0.11840,0.14170,0.13030,0.71170,0.18090,0.44000,0.17320,0.20990,0.20020,0.21880,0.34490,0.18570,0.47580,0.17360,0.19300,0.47870,1.06190,0.36080,0.18740,0.18760,0.19770,0.15900,0.28140,0.17320,0.29130,0.15690,0.17380,0.30180,1.07100,0.24480,0.17640,0.17070,0.15890,0.09930,0.19240,0.14520,0.22590,0.15200,0.15930,0.16230,1.07040,0.16440,0.17100,0.17240,0.11990,0.13920,0.12350,0.29050,0.13210,0.12360,0.14050,0.16890,0.16470,0.37480,0.15200,0.17060,0.10850,0.11460,0.20510,0.22990,0.14720,0.15240,0.41890,0.15730,0.34280,0.34310,0.16920,0.16120,0.44080,0.10190,0.12660,0.16150,0.12800,0.12980,0.29610,0.13840,0.24950,0.22730,0.14380,0.11760,0.35460,0.08190,0.10570,0.10270,0.10180,0.11000,0.20780,0.11470,0.18470,0.12470,0.12330,0.11500,0.23280
9:00:34,0.31490,0.10670,0.21760,0.11940,0.14290,0.13140,0.71840,0.18200,0.44460,0.17420,0.21100,0.20120,0.22120,0.34850,0.18740,0.48120,0.17480,0.19430,0.48370,1.05960,0.36460,0.18850,0.18870,0.19900,0.16030,0.28440,0.17450,0.29410,0.15780,0.17510,0.30500,1.06890,0.24680,0.17740,0.17160,0.15990,0.09970,0.19400,0.14600,0.22790,0.15270,0.16040,0.16330,1.06750,0.16530,0.17180,0.17350,0.12050,0.14010,0.12420,0.29350,0.13290,0.12440,0.14140,0.17000,0.16570,0.37920,0.15300,0.17170,0.10880,0.11500,0.20710,0.23230,0.14820,0.15330,0.42350,0.15830,0.34630,0.34680,0.17020,0.16220,0.44530,0.10280,0.12740,0.16280,0.12890,0.13050,0.29930,0.13910,0.25190,0.22940,0.14470,0.11800,0.35810,0.08200,0.10610,0.10310,0.10230,0.11060,0.21010,0.11540,0.18630,0.12530,0.12390,0.11530,0.23500
9:10:34,0.31810,0.10740,0.21930,0.12030,0.14420,0.13260,0.72530,0.18300,0.44960,0.17530,0.21220,0.20200,0.22340,0.35210,0.18880,0.48650,0.17570,0.19560,0.48910,1.05770,0.36840,0.18960,0.18970,0.19990,0.16160,0.28730,0.17570,0.29690,0.15880,0.17610,0.30800,1.06630,0.24880,0.17820,0.17240,0.16090,0.10020,0.19580,0.14680,0.22980,0.15340,0.16150,0.16420,1.06530,0.16630,0.17270,0.17400,0.12110,0.14090,0.12490,0.29630,0.13370,0.12520,0.14210,0.17100,0.16660,0.38360,0.15400,0.17270,0.10890,0.11530,0.20910,0.23460,0.14910,0.15410,0.42800,0.15900,0.34960,0.35050,0.17130,0.16310,0.44960,0.10240,0.12820,0.16410,0.12980,0.13120,0.30230,0.13980,0.25440,0.23150,0.14550,0.11850,0.36170,0.08200,0.10630,0.10350,0.10280,0.11090,0.21230,0.11620,0.18790,0.12590,0.12460,0.11550,0.23720
9:20:34,0.32100,0.10820,0.22110,0.12140,0.14540,0.13390,0.73180,0.18410,0.45420,0.17630,0.21340,0.20300,0.22580,0.35560,0.19020,0.49180,0.17670,0.19710,0.49420,1.05520,0.37250,0.19080,0.19070,0.20120,0.16300,0.29030,0.17690,0.29960,0.15960,0.17750,0.31100,1.06440,0.25090,0.17940,0.17340,0.16190,0.10050,0.19760,0.14750,0.23180,0.15400,0.16270,0.16520,1.06280,0.16740,0.17360,0.17490,0.12170,0.14170,0.12560,0.29960,0.13460,0.12620,0.14300,0.17210,0.16760,0.38790,0.15510,0.17360,0.10910,0.11570,0.21100,0.23700,0.15020,0.15500,0.43260,0.15990,0.35310,0.35430,0.17230,0.16410,0.45390,0.10320,0.12900,0.16540,0.13070,0.13210,0.30550,0.14050,0.25680,0.23370,0.14650,0.11910,0.36550,0.08200,0.10650,0.10390,0.10320,0.11160,0.21460,0.11690,0.18960,0.12660,0.12530,0.11570,0.23940
9:30:34,0.32410,0.10910,0.22280,0.12230,0.14660,0.13470,0.73830,0.18520,0.45840,0.17710,0.21470,0.20400,0.22810,0.35930,0.19170,0.49690,0.17760,0.19840,0.49930,1.05350,0.37610,0.19200,0.19160,0.20250,0.16420,0.29330,0.17820,0.30240,0.16050,0.17870,0.31400,1.06260,0.25290,0.18020,0.17420,0.16290,0.10090,0.19920,0.14830,0.23370,0.15470,0.16360,0.16610,1.06080,0.16870,0.17430,0.17570,0.12240,0.14250,0.12630,0.30280,0.13540,0.12690,0.14380,0.17340,0.16860,0.39210,0.15600,0.17460,0.10930,0.11610,0.21300,0.23920,0.15120,0.15570,0.43710,0.16080,0.35650,0.35790,0.17350,0.16510,0.45830,0.10290,0.12980,0.16660,0.13150,0.13270,0.30850,0.14120,0.25920,0.23570,0.14740,0.11960,0.36920,0.08200,0.10680,0.10420,0.10350,0.11210,0.21680,0.11760,0.19120,0.12720,0.12590,0.11590,0.24160
9:40:34,0.32700,0.10980,0.22430,0.12320,0.14750,0.13580,0.74470,0.18630,0.46280,0.17800,0.21580,0.20490,0.23030,0.36270,0.19310,0.50220,0.17860,0.19980,0.50420,1.05130,0.37990,0.19310,0.19270,0.20340,0.16560,0.29610,0.17940,0.30530,0.16140,0.17990,0.31680,1.06040,0.25500,0.18130,0.17510,0.16380,0.10120,0.20100,0.14890,0.23560,0.15530,0.16470,0.16700,1.05840,0.16960,0.17510,0.17640,0.12310,0.14330,0.12690,0.30580,0.13600,0.12790,0.14460,0.17440,0.16960,0.39630,0.15690,0.17550,0.10950,0.11640,0.21490,0.24140,0.15210,0.15650,0.44150,0.16160,0.35980,0.36150,0.17450,0.16600,0.46260,0.10350,0.13050,0.16790,0.13240,0.13350,0.31150,0.14180,0.26160,0.23780,0.14830,0.12000,0.37280,0.08200,0.10710,0.10460,0.10390,0.11270,0.21910,0.11820,0.19280,0.12780,0.12660,0.11610,0.24380
9:50:34,0.32990,0.11050,0.22590,0.12410,0.14890,0.13690,0.75030,0.18730,0.46730,0.17880,0.21660,0.20590,0.23260,0.36640,0.19450,0.50720,0.17960,0.20110,0.50930,1.04940,0.38360,0.19420,0.19390,0.20460,0.16680,0.29910,0.18050,0.30780,0.16240,0.18110,0.31970,1.05860,0.25710,0.18230,0.17600,0.16490,0.10160,0.20270,0.14960,0.23770,0.15600,0.16580,0.16800,1.05530,0.17060,0.17600,0.17710,0.12370,0.14380,0.12760,0.30850,0.13680,0.12880,0.14540,0.17550,0.17050,0.40030,0.15780,0.17650,0.10970,0.11680,0.21700,0.24360,0.15310,0.15740,0.44580,0.16250,0.36320,0.36510,0.17530,0.16700,0.46690,0.10320,0.13140,0.16920,0.13320,0.13420,0.31460,0.14250,0.26390,0.23980,0.14920,0.12070,0.37660,0.08200,0.10740,0.10500,0.10440,0.11320,0.22140,0.11880,0.19440,0.12840,0.12720,0.11630,0.24600
10:00:34,0.33310,0.11150,0.22770,0.12510,0.15010,0.13820,0.75660,0.18850,0.47210,0.17990,0.21760,0.20660,0.23500,0.37020,0.19600,0.51230,0.18070,0.20240,0.51430,1.04750,0.38740,0.19550,0.19510,0.20570,0.16820,0.30200,0.18190,0.31070,0.16330,0.18260,0.32270,1.05700,0.25930,0.18330,0.17700,0.16600,0.10200,0.20540,0.15050,0.23970,0.15680,0.16700,0.16910,1.05380,0.17180,0.17690,0.17790,0.12440,0.14450,0.12840,0.31160,0.13760,0.12980,0.14620,0.17670,0.17150,0.40470,0.15880,0.17750,0.11010,0.11730,0.21900,0.24590,0.15430,0.15820,0.45030,0.16340,0.36660,0.36890,0.17650,0.16800,0.47140,0.10400,0.13230,0.17060,0.13410,0.13500,0.31780,0.14330,0.26640,0.24210,0.15020,0.12130,0.38030,0.08210,0.10770,0.10550,0.10490,0.11380,0.22370,0.11960,0.19600,0.12910,0.12800,0.11650,0.24830

