Corrected [600]
	1	2	3	4	5	6	7	8	9	10	11	12
A	0.53551	0.07698	0.49077	0.07723	0.51594	0.07676	0.50895	0.07770	0.44327	0.07734	0.43339	0.07784	Corrected [600]
B	0.37320	0.48089	0.35011	0.51429	0.38617	0.45934	0.34894	0.47871	0.32144	0.43908	0.31947	0.47244	Corrected [600]
C	0.20257	0.37065	0.20292	0.37479	0.20922	0.34469	0.20431	0.36465	0.19694	0.33683	0.19902	0.33530	Corrected [600]
D	0.07649	0.20817	0.07755	0.20127	0.07646	0.19996	0.07687	0.22932	0.07775	0.21691	0.07745	0.21181	Corrected [600]
E	0.39485	0.07614	0.43951	0.07873	0.43033	0.07596	0.45216	0.07662	0.43542	0.07684	0.46335	0.07801	Corrected [600]
F	0.31746	0.47550	0.31835	0.45372	0.33440	0.45551	0.32502	0.45860	0.32413	0.46850	0.33836	0.44606	Corrected [600]
G	0.18099	0.35600	0.21117	0.33360	0.19989	0.34320	0.18904	0.32537	0.19314	0.31886	0.20571	0.32243	Corrected [600]
H	0.07723	0.20403	0.07709	0.19733	0.07723	0.20826	0.07761	0.18846	0.07852	0.19638	0.07690	0.21228	Corrected [600]

