Corrected [600]
	1	2	3	4	5	6	7	8	9	10	11	12
A	0.37615	0.07489	0.37220	0.07207	0.36468	0.07193	0.36898	0.07141	0.34758	0.07119	0.35183	0.07050	Corrected [600]
B	0.28943	0.40385	0.30337	0.40918	0.29258	0.38812	0.29403	0.38530	0.27698	0.37848	0.28223	0.37725	Corrected [600]
C	0.20149	0.32000	0.20187	0.32034	0.19247	0.33190	0.19062	0.32216	0.18800	0.28031	0.18778	0.29205	Corrected [600]
D	0.07141	0.19989	0.08360	0.19841	0.07149	0.20111	0.06972	0.20189	0.07137	0.18553	0.07057	0.18692	Corrected [600]
E	0.37417	0.06995	0.39742	0.07204	0.45342	0.06986	0.40664	0.07123	0.42787	0.07104	0.42282	0.07075	Corrected [600]
F	0.31400	0.42517	0.28377	0.38820	0.34411	0.42268	0.28026	0.45095	0.31672	0.41601	0.30511	0.35062	Corrected [600]
G	0.20013	0.33562	0.19994	0.31250	0.20534	0.31261	0.19304	0.34295	0.21822	0.32236	0.20156	0.27250	Corrected [600]
H	0.08944	0.20700	0.07167	0.19233	0.07200	0.19516	0.07109	0.20803	0.07055	0.19383	0.08795	0.20111	Corrected [600]

