420

Time,A1,A2,A3,A4,A5,A6,A7,A8,A9,A10,A11,A12,B1,B2,B3,B4,B5,B6,B7,B8,B9,B10,B11,B12,C1,C2,C3,C4,C5,C6,C7,C8,C9,C10,C11,C12,D1,D2,D3,D4,D5,D6,D7,D8,D9,D10,D11,D12,E1,E2,E3,E4,E5,E6,E7,E8,E9,E10,E11,E12,F1,F2,F3,F4,F5,F6,F7,F8,F9,F10,F11,F12,G1,G2,G3,G4,G5,G6,G7,G8,G9,G10,G11,G12,H1,H2,H3,H4,H5,H6,H7,H8,H9,H10,H11,H12
0:00:34,0.11970,0.07610,0.10110,0.07650,0.09450,0.07600,0.10590,0.07670,0.10370,0.07640,0.09890,0.08840,0.09750,0.13250,0.10880,0.10820,0.09880,0.10830,0.10580,0.10010,0.09750,0.09860,0.09920,0.10800,0.08840,0.09450,0.08550,0.12950,0.08810,0.11580,0.08760,0.10480,0.11290,0.12060,0.10520,0.10460,0.07820,0.08990,0.07660,0.10020,0.07540,0.09570,0.07600,0.10390,0.07660,0.09870,0.07580,0.09220,0.10890,0.07570,0.09990,0.07620,0.08680,0.07610,0.10030,0.07590,0.10900,0.07550,0.10610,0.07730,0.08470,0.35670,0.10350,0.09840,0.08900,0.11680,0.09650,0.11600,0.12440,0.08820,0.09830,0.10560,0.13230,0.12580,0.11940,0.10310,0.11980,0.09420,0.09470,0.12460,0.13830,0.14480,0.08690,0.09700,0.08500,0.10480,0.07610,0.10310,0.07550,0.10720,0.07760,0.11030,0.07700,0.08980,0.07690,0.08540
0:10:34,0.11220,0.07490,0.09280,0.07520,0.09150,0.07500,0.13320,0.07510,0.12240,0.07490,0.09190,0.07840,0.09570,0.11490,0.10530,0.16320,0.09880,0.10110,0.12480,0.08840,0.11070,0.09700,0.09630,0.10290,0.08700,0.09350,0.08490,0.18390,0.08660,0.11130,0.09370,0.09990,0.11950,0.11820,0.10020,0.10610,0.07700,0.08780,0.07570,0.11730,0.07460,0.09120,0.07500,0.09660,0.07540,0.09550,0.07510,0.09140,0.10000,0.07470,0.09930,0.07520,0.08620,0.07520,0.09470,0.07510,0.10250,0.07470,0.10530,0.07490,0.08350,0.43000,0.09950,0.09270,0.08640,0.10680,0.08870,0.11440,0.10430,0.08750,0.09750,0.10550,0.12200,0.19390,0.09000,0.10400,0.11300,0.09080,0.09180,0.11470,0.12790,0.09450,0.08100,0.09610,0.08300,0.14120,0.07510,0.09570,0.07470,0.08680,0.07640,0.09470,0.07590,0.08930,0.07580,0.08400
0:20:34,0.11180,0.07480,0.09150,0.07510,0.09100,0.07480,0.17650,0.07500,0.15350,0.07490,0.08970,0.07800,0.09490,0.10820,0.09740,0.23320,0.09980,0.09490,0.14530,0.08830,0.13340,0.09940,0.09290,0.10280,0.08800,0.08690,0.08360,0.26990,0.08610,0.09350,0.10420,0.09900,0.11890,0.12020,0.09900,0.10800,0.07690,0.08750,0.07540,0.15020,0.07430,0.09050,0.07480,0.09460,0.07520,0.09130,0.07520,0.09270,0.09900,0.07450,0.09750,0.07500,0.08860,0.07500,0.09340,0.07480,0.10330,0.07450,0.10850,0.07470,0.08370,0.52670,0.10100,0.09170,0.08570,0.10250,0.08810,0.11600,0.10970,0.09370,0.08750,0.10660,0.11500,0.29200,0.08840,0.10040,0.10790,0.08980,0.09060,0.09630,0.12050,0.09530,0.08210,0.09930,0.08010,0.19000,0.07500,0.09260,0.07450,0.08170,0.07610,0.09240,0.07580,0.09000,0.07570,0.08570
0:30:34,0.11060,0.07530,0.09120,0.07550,0.09610,0.07490,0.19130,0.07530,0.19520,0.07530,0.09160,0.08080,0.09670,0.10060,0.09590,0.33070,0.10190,0.09450,0.17530,0.08770,0.15760,0.10320,0.09620,0.10710,0.08820,0.08660,0.08300,0.36710,0.08740,0.08970,0.11880,0.09850,0.13220,0.11960,0.08720,0.11260,0.07720,0.08910,0.07550,0.18860,0.07450,0.08790,0.07490,0.07940,0.07540,0.08830,0.07540,0.09510,0.10000,0.07480,0.09570,0.07510,0.09190,0.07500,0.09460,0.07490,0.10980,0.07470,0.11200,0.07470,0.08420,0.65390,0.10590,0.08480,0.08730,0.09970,0.08750,0.11890,0.11250,0.09620,0.09190,0.11400,0.10900,0.39470,0.08900,0.09640,0.10590,0.08900,0.09010,0.09840,0.11230,0.09770,0.08470,0.10280,0.08360,0.24160,0.07530,0.09240,0.07480,0.08200,0.07650,0.09500,0.07600,0.08750,0.07580,0.08730
0:40:34,0.11000,0.07650,0.09470,0.07670,0.10240,0.07540,0.25120,0.07620,0.22900,0.07700,0.08940,0.08720,0.09860,0.09910,0.08340,0.43840,0.10530,0.09610,0.21350,0.08850,0.19220,0.10850,0.10010,0.09870,0.08940,0.08620,0.08420,0.47390,0.08910,0.09240,0.13650,0.09880,0.14740,0.12290,0.08780,0.11560,0.07800,0.09140,0.07620,0.23530,0.07490,0.08870,0.07540,0.07960,0.07590,0.09090,0.07620,0.09660,0.10180,0.07550,0.09830,0.07580,0.09450,0.07550,0.09430,0.07550,0.11620,0.07540,0.11860,0.07460,0.08610,0.75740,0.11100,0.08650,0.08970,0.09940,0.08870,0.12560,0.11580,0.10330,0.09780,0.12450,0.10550,0.51780,0.09000,0.09630,0.10650,0.08930,0.09080,0.09910,0.09250,0.10410,0.08800,0.11060,0.08360,0.27390,0.07600,0.09220,0.07550,0.08170,0.07700,0.09700,0.07670,0.08620,0.07600,0.08970
0:50:34,0.11290,0.07870,0.09540,0.07980,0.11390,0.07700,0.31290,0.07840,0.27140,0.08170,0.09190,0.09780,0.10090,0.10410,0.08730,0.55680,0.10760,0.09780,0.25490,0.09130,0.23040,0.11580,0.10260,0.10720,0.09090,0.09160,0.08740,0.60160,0.09260,0.09770,0.15980,0.10220,0.16590,0.13080,0.09070,0.11720,0.08010,0.09440,0.07810,0.29120,0.07680,0.09030,0.07770,0.08170,0.07810,0.09760,0.07850,0.10430,0.09680,0.07770,0.10170,0.07780,0.09910,0.07730,0.09740,0.07760,0.12680,0.07770,0.13530,0.07470,0.08760,0.77700,0.11530,0.08840,0.09300,0.10090,0.08810,0.14240,0.12020,0.11220,0.10540,0.12690,0.10280,0.64940,0.09440,0.09750,0.10760,0.09080,0.09250,0.10450,0.09320,0.11030,0.09320,0.11810,0.08360,0.34070,0.07770,0.09390,0.07720,0.08410,0.07850,0.10240,0.07820,0.08860,0.07650,0.09240
1:00:34,0.11550,0.08090,0.09910,0.08350,0.11870,0.07920,0.37130,0.08120,0.33410,0.08680,0.09790,0.10560,0.10320,0.10400,0.09020,0.67810,0.11710,0.09990,0.26280,0.09390,0.26980,0.12250,0.11440,0.11290,0.09240,0.09560,0.08860,0.70730,0.10160,0.09720,0.19820,0.10590,0.18840,0.12610,0.09430,0.13450,0.08250,0.10090,0.08100,0.36440,0.07970,0.09190,0.08140,0.08400,0.08130,0.10360,0.08200,0.11420,0.09940,0.08050,0.10240,0.08100,0.10390,0.08040,0.10220,0.08110,0.13450,0.08120,0.14420,0.07480,0.08860,0.79390,0.12290,0.09190,0.09490,0.10290,0.09010,0.15760,0.12720,0.12060,0.11250,0.13580,0.10070,0.67920,0.09790,0.09940,0.10810,0.09310,0.09510,0.10800,0.09690,0.11760,0.09970,0.12360,0.08350,0.39730,0.07970,0.09520,0.07940,0.08570,0.08040,0.10800,0.08010,0.09130,0.07730,0.09520
1:10:34,0.11920,0.08420,0.10240,0.08870,0.12490,0.08290,0.42540,0.08530,0.38770,0.09360,0.10600,0.11420,0.10570,0.10390,0.09410,0.76680,0.13270,0.10330,0.31280,0.09750,0.30750,0.13600,0.12210,0.11930,0.09460,0.09870,0.09250,0.73720,0.11010,0.09850,0.21330,0.11140,0.21050,0.13270,0.09820,0.13590,0.08570,0.10500,0.08490,0.42210,0.08380,0.09450,0.08660,0.08770,0.08600,0.11010,0.08660,0.12360,0.10270,0.08440,0.10300,0.08520,0.10840,0.08460,0.10750,0.08580,0.14020,0.08550,0.15420,0.07500,0.09070,0.90850,0.13360,0.09620,0.09930,0.10590,0.09430,0.16220,0.13560,0.13030,0.12060,0.14640,0.10090,0.78970,0.09940,0.10220,0.11160,0.09610,0.09830,0.11280,0.10220,0.12420,0.10670,0.12930,0.08340,0.45050,0.08230,0.09770,0.08230,0.08810,0.08280,0.11140,0.08250,0.09440,0.07790,0.09700
1:20:34,0.31410,0.08650,0.10570,0.09240,0.13130,0.08600,0.47310,0.08790,0.43600,0.09890,0.11210,0.12100,0.10810,0.10390,0.09790,0.83930,0.14050,0.10640,0.35590,0.09750,0.34240,0.14770,0.12940,0.12320,0.09620,0.10000,0.09520,0.82400,0.11410,0.10220,0.23900,0.11590,0.23070,0.13880,0.10280,0.13880,0.08830,0.10740,0.08830,0.46760,0.08750,0.09710,0.09130,0.09140,0.09020,0.11720,0.09020,0.13100,0.10580,0.08760,0.10470,0.08900,0.11290,0.08840,0.11690,0.09010,0.14680,0.08950,0.16040,0.07520,0.09120,0.99060,0.13480,0.10010,0.10280,0.10870,0.09850,0.16460,0.14110,0.13890,0.12910,0.14990,0.10110,0.88040,0.10090,0.10480,0.11470,0.09880,0.10140,0.11610,0.10730,0.13140,0.11290,0.13340,0.07900,0.50520,0.08450,0.09970,0.08480,0.09010,0.08490,0.11330,0.08470,0.09570,0.07870,0.09950
1:30:34,0.29090,0.08950,0.11090,0.09650,0.14050,0.09000,0.52480,0.09120,0.48240,0.10440,0.11870,0.12770,0.11070,0.10580,0.10180,0.91140,0.14880,0.11050,0.39560,0.10100,0.37460,0.15970,0.13370,0.12910,0.09830,0.10330,0.09900,0.90560,0.11870,0.10450,0.26290,0.12040,0.23320,0.14680,0.10750,0.14160,0.09100,0.10950,0.09170,0.51800,0.09100,0.10020,0.09600,0.09560,0.09470,0.12440,0.09470,0.13690,0.10880,0.09080,0.10820,0.09270,0.11970,0.09200,0.12240,0.09430,0.15560,0.09350,0.16960,0.07540,0.09320,1.05630,0.13740,0.10450,0.10710,0.11150,0.10320,0.16850,0.14810,0.14920,0.13830,0.15190,0.10180,0.89050,0.10300,0.10770,0.11370,0.10200,0.10410,0.12000,0.11210,0.13890,0.11930,0.13590,0.07920,0.55630,0.08690,0.09690,0.08730,0.09240,0.08750,0.11620,0.08720,0.09800,0.07950,0.10230
1:40:34,0.26640,0.09120,0.11460,0.09960,0.14840,0.09260,0.57910,0.09330,0.52600,0.10890,0.12400,0.13300,0.11280,0.10790,0.10490,0.98260,0.15550,0.11360,0.43430,0.10280,0.39130,0.17080,0.13760,0.13560,0.09610,0.10590,0.10220,0.97230,0.12330,0.10740,0.28870,0.12400,0.25310,0.15540,0.11170,0.14360,0.09310,0.11110,0.09460,0.57400,0.09410,0.10250,0.09980,0.09920,0.09830,0.13120,0.09830,0.14110,0.11130,0.09340,0.11090,0.09580,0.12500,0.09520,0.11940,0.09790,0.16420,0.09710,0.17900,0.07550,0.09400,1.10620,0.14060,0.10760,0.11130,0.11390,0.10720,0.17580,0.15600,0.15930,0.14730,0.15850,0.10200,0.93780,0.10510,0.11020,0.10650,0.10460,0.10680,0.12440,0.11630,0.14650,0.12540,0.14140,0.07930,0.60180,0.08890,0.09890,0.08950,0.09450,0.08960,0.12050,0.08930,0.10040,0.08000,0.10520
1:50:34,0.24250,0.09360,0.11910,0.10280,0.15710,0.09590,0.63050,0.09570,0.54750,0.11320,0.12920,0.13810,0.11520,0.11190,0.10840,1.03940,0.15960,0.11660,0.47380,0.10550,0.42180,0.18190,0.14310,0.14170,0.09850,0.10930,0.10530,1.02700,0.12910,0.11050,0.31480,0.12730,0.27430,0.16300,0.11300,0.14760,0.09540,0.11380,0.09740,0.63010,0.09710,0.10500,0.10340,0.10250,0.10190,0.13790,0.10230,0.14700,0.11420,0.09610,0.11460,0.09870,0.13030,0.09830,0.12010,0.10140,0.17400,0.10070,0.18950,0.07570,0.09620,1.13870,0.14510,0.11100,0.11520,0.11630,0.11100,0.18280,0.16380,0.16890,0.15590,0.16310,0.10290,0.99080,0.10730,0.11280,0.10980,0.10720,0.10950,0.12920,0.12110,0.15410,0.13140,0.14590,0.07970,0.64440,0.09110,0.10120,0.09170,0.09650,0.09180,0.12370,0.09150,0.10290,0.08060,0.10810
2:00:34,0.22410,0.09530,0.12300,0.10570,0.16460,0.09860,0.67800,0.09750,0.55290,0.11700,0.13370,0.14250,0.11730,0.11490,0.11150,1.08330,0.16340,0.11960,0.51230,0.10720,0.45040,0.19280,0.14800,0.14770,0.10020,0.11270,0.10790,1.07070,0.13390,0.11270,0.34040,0.13020,0.29620,0.17120,0.11690,0.15080,0.09740,0.11510,0.09990,0.68200,0.09990,0.10300,0.10680,0.10570,0.10520,0.14450,0.10570,0.15170,0.11670,0.09850,0.11700,0.10150,0.13510,0.10130,0.12450,0.10490,0.18310,0.10390,0.19920,0.07600,0.09750,1.15940,0.14920,0.11450,0.11910,0.11840,0.11460,0.19060,0.17160,0.17840,0.16450,0.16910,0.09970,1.03290,0.10930,0.11380,0.11300,0.10950,0.11220,0.13360,0.12560,0.16160,0.13720,0.15050,0.07980,0.68390,0.09310,0.10320,0.09380,0.09830,0.09400,0.12690,0.09370,0.10550,0.08100,0.11100
2:10:34,0.20820,0.09760,0.12650,0.10890,0.17260,0.10160,0.72240,0.09990,0.59110,0.12110,0.13830,0.14680,0.11960,0.11780,0.11490,1.11710,0.16840,0.12260,0.54910,0.10970,0.47880,0.20350,0.15270,0.15400,0.10250,0.11440,0.11100,1.10740,0.13880,0.11570,0.36480,0.13310,0.31780,0.17930,0.12090,0.15470,0.09960,0.11720,0.10270,0.72850,0.10290,0.10540,0.11020,0.10880,0.10880,0.15120,0.10910,0.15640,0.11440,0.10100,0.11880,0.10430,0.14040,0.10430,0.12900,0.10810,0.19290,0.10730,0.21010,0.07620,0.09980,1.17210,0.15360,0.11780,0.12290,0.12070,0.11830,0.19710,0.17980,0.18820,0.17320,0.17390,0.09450,1.06580,0.11120,0.11620,0.11630,0.11170,0.10860,0.13820,0.13030,0.16920,0.14320,0.15530,0.08020,0.72050,0.09510,0.10350,0.09600,0.10040,0.09620,0.13010,0.09600,0.10800,0.08170,0.11390
2:20:34,0.12640,0.09920,0.12980,0.11150,0.17980,0.10410,0.76320,0.10150,0.62530,0.12430,0.14210,0.15060,0.12150,0.11930,0.11780,1.13960,0.17300,0.12510,0.58410,0.11060,0.50490,0.21340,0.15550,0.15970,0.10420,0.11570,0.11350,1.13700,0.14320,0.11790,0.38810,0.13540,0.33770,0.18660,0.12430,0.15800,0.10140,0.11900,0.10500,0.77200,0.10540,0.10610,0.11320,0.11160,0.11180,0.15720,0.11210,0.16090,0.11700,0.10320,0.12080,0.10680,0.14520,0.10700,0.13310,0.11110,0.20230,0.11020,0.22020,0.07610,0.10110,1.17770,0.15690,0.12080,0.12660,0.12260,0.12150,0.20340,0.18790,0.19740,0.18140,0.17880,0.09480,1.08970,0.11310,0.11840,0.11930,0.11360,0.11130,0.14250,0.13470,0.17630,0.14870,0.15930,0.08010,0.75340,0.09690,0.10540,0.09780,0.10220,0.09820,0.13310,0.09800,0.11030,0.08190,0.11660
2:30:34,0.12960,0.10110,0.13330,0.11420,0.18720,0.10680,0.80260,0.10350,0.65990,0.12770,0.14610,0.15440,0.12380,0.12140,0.12080,1.15620,0.17810,0.12770,0.61790,0.11240,0.53090,0.22340,0.15910,0.16590,0.10630,0.11770,0.11610,1.10810,0.14780,0.12010,0.41080,0.13760,0.35800,0.19450,0.12770,0.16170,0.10330,0.12060,0.10730,0.81340,0.10790,0.10860,0.11610,0.11440,0.11470,0.16310,0.11460,0.16510,0.11960,0.10540,0.12320,0.10930,0.15000,0.10950,0.13710,0.11400,0.21160,0.11300,0.22980,0.07650,0.10290,1.18070,0.16070,0.12380,0.13040,0.12450,0.12480,0.20840,0.19570,0.20660,0.18950,0.18280,0.09590,1.10820,0.11500,0.12070,0.12230,0.11550,0.11390,0.14700,0.13920,0.18360,0.15430,0.16410,0.08040,0.78380,0.09870,0.10750,0.09970,0.10400,0.10020,0.13620,0.10010,0.11270,0.08240,0.11940
2:40:34,0.13290,0.10290,0.13660,0.11680,0.19430,0.10950,0.83850,0.10540,0.69190,0.13080,0.14970,0.15780,0.12570,0.12350,0.12380,1.16650,0.18340,0.13040,0.65030,0.11440,0.55560,0.23320,0.16200,0.17170,0.10820,0.11960,0.11880,1.13150,0.15270,0.12270,0.43300,0.13980,0.37790,0.20210,0.13100,0.16580,0.10520,0.12230,0.10990,0.85180,0.11050,0.11110,0.11900,0.11730,0.11750,0.16900,0.11760,0.16900,0.12250,0.10780,0.12570,0.11180,0.15510,0.11220,0.14130,0.11680,0.22130,0.11580,0.24010,0.07660,0.10480,1.18210,0.16440,0.12710,0.13430,0.12650,0.12820,0.21470,0.20380,0.21600,0.19770,0.18720,0.09690,1.12200,0.11720,0.12310,0.12550,0.11740,0.11680,0.15190,0.14390,0.19090,0.16000,0.16860,0.08050,0.81140,0.10060,0.10980,0.10170,0.10600,0.10230,0.13930,0.10230,0.11520,0.08300,0.12230
2:50:34,0.13640,0.10530,0.14040,0.11980,0.20200,0.11250,0.87350,0.10790,0.72490,0.13430,0.15360,0.16140,0.12830,0.12610,0.12730,1.17500,0.18830,0.13340,0.68190,0.11690,0.58080,0.24320,0.16470,0.17800,0.11080,0.12190,0.12180,1.15000,0.15760,0.12540,0.45510,0.14230,0.39740,0.21000,0.13450,0.17040,0.10750,0.12450,0.11240,0.88820,0.11310,0.11400,0.12210,0.12040,0.12060,0.17500,0.12100,0.17370,0.12550,0.11030,0.12860,0.11450,0.16010,0.11490,0.14560,0.11970,0.23110,0.11880,0.25030,0.07710,0.10730,1.18140,0.16800,0.13060,0.13840,0.12880,0.13180,0.22010,0.21180,0.22540,0.20590,0.19200,0.09860,1.13170,0.11920,0.12590,0.12890,0.11960,0.11990,0.15680,0.14900,0.19830,0.16570,0.17370,0.08120,0.83610,0.10280,0.11230,0.10400,0.10820,0.10470,0.14290,0.10490,0.11780,0.08380,0.12520
3:00:34,0.13960,0.10750,0.14380,0.12260,0.20930,0.11520,0.90570,0.10990,0.75450,0.13730,0.15680,0.16450,0.13040,0.12860,0.13050,1.18020,0.19330,0.13600,0.71240,0.11900,0.60380,0.25270,0.16740,0.18380,0.11310,0.12420,0.12460,1.16510,0.16240,0.12830,0.47660,0.14440,0.41680,0.21750,0.13750,0.17410,0.10980,0.12650,0.11500,0.92240,0.11580,0.11680,0.12500,0.12320,0.12330,0.18080,0.12380,0.17780,0.12880,0.11280,0.13120,0.11710,0.16520,0.11760,0.14980,0.12250,0.24120,0.12170,0.26050,0.07720,0.10950,1.18050,0.17210,0.13400,0.14250,0.13090,0.13520,0.22660,0.21980,0.23450,0.21410,0.19780,0.09980,1.13890,0.12160,0.12870,0.13230,0.12180,0.12300,0.16170,0.15410,0.20550,0.17140,0.17870,0.08130,0.85900,0.10500,0.11480,0.10610,0.11040,0.10710,0.14620,0.10730,0.12010,0.08430,0.12800
3:10:34,0.14300,0.11010,0.14780,0.12550,0.21710,0.11810,0.93580,0.11260,0.78410,0.14040,0.16020,0.16740,0.13300,0.13140,0.13380,1.18370,0.19880,0.13890,0.74250,0.12190,0.62790,0.26240,0.17050,0.19000,0.11570,0.12700,0.12770,1.17300,0.16750,0.13140,0.49810,0.14670,0.43600,0.22500,0.14090,0.17830,0.11220,0.12880,0.11770,0.95440,0.11860,0.11980,0.12810,0.12620,0.12630,0.18670,0.12680,0.18230,0.13210,0.11540,0.13420,0.11980,0.17040,0.12040,0.15410,0.12540,0.25100,0.12450,0.27090,0.07760,0.11200,1.17890,0.17590,0.13750,0.14670,0.13330,0.13870,0.23250,0.22780,0.24380,0.22220,0.20290,0.10160,1.14350,0.12410,0.13180,0.13570,0.12420,0.12630,0.16660,0.15950,0.21290,0.17720,0.18430,0.08180,0.87930,0.10730,0.11750,0.10840,0.11290,0.10960,0.14980,0.11000,0.12260,0.08530,0.13090
3:20:34,0.14620,0.11250,0.15120,0.12810,0.22470,0.12080,0.96410,0.11490,0.81100,0.14320,0.16340,0.17040,0.13520,0.13400,0.13690,1.18590,0.20320,0.14160,0.77120,0.12450,0.65040,0.27190,0.17320,0.19600,0.11810,0.12960,0.13040,1.18100,0.17230,0.13430,0.51920,0.14870,0.45530,0.23220,0.14410,0.18230,0.11460,0.13110,0.12030,0.98390,0.12120,0.12250,0.13090,0.12910,0.12920,0.19250,0.12960,0.18710,0.13560,0.11800,0.13690,0.12240,0.17540,0.12320,0.15820,0.12820,0.26110,0.12740,0.28140,0.07790,0.11440,1.17770,0.17970,0.14100,0.15070,0.13060,0.14230,0.23880,0.23600,0.25290,0.23030,0.20850,0.10280,1.14680,0.12650,0.13470,0.13920,0.12650,0.12950,0.17150,0.16490,0.22020,0.18300,0.18980,0.08200,0.89710,0.10960,0.12010,0.11060,0.11510,0.11210,0.15330,0.11240,0.12500,0.08610,0.13360
3:30:34,0.14940,0.11510,0.15460,0.13090,0.23230,0.12360,0.99050,0.11750,0.83720,0.14640,0.16660,0.17330,0.13790,0.13670,0.14010,1.18530,0.20790,0.14450,0.79840,0.12740,0.67220,0.28140,0.17580,0.20200,0.12060,0.13220,0.13340,1.18620,0.17720,0.13710,0.54000,0.15100,0.47410,0.23970,0.14710,0.18710,0.11700,0.13330,0.12270,1.01050,0.12380,0.12530,0.13380,0.13190,0.13190,0.19820,0.13210,0.19160,0.13910,0.12050,0.13990,0.12490,0.18060,0.12580,0.16230,0.13080,0.27120,0.13000,0.29190,0.07820,0.11680,1.17620,0.18350,0.14440,0.15490,0.13320,0.14570,0.24450,0.24400,0.26210,0.23830,0.21390,0.10430,1.14840,0.12910,0.13750,0.14260,0.12870,0.13270,0.17630,0.17020,0.22750,0.18860,0.19560,0.08260,0.91300,0.11190,0.12270,0.11290,0.11730,0.11450,0.15680,0.11490,0.12730,0.08720,0.13630
3:40:34,0.15240,0.11720,0.15760,0.13330,0.23950,0.12580,1.01480,0.11950,0.86150,0.14870,0.16940,0.17580,0.13990,0.13900,0.14290,1.18460,0.21150,0.14690,0.82500,0.12960,0.69220,0.29030,0.17790,0.20730,0.12280,0.13430,0.13600,1.19020,0.18180,0.13950,0.56010,0.15110,0.49220,0.24680,0.14970,0.19010,0.11910,0.13530,0.12500,1.03480,0.12610,0.12770,0.13630,0.13440,0.13430,0.20360,0.13490,0.19610,0.14220,0.12270,0.14250,0.12720,0.18520,0.12810,0.16610,0.13310,0.28060,0.13260,0.30190,0.07820,0.11900,1.17370,0.18710,0.14750,0.15860,0.13550,0.14880,0.25050,0.25150,0.27080,0.24590,0.21840,0.10530,1.14900,0.13140,0.14020,0.14570,0.13060,0.13550,0.18070,0.17520,0.23420,0.19380,0.20080,0.08250,0.92640,0.11390,0.12500,0.11490,0.11930,0.11660,0.16010,0.11710,0.12960,0.08780,0.13910
3:50:34,0.15560,0.11940,0.16070,0.13570,0.24650,0.12840,1.03660,0.12180,0.88350,0.15150,0.17230,0.17850,0.14240,0.14140,0.14580,1.18400,0.21630,0.14930,0.84950,0.13190,0.71220,0.29910,0.18040,0.21330,0.12510,0.13660,0.13860,1.19040,0.18620,0.14180,0.57970,0.15300,0.51020,0.25370,0.15240,0.19470,0.12120,0.13730,0.12710,1.05720,0.12830,0.13000,0.13870,0.13700,0.13670,0.20880,0.13740,0.20020,0.14520,0.12490,0.14510,0.12930,0.18990,0.13040,0.16970,0.13550,0.28990,0.13500,0.31190,0.07840,0.12110,1.17210,0.19020,0.15060,0.16230,0.13780,0.15180,0.25540,0.25900,0.27920,0.25340,0.22390,0.10640,1.14850,0.13370,0.14270,0.14880,0.13250,0.13840,0.18520,0.18010,0.24090,0.19900,0.20640,0.08290,0.93780,0.11600,0.12740,0.11680,0.12130,0.11870,0.16310,0.11940,0.13200,0.08880,0.14170
4:00:34,0.15860,0.12110,0.16330,0.13780,0.25310,0.13050,1.05740,0.12350,0.90430,0.15360,0.17480,0.18080,0.14430,0.14320,0.14840,1.18190,0.22030,0.15140,0.87310,0.13380,0.73100,0.30760,0.18220,0.21850,0.12710,0.13850,0.14080,1.19260,0.19070,0.14420,0.59880,0.15490,0.52690,0.26070,0.15460,0.19840,0.12300,0.13900,0.12920,1.07620,0.13030,0.13230,0.14090,0.13920,0.13890,0.21360,0.13960,0.20460,0.14810,0.12710,0.14750,0.13120,0.19430,0.13240,0.17320,0.13760,0.29880,0.13710,0.32120,0.07850,0.12300,1.17020,0.19340,0.15350,0.16600,0.14000,0.15470,0.26040,0.26600,0.28760,0.26060,0.22800,0.10730,1.14730,0.13570,0.14500,0.15170,0.13400,0.14110,0.18950,0.18490,0.24750,0.20420,0.21150,0.08280,0.94750,0.11770,0.12940,0.11860,0.12320,0.12060,0.16610,0.12130,0.13420,0.08960,0.14450
4:10:34,0.16190,0.12310,0.16630,0.13980,0.26000,0.13270,1.07610,0.12560,0.92390,0.15580,0.17750,0.18320,0.14680,0.14520,0.15110,1.18040,0.22530,0.15360,0.89650,0.13600,0.74950,0.31610,0.18430,0.22470,0.12920,0.14050,0.14310,1.19140,0.19500,0.14630,0.61760,0.15670,0.54380,0.26740,0.15690,0.20340,0.12480,0.14070,0.13120,1.09450,0.13230,0.13430,0.14300,0.14140,0.14110,0.21860,0.14180,0.20880,0.15080,0.12900,0.14970,0.13310,0.19860,0.13440,0.17650,0.13970,0.30780,0.13940,0.33090,0.07890,0.12480,1.16810,0.19620,0.15610,0.16950,0.14200,0.15770,0.26480,0.27310,0.29570,0.26780,0.23350,0.10810,1.14600,0.13760,0.14730,0.15460,0.13560,0.14370,0.19370,0.18960,0.25390,0.20910,0.21690,0.08320,0.95580,0.11960,0.13150,0.12030,0.12480,0.12240,0.16900,0.12330,0.13660,0.09050,0.14700
4:20:34,0.16500,0.12530,0.16930,0.14190,0.26700,0.13510,1.09400,0.12780,0.94210,0.15840,0.18020,0.18570,0.14960,0.14750,0.15390,1.17950,0.22970,0.15600,0.91860,0.13830,0.76810,0.32490,0.18640,0.23110,0.13180,0.14260,0.14550,1.19320,0.19960,0.14860,0.63630,0.15880,0.56070,0.27410,0.15930,0.20870,0.12680,0.14260,0.13330,1.11060,0.13450,0.13660,0.14530,0.14390,0.14360,0.22380,0.14420,0.21310,0.15370,0.13110,0.15230,0.13530,0.20310,0.13660,0.18010,0.14200,0.31730,0.14160,0.34090,0.07940,0.12700,1.16730,0.19950,0.15910,0.17320,0.14420,0.16070,0.27020,0.28060,0.30430,0.27530,0.23890,0.10970,1.14510,0.14000,0.14980,0.15770,0.13740,0.14640,0.19810,0.19480,0.26060,0.21450,0.22270,0.08370,0.96330,0.12150,0.13370,0.12230,0.12670,0.12460,0.17240,0.12540,0.13880,0.09190,0.14980
4:30:34,0.16820,0.12770,0.17220,0.14400,0.27410,0.13750,1.10970,0.13020,0.96040,0.16080,0.18300,0.18810,0.15250,0.14970,0.15680,1.17800,0.23440,0.15790,0.94010,0.14090,0.78630,0.33340,0.18880,0.23760,0.13470,0.14500,0.14810,1.19180,0.20410,0.15100,0.65480,0.16100,0.57750,0.28070,0.16180,0.21480,0.12890,0.14460,0.13540,1.12590,0.13670,0.13910,0.14760,0.14640,0.14590,0.22890,0.14630,0.21750,0.15680,0.13330,0.15480,0.13740,0.20770,0.13880,0.18380,0.14430,0.32630,0.14390,0.35050,0.07970,0.12940,1.16600,0.20230,0.16210,0.17680,0.14660,0.16380,0.27470,0.28770,0.31260,0.28260,0.24460,0.11150,1.14390,0.14210,0.15240,0.16080,0.13930,0.14920,0.20250,0.19980,0.26730,0.21960,0.22870,0.08440,0.96950,0.12360,0.13590,0.12420,0.12880,0.12660,0.17560,0.12770,0.14110,0.09370,0.15250
4:40:34,0.17100,0.12950,0.17470,0.14590,0.28070,0.13950,1.12390,0.13190,0.97520,0.16280,0.18530,0.19030,0.15470,0.15170,0.15910,1.17620,0.23820,0.16000,0.95950,0.14280,0.80320,0.34140,0.19080,0.24230,0.13710,0.14670,0.15020,1.19110,0.20830,0.15320,0.67260,0.16290,0.59280,0.28700,0.16400,0.21820,0.13060,0.14620,0.13730,1.13750,0.13850,0.14120,0.14970,0.14840,0.14810,0.23370,0.14860,0.22110,0.15960,0.13520,0.15710,0.13920,0.21190,0.14080,0.18710,0.14610,0.33500,0.14580,0.35990,0.07960,0.13140,1.16400,0.20540,0.16470,0.18020,0.14870,0.16670,0.27930,0.29460,0.32050,0.28960,0.24960,0.11280,1.14230,0.14410,0.15460,0.16350,0.14080,0.15170,0.20660,0.20460,0.27340,0.22430,0.23430,0.08410,0.97420,0.12540,0.13790,0.12590,0.13060,0.12840,0.17860,0.12950,0.14330,0.09490,0.15490
4:50:34,0.17430,0.13130,0.17740,0.14790,0.28750,0.14170,1.13700,0.13400,0.99030,0.16500,0.18780,0.19250,0.15710,0.15360,0.16160,1.17470,0.24270,0.16220,0.97930,0.14500,0.81980,0.34980,0.19300,0.24890,0.13940,0.14840,0.15240,1.19050,0.21230,0.15520,0.68980,0.16490,0.60940,0.29360,0.16630,0.22330,0.13230,0.14820,0.13900,1.14910,0.14040,0.14330,0.15170,0.15060,0.15020,0.23840,0.15060,0.22520,0.16220,0.13700,0.15940,0.14110,0.21610,0.14270,0.19050,0.14820,0.34370,0.14790,0.36880,0.08000,0.13320,1.16280,0.20820,0.16740,0.18360,0.15070,0.16950,0.28380,0.30160,0.32850,0.29660,0.25420,0.11370,1.14100,0.14600,0.15680,0.16640,0.14240,0.15410,0.21090,0.20930,0.27980,0.22920,0.24000,0.08460,0.97850,0.12720,0.13980,0.12760,0.13240,0.13030,0.18150,0.13130,0.14570,0.09600,0.15760
5:00:34,0.17710,0.13310,0.17970,0.14970,0.29380,0.14350,1.14820,0.13550,1.00370,0.16670,0.19000,0.19390,0.15940,0.15530,0.16370,1.17280,0.24700,0.16420,0.99750,0.14690,0.83490,0.35750,0.19490,0.25430,0.14160,0.15010,0.15440,1.18730,0.21640,0.15710,0.70650,0.16670,0.62410,0.29980,0.16820,0.22810,0.13410,0.14980,0.14080,1.15900,0.14220,0.14520,0.15360,0.15250,0.15200,0.24310,0.15200,0.22890,0.16480,0.13870,0.16140,0.14280,0.22000,0.14430,0.19350,0.15000,0.35210,0.14960,0.37810,0.08030,0.13500,1.16070,0.21060,0.16980,0.18670,0.15270,0.17190,0.28800,0.30820,0.33620,0.30330,0.25950,0.11490,1.13920,0.14800,0.15880,0.16890,0.14380,0.15640,0.21470,0.21390,0.28580,0.23380,0.24560,0.08460,0.98150,0.12870,0.14160,0.12910,0.13400,0.13190,0.18450,0.13300,0.14790,0.09710,0.16010
5:10:34,0.18030,0.13490,0.18240,0.15150,0.30020,0.14550,1.15840,0.13750,1.01600,0.16880,0.19240,0.19590,0.16200,0.15710,0.16610,1.17130,0.25200,0.16630,1.01490,0.14910,0.84980,0.36540,0.19680,0.26110,0.14400,0.15200,0.15670,1.18670,0.22030,0.15920,0.72330,0.16860,0.63930,0.30580,0.17040,0.23370,0.13560,0.15170,0.14250,1.16700,0.14400,0.14720,0.15530,0.15440,0.15390,0.24780,0.15400,0.23290,0.16740,0.14050,0.16350,0.14460,0.22420,0.14610,0.19660,0.15170,0.36080,0.15150,0.38720,0.08070,0.13690,1.15960,0.21310,0.17230,0.19000,0.15470,0.17450,0.29260,0.31500,0.34380,0.31010,0.26480,0.11620,1.13770,0.14990,0.16090,0.17140,0.14550,0.15860,0.21870,0.21850,0.29220,0.23850,0.25130,0.08530,0.98410,0.13040,0.14350,0.13070,0.13570,0.13380,0.18750,0.13480,0.15010,0.09840,0.16260
5:20:34,0.18310,0.13650,0.18480,0.15330,0.30660,0.14720,1.16730,0.13920,1.02690,0.17060,0.19440,0.19750,0.16460,0.15890,0.16820,1.17020,0.25570,0.16830,1.03090,0.15100,0.86410,0.37310,0.19890,0.26650,0.14640,0.15380,0.15850,1.18760,0.22410,0.16120,0.73910,0.17030,0.65360,0.31190,0.17220,0.23890,0.13730,0.15340,0.14420,1.17450,0.14570,0.14900,0.15720,0.15630,0.15560,0.25240,0.15580,0.23650,0.17000,0.14230,0.16550,0.14630,0.22800,0.14800,0.19960,0.15360,0.36870,0.15340,0.39590,0.08070,0.13890,1.15810,0.21590,0.17470,0.19310,0.15660,0.17720,0.29630,0.32140,0.35150,0.31670,0.27000,0.11770,1.13580,0.15170,0.16300,0.17410,0.14680,0.16090,0.22260,0.22310,0.29810,0.24310,0.25690,0.08530,0.98610,0.13210,0.14530,0.13230,0.13730,0.13530,0.19030,0.13650,0.15220,0.09980,0.16510
5:30:34,0.18610,0.13810,0.18730,0.15500,0.31290,0.14910,1.17690,0.14110,1.03690,0.17250,0.19650,0.19890,0.16720,0.16050,0.17050,1.16830,0.26040,0.17050,1.04750,0.15300,0.87870,0.38080,0.20070,0.27290,0.14890,0.15560,0.16060,1.18590,0.22800,0.16310,0.75530,0.17230,0.66860,0.31800,0.17420,0.24390,0.13880,0.15490,0.14570,1.18110,0.14740,0.15100,0.15890,0.15810,0.15750,0.25690,0.15770,0.24060,0.17250,0.14390,0.16750,0.14800,0.23190,0.14970,0.20250,0.15530,0.37700,0.15520,0.40460,0.08110,0.14070,1.15670,0.21880,0.17710,0.19640,0.15850,0.17960,0.30030,0.32810,0.35900,0.32330,0.27530,0.11890,1.13460,0.15360,0.16510,0.17650,0.14820,0.16310,0.22640,0.22760,0.30410,0.24770,0.26260,0.08580,0.98740,0.13380,0.14710,0.13380,0.13900,0.13690,0.19320,0.13820,0.15450,0.10100,0.16770
5:40:34,0.18900,0.13990,0.18970,0.15670,0.31900,0.15070,1.18400,0.14280,1.04650,0.17430,0.19870,0.20050,0.16990,0.16220,0.17270,1.16770,0.26430,0.17250,1.06190,0.15490,0.89150,0.38820,0.20260,0.27920,0.15110,0.15720,0.16250,1.18260,0.23190,0.16490,0.77070,0.17390,0.68290,0.32390,0.17610,0.24950,0.14030,0.15650,0.14730,1.18630,0.14900,0.15280,0.16050,0.15980,0.15940,0.26130,0.15960,0.24460,0.17500,0.14570,0.16970,0.14960,0.23570,0.15120,0.20550,0.15700,0.38530,0.15700,0.41300,0.08140,0.14260,1.15520,0.22100,0.17950,0.19940,0.16030,0.18210,0.30450,0.33460,0.36650,0.33000,0.28070,0.12020,1.13300,0.15540,0.16700,0.17900,0.14960,0.16530,0.23010,0.23200,0.30990,0.25220,0.26830,0.08620,0.98860,0.13550,0.14890,0.13530,0.14050,0.13860,0.19600,0.13980,0.15660,0.10240,0.17000
5:50:34,0.19220,0.14170,0.19220,0.15860,0.32550,0.15290,1.19040,0.14490,1.05560,0.17630,0.20100,0.20230,0.17290,0.16410,0.17500,1.16650,0.26890,0.17470,1.07650,0.15720,0.90510,0.39600,0.20470,0.28680,0.15390,0.15890,0.16460,1.18070,0.23600,0.16680,0.78620,0.17580,0.69700,0.33030,0.17810,0.25560,0.14210,0.15830,0.14920,1.19120,0.15070,0.15470,0.16250,0.16180,0.16150,0.26610,0.16140,0.24850,0.17780,0.14760,0.17190,0.15140,0.23980,0.15290,0.20860,0.15890,0.39370,0.15890,0.42180,0.08220,0.14480,1.15460,0.22390,0.18200,0.20270,0.16240,0.18480,0.30840,0.34120,0.37410,0.33660,0.28680,0.12200,1.13180,0.15750,0.16930,0.18180,0.15110,0.16770,0.23420,0.23680,0.31610,0.25700,0.27410,0.08700,0.98960,0.13730,0.15080,0.13690,0.14220,0.14030,0.19900,0.14160,0.15900,0.10410,0.17260
6:00:34,0.19480,0.14330,0.19440,0.16010,0.33140,0.15450,1.19580,0.14660,1.06100,0.17790,0.20300,0.20390,0.17480,0.16570,0.17710,1.16420,0.27300,0.17680,1.08910,0.15900,0.91690,0.40310,0.20630,0.29280,0.15620,0.16060,0.16640,1.18050,0.23990,0.16860,0.80040,0.17720,0.71030,0.33580,0.17990,0.26100,0.14360,0.15990,0.15070,1.19480,0.15230,0.15640,0.16410,0.16370,0.16330,0.27030,0.16300,0.25220,0.18020,0.14920,0.17390,0.15280,0.24360,0.15430,0.21170,0.16050,0.40170,0.16040,0.43020,0.08230,0.14670,1.15320,0.22630,0.18430,0.20580,0.16410,0.18730,0.31250,0.34730,0.38130,0.34290,0.29220,0.12350,1.13030,0.15920,0.17130,0.18420,0.15260,0.16980,0.23770,0.24110,0.32170,0.26140,0.27980,0.08710,0.98960,0.13880,0.15250,0.13830,0.14370,0.14170,0.20180,0.14320,0.16100,0.10550,0.17500
6:10:34,0.19790,0.14480,0.19670,0.16170,0.33740,0.15620,1.20040,0.14840,1.06890,0.17970,0.20510,0.20560,0.17760,0.16730,0.17920,1.16410,0.27700,0.17840,1.10150,0.16110,0.92870,0.41060,0.20790,0.29870,0.15870,0.16200,0.16830,1.17790,0.24360,0.17040,0.81490,0.17880,0.72310,0.34180,0.18150,0.26660,0.14520,0.16150,0.15240,1.19850,0.15370,0.15800,0.16570,0.16540,0.16470,0.27470,0.16430,0.25600,0.18250,0.15070,0.17580,0.15430,0.24730,0.15580,0.21450,0.16210,0.40950,0.16210,0.43820,0.08250,0.14860,1.15150,0.22870,0.18650,0.20870,0.16590,0.18960,0.31620,0.35360,0.38830,0.34920,0.29760,0.12480,1.12870,0.16090,0.17310,0.18640,0.15400,0.17190,0.24130,0.24540,0.32710,0.26560,0.28520,0.08740,0.98960,0.14030,0.15410,0.13970,0.14520,0.14320,0.20440,0.14470,0.16300,0.10690,0.17740
6:20:34,0.20050,0.14610,0.19860,0.16290,0.34310,0.15760,1.20470,0.14960,1.07350,0.18110,0.20660,0.20710,0.18000,0.16850,0.18100,1.16230,0.28110,0.18010,1.11300,0.16250,0.93940,0.41760,0.20940,0.30360,0.16080,0.16320,0.16980,1.17760,0.24710,0.17190,0.82840,0.18030,0.73570,0.34750,0.18300,0.27110,0.14650,0.16280,0.15370,1.20040,0.15510,0.15950,0.16700,0.16680,0.16610,0.27870,0.16590,0.25910,0.18470,0.15200,0.17750,0.15570,0.25080,0.15700,0.21710,0.16340,0.41720,0.16340,0.44600,0.08220,0.15030,1.15030,0.23080,0.18850,0.21140,0.16730,0.19170,0.32030,0.35950,0.39520,0.35530,0.30270,0.12590,1.12680,0.16240,0.17490,0.18860,0.15500,0.17370,0.24470,0.24940,0.33250,0.26970,0.29050,0.08720,0.98920,0.14160,0.15550,0.14090,0.14630,0.14440,0.20690,0.14600,0.16500,0.10810,0.17960
6:30:34,0.20360,0.14760,0.20080,0.16460,0.34880,0.15920,1.20720,0.15110,1.07940,0.18280,0.20830,0.20820,0.18250,0.17000,0.18270,1.16040,0.28460,0.18190,1.12320,0.16430,0.94890,0.42490,0.21090,0.30920,0.16300,0.16460,0.17160,1.17660,0.25080,0.17350,0.84220,0.18190,0.74700,0.35290,0.18460,0.27620,0.14780,0.16410,0.15500,1.20240,0.15670,0.16090,0.16840,0.16820,0.16750,0.28280,0.16760,0.26260,0.18690,0.15310,0.17910,0.15710,0.25450,0.15850,0.21980,0.16500,0.42460,0.16480,0.45390,0.08260,0.15190,1.14850,0.23280,0.19050,0.21420,0.16890,0.19390,0.32380,0.36550,0.40200,0.36130,0.30770,0.12690,1.12530,0.16400,0.17650,0.19080,0.15640,0.17570,0.24820,0.25360,0.33800,0.27390,0.29570,0.08760,0.98870,0.14290,0.15700,0.14220,0.14780,0.14580,0.20940,0.14750,0.16720,0.10930,0.18210
6:40:34,0.20600,0.14870,0.20270,0.16580,0.35440,0.16050,1.21060,0.15250,1.08350,0.18450,0.20990,0.20960,0.18480,0.17120,0.18440,1.15810,0.28790,0.18340,1.13310,0.16600,0.95920,0.43130,0.21230,0.31470,0.16490,0.16570,0.17300,1.17350,0.25440,0.17500,0.85480,0.18330,0.75880,0.35810,0.18600,0.28090,0.14890,0.16540,0.15620,1.20300,0.15790,0.16220,0.16960,0.16970,0.16880,0.28670,0.16870,0.26580,0.18890,0.15440,0.18080,0.15830,0.25780,0.15970,0.22220,0.16620,0.43210,0.16620,0.46170,0.08230,0.15350,1.14660,0.23520,0.19230,0.21670,0.17020,0.19590,0.32770,0.37140,0.40870,0.36720,0.31280,0.12770,1.12350,0.16540,0.17820,0.19280,0.15740,0.17740,0.25160,0.25750,0.34330,0.27780,0.30090,0.08750,0.98800,0.14410,0.15830,0.14330,0.14890,0.14700,0.21190,0.14870,0.16910,0.11020,0.18430
6:50:34,0.20900,0.15000,0.20460,0.16720,0.36010,0.16190,1.21310,0.15380,1.08670,0.18590,0.21160,0.21100,0.18710,0.17250,0.18620,1.15750,0.29120,0.18510,1.14270,0.16750,0.96850,0.43840,0.21370,0.31960,0.16680,0.16690,0.17450,1.17220,0.25800,0.17640,0.86760,0.18480,0.77130,0.36350,0.18730,0.28570,0.15010,0.16660,0.15740,1.20450,0.15930,0.16350,0.17070,0.17100,0.17020,0.29060,0.16990,0.26950,0.19090,0.15570,0.18240,0.15960,0.26110,0.16100,0.22480,0.16750,0.43960,0.16730,0.46960,0.08260,0.15490,1.14580,0.23690,0.19430,0.21940,0.17160,0.19790,0.33120,0.37740,0.41530,0.37320,0.31760,0.12850,1.12200,0.16690,0.17980,0.19490,0.15850,0.17910,0.25500,0.26150,0.34880,0.28180,0.30610,0.08780,0.98720,0.14530,0.15970,0.14430,0.15020,0.14820,0.21430,0.15000,0.17120,0.11130,0.18670
7:00:34,0.21150,0.15110,0.20650,0.16830,0.36560,0.16320,1.21520,0.15520,1.09200,0.18720,0.21300,0.21220,0.18960,0.17360,0.18790,1.15520,0.29470,0.18660,1.15140,0.16900,0.97760,0.44510,0.21510,0.32530,0.16880,0.16810,0.17590,1.17000,0.26150,0.17780,0.88070,0.18610,0.78190,0.36850,0.18860,0.29070,0.15120,0.16780,0.15850,1.20510,0.16060,0.16470,0.17180,0.17230,0.17130,0.29450,0.17120,0.27310,0.19300,0.15680,0.18400,0.16090,0.26460,0.16220,0.22720,0.16880,0.44650,0.16840,0.47720,0.08270,0.15640,1.14400,0.23890,0.19620,0.22190,0.17310,0.19990,0.33490,0.38300,0.42190,0.37900,0.32290,0.12940,1.12050,0.16840,0.18140,0.19680,0.15960,0.18070,0.25810,0.26540,0.35400,0.28570,0.31110,0.08800,0.98610,0.14660,0.16110,0.14540,0.15120,0.14930,0.21660,0.15130,0.17320,0.11230,0.18900
7:10:34,0.21450,0.15240,0.20850,0.16970,0.37140,0.16470,1.21740,0.15680,1.09540,0.18870,0.21480,0.21340,0.19200,0.17480,0.18970,1.15440,0.29790,0.18810,1.16000,0.17060,0.98620,0.45180,0.21680,0.33070,0.17080,0.16940,0.17750,1.17010,0.26490,0.17940,0.89250,0.18760,0.79390,0.37430,0.18990,0.29510,0.15240,0.16910,0.15970,1.20550,0.16190,0.16620,0.17310,0.17380,0.17270,0.29840,0.17260,0.27620,0.19500,0.15800,0.18580,0.16230,0.26810,0.16340,0.22980,0.17010,0.45420,0.16970,0.48510,0.08320,0.15800,1.14290,0.24060,0.19820,0.22450,0.17460,0.20190,0.33850,0.38880,0.42860,0.38490,0.32780,0.13040,1.11900,0.16990,0.18300,0.19900,0.16080,0.18250,0.26130,0.26930,0.35940,0.28980,0.31650,0.08860,0.98520,0.14790,0.16240,0.14660,0.15230,0.15060,0.21910,0.15270,0.17550,0.11340,0.19120
7:20:34,0.21700,0.15350,0.21030,0.17090,0.37690,0.16600,1.21820,0.15790,1.09660,0.19000,0.21620,0.21450,0.19440,0.17590,0.19140,1.15310,0.30110,0.18980,1.16750,0.17220,0.99350,0.45820,0.21810,0.33630,0.17280,0.17050,0.17900,1.16720,0.26840,0.18080,0.90450,0.18900,0.80470,0.37940,0.19080,0.30020,0.15360,0.17030,0.16100,1.20540,0.16320,0.16770,0.17430,0.17500,0.17400,0.30230,0.17400,0.27970,0.19700,0.15930,0.18740,0.16330,0.27140,0.16470,0.23240,0.17140,0.46130,0.17100,0.49250,0.08330,0.15950,1.14150,0.24250,0.20010,0.22710,0.17590,0.20390,0.34180,0.39460,0.43510,0.39060,0.33290,0.13140,1.11730,0.17140,0.18450,0.20110,0.16180,0.18410,0.26450,0.27320,0.36470,0.29380,0.32150,0.08860,0.98420,0.14910,0.16380,0.14770,0.15340,0.15180,0.22150,0.15390,0.17740,0.11450,0.19360
7:30:34,0.21980,0.15450,0.21220,0.17200,0.38210,0.16720,1.21890,0.15910,1.09870,0.19120,0.21750,0.21530,0.19660,0.17690,0.19270,1.15160,0.30410,0.19100,1.17420,0.17340,1.00060,0.46440,0.21930,0.34110,0.17460,0.17140,0.18030,1.16710,0.27160,0.18210,0.91600,0.19020,0.81510,0.38440,0.19220,0.30410,0.15440,0.17130,0.16190,1.20580,0.16430,0.16870,0.17540,0.17620,0.17520,0.30580,0.17500,0.28280,0.19880,0.16010,0.18870,0.16420,0.27450,0.16570,0.23450,0.17240,0.46810,0.17220,0.49940,0.08320,0.16050,1.13940,0.24390,0.20170,0.22920,0.17700,0.20560,0.34520,0.39990,0.44130,0.39600,0.33720,0.13190,1.11530,0.17270,0.18570,0.20290,0.16280,0.18550,0.26760,0.27680,0.36960,0.29730,0.32630,0.08870,0.98260,0.15010,0.16490,0.14840,0.15430,0.15270,0.22360,0.15480,0.17930,0.11510,0.19580
7:40:34,0.22230,0.15560,0.21400,0.17320,0.38760,0.16820,1.21950,0.16020,1.10010,0.19230,0.21880,0.21600,0.19840,0.17780,0.19430,1.14890,0.30740,0.19220,1.18010,0.17480,1.00690,0.47070,0.22030,0.34670,0.17630,0.17240,0.18160,1.16470,0.27490,0.18330,0.92620,0.19160,0.82500,0.38930,0.19340,0.30910,0.15550,0.17230,0.16290,1.20440,0.16560,0.16990,0.17650,0.17750,0.17630,0.30940,0.17590,0.28590,0.20060,0.16120,0.19020,0.16510,0.27790,0.16670,0.23670,0.17360,0.47520,0.17310,0.50700,0.08360,0.16180,1.13810,0.24530,0.20340,0.23170,0.17820,0.20740,0.34880,0.40540,0.44790,0.40180,0.34220,0.13280,1.11350,0.17410,0.18710,0.20490,0.16370,0.18710,0.27070,0.28060,0.37470,0.30120,0.33130,0.08910,0.98130,0.15150,0.16610,0.14940,0.15530,0.15370,0.22580,0.15590,0.18120,0.11610,0.19790
7:50:34,0.22510,0.15680,0.21580,0.17440,0.39310,0.16960,1.21940,0.16140,1.10300,0.19360,0.22030,0.21700,0.20070,0.17890,0.19600,1.14780,0.31060,0.19370,1.18620,0.17630,1.01370,0.47730,0.22170,0.35160,0.17820,0.17350,0.18310,1.16200,0.27810,0.18480,0.93740,0.19280,0.83390,0.39430,0.19470,0.31340,0.15660,0.17350,0.16400,1.20420,0.16690,0.17110,0.17760,0.17870,0.17750,0.31330,0.17740,0.28930,0.20250,0.16250,0.19170,0.16630,0.28110,0.16790,0.23900,0.17490,0.48190,0.17430,0.51440,0.08370,0.16310,1.13650,0.24670,0.20520,0.23430,0.17960,0.20950,0.35240,0.41100,0.45430,0.40740,0.34710,0.13370,1.11200,0.17540,0.18860,0.20680,0.16490,0.18860,0.27390,0.28420,0.37970,0.30500,0.33630,0.08950,0.98010,0.15240,0.16740,0.15040,0.15650,0.15480,0.22810,0.15710,0.18330,0.11710,0.20020
8:00:34,0.22750,0.15780,0.21750,0.17540,0.39810,0.17060,1.21920,0.16250,1.10340,0.19450,0.22170,0.21790,0.20300,0.17990,0.19750,1.14650,0.31370,0.19510,1.19160,0.17770,1.01970,0.48360,0.22280,0.35660,0.18000,0.17450,0.18450,1.16080,0.28120,0.18610,0.94790,0.19400,0.84390,0.39950,0.19570,0.31770,0.15740,0.17450,0.16500,1.20320,0.16800,0.17230,0.17860,0.17970,0.17860,0.31680,0.17840,0.29260,0.20430,0.16350,0.19310,0.16740,0.28420,0.16870,0.24120,0.17590,0.48870,0.17520,0.52130,0.08340,0.16410,1.13500,0.24790,0.20690,0.23660,0.18090,0.21120,0.35570,0.41650,0.46040,0.41310,0.35170,0.13450,1.11030,0.17670,0.19000,0.20850,0.16590,0.19000,0.27680,0.28790,0.38460,0.30860,0.34120,0.08940,0.97870,0.15350,0.16850,0.15120,0.15740,0.15580,0.23030,0.15810,0.18520,0.11790,0.20230
8:10:34,0.23030,0.15870,0.21910,0.17640,0.40330,0.17170,1.21920,0.16350,1.10520,0.19570,0.22310,0.21850,0.20510,0.18080,0.19890,1.14510,0.31710,0.19640,1.19620,0.17900,1.02490,0.48980,0.22420,0.36140,0.18160,0.17550,0.18570,1.15890,0.28440,0.18730,0.95780,0.19510,0.85380,0.40430,0.19680,0.32120,0.15830,0.17530,0.16600,1.20180,0.16910,0.17330,0.17960,0.18080,0.17960,0.32020,0.17950,0.29590,0.20600,0.16440,0.19450,0.16840,0.28710,0.16970,0.24320,0.17690,0.49510,0.17620,0.52860,0.08380,0.16490,1.13320,0.24930,0.20860,0.23900,0.18200,0.21300,0.35870,0.42180,0.46640,0.41850,0.35610,0.13500,1.10830,0.17800,0.19130,0.21040,0.16680,0.19140,0.27990,0.29140,0.38940,0.31220,0.34610,0.08970,0.97710,0.15450,0.16950,0.15220,0.15830,0.15660,0.23220,0.15910,0.18720,0.11870,0.20450
8:20:34,0.23280,0.15970,0.22110,0.17760,0.40850,0.17290,1.21840,0.16480,1.10530,0.19670,0.22450,0.21940,0.20760,0.18190,0.20040,1.14350,0.32040,0.19790,1.20010,0.18030,1.03020,0.49610,0.22550,0.36700,0.18350,0.17650,0.18710,1.15760,0.28760,0.18860,0.96810,0.19640,0.86230,0.40960,0.19780,0.32590,0.15930,0.17640,0.16710,1.20130,0.17020,0.17440,0.18060,0.18180,0.18050,0.32380,0.18050,0.29910,0.20800,0.16560,0.19600,0.16940,0.29030,0.17060,0.24550,0.17820,0.50180,0.17730,0.53530,0.08450,0.16600,1.13110,0.25060,0.21030,0.24140,0.18320,0.21500,0.36200,0.42730,0.47250,0.42390,0.36100,0.13610,1.10670,0.17920,0.19270,0.21220,0.16790,0.19300,0.28290,0.29490,0.39420,0.31580,0.35090,0.09040,0.97550,0.15560,0.17060,0.15300,0.15910,0.15760,0.23440,0.16010,0.18910,0.11970,0.20660
8:30:34,0.23580,0.16080,0.22270,0.17870,0.41360,0.17430,1.21830,0.16610,1.10710,0.19830,0.22590,0.22010,0.21010,0.18290,0.20200,1.14150,0.32380,0.19910,1.20480,0.18190,1.03560,0.50220,0.22670,0.37240,0.18540,0.17760,0.18840,1.15590,0.29090,0.19000,0.97740,0.19770,0.87130,0.41460,0.19910,0.33010,0.16030,0.17740,0.16810,1.20020,0.17140,0.17550,0.18160,0.18300,0.18170,0.32750,0.18160,0.30220,0.20980,0.16650,0.19740,0.17020,0.29320,0.17150,0.24770,0.17920,0.50860,0.17850,0.54210,0.08510,0.16690,1.12980,0.25190,0.21200,0.24390,0.18450,0.21690,0.36520,0.43260,0.47860,0.42940,0.36590,0.13720,1.10500,0.18080,0.19420,0.21410,0.16880,0.19450,0.28600,0.29870,0.39910,0.31950,0.35580,0.09110,0.97430,0.15680,0.17180,0.15400,0.16020,0.15880,0.23660,0.16120,0.19120,0.12080,0.20860
8:40:34,0.23840,0.16200,0.22460,0.18010,0.41900,0.17580,1.21770,0.16750,1.10540,0.19960,0.22730,0.22150,0.21290,0.18410,0.20370,1.14010,0.32730,0.20080,1.20900,0.18340,1.04060,0.50850,0.22790,0.37860,0.18750,0.17870,0.18980,1.15690,0.29440,0.19150,0.98670,0.19910,0.87970,0.41950,0.20030,0.33500,0.16160,0.17860,0.16950,1.19910,0.17280,0.17680,0.18300,0.18450,0.18300,0.33120,0.18250,0.30590,0.21200,0.16780,0.19900,0.17140,0.29650,0.17280,0.25010,0.18060,0.51540,0.17970,0.54950,0.08590,0.16810,1.12820,0.25300,0.21410,0.24640,0.18590,0.21890,0.36860,0.43820,0.48480,0.43500,0.37130,0.13860,1.10360,0.18230,0.19570,0.21600,0.17010,0.19610,0.28910,0.30250,0.40420,0.32340,0.36090,0.09190,0.97300,0.15810,0.17320,0.15510,0.16130,0.16000,0.23890,0.16250,0.19310,0.12210,0.21080
8:50:34,0.24100,0.16300,0.22630,0.18120,0.42430,0.17690,1.21720,0.16860,1.10720,0.20060,0.22850,0.22250,0.21550,0.18500,0.20530,1.13900,0.33070,0.20230,1.21180,0.18510,1.04470,0.51510,0.22910,0.38380,0.18940,0.17970,0.19110,1.15390,0.29760,0.19280,0.99600,0.20020,0.88810,0.42430,0.20140,0.33920,0.16250,0.17960,0.17040,1.19800,0.17380,0.17790,0.18380,0.18550,0.18410,0.33460,0.18390,0.30910,0.21380,0.16890,0.20040,0.17240,0.29980,0.17370,0.25240,0.18160,0.52170,0.18080,0.55650,0.08570,0.16900,1.12710,0.25440,0.21580,0.24870,0.18720,0.22070,0.37170,0.44350,0.49070,0.44030,0.37590,0.13980,1.10220,0.18370,0.19720,0.21790,0.17100,0.19760,0.29200,0.30610,0.40880,0.32700,0.36570,0.09210,0.97170,0.15920,0.17440,0.15600,0.16230,0.16100,0.24110,0.16360,0.19500,0.12310,0.21290
9:00:34,0.24330,0.16410,0.22780,0.18240,0.42950,0.17820,1.21680,0.16970,1.10660,0.20170,0.22980,0.22340,0.21800,0.18590,0.20670,1.13770,0.33430,0.20340,1.21520,0.18650,1.04880,0.52110,0.23030,0.38890,0.19130,0.18070,0.19230,1.15240,0.30060,0.19400,1.00480,0.20140,0.89630,0.42900,0.20270,0.34370,0.16340,0.18060,0.17140,1.19730,0.17470,0.17900,0.18480,0.18670,0.18510,0.33780,0.18440,0.31210,0.21560,0.16990,0.20170,0.17330,0.30290,0.17470,0.25450,0.18260,0.52830,0.18160,0.56310,0.08550,0.16970,1.12520,0.25540,0.21740,0.25110,0.18840,0.22250,0.37490,0.44870,0.49650,0.44550,0.38090,0.14070,1.10080,0.18480,0.19850,0.21970,0.17200,0.19890,0.29490,0.30970,0.41350,0.33050,0.37050,0.09210,0.97010,0.16020,0.17550,0.15670,0.16320,0.16190,0.24320,0.16450,0.19680,0.12400,0.21490
9:10:34,0.24590,0.16490,0.22940,0.18340,0.43420,0.17900,1.21530,0.17050,1.10620,0.20270,0.23110,0.22430,0.22020,0.18680,0.20810,1.13650,0.33760,0.20480,1.21740,0.18770,1.05220,0.52680,0.23150,0.39340,0.19300,0.18150,0.19360,1.15180,0.30380,0.19510,1.01360,0.20240,0.90370,0.43360,0.20370,0.34720,0.16420,0.18150,0.17240,1.19530,0.17560,0.17990,0.18580,0.18780,0.18590,0.34090,0.18560,0.31510,0.21730,0.17080,0.20290,0.17410,0.30560,0.17560,0.25650,0.18340,0.53440,0.18220,0.56990,0.08520,0.17010,1.12400,0.25590,0.21890,0.25340,0.18950,0.22410,0.37790,0.45380,0.50230,0.45070,0.38520,0.14130,1.09900,0.18600,0.19980,0.22150,0.17290,0.20030,0.29780,0.31290,0.41820,0.33410,0.37520,0.09200,0.96870,0.16110,0.17650,0.15750,0.16390,0.16270,0.24520,0.16540,0.19870,0.12470,0.21700
9:20:34,0.24830,0.16570,0.23080,0.18430,0.43910,0.18010,1.21430,0.17150,1.10610,0.20370,0.23230,0.22470,0.22240,0.18750,0.20950,1.13470,0.34060,0.20580,1.22020,0.18890,1.05600,0.53280,0.23260,0.39810,0.19450,0.18230,0.19470,1.15010,0.30670,0.19600,1.02150,0.20360,0.91120,0.43840,0.20470,0.35070,0.16490,0.18240,0.17320,1.19410,0.17650,0.18070,0.18660,0.18860,0.18690,0.34420,0.18640,0.31770,0.21890,0.17150,0.20410,0.17490,0.30850,0.17630,0.25850,0.18400,0.54050,0.18300,0.57600,0.08510,0.17020,1.12250,0.25700,0.22030,0.25550,0.19030,0.22560,0.38080,0.45870,0.50800,0.45580,0.38940,0.14170,1.09710,0.18720,0.20100,0.22300,0.17350,0.20160,0.30050,0.31630,0.42250,0.33740,0.37980,0.09200,0.96710,0.16200,0.17740,0.15820,0.16470,0.16340,0.24700,0.16630,0.20050,0.12550,0.21900
9:30:34,0.25100,0.16640,0.23250,0.18520,0.44400,0.18100,1.21400,0.17250,1.10590,0.20500,0.23310,0.22550,0.22460,0.18850,0.21080,1.13390,0.34410,0.20720,1.22240,0.19020,1.05890,0.53840,0.23400,0.40250,0.19620,0.18320,0.19590,1.14780,0.30970,0.19710,1.02910,0.20460,0.91890,0.44320,0.20530,0.35470,0.16570,0.18330,0.17410,1.19280,0.17730,0.18180,0.18740,0.18970,0.18780,0.34740,0.18700,0.32100,0.22060,0.17260,0.20530,0.17580,0.31140,0.17720,0.26040,0.18460,0.54700,0.18420,0.58290,0.08540,0.17020,1.12100,0.25760,0.22190,0.25760,0.19150,0.22710,0.38380,0.46390,0.51360,0.46090,0.39390,0.14240,1.09590,0.18830,0.20230,0.22470,0.17440,0.20290,0.30330,0.31990,0.42700,0.34070,0.38460,0.09210,0.96540,0.16300,0.17840,0.15900,0.16560,0.16420,0.24930,0.16720,0.20240,0.12650,0.22100
9:40:34,0.25330,0.16730,0.23410,0.18630,0.44870,0.18220,1.21270,0.17360,1.10600,0.20600,0.23420,0.22660,0.22700,0.18930,0.21220,1.13160,0.34730,0.20820,1.22420,0.19150,1.06110,0.54450,0.23500,0.40720,0.19800,0.18400,0.19700,1.14790,0.31290,0.19830,1.03650,0.20590,0.92640,0.44780,0.20620,0.35760,0.16650,0.18430,0.17510,1.19110,0.17840,0.18280,0.18840,0.19080,0.18890,0.35070,0.18760,0.32400,0.22230,0.17350,0.20670,0.17680,0.31430,0.17810,0.26260,0.18540,0.55300,0.18510,0.58950,0.08540,0.17030,1.11930,0.25870,0.22330,0.25980,0.19260,0.22880,0.38650,0.46910,0.51940,0.46610,0.39820,0.14300,1.09440,0.18940,0.20350,0.22630,0.17520,0.20420,0.30620,0.32320,0.43150,0.34410,0.38920,0.09240,0.96400,0.16390,0.17940,0.15970,0.16630,0.16500,0.25120,0.16820,0.20430,0.12720,0.22310
9:50:34,0.25610,0.16820,0.23560,0.18710,0.45340,0.18320,1.21120,0.17460,1.10560,0.20710,0.23560,0.22750,0.22920,0.19010,0.21350,1.13020,0.35060,0.20950,1.22600,0.19280,1.06460,0.55020,0.23610,0.41180,0.19960,0.18500,0.19820,1.14510,0.31570,0.19930,1.04400,0.20700,0.93420,0.45250,0.20720,0.36080,0.16720,0.18490,0.17610,1.19000,0.17920,0.18390,0.18930,0.19180,0.18970,0.35390,0.18910,0.32710,0.22390,0.17440,0.20790,0.17760,0.31720,0.17890,0.26450,0.18630,0.55900,0.18600,0.59560,0.08580,0.17020,1.11790,0.25960,0.22500,0.26200,0.19360,0.23040,0.38930,0.47410,0.52500,0.47110,0.40230,0.14360,1.09280,0.19060,0.20470,0.22790,0.17610,0.20550,0.30900,0.32660,0.43600,0.34770,0.39380,0.09280,0.96240,0.16480,0.18050,0.16040,0.16710,0.16570,0.25300,0.16910,0.20630,0.12800,0.22510
10:00:34,0.25840,0.16910,0.23710,0.18810,0.45800,0.18440,1.20940,0.17560,1.10420,0.20820,0.23670,0.22790,0.23150,0.19100,0.21490,1.12800,0.35380,0.21080,1.22720,0.19420,1.06650,0.55610,0.23730,0.41680,0.20150,0.18580,0.19930,1.14530,0.31860,0.20070,1.05110,0.20830,0.94020,0.45690,0.20820,0.36360,0.16810,0.18590,0.17680,1.18840,0.18020,0.18490,0.19020,0.19290,0.19050,0.35700,0.18980,0.32980,0.22560,0.17510,0.20920,0.17820,0.32010,0.17970,0.26660,0.18690,0.56510,0.18690,0.60190,0.08640,0.17050,1.11660,0.26040,0.22650,0.26430,0.19470,0.23200,0.39220,0.47910,0.53050,0.47620,0.40670,0.14450,1.09120,0.19180,0.20600,0.22970,0.17680,0.20690,0.31170,0.33000,0.44030,0.35120,0.39840,0.09340,0.96080,0.16580,0.18150,0.16120,0.16790,0.16660,0.25510,0.17000,0.20810,0.12890,0.22700

