420

Time,A1,A2,A3,A4,A5,A6,A7,A8,A9,A10,A11,A12,B1,B2,B3,B4,B5,B6,B7,B8,B9,B10,B11,B12,C1,C2,C3,C4,C5,C6,C7,C8,C9,C10,C11,C12,D1,D2,D3,D4,D5,D6,D7,D8,D9,D10,D11,D12,E1,E2,E3,E4,E5,E6,E7,E8,E9,E10,E11,E12,F1,F2,F3,F4,F5,F6,F7,F8,F9,F10,F11,F12,G1,G2,G3,G4,G5,G6,G7,G8,G9,G10,G11,G12,H1,H2,H3,H4,H5,H6,H7,H8,H9,H10,H11,H12
0:00:19,0.30720,0.07620,0.07810,0.07670,0.07810,0.07610,0.07870,0.07640,0.07800,0.07570,0.07720,0.07800,0.24200,0.13400,0.07840,0.07900,0.07760,0.07780,0.07750,0.07810,0.07940,0.07730,0.07730,0.07940,0.17980,0.11880,0.07830,0.07880,0.07830,0.07760,0.07700,0.07830,0.08130,0.07710,0.07670,0.07760,0.07610,0.10300,0.07630,0.07730,0.07710,0.07700,0.07600,0.07660,0.07620,0.07660,0.07570,0.07780,0.10060,0.07670,0.07960,0.07610,0.08160,0.07620,0.08020,0.07630,0.07980,0.07620,0.07770,0.10100,0.09580,0.07850,0.07750,0.07860,0.07850,0.07800,0.07780,0.07850,0.07770,0.07800,0.07720,0.07920,0.08800,0.07830,0.07720,0.08150,0.07800,0.07780,0.07680,0.07890,0.07740,0.07740,0.07680,0.08740,0.07630,0.07660,0.07590,0.08610,0.07600,0.07680,0.07520,0.07700,0.07590,0.07630,0.07590,0.07800
0:15:19,0.72930,0.07540,0.07720,0.07600,0.07780,0.07540,0.07810,0.07540,0.07740,0.07500,0.07690,0.07730,0.59390,0.30510,0.07800,0.07870,0.07710,0.07730,0.07670,0.07770,0.07910,0.07700,0.07690,0.07910,0.42950,0.24910,0.07760,0.07820,0.07770,0.07680,0.07620,0.07760,0.08060,0.07660,0.07600,0.07690,0.07550,0.18410,0.07550,0.07670,0.07640,0.07630,0.07520,0.07600,0.07550,0.07600,0.07510,0.07720,0.16290,0.07590,0.07920,0.07540,0.08130,0.07550,0.07960,0.07540,0.07940,0.07550,0.07750,0.07540,0.14220,0.07840,0.07700,0.07860,0.07800,0.07800,0.07710,0.07900,0.07730,0.07750,0.07670,0.08400,0.11730,0.07780,0.07670,0.08110,0.07740,0.07770,0.07620,0.07890,0.07670,0.07700,0.07640,0.08240,0.07570,0.07620,0.07530,0.08550,0.07530,0.07660,0.07440,0.07680,0.07520,0.07590,0.07520,0.08020
0:30:19,0.96150,0.07550,0.07770,0.07600,0.07880,0.07540,0.07890,0.07570,0.07810,0.07530,0.07780,0.07940,0.83660,0.48400,0.07850,0.07950,0.07780,0.07780,0.07740,0.07840,0.07980,0.07760,0.07770,0.07980,0.64490,0.38430,0.07800,0.07870,0.07820,0.07740,0.07650,0.07820,0.08090,0.07720,0.07670,0.07790,0.07570,0.27430,0.07570,0.07720,0.07650,0.07680,0.07520,0.07640,0.07540,0.07650,0.07530,0.07790,0.24110,0.07610,0.08000,0.07540,0.08220,0.07560,0.08050,0.07550,0.08000,0.07560,0.07850,0.07600,0.19800,0.07930,0.07770,0.07960,0.07880,0.07940,0.07780,0.08070,0.07780,0.07810,0.07760,0.09200,0.15340,0.07870,0.07730,0.08210,0.07800,0.07870,0.07650,0.08050,0.07720,0.07750,0.07700,0.08890,0.07570,0.07690,0.07560,0.08630,0.07550,0.07740,0.07450,0.07790,0.07540,0.07650,0.07560,0.08430
0:45:19,1.10590,0.07640,0.07910,0.07730,0.08080,0.07650,0.08110,0.07770,0.08030,0.07750,0.08030,0.08590,0.99200,0.63070,0.08000,0.08090,0.07950,0.07940,0.07940,0.08030,0.08120,0.07910,0.08000,0.08100,0.81610,0.49730,0.07910,0.08000,0.07970,0.07880,0.07790,0.07960,0.08210,0.07900,0.07870,0.08050,0.07630,0.35710,0.07650,0.07830,0.07740,0.07790,0.07600,0.07730,0.07600,0.07760,0.07630,0.07930,0.32200,0.07660,0.08150,0.07610,0.08390,0.07630,0.08260,0.07640,0.08170,0.07660,0.08070,0.07830,0.25440,0.08080,0.07940,0.08140,0.08080,0.08190,0.07940,0.08380,0.07920,0.08000,0.07960,0.10210,0.18590,0.08020,0.07850,0.08370,0.07950,0.08080,0.07740,0.08330,0.07840,0.07900,0.07900,0.09720,0.07580,0.07780,0.07640,0.08740,0.07640,0.07900,0.07520,0.08010,0.07630,0.07800,0.07690,0.08960
1:00:19,1.19970,0.07860,0.08300,0.07980,0.08540,0.07870,0.08460,0.08180,0.08360,0.08150,0.08380,0.09450,1.15750,0.83390,0.08360,0.08410,0.08290,0.08180,0.08250,0.08380,0.08410,0.08270,0.08330,0.08290,1.02880,0.66980,0.08210,0.08300,0.08290,0.08160,0.08120,0.08260,0.08480,0.08150,0.08180,0.08310,0.07790,0.47730,0.07850,0.08080,0.07960,0.08050,0.07830,0.08050,0.07800,0.08030,0.07900,0.08200,0.42190,0.07800,0.08340,0.07790,0.08610,0.07850,0.08500,0.07890,0.08420,0.07870,0.08330,0.08150,0.32500,0.08280,0.08160,0.08400,0.08310,0.08500,0.08200,0.08700,0.08140,0.08250,0.08250,0.11260,0.22930,0.08250,0.08070,0.08650,0.08190,0.08340,0.07890,0.08700,0.08050,0.08130,0.08180,0.10580,0.07660,0.07970,0.07830,0.08910,0.07830,0.08150,0.07650,0.08320,0.07820,0.08040,0.07910,0.09510
1:15:19,1.20170,0.08210,0.08650,0.08390,0.09040,0.08280,0.09070,0.08820,0.09020,0.08720,0.09040,0.10480,1.19450,0.97660,0.08760,0.08830,0.08780,0.08650,0.08790,0.08910,0.08930,0.08760,0.08920,0.08580,1.13660,0.83980,0.08570,0.08670,0.08740,0.08590,0.08500,0.08680,0.08870,0.08600,0.08590,0.08640,0.08010,0.58810,0.08180,0.08450,0.08320,0.08450,0.08200,0.08440,0.08090,0.08410,0.08230,0.08470,0.52060,0.08030,0.08700,0.08090,0.09010,0.08170,0.08890,0.08230,0.08770,0.08140,0.08730,0.08500,0.40390,0.08510,0.08490,0.08790,0.08640,0.09010,0.08500,0.09360,0.08420,0.08610,0.08570,0.12550,0.27430,0.08510,0.08360,0.08970,0.08500,0.08640,0.08050,0.09090,0.08280,0.08350,0.08470,0.11460,0.07730,0.08190,0.08070,0.09120,0.08070,0.08480,0.07830,0.08660,0.08040,0.08290,0.08150,0.10090
1:30:19,1.19140,0.08620,0.09040,0.08820,0.09560,0.08740,0.09680,0.09440,0.09630,0.09300,0.09690,0.11410,1.19760,1.05120,0.09180,0.09240,0.09240,0.09100,0.09330,0.09470,0.09470,0.09270,0.09540,0.08740,1.18170,0.93360,0.08930,0.09030,0.09190,0.09010,0.08910,0.09110,0.09270,0.09020,0.09060,0.08960,0.08260,0.68430,0.08520,0.08810,0.08700,0.08840,0.08600,0.08890,0.08390,0.08770,0.08590,0.08740,0.60340,0.08270,0.09030,0.08420,0.09370,0.08510,0.09260,0.08580,0.09110,0.08440,0.09070,0.08850,0.46690,0.08770,0.08800,0.09140,0.08980,0.09460,0.08800,0.09940,0.08710,0.08960,0.08870,0.13700,0.31590,0.08770,0.08670,0.09290,0.08820,0.08970,0.08220,0.09500,0.08540,0.08600,0.08780,0.12360,0.07810,0.08410,0.08310,0.09340,0.08340,0.08810,0.08020,0.09050,0.08280,0.08570,0.08390,0.10650
1:45:19,1.18200,0.08960,0.09390,0.09160,0.10020,0.09110,0.10180,0.09960,0.10140,0.09820,0.10250,0.12210,1.18670,1.10000,0.09550,0.09600,0.09630,0.09500,0.09780,0.09950,0.09890,0.09720,0.10070,0.08930,1.19480,1.00080,0.09240,0.09350,0.09560,0.09370,0.09280,0.09500,0.09620,0.09450,0.09480,0.09270,0.08460,0.76590,0.08800,0.09100,0.09020,0.09180,0.08940,0.09280,0.08670,0.09110,0.08900,0.08990,0.67910,0.08460,0.09310,0.08680,0.09670,0.08780,0.09590,0.08880,0.09430,0.08690,0.09400,0.09170,0.52560,0.08960,0.09070,0.09430,0.09270,0.09870,0.09050,0.10410,0.08960,0.09280,0.09150,0.14860,0.35450,0.08980,0.08910,0.09550,0.09070,0.09260,0.08360,0.09860,0.08730,0.08810,0.09050,0.13210,0.07890,0.08600,0.08500,0.09500,0.08560,0.09080,0.08170,0.09350,0.08480,0.08800,0.08600,0.11170
2:00:19,1.17160,0.09420,0.09880,0.09600,0.10600,0.09580,0.10780,0.10540,0.10740,0.10370,0.10900,0.12980,1.17530,1.12380,0.10040,0.10080,0.10110,0.10000,0.10320,0.10510,0.10410,0.10270,0.10680,0.09110,1.19560,1.04630,0.09660,0.09780,0.10020,0.09820,0.09750,0.09980,0.10080,0.09940,0.09990,0.09740,0.08730,0.83650,0.09180,0.09500,0.09410,0.09610,0.09370,0.09750,0.09010,0.09520,0.09320,0.09380,0.74580,0.08740,0.09740,0.09040,0.10110,0.09100,0.10050,0.09250,0.09820,0.09010,0.09840,0.09570,0.58010,0.09280,0.09460,0.09860,0.09670,0.10370,0.09430,0.11010,0.09270,0.09690,0.09530,0.16060,0.39220,0.09290,0.09260,0.09930,0.09430,0.09610,0.08520,0.10320,0.08990,0.09060,0.09380,0.14120,0.07970,0.08860,0.08780,0.09760,0.08850,0.09420,0.08360,0.09750,0.08740,0.09090,0.08880,0.11760
2:15:19,1.16330,0.09970,0.10440,0.10140,0.11230,0.10160,0.11440,0.11200,0.11400,0.10960,0.11620,0.13730,1.16690,1.13280,0.10630,0.10640,0.10690,0.10590,0.10970,0.11170,0.11000,0.10920,0.11410,0.09530,1.19090,1.07480,0.10180,0.10310,0.10570,0.10380,0.10330,0.10570,0.10630,0.10570,0.10630,0.10340,0.09050,0.89880,0.09640,0.09990,0.09890,0.10120,0.09890,0.10310,0.09460,0.10070,0.09860,0.09870,0.80360,0.09070,0.10240,0.09470,0.10630,0.09520,0.10610,0.09740,0.10330,0.09460,0.10400,0.10050,0.63170,0.09650,0.09930,0.10350,0.10160,0.10970,0.09920,0.11680,0.09690,0.10210,0.10020,0.17390,0.42930,0.09670,0.09680,0.10380,0.09850,0.10040,0.08700,0.10860,0.09350,0.09430,0.09810,0.15110,0.08060,0.09180,0.09100,0.10060,0.09200,0.09840,0.08600,0.10240,0.09080,0.09490,0.09260,0.12420
2:30:19,1.15740,0.10340,0.10810,0.10510,0.11670,0.10560,0.11910,0.11680,0.11890,0.11410,0.12160,0.14300,1.15850,1.13340,0.11030,0.11020,0.11090,0.11010,0.11430,0.11650,0.11440,0.11390,0.11950,0.09740,1.18350,1.08990,0.10520,0.10660,0.10960,0.10770,0.10750,0.10990,0.11030,0.11030,0.11100,0.10750,0.09240,0.94950,0.09930,0.10310,0.10230,0.10510,0.10270,0.10740,0.09800,0.10470,0.10250,0.10180,0.85340,0.09250,0.10560,0.09770,0.10980,0.09820,0.10990,0.10090,0.10700,0.09770,0.10820,0.10420,0.67880,0.09850,0.10230,0.10690,0.10480,0.11410,0.10230,0.12210,0.10010,0.10590,0.10370,0.18510,0.46390,0.09900,0.09960,0.10680,0.10140,0.10340,0.08790,0.11280,0.09600,0.09680,0.10130,0.15980,0.08110,0.09360,0.09300,0.10230,0.09430,0.10140,0.08720,0.10600,0.09310,0.09780,0.09510,0.12950
2:45:19,1.15190,0.10710,0.11200,0.10900,0.12110,0.10970,0.12370,0.12130,0.12380,0.11870,0.12680,0.14820,1.15280,1.13080,0.11430,0.11410,0.11480,0.11430,0.11880,0.12140,0.11880,0.11850,0.12470,0.10140,1.17670,1.09740,0.10860,0.11020,0.11350,0.11170,0.11150,0.11410,0.11430,0.11470,0.11560,0.11180,0.09440,0.99350,0.10230,0.10640,0.10570,0.10870,0.10650,0.11140,0.10130,0.10880,0.10640,0.10510,0.89790,0.09450,0.10860,0.10070,0.11330,0.10110,0.11360,0.10430,0.11070,0.10080,0.11230,0.10770,0.72280,0.10080,0.10520,0.11000,0.10800,0.11830,0.10530,0.12690,0.10320,0.10960,0.10730,0.19650,0.49720,0.10140,0.10210,0.10970,0.10400,0.10640,0.08920,0.11680,0.09860,0.09950,0.10450,0.16820,0.08170,0.09560,0.09510,0.10420,0.09650,0.10430,0.08870,0.10950,0.09560,0.10060,0.09770,0.13510
3:00:19,1.14750,0.11120,0.11620,0.11290,0.12570,0.11370,0.12830,0.12570,0.12830,0.12300,0.13180,0.15330,1.14780,1.12770,0.11850,0.11830,0.11890,0.11850,0.12330,0.12600,0.12300,0.12280,0.12970,0.10550,1.17110,1.09940,0.11230,0.11410,0.11750,0.11570,0.11560,0.11820,0.11820,0.11910,0.12010,0.11610,0.09700,1.03010,0.10550,0.11000,0.10920,0.11260,0.11030,0.11550,0.10460,0.11260,0.11040,0.10880,0.93590,0.09700,0.11220,0.10400,0.11690,0.10420,0.11740,0.10770,0.11440,0.10390,0.11640,0.11130,0.76410,0.10360,0.10850,0.11350,0.11150,0.12280,0.10870,0.13210,0.10640,0.11340,0.11100,0.20790,0.52970,0.10410,0.10510,0.11280,0.10710,0.10990,0.09090,0.12110,0.10130,0.10240,0.10790,0.17690,0.08250,0.09790,0.09750,0.10650,0.09920,0.10740,0.09060,0.11310,0.09820,0.10350,0.10070,0.14100
3:15:19,1.14420,0.11570,0.12130,0.11730,0.13060,0.11830,0.13320,0.13050,0.13330,0.12750,0.13700,0.15840,1.14460,1.12500,0.12340,0.12300,0.12340,0.12330,0.12820,0.13090,0.12760,0.12770,0.13500,0.11080,1.16720,1.10000,0.11680,0.11870,0.12190,0.12020,0.12030,0.12270,0.12250,0.12400,0.12490,0.12120,0.10030,1.06020,0.10950,0.11420,0.11330,0.11680,0.11450,0.12000,0.10840,0.11700,0.11490,0.11310,0.96930,0.10030,0.11640,0.10790,0.12120,0.10780,0.12190,0.11190,0.11850,0.10760,0.12120,0.11530,0.80290,0.10730,0.11250,0.11780,0.11570,0.12790,0.11290,0.13790,0.11020,0.11770,0.11550,0.22040,0.56180,0.10770,0.10880,0.11680,0.11100,0.11420,0.09330,0.12610,0.10490,0.10610,0.11190,0.18610,0.08360,0.10100,0.10070,0.10960,0.10260,0.11130,0.09320,0.11730,0.10140,0.10710,0.10430,0.14790
3:30:19,1.14110,0.12010,0.12610,0.12160,0.13520,0.12260,0.13780,0.13490,0.13770,0.13160,0.14180,0.16320,1.14270,1.12180,0.12810,0.12780,0.12770,0.12790,0.13280,0.13570,0.13220,0.13220,0.14010,0.11630,1.16430,1.09700,0.12130,0.12310,0.12630,0.12470,0.12480,0.12710,0.12670,0.12860,0.12960,0.12590,0.10380,1.08480,0.11350,0.11840,0.11740,0.12110,0.11880,0.12440,0.11220,0.12140,0.11930,0.11760,0.99730,0.10370,0.12080,0.11190,0.12570,0.11140,0.12620,0.11590,0.12270,0.11110,0.12560,0.11920,0.83890,0.11100,0.11660,0.12200,0.12000,0.13290,0.11720,0.14360,0.11400,0.12190,0.11990,0.23290,0.59310,0.11150,0.11270,0.12120,0.11490,0.11860,0.09580,0.13110,0.10830,0.10960,0.11590,0.19530,0.08450,0.10430,0.10410,0.11270,0.10590,0.11510,0.09580,0.12160,0.10450,0.11060,0.10790,0.15450
3:45:19,1.13860,0.12390,0.13000,0.12510,0.13920,0.12640,0.14170,0.13870,0.14150,0.13530,0.14590,0.16750,1.14000,1.11940,0.13200,0.13170,0.13140,0.13170,0.13680,0.13980,0.13670,0.13610,0.14430,0.12060,1.16100,1.09280,0.12510,0.12700,0.13000,0.12850,0.12870,0.13090,0.13040,0.13260,0.13360,0.13000,0.10660,1.10440,0.11700,0.12200,0.12080,0.12460,0.12230,0.12810,0.11550,0.12520,0.12310,0.12130,1.02040,0.10660,0.12460,0.11530,0.12930,0.11460,0.13000,0.11950,0.12630,0.11420,0.12950,0.12270,0.87100,0.11410,0.12020,0.12570,0.12340,0.13740,0.12080,0.14880,0.11720,0.12550,0.12360,0.24420,0.62230,0.11470,0.11600,0.12450,0.11820,0.12240,0.09740,0.13540,0.11130,0.11270,0.11940,0.20400,0.08510,0.10700,0.10690,0.11530,0.10880,0.11860,0.09800,0.12530,0.10730,0.11360,0.11100,0.16050
4:00:19,1.13560,0.12730,0.13380,0.12830,0.14290,0.12970,0.14510,0.14210,0.14510,0.13850,0.14950,0.17130,1.13720,1.11620,0.13550,0.13530,0.13460,0.13510,0.14030,0.14310,0.14080,0.13960,0.14800,0.12440,1.15810,1.08840,0.12830,0.13030,0.13340,0.13190,0.13210,0.13430,0.13350,0.13590,0.13700,0.13360,0.10910,1.11960,0.11980,0.12510,0.12380,0.12780,0.12540,0.13130,0.11820,0.12840,0.12650,0.12450,1.03890,0.10900,0.12790,0.11820,0.13250,0.11720,0.13330,0.12240,0.12930,0.11700,0.13300,0.12560,0.90000,0.11670,0.12320,0.12890,0.12650,0.14130,0.12400,0.15340,0.12000,0.12860,0.12690,0.25540,0.65020,0.11740,0.11880,0.12770,0.12110,0.12570,0.09880,0.13930,0.11390,0.11540,0.12230,0.21210,0.08560,0.10920,0.10930,0.11750,0.11120,0.12150,0.09970,0.12860,0.10960,0.11620,0.11370,0.16620
4:15:19,1.13390,0.13090,0.13760,0.13170,0.14650,0.13320,0.14880,0.14560,0.14910,0.14180,0.15330,0.17510,1.13560,1.11390,0.13920,0.13910,0.13810,0.13870,0.14400,0.14690,0.14520,0.14340,0.15190,0.12890,1.15570,1.08500,0.13200,0.13400,0.13700,0.13540,0.13580,0.13790,0.13700,0.13970,0.14060,0.13760,0.11200,1.13220,0.12310,0.12850,0.12700,0.13120,0.12890,0.13470,0.12130,0.13190,0.13000,0.12810,1.05530,0.11200,0.13140,0.12140,0.13600,0.12020,0.13680,0.12570,0.13260,0.12000,0.13670,0.12890,0.92660,0.11990,0.12660,0.13240,0.12980,0.14560,0.12750,0.15820,0.12310,0.13200,0.13040,0.26660,0.67740,0.12050,0.12190,0.13090,0.12420,0.12940,0.10090,0.14360,0.11690,0.11850,0.12570,0.22040,0.08660,0.11190,0.11190,0.12020,0.11400,0.12480,0.10190,0.13220,0.11230,0.11910,0.11670,0.17220
4:30:19,1.13040,0.13370,0.14050,0.13430,0.14950,0.13590,0.15170,0.14840,0.15220,0.14460,0.15620,0.17870,1.13260,1.11090,0.14200,0.14210,0.14070,0.14170,0.14690,0.14990,0.14900,0.14640,0.15500,0.13280,1.15180,1.07860,0.13490,0.13680,0.13980,0.13850,0.13870,0.14090,0.13980,0.14260,0.14350,0.14080,0.11420,1.13990,0.12560,0.13110,0.12950,0.13410,0.13160,0.13750,0.12390,0.13460,0.13280,0.13100,1.06790,0.11410,0.13410,0.12400,0.13870,0.12250,0.13960,0.12840,0.13540,0.12250,0.13980,0.13160,0.95000,0.12220,0.12910,0.13510,0.13240,0.14910,0.13020,0.16240,0.12560,0.13460,0.13330,0.27710,0.70300,0.12280,0.12430,0.13360,0.12660,0.13250,0.10230,0.14720,0.11920,0.12080,0.12830,0.22800,0.08570,0.11370,0.11390,0.12200,0.11610,0.12740,0.10350,0.13500,0.11430,0.12130,0.11900,0.17750
4:45:19,1.12640,0.13510,0.14180,0.13550,0.15130,0.13750,0.15340,0.15010,0.15410,0.14640,0.15830,0.18110,1.12880,1.10670,0.14320,0.14320,0.14170,0.14290,0.14830,0.15140,0.15130,0.14820,0.15680,0.13470,1.14710,1.06630,0.13560,0.13770,0.14090,0.13970,0.13990,0.14230,0.14140,0.14410,0.14510,0.14240,0.11400,1.14440,0.12600,0.13180,0.13040,0.13530,0.13280,0.13880,0.12510,0.13600,0.13410,0.13210,1.07460,0.11380,0.13460,0.12440,0.13940,0.12320,0.14050,0.12930,0.13650,0.12370,0.14120,0.13280,0.96830,0.12170,0.12940,0.13560,0.13300,0.15070,0.13110,0.16480,0.12660,0.13580,0.13440,0.28580,0.72470,0.12250,0.12440,0.13390,0.12700,0.13330,0.09940,0.14890,0.12000,0.12160,0.12930,0.23400,0.08280,0.11320,0.11360,0.12150,0.11620,0.12820,0.10220,0.13620,0.11480,0.12220,0.11980,0.18100
5:00:19,1.12300,0.13590,0.14260,0.13640,0.15260,0.13880,0.15500,0.15180,0.15590,0.14830,0.16000,0.18350,1.12450,1.10240,0.14370,0.14390,0.14240,0.14390,0.14930,0.15270,0.15280,0.14960,0.15840,0.13610,1.14170,1.05730,0.13560,0.13790,0.14140,0.14030,0.14060,0.14320,0.14240,0.14520,0.14620,0.14360,0.11280,1.14640,0.12580,0.13170,0.13050,0.13570,0.13330,0.13940,0.12570,0.13670,0.13480,0.13250,1.07770,0.11180,0.13400,0.12420,0.13940,0.12320,0.14070,0.12970,0.13700,0.12420,0.14180,0.13330,0.98340,0.11880,0.12860,0.13510,0.13270,0.15140,0.13090,0.16640,0.12690,0.13630,0.13490,0.29360,0.74310,0.12080,0.12350,0.13320,0.12640,0.13320,0.09150,0.14990,0.12000,0.12160,0.12960,0.23910,0.08070,0.11120,0.11210,0.11910,0.11560,0.12810,0.09850,0.13660,0.11480,0.12230,0.11980,0.18350
5:15:19,1.11890,0.13750,0.14410,0.13760,0.15460,0.14020,0.15680,0.15360,0.15800,0.15020,0.16220,0.18560,1.12080,1.09770,0.14500,0.14520,0.14370,0.14540,0.15080,0.15430,0.15450,0.15140,0.16030,0.13730,1.13650,1.05680,0.13650,0.13880,0.14250,0.14140,0.14170,0.14450,0.14380,0.14670,0.14780,0.14520,0.11270,1.14750,0.12630,0.13240,0.13150,0.13660,0.13440,0.14060,0.12680,0.13790,0.13620,0.13350,1.08010,0.11100,0.13450,0.12460,0.14010,0.12380,0.14160,0.13050,0.13810,0.12510,0.14320,0.13440,0.99710,0.11710,0.12890,0.13570,0.13330,0.15290,0.13140,0.16870,0.12770,0.13740,0.13590,0.30130,0.76220,0.12010,0.12350,0.13360,0.12670,0.13390,0.09470,0.15150,0.12040,0.12210,0.13050,0.24490,0.08260,0.11020,0.11140,0.11780,0.11570,0.12880,0.09760,0.13770,0.11530,0.12290,0.12040,0.18670
5:30:19,1.11720,0.14020,0.14690,0.14000,0.15730,0.14280,0.15940,0.15620,0.16070,0.15290,0.16530,0.18830,1.11860,1.09570,0.14770,0.14790,0.14610,0.14800,0.15340,0.15700,0.15740,0.15420,0.16330,0.14030,1.13420,1.05990,0.13890,0.14130,0.14490,0.14370,0.14410,0.14710,0.14590,0.14920,0.15040,0.14820,0.11460,1.14960,0.12840,0.13460,0.13350,0.13890,0.13670,0.14300,0.12870,0.14030,0.13860,0.13600,1.08530,0.11290,0.13670,0.12670,0.14250,0.12570,0.14390,0.13270,0.14040,0.12720,0.14570,0.13670,1.01180,0.12020,0.13110,0.13810,0.13540,0.15590,0.13360,0.17230,0.12970,0.13940,0.13840,0.31140,0.78550,0.12210,0.12530,0.13570,0.12860,0.13630,0.10000,0.15440,0.12220,0.12390,0.13260,0.25210,0.08550,0.11190,0.11300,0.12010,0.11740,0.13090,0.10060,0.14020,0.11700,0.12480,0.12230,0.19150
5:45:19,1.11510,0.14360,0.15050,0.14290,0.16060,0.14570,0.16250,0.15900,0.16380,0.15570,0.16860,0.19120,1.11660,1.09390,0.15120,0.15120,0.14910,0.15100,0.15640,0.16020,0.16110,0.15760,0.16670,0.14400,1.13250,1.05700,0.14230,0.14450,0.14790,0.14690,0.14720,0.15020,0.14890,0.15240,0.15370,0.15150,0.11760,1.15050,0.13130,0.13770,0.13650,0.14170,0.13980,0.14610,0.13150,0.14340,0.14200,0.13910,1.09020,0.11600,0.14000,0.12970,0.14560,0.12840,0.14710,0.13550,0.14330,0.12980,0.14900,0.13970,1.02560,0.12390,0.13430,0.14140,0.13840,0.15970,0.13660,0.17670,0.13240,0.14250,0.14150,0.32170,0.80780,0.12540,0.12820,0.13890,0.13140,0.13980,0.10390,0.15820,0.12480,0.12660,0.13540,0.25990,0.08770,0.11480,0.11550,0.12310,0.11980,0.13390,0.10380,0.14350,0.11930,0.12720,0.12500,0.19730
6:00:19,1.11320,0.14710,0.15420,0.14580,0.16380,0.14850,0.16550,0.16170,0.16690,0.15860,0.17200,0.19450,1.11540,1.09320,0.15480,0.15480,0.15210,0.15420,0.15960,0.16330,0.16440,0.16100,0.17010,0.14810,1.13110,1.05530,0.14590,0.14800,0.15110,0.15010,0.15050,0.15340,0.15190,0.15560,0.15680,0.15510,0.12120,1.15180,0.13470,0.14110,0.13950,0.14490,0.14290,0.14920,0.13440,0.14670,0.14510,0.14260,1.09360,0.11960,0.14350,0.13280,0.14890,0.13130,0.15040,0.13860,0.14630,0.13260,0.15230,0.14270,1.03760,0.12800,0.13770,0.14510,0.14170,0.16370,0.13990,0.18130,0.13540,0.14540,0.14490,0.33250,0.82880,0.12900,0.13150,0.14240,0.13460,0.14360,0.10810,0.16230,0.12780,0.12960,0.13850,0.26780,0.08990,0.11800,0.11870,0.12650,0.12270,0.13710,0.10720,0.14680,0.12180,0.12990,0.12790,0.20320
6:15:19,1.11120,0.15040,0.15770,0.14860,0.16690,0.15130,0.16830,0.16430,0.16990,0.16090,0.17500,0.19730,1.11430,1.09190,0.15850,0.15820,0.15490,0.15730,0.16270,0.16650,0.16780,0.16400,0.17330,0.15190,1.13040,1.05310,0.14940,0.15160,0.15420,0.15320,0.15340,0.15650,0.15500,0.15860,0.15990,0.15840,0.12480,1.15170,0.13790,0.14430,0.14250,0.14780,0.14600,0.15220,0.13740,0.14970,0.14840,0.14590,1.09570,0.12320,0.14710,0.13600,0.15210,0.13410,0.15350,0.14170,0.14950,0.13520,0.15580,0.14580,1.04860,0.13200,0.14100,0.14870,0.14500,0.16750,0.14320,0.18570,0.13840,0.14840,0.14810,0.34280,0.84870,0.13260,0.13480,0.14600,0.13770,0.14750,0.11200,0.16630,0.13070,0.13260,0.14170,0.27550,0.09160,0.12120,0.12180,0.12980,0.12550,0.14040,0.11070,0.15020,0.12440,0.13260,0.13080,0.20900
6:30:19,1.10900,0.15350,0.16080,0.15120,0.16970,0.15370,0.17080,0.16680,0.17250,0.16330,0.17760,0.19960,1.11280,1.09060,0.16160,0.16150,0.15760,0.16010,0.16530,0.16950,0.17100,0.16680,0.17610,0.15550,1.12890,1.04890,0.15270,0.15470,0.15720,0.15580,0.15620,0.15940,0.15770,0.16130,0.16280,0.16160,0.12810,1.15190,0.14070,0.14710,0.14520,0.15050,0.14870,0.15490,0.14000,0.15240,0.15130,0.14910,1.09740,0.12660,0.15040,0.13870,0.15510,0.13680,0.15640,0.14460,0.15230,0.13780,0.15890,0.14860,1.05830,0.13570,0.14420,0.15180,0.14780,0.17110,0.14610,0.19000,0.14110,0.15110,0.15120,0.35310,0.86730,0.13600,0.13780,0.14910,0.14060,0.15100,0.11520,0.17010,0.13360,0.13540,0.14450,0.28300,0.09280,0.12440,0.12470,0.13290,0.12810,0.14350,0.11370,0.15330,0.12680,0.13520,0.13340,0.21480
6:45:19,1.10720,0.15650,0.16380,0.15360,0.17250,0.15620,0.17330,0.16930,0.17530,0.16570,0.18030,0.20180,1.11160,1.08920,0.16460,0.16450,0.16020,0.16290,0.16790,0.17220,0.17380,0.16970,0.17910,0.15900,1.12760,1.04560,0.15590,0.15790,0.16010,0.15870,0.15910,0.16230,0.16060,0.16410,0.16550,0.16460,0.13160,1.15170,0.14360,0.15010,0.14770,0.15330,0.15150,0.15770,0.14270,0.15510,0.15410,0.15210,1.09780,0.12990,0.15370,0.14130,0.15810,0.13940,0.15930,0.14750,0.15500,0.14030,0.16200,0.15140,1.06580,0.13930,0.14730,0.15500,0.15080,0.17470,0.14900,0.19420,0.14390,0.15380,0.15430,0.36310,0.88460,0.13940,0.14090,0.15240,0.14360,0.15460,0.11830,0.17370,0.13620,0.13820,0.14740,0.29030,0.09430,0.12740,0.12760,0.13590,0.13070,0.14650,0.11670,0.15650,0.12910,0.13770,0.13600,0.22030
7:00:19,1.10400,0.15890,0.16610,0.15560,0.17470,0.15790,0.17500,0.17120,0.17720,0.16750,0.18240,0.20380,1.10970,1.08720,0.16700,0.16670,0.16210,0.16480,0.16990,0.17420,0.17590,0.17180,0.18130,0.16150,1.12570,1.04170,0.15830,0.16010,0.16220,0.16070,0.16110,0.16430,0.16270,0.16610,0.16730,0.16670,0.13420,1.14990,0.14580,0.15230,0.14960,0.15540,0.15330,0.15970,0.14450,0.15710,0.15610,0.15420,1.09760,0.13230,0.15600,0.14350,0.16010,0.14130,0.16130,0.14940,0.15700,0.14230,0.16410,0.15340,1.07230,0.14200,0.14960,0.15740,0.15290,0.17750,0.15100,0.19760,0.14590,0.15580,0.15660,0.37190,0.90000,0.14190,0.14320,0.15470,0.14570,0.15740,0.12030,0.17660,0.13810,0.14030,0.14950,0.29690,0.09460,0.12950,0.12970,0.13810,0.13250,0.14890,0.11870,0.15880,0.13080,0.13960,0.13800,0.22510
7:15:19,1.10260,0.16160,0.16870,0.15750,0.17720,0.15990,0.17720,0.17330,0.17950,0.16980,0.18490,0.20610,1.10770,1.08540,0.16960,0.16920,0.16420,0.16710,0.17220,0.17670,0.17850,0.17430,0.18380,0.16440,1.12420,1.03810,0.16100,0.16250,0.16450,0.16300,0.16340,0.16670,0.16480,0.16840,0.16970,0.16930,0.13690,1.14830,0.14820,0.15470,0.15180,0.15760,0.15560,0.16200,0.14660,0.15940,0.15850,0.15660,1.09770,0.13500,0.15860,0.14580,0.16250,0.14340,0.16370,0.15160,0.15930,0.14440,0.16680,0.15570,1.07740,0.14500,0.15210,0.16000,0.15510,0.18070,0.15340,0.20120,0.14830,0.15820,0.15920,0.38160,0.91560,0.14450,0.14560,0.15720,0.14800,0.16030,0.12280,0.17980,0.14030,0.14260,0.15190,0.30400,0.09570,0.13190,0.13200,0.14050,0.13470,0.15140,0.12100,0.16160,0.13290,0.14180,0.14020,0.23020
7:30:19,1.10060,0.16400,0.17090,0.15930,0.17920,0.16160,0.17900,0.17470,0.18130,0.17160,0.18690,0.20800,1.10600,1.08420,0.17160,0.17140,0.16610,0.16910,0.17410,0.17880,0.18080,0.17630,0.18590,0.16690,1.12220,1.03500,0.16320,0.16460,0.16640,0.16490,0.16550,0.16860,0.16660,0.17040,0.17170,0.17130,0.13940,1.14750,0.15040,0.15660,0.15350,0.15950,0.15760,0.16400,0.14850,0.16130,0.16050,0.15890,1.09670,0.13740,0.16090,0.14790,0.16460,0.14520,0.16590,0.15350,0.16130,0.14640,0.16890,0.15770,1.08200,0.14760,0.15430,0.16220,0.15710,0.18340,0.15550,0.20450,0.15030,0.16010,0.16150,0.39030,0.92980,0.14690,0.14770,0.15950,0.15000,0.16280,0.12480,0.18260,0.14210,0.14460,0.15390,0.31040,0.09630,0.13400,0.13400,0.14260,0.13650,0.15360,0.12300,0.16390,0.13450,0.14360,0.14230,0.23490
7:45:19,1.09770,0.16640,0.17300,0.16090,0.18120,0.16340,0.18080,0.17630,0.18310,0.17320,0.18890,0.21010,1.10410,1.08220,0.17380,0.17350,0.16800,0.17090,0.17620,0.18050,0.18280,0.17830,0.18810,0.16940,1.12010,1.03200,0.16550,0.16660,0.16820,0.16680,0.16730,0.17030,0.16870,0.17250,0.17360,0.17330,0.14170,1.14530,0.15240,0.15850,0.15540,0.16130,0.15960,0.16590,0.15030,0.16310,0.16240,0.16090,1.09530,0.13960,0.16300,0.14980,0.16660,0.14700,0.16780,0.15550,0.16330,0.14820,0.17110,0.15960,1.08560,0.14990,0.15630,0.16430,0.15910,0.18610,0.15750,0.20770,0.15210,0.16200,0.16360,0.39910,0.94270,0.14920,0.14960,0.16160,0.15190,0.16540,0.12670,0.18530,0.14400,0.14660,0.15590,0.31670,0.09690,0.13590,0.13600,0.14460,0.13830,0.15560,0.12480,0.16620,0.13610,0.14530,0.14410,0.23960
8:00:19,1.09540,0.16860,0.17540,0.16270,0.18310,0.16530,0.18290,0.17810,0.18520,0.17520,0.19090,0.21160,1.10270,1.08040,0.17620,0.17570,0.16990,0.17290,0.17830,0.18260,0.18500,0.18050,0.19010,0.17200,1.11800,1.02870,0.16780,0.16870,0.17010,0.16880,0.16920,0.17230,0.17090,0.17470,0.17570,0.17540,0.14410,1.14300,0.15450,0.16040,0.15730,0.16330,0.16160,0.16790,0.15220,0.16500,0.16450,0.16300,1.09360,0.14190,0.16530,0.15180,0.16850,0.14890,0.16980,0.15740,0.16540,0.15000,0.17330,0.16160,1.08780,0.15240,0.15850,0.16670,0.16090,0.18880,0.15970,0.21090,0.15400,0.16410,0.16590,0.40760,0.95520,0.15150,0.15180,0.16400,0.15390,0.16800,0.12890,0.18800,0.14590,0.14840,0.15790,0.32310,0.09790,0.13790,0.13800,0.14660,0.14010,0.15780,0.12680,0.16850,0.13780,0.14720,0.14620,0.24420
8:15:19,1.09320,0.17070,0.17740,0.16400,0.18490,0.16710,0.18450,0.17960,0.18690,0.17690,0.19240,0.21340,1.10060,1.07800,0.17800,0.17740,0.17150,0.17440,0.17980,0.18420,0.18700,0.18250,0.19170,0.17420,1.11620,1.02430,0.16990,0.17050,0.17180,0.17060,0.17100,0.17410,0.17250,0.17650,0.17750,0.17720,0.14630,1.14090,0.15630,0.16210,0.15890,0.16490,0.16340,0.16950,0.15380,0.16670,0.16630,0.16480,1.09240,0.14390,0.16710,0.15340,0.17020,0.15060,0.17150,0.15900,0.16710,0.15180,0.17530,0.16320,1.09000,0.15460,0.16030,0.16860,0.16260,0.19130,0.16150,0.21390,0.15580,0.16580,0.16790,0.41560,0.96650,0.15340,0.15360,0.16590,0.15560,0.17020,0.13060,0.19050,0.14760,0.15020,0.15970,0.32910,0.09840,0.13970,0.13970,0.14830,0.14180,0.15970,0.12850,0.17070,0.13930,0.14870,0.14790,0.24860
8:30:19,1.09080,0.17290,0.17940,0.16580,0.18670,0.16890,0.18620,0.18130,0.18850,0.17840,0.19420,0.21500,1.09890,1.07690,0.18010,0.17940,0.17310,0.17620,0.18130,0.18600,0.18910,0.18450,0.19370,0.17650,1.11450,1.02130,0.17190,0.17240,0.17360,0.17230,0.17290,0.17590,0.17440,0.17840,0.17940,0.17900,0.14830,1.13880,0.15830,0.16380,0.16020,0.16660,0.16520,0.17100,0.15550,0.16840,0.16810,0.16680,1.09090,0.14600,0.16900,0.15500,0.17200,0.15210,0.17320,0.16050,0.16870,0.15340,0.17720,0.16490,1.09140,0.15680,0.16210,0.17070,0.16420,0.19380,0.16320,0.21680,0.15740,0.16750,0.16990,0.42370,0.97700,0.15540,0.15530,0.16780,0.15730,0.17250,0.13230,0.19300,0.14930,0.15190,0.16150,0.33510,0.09890,0.14130,0.14130,0.15000,0.14330,0.16170,0.13010,0.17270,0.14080,0.15040,0.14960,0.25310
8:45:19,1.08850,0.17480,0.18130,0.16720,0.18850,0.17040,0.18770,0.18300,0.19000,0.18010,0.19590,0.21620,1.09760,1.07520,0.18200,0.18120,0.17470,0.17790,0.18290,0.18770,0.19100,0.18620,0.19540,0.17870,1.11280,1.01830,0.17390,0.17420,0.17510,0.17400,0.17450,0.17770,0.17630,0.17990,0.18130,0.18070,0.15050,1.13700,0.16010,0.16540,0.16170,0.16820,0.16680,0.17270,0.15730,0.17020,0.16990,0.16860,1.08860,0.14810,0.17070,0.15670,0.17370,0.15370,0.17480,0.16230,0.17060,0.15470,0.17910,0.16660,1.09240,0.15910,0.16390,0.17260,0.16590,0.19630,0.16490,0.21960,0.15900,0.16920,0.17180,0.43150,0.98690,0.15730,0.15710,0.16960,0.15900,0.17480,0.13410,0.19540,0.15090,0.15360,0.16340,0.34110,0.09980,0.14310,0.14300,0.15180,0.14480,0.16360,0.13170,0.17470,0.14230,0.15200,0.15150,0.25740
9:00:19,1.08620,0.17650,0.18290,0.16840,0.19000,0.17160,0.18910,0.18410,0.19130,0.18160,0.19710,0.21760,1.09500,1.07320,0.18350,0.18270,0.17610,0.17890,0.18430,0.18910,0.19230,0.18780,0.19680,0.18060,1.11020,1.01400,0.17550,0.17580,0.17640,0.17510,0.17600,0.17910,0.17770,0.18130,0.18290,0.18230,0.15250,1.13470,0.16170,0.16670,0.16300,0.16930,0.16800,0.17390,0.15860,0.17160,0.17130,0.17020,1.08670,0.14990,0.17230,0.15800,0.17520,0.15500,0.17620,0.16350,0.17200,0.15630,0.18080,0.16790,1.09260,0.16090,0.16510,0.17440,0.16710,0.19840,0.16630,0.22220,0.16040,0.17060,0.17330,0.43910,0.99600,0.15890,0.15850,0.17110,0.16030,0.17650,0.13550,0.19770,0.15230,0.15480,0.16490,0.34690,0.09990,0.14450,0.14430,0.15310,0.14600,0.16510,0.13310,0.17650,0.14350,0.15320,0.15270,0.26140
9:15:19,1.08330,0.17860,0.18460,0.16990,0.19170,0.17320,0.19080,0.18570,0.19290,0.18310,0.19890,0.21890,1.09360,1.07080,0.18550,0.18440,0.17780,0.18060,0.18580,0.19080,0.19420,0.18950,0.19850,0.18280,1.10880,1.01260,0.17740,0.17760,0.17790,0.17670,0.17750,0.18080,0.17910,0.18290,0.18460,0.18390,0.15470,1.13230,0.16300,0.16820,0.16460,0.17100,0.16970,0.17560,0.16010,0.17340,0.17310,0.17210,1.08460,0.15190,0.17410,0.15940,0.17680,0.15650,0.17780,0.16500,0.17350,0.15790,0.18280,0.16960,1.09290,0.16300,0.16670,0.17640,0.16880,0.20080,0.16790,0.22510,0.16210,0.17230,0.17520,0.44680,1.00410,0.16080,0.16020,0.17300,0.16190,0.17870,0.13730,0.20010,0.15400,0.15640,0.16660,0.35250,0.10070,0.14610,0.14580,0.15470,0.14750,0.16700,0.13470,0.17850,0.14480,0.15490,0.15420,0.26500
9:30:19,1.08120,0.18080,0.18650,0.17130,0.19350,0.17460,0.19230,0.18690,0.19450,0.18470,0.20050,0.22030,1.09170,1.06840,0.18750,0.18620,0.17930,0.18220,0.18740,0.19260,0.19560,0.19140,0.20000,0.18490,1.10710,1.00840,0.17940,0.17920,0.17940,0.17830,0.17910,0.18240,0.18070,0.18460,0.18630,0.18550,0.15680,1.13000,0.16470,0.16980,0.16600,0.17260,0.17120,0.17720,0.16180,0.17500,0.17460,0.17360,1.08260,0.15390,0.17570,0.16100,0.17850,0.15800,0.17940,0.16650,0.17500,0.15950,0.18470,0.17130,1.09320,0.16530,0.16850,0.17830,0.17030,0.20310,0.16940,0.22800,0.16380,0.17400,0.17710,0.45430,1.01240,0.16260,0.16160,0.17490,0.16370,0.18080,0.13890,0.20250,0.15550,0.15800,0.16840,0.35830,0.10150,0.14770,0.14730,0.15620,0.14890,0.16880,0.13620,0.18050,0.14620,0.15630,0.15580,0.26880
9:45:19,1.07870,0.18260,0.18830,0.17270,0.19520,0.17590,0.19360,0.18830,0.19590,0.18630,0.20180,0.22170,1.09000,1.06740,0.18920,0.18780,0.18060,0.18340,0.18880,0.19400,0.19710,0.19300,0.20150,0.18670,1.10560,1.00650,0.18120,0.18080,0.18080,0.17980,0.18050,0.18380,0.18210,0.18590,0.18770,0.18700,0.15900,1.12790,0.16650,0.17120,0.16740,0.17400,0.17250,0.17860,0.16330,0.17670,0.17610,0.17520,1.08030,0.15570,0.17730,0.16250,0.18010,0.15930,0.18070,0.16800,0.17660,0.16090,0.18640,0.17280,1.09240,0.16720,0.17010,0.18000,0.17180,0.20510,0.17090,0.23070,0.16520,0.17530,0.17890,0.46140,1.01940,0.16440,0.16320,0.17650,0.16520,0.18270,0.14030,0.20490,0.15700,0.15950,0.17000,0.36390,0.10220,0.14920,0.14870,0.15770,0.15020,0.17040,0.13760,0.18230,0.14750,0.15770,0.15730,0.27290
10:00:19,1.07590,0.18450,0.18980,0.17390,0.19670,0.17700,0.19490,0.18970,0.19730,0.18750,0.20330,0.22270,1.08820,1.06470,0.19080,0.18940,0.18180,0.18450,0.18970,0.19550,0.19840,0.19460,0.20310,0.18850,1.10360,1.00310,0.18280,0.18240,0.18210,0.18120,0.18160,0.18490,0.18380,0.18740,0.18920,0.18850,0.16090,1.12560,0.16780,0.17260,0.16850,0.17520,0.17380,0.18000,0.16450,0.17800,0.17770,0.17670,1.07770,0.15740,0.17880,0.16380,0.18140,0.16040,0.18200,0.16930,0.17780,0.16230,0.18780,0.17390,1.09140,0.16910,0.17160,0.18170,0.17290,0.20710,0.17220,0.23320,0.16680,0.17680,0.18040,0.46880,1.02640,0.16600,0.16450,0.17810,0.16650,0.18450,0.14170,0.20710,0.15830,0.16080,0.17130,0.36950,0.10280,0.15050,0.14990,0.15900,0.15140,0.17200,0.13880,0.18410,0.14880,0.15900,0.15850,0.27660
10:15:19,1.07420,0.18640,0.19140,0.17500,0.19830,0.17810,0.19600,0.19100,0.19830,0.18870,0.20430,0.22410,1.08560,1.06280,0.19240,0.19080,0.18320,0.18580,0.19090,0.19690,0.19990,0.19620,0.20420,0.19000,1.10160,0.99880,0.18450,0.18390,0.18330,0.18240,0.18290,0.18630,0.18490,0.18900,0.19050,0.19000,0.16300,1.12280,0.16930,0.17390,0.16970,0.17650,0.17510,0.18140,0.16580,0.17950,0.17890,0.17800,1.07560,0.15900,0.18010,0.16510,0.18280,0.16180,0.18330,0.17070,0.17910,0.16360,0.18920,0.17520,1.09080,0.17090,0.17290,0.18330,0.17430,0.20910,0.17360,0.23590,0.16820,0.17810,0.18210,0.47550,1.03230,0.16750,0.16590,0.17970,0.16770,0.18620,0.14310,0.20910,0.15970,0.16210,0.17270,0.37470,0.10320,0.15190,0.15110,0.16040,0.15260,0.17350,0.14000,0.18580,0.15000,0.16030,0.15990,0.28040
10:30:19,1.07110,0.18800,0.19320,0.17610,0.19990,0.17910,0.19730,0.19220,0.19960,0.19020,0.20550,0.22470,1.08430,1.06150,0.19390,0.19240,0.18450,0.18710,0.19230,0.19830,0.20150,0.19780,0.20550,0.19160,1.09980,0.99590,0.18630,0.18550,0.18470,0.18370,0.18410,0.18780,0.18630,0.19040,0.19190,0.19140,0.16500,1.12100,0.17070,0.17510,0.17050,0.17770,0.17630,0.18270,0.16700,0.18090,0.18020,0.17950,1.07390,0.16090,0.18160,0.16630,0.18430,0.16300,0.18460,0.17190,0.18060,0.16500,0.19080,0.17640,1.08960,0.17280,0.17430,0.18490,0.17570,0.21100,0.17490,0.23840,0.16940,0.17950,0.18360,0.48290,1.03790,0.16920,0.16720,0.18120,0.16900,0.18790,0.14440,0.21120,0.16090,0.16330,0.17400,0.38010,0.10380,0.15300,0.15230,0.16160,0.15390,0.17510,0.14120,0.18760,0.15120,0.16140,0.16110,0.28430
10:45:19,1.06960,0.18990,0.19470,0.17740,0.20130,0.18030,0.19840,0.19310,0.20080,0.19150,0.20680,0.22600,1.08290,1.06000,0.19580,0.19380,0.18590,0.18830,0.19350,0.19980,0.20290,0.19920,0.20700,0.19320,1.09780,0.99330,0.18790,0.18670,0.18600,0.18510,0.18520,0.18920,0.18750,0.19170,0.19320,0.19270,0.16700,1.11860,0.17200,0.17650,0.17170,0.17890,0.17740,0.18400,0.16840,0.18210,0.18150,0.18080,1.07160,0.16260,0.18310,0.16750,0.18550,0.16420,0.18590,0.17280,0.18180,0.16600,0.19210,0.17770,1.08840,0.17450,0.17570,0.18640,0.17690,0.21290,0.17620,0.24080,0.17060,0.18080,0.18500,0.48940,1.04310,0.17070,0.16860,0.18260,0.17040,0.18960,0.14590,0.21330,0.16220,0.16460,0.17540,0.38500,0.10450,0.15430,0.15350,0.16300,0.15500,0.17660,0.14230,0.18920,0.15230,0.16260,0.16240,0.28790
11:00:19,1.06680,0.19150,0.19620,0.17860,0.20280,0.18140,0.19930,0.19430,0.20210,0.19290,0.20800,0.22680,1.08050,1.05700,0.19700,0.19550,0.18720,0.18940,0.19440,0.20110,0.20420,0.20060,0.20820,0.19470,1.09600,0.99000,0.18940,0.18800,0.18720,0.18630,0.18620,0.19040,0.18860,0.19280,0.19440,0.19400,0.16890,1.11610,0.17340,0.17790,0.17300,0.18010,0.17870,0.18540,0.16960,0.18330,0.18270,0.18210,1.06950,0.16430,0.18460,0.16870,0.18700,0.16540,0.18700,0.17400,0.18310,0.16720,0.19340,0.17910,1.08680,0.17640,0.17700,0.18790,0.17810,0.21470,0.17760,0.24290,0.17180,0.18200,0.18640,0.49620,1.04780,0.17230,0.16970,0.18420,0.17160,0.19110,0.14710,0.21530,0.16350,0.16600,0.17680,0.39030,0.10500,0.15550,0.15460,0.16420,0.15620,0.17800,0.14350,0.19100,0.15340,0.16380,0.16360,0.29160
11:15:19,1.06500,0.19330,0.19790,0.17980,0.20420,0.18280,0.20060,0.19550,0.20340,0.19400,0.20890,0.22740,1.07890,1.05610,0.19880,0.19680,0.18810,0.19070,0.19570,0.20290,0.20560,0.20190,0.20950,0.19640,1.09430,0.98810,0.19110,0.18940,0.18850,0.18750,0.18730,0.19170,0.19000,0.19420,0.19560,0.19500,0.17090,1.11430,0.17460,0.17910,0.17430,0.18130,0.17980,0.18680,0.17070,0.18460,0.18390,0.18330,1.06720,0.16580,0.18600,0.16980,0.18840,0.16670,0.18830,0.17520,0.18440,0.16840,0.19480,0.18010,1.08540,0.17810,0.17830,0.18940,0.17930,0.21660,0.17890,0.24540,0.17300,0.18340,0.18780,0.50320,1.05220,0.17380,0.17090,0.18570,0.17280,0.19280,0.14840,0.21730,0.16470,0.16710,0.17820,0.39560,0.10560,0.15680,0.15590,0.16530,0.15720,0.17940,0.14460,0.19260,0.15460,0.16490,0.16480,0.29530
11:30:19,1.06250,0.19490,0.19920,0.18100,0.20550,0.18370,0.20170,0.19660,0.20490,0.19510,0.21030,0.22880,1.07690,1.05380,0.20020,0.19810,0.18970,0.19150,0.19660,0.20430,0.20680,0.20320,0.21050,0.19770,1.09180,0.98450,0.19260,0.19060,0.18960,0.18870,0.18840,0.19280,0.19120,0.19540,0.19660,0.19620,0.17260,1.11190,0.17580,0.18020,0.17540,0.18230,0.18090,0.18810,0.17190,0.18580,0.18510,0.18450,1.06500,0.16730,0.18720,0.17100,0.18970,0.16770,0.18940,0.17620,0.18560,0.16960,0.19620,0.18140,1.08400,0.17990,0.17950,0.19090,0.18030,0.21820,0.18000,0.24740,0.17410,0.18430,0.18930,0.50930,1.05570,0.17520,0.17210,0.18700,0.17380,0.19430,0.14960,0.21910,0.16570,0.16820,0.17950,0.40050,0.10610,0.15790,0.15680,0.16670,0.15820,0.18070,0.14560,0.19410,0.15570,0.16600,0.16590,0.29870
11:45:19,1.06040,0.19670,0.20070,0.18210,0.20720,0.18490,0.20280,0.19790,0.20630,0.19620,0.21160,0.23000,1.07550,1.05230,0.20190,0.19980,0.19110,0.19270,0.19800,0.20570,0.20830,0.20430,0.21140,0.19910,1.09090,0.98220,0.19420,0.19210,0.19090,0.18980,0.18940,0.19400,0.19240,0.19660,0.19810,0.19760,0.17470,1.10950,0.17730,0.18150,0.17660,0.18360,0.18210,0.18910,0.17320,0.18710,0.18640,0.18590,1.06290,0.16900,0.18870,0.17220,0.19110,0.16900,0.19070,0.17740,0.18700,0.17100,0.19770,0.18260,1.08250,0.18170,0.18080,0.19240,0.18160,0.22000,0.18150,0.24980,0.17550,0.18570,0.19080,0.51600,1.05910,0.17680,0.17330,0.18870,0.17500,0.19610,0.15110,0.22120,0.16700,0.16960,0.18100,0.40560,0.10700,0.15930,0.15820,0.16800,0.15940,0.18220,0.14690,0.19590,0.15690,0.16730,0.16720,0.30270
12:00:19,1.05810,0.19840,0.20210,0.18340,0.20850,0.18570,0.20380,0.19890,0.20760,0.19720,0.21230,0.23050,1.07400,1.05030,0.20370,0.20090,0.19220,0.19370,0.19910,0.20680,0.20940,0.20550,0.21280,0.20040,1.08860,0.98050,0.19590,0.19330,0.19220,0.19100,0.19050,0.19530,0.19350,0.19800,0.19930,0.19900,0.17660,1.10700,0.17860,0.18270,0.17760,0.18470,0.18330,0.19030,0.17430,0.18820,0.18730,0.18720,1.06080,0.17060,0.19000,0.17320,0.19210,0.17010,0.19190,0.17840,0.18800,0.17200,0.19910,0.18370,1.08050,0.18350,0.18210,0.19380,0.18280,0.22180,0.18270,0.25230,0.17670,0.18690,0.19210,0.52250,1.06240,0.17840,0.17440,0.19010,0.17600,0.19770,0.15230,0.22290,0.16790,0.17090,0.18220,0.41060,0.10770,0.16050,0.15920,0.16920,0.16050,0.18350,0.14800,0.19740,0.15810,0.16830,0.16820,0.30610
12:15:19,1.05620,0.20030,0.20370,0.18470,0.21020,0.18710,0.20500,0.20020,0.20890,0.19840,0.21340,0.23150,1.07250,1.04900,0.20530,0.20250,0.19350,0.19500,0.20020,0.20820,0.21080,0.20670,0.21410,0.20190,1.08660,0.97770,0.19750,0.19490,0.19330,0.19220,0.19200,0.19660,0.19440,0.19910,0.20060,0.20020,0.17870,1.10520,0.18010,0.18400,0.17880,0.18570,0.18450,0.19140,0.17560,0.18940,0.18870,0.18840,1.05860,0.17240,0.19130,0.17440,0.19340,0.17110,0.19320,0.17960,0.18910,0.17310,0.20040,0.18480,1.07910,0.18520,0.18350,0.19530,0.18410,0.22370,0.18360,0.25430,0.17810,0.18810,0.19350,0.52920,1.06530,0.18000,0.17560,0.19130,0.17720,0.19940,0.15350,0.22510,0.16930,0.17210,0.18350,0.41570,0.10850,0.16180,0.16040,0.17050,0.16160,0.18510,0.14930,0.19890,0.15930,0.16950,0.16940,0.30970
12:30:19,1.05430,0.20200,0.20530,0.18580,0.21160,0.18830,0.20600,0.20140,0.20990,0.19970,0.21460,0.23220,1.07070,1.04660,0.20690,0.20410,0.19480,0.19620,0.20150,0.20910,0.21210,0.20820,0.21550,0.20330,1.08510,0.97540,0.19910,0.19630,0.19440,0.19330,0.19310,0.19760,0.19570,0.20030,0.20210,0.20140,0.18070,1.10330,0.18150,0.18520,0.17990,0.18710,0.18570,0.19270,0.17690,0.19060,0.18990,0.18990,1.05660,0.17420,0.19290,0.17560,0.19480,0.17230,0.19430,0.18080,0.19050,0.17450,0.20190,0.18510,1.07690,0.18700,0.18490,0.19670,0.18550,0.22550,0.18470,0.25670,0.17940,0.18940,0.19490,0.53510,1.06740,0.18160,0.17680,0.19280,0.17820,0.20110,0.15500,0.22700,0.17060,0.17350,0.18480,0.42060,0.10940,0.16300,0.16160,0.17180,0.16260,0.18650,0.15060,0.20050,0.16040,0.17070,0.17060,0.31320
12:45:19,1.05200,0.20350,0.20670,0.18680,0.21290,0.18910,0.20700,0.20240,0.21090,0.20080,0.21530,0.23330,1.06940,1.04490,0.20830,0.20550,0.19620,0.19730,0.20250,0.21040,0.21310,0.20930,0.21670,0.20450,1.08340,0.97260,0.20060,0.19750,0.19570,0.19420,0.19410,0.19890,0.19690,0.20160,0.20330,0.20260,0.18250,1.10100,0.18280,0.18640,0.18070,0.18800,0.18680,0.19380,0.17810,0.19180,0.19100,0.19100,1.05440,0.17580,0.19430,0.17680,0.19600,0.17340,0.19560,0.18170,0.19170,0.17550,0.20310,0.18610,1.07580,0.18860,0.18610,0.19820,0.18670,0.22730,0.18590,0.25880,0.18050,0.19050,0.19620,0.54120,1.06930,0.18300,0.17810,0.19420,0.17950,0.20270,0.15630,0.22900,0.17190,0.17470,0.18590,0.42540,0.11030,0.16420,0.16250,0.17280,0.16380,0.18770,0.15170,0.20210,0.16140,0.17180,0.17170,0.31680
13:00:19,1.05030,0.20490,0.20810,0.18810,0.21430,0.19030,0.20800,0.20330,0.21160,0.20180,0.21650,0.23460,1.06730,1.04350,0.20970,0.20680,0.19730,0.19850,0.20380,0.21150,0.21400,0.21030,0.21770,0.20580,1.08160,0.97010,0.20180,0.19870,0.19690,0.19520,0.19500,0.19990,0.19790,0.20280,0.20460,0.20380,0.18430,1.09920,0.18410,0.18750,0.18170,0.18880,0.18800,0.19490,0.17910,0.19290,0.19220,0.19220,1.05250,0.17730,0.19560,0.17800,0.19700,0.17450,0.19660,0.18260,0.19290,0.17660,0.20450,0.18720,1.07300,0.19030,0.18730,0.19950,0.18770,0.22890,0.18700,0.26100,0.18170,0.19170,0.19750,0.54720,1.07110,0.18440,0.17920,0.19530,0.18010,0.20420,0.15750,0.23080,0.17290,0.17590,0.18700,0.43000,0.11100,0.16530,0.16360,0.17400,0.16450,0.18900,0.15280,0.20360,0.16220,0.17270,0.17270,0.32030
13:15:19,1.04840,0.20670,0.20970,0.18920,0.21550,0.19150,0.20910,0.20450,0.21290,0.20270,0.21730,0.23500,1.06590,1.04130,0.21120,0.20840,0.19870,0.19960,0.20480,0.21280,0.21530,0.21170,0.21850,0.20720,1.08020,0.96950,0.20320,0.20010,0.19820,0.19650,0.19600,0.20120,0.19890,0.20400,0.20560,0.20540,0.18630,1.09740,0.18530,0.18870,0.18290,0.18980,0.18870,0.19610,0.18030,0.19420,0.19340,0.19360,1.05050,0.17900,0.19690,0.17910,0.19810,0.17580,0.19810,0.18400,0.19420,0.17780,0.20600,0.18830,1.07130,0.19210,0.18860,0.20100,0.18910,0.23090,0.18820,0.26340,0.18300,0.19310,0.19900,0.55340,1.07330,0.18610,0.18040,0.19690,0.18130,0.20590,0.15900,0.23290,0.17440,0.17730,0.18860,0.43510,0.11210,0.16670,0.16490,0.17530,0.16570,0.19050,0.15420,0.20530,0.16350,0.17390,0.17400,0.32390
13:30:19,1.04640,0.20810,0.21110,0.19040,0.21690,0.19230,0.20990,0.20530,0.21390,0.20370,0.21790,0.23600,1.06440,1.03960,0.21250,0.20960,0.20020,0.20060,0.20560,0.21400,0.21620,0.21290,0.21970,0.20830,1.07820,0.96550,0.20460,0.20130,0.19930,0.19760,0.19720,0.20200,0.19990,0.20500,0.20670,0.20640,0.18810,1.09490,0.18660,0.18980,0.18380,0.19080,0.19000,0.19680,0.18130,0.19530,0.19460,0.19470,1.04850,0.18040,0.19830,0.18020,0.19900,0.17680,0.19900,0.18500,0.19520,0.17870,0.20720,0.18930,1.06930,0.19370,0.18970,0.20250,0.19010,0.23240,0.18940,0.26560,0.18430,0.19410,0.20030,0.55880,1.07400,0.18740,0.18150,0.19800,0.18240,0.20730,0.16020,0.23450,0.17540,0.17840,0.18980,0.43950,0.11270,0.16790,0.16590,0.17630,0.16670,0.19160,0.15520,0.20680,0.16430,0.17500,0.17510,0.32720
13:45:19,1.04420,0.20940,0.21260,0.19140,0.21810,0.19340,0.21110,0.20630,0.21500,0.20460,0.21900,0.23660,1.06300,1.03770,0.21390,0.21110,0.20130,0.20160,0.20650,0.21480,0.21730,0.21410,0.22050,0.20950,1.07690,0.96350,0.20590,0.20250,0.20040,0.19860,0.19750,0.20330,0.20070,0.20600,0.20750,0.20760,0.19010,1.09310,0.18800,0.19110,0.18450,0.19170,0.19100,0.19770,0.18250,0.19640,0.19560,0.19570,1.04650,0.18200,0.19970,0.18140,0.19970,0.17780,0.20000,0.18620,0.19640,0.17960,0.20850,0.19060,1.06770,0.19530,0.19080,0.20380,0.19140,0.23400,0.19060,0.26770,0.18550,0.19530,0.20170,0.56490,1.07540,0.18890,0.18260,0.19920,0.18350,0.20890,0.16150,0.23610,0.17650,0.17940,0.19110,0.44420,0.11360,0.16900,0.16710,0.17730,0.16760,0.19300,0.15620,0.20840,0.16520,0.17610,0.17610,0.33060
14:00:19,1.04220,0.21090,0.21390,0.19240,0.21970,0.19440,0.21220,0.20670,0.21620,0.20560,0.22020,0.23770,1.06140,1.03630,0.21530,0.21230,0.20260,0.20290,0.20760,0.21570,0.21840,0.21500,0.22160,0.21090,1.07510,0.96120,0.20750,0.20360,0.20160,0.19960,0.19890,0.20450,0.20160,0.20710,0.20870,0.20860,0.19200,1.09080,0.18960,0.19240,0.18560,0.19260,0.19210,0.19880,0.18360,0.19750,0.19680,0.19680,1.04460,0.18370,0.20100,0.18250,0.20100,0.17890,0.20130,0.18720,0.19760,0.18080,0.20970,0.19180,1.06580,0.19700,0.19210,0.20510,0.19250,0.23570,0.19180,0.26970,0.18670,0.19630,0.20320,0.57050,1.07600,0.19050,0.18380,0.20050,0.18460,0.21040,0.16270,0.23780,0.17770,0.18070,0.19250,0.44860,0.11460,0.17030,0.16810,0.17860,0.16860,0.19430,0.15750,0.20990,0.16630,0.17720,0.17720,0.33400
14:15:19,1.04090,0.21250,0.21540,0.19330,0.22110,0.19470,0.21320,0.20750,0.21720,0.20680,0.22120,0.23850,1.05970,1.03460,0.21680,0.21340,0.20350,0.20380,0.20850,0.21680,0.21950,0.21590,0.22260,0.21180,1.07380,0.95870,0.20880,0.20480,0.20250,0.20070,0.19970,0.20540,0.20240,0.20780,0.20980,0.21000,0.19380,1.08830,0.19110,0.19350,0.18660,0.19370,0.19310,0.19980,0.18440,0.19850,0.19760,0.19790,1.04250,0.18530,0.20210,0.18340,0.20210,0.18000,0.20220,0.18820,0.19850,0.18180,0.21090,0.19290,1.06380,0.19860,0.19310,0.20640,0.19330,0.23720,0.19270,0.27160,0.18780,0.19760,0.20430,0.57630,1.07680,0.19200,0.18470,0.20170,0.18560,0.21190,0.16380,0.23950,0.17880,0.18180,0.19370,0.45310,0.11530,0.17140,0.16920,0.17950,0.16950,0.19540,0.15820,0.21130,0.16720,0.17820,0.17850,0.33740
14:30:19,1.03860,0.21410,0.21650,0.19430,0.22230,0.19540,0.21360,0.20860,0.21810,0.20780,0.22190,0.23940,1.05860,1.03290,0.21800,0.21470,0.20470,0.20480,0.20930,0.21770,0.22070,0.21670,0.22350,0.21290,1.07180,0.95640,0.21020,0.20580,0.20340,0.20170,0.20070,0.20620,0.20350,0.20860,0.21080,0.21090,0.19560,1.08630,0.19230,0.19460,0.18730,0.19430,0.19420,0.20080,0.18550,0.19950,0.19870,0.19890,1.04090,0.18660,0.20310,0.18440,0.20310,0.18070,0.20310,0.18920,0.19970,0.18270,0.21190,0.19370,1.06170,0.20010,0.19420,0.20750,0.19440,0.23860,0.19370,0.27370,0.18850,0.19860,0.20550,0.58120,1.07710,0.19310,0.18580,0.20300,0.18660,0.21320,0.16490,0.24100,0.17980,0.18270,0.19470,0.45740,0.11590,0.17250,0.17000,0.18050,0.17040,0.19660,0.15930,0.21290,0.16810,0.17900,0.17930,0.34070
14:45:19,1.03640,0.21560,0.21780,0.19520,0.22330,0.19630,0.21450,0.20880,0.21870,0.20830,0.22300,0.24040,1.05720,1.03190,0.21970,0.21570,0.20580,0.20590,0.21000,0.21900,0.22180,0.21790,0.22410,0.21430,1.07050,0.95460,0.21160,0.20690,0.20440,0.20240,0.20140,0.20720,0.20420,0.20980,0.21180,0.21200,0.19730,1.08420,0.19360,0.19590,0.18840,0.19510,0.19520,0.20190,0.18650,0.20040,0.19930,0.20000,1.03870,0.18820,0.20410,0.18530,0.20420,0.18200,0.20420,0.18990,0.20060,0.18360,0.21310,0.19460,1.05990,0.20160,0.19520,0.20890,0.19550,0.24010,0.19470,0.27590,0.18950,0.19990,0.20700,0.58700,1.07780,0.19450,0.18680,0.20410,0.18740,0.21470,0.16590,0.24300,0.18080,0.18370,0.19580,0.46180,0.11660,0.17350,0.17090,0.18160,0.17110,0.19760,0.16010,0.21430,0.16890,0.18000,0.18040,0.34400
15:00:19,1.03440,0.21730,0.21890,0.19610,0.22450,0.19730,0.21560,0.20960,0.21950,0.20950,0.22410,0.24120,1.05570,1.02970,0.22090,0.21680,0.20690,0.20680,0.21110,0.21990,0.22280,0.21890,0.22500,0.21520,1.06850,0.95230,0.21260,0.20800,0.20550,0.20320,0.20230,0.20810,0.20510,0.21040,0.21270,0.21290,0.19900,1.08220,0.19460,0.19670,0.18920,0.19590,0.19570,0.20260,0.18740,0.20120,0.20040,0.20070,1.03660,0.18960,0.20540,0.18620,0.20530,0.18300,0.20520,0.19110,0.20150,0.18460,0.21390,0.19550,1.05830,0.20320,0.19620,0.21020,0.19650,0.24160,0.19580,0.27790,0.19050,0.20090,0.20820,0.59240,1.07810,0.19570,0.18770,0.20520,0.18830,0.21610,0.16690,0.24420,0.18200,0.18470,0.19690,0.46600,0.11720,0.17450,0.17190,0.18260,0.17180,0.19880,0.16120,0.21550,0.16980,0.18090,0.18120,0.34720
15:15:19,1.03260,0.21880,0.22030,0.19660,0.22570,0.19830,0.21630,0.21000,0.22070,0.21020,0.22510,0.24210,1.05380,1.02750,0.22200,0.21810,0.20770,0.20790,0.21090,0.22090,0.22320,0.22010,0.22530,0.21660,1.06690,0.94950,0.21410,0.20900,0.20660,0.20420,0.20330,0.20900,0.20620,0.21110,0.21390,0.21400,0.20080,1.07970,0.19580,0.19790,0.19010,0.19690,0.19670,0.20360,0.18840,0.20220,0.20130,0.20180,1.03450,0.19100,0.20650,0.18710,0.20640,0.18390,0.20600,0.19180,0.20270,0.18550,0.21420,0.19630,1.05610,0.20480,0.19720,0.21130,0.19730,0.24320,0.19670,0.27980,0.19150,0.20180,0.20930,0.59720,1.07760,0.19700,0.18870,0.20640,0.18920,0.21720,0.16800,0.24580,0.18290,0.18570,0.19790,0.47010,0.11780,0.17560,0.17290,0.18360,0.17270,0.20000,0.16220,0.21680,0.17060,0.18190,0.18220,0.35030
15:30:19,1.03050,0.21980,0.22150,0.19750,0.22700,0.19910,0.21710,0.21070,0.22160,0.21090,0.22510,0.24270,1.05230,1.02600,0.22320,0.21890,0.20870,0.20910,0.21150,0.22200,0.22410,0.22120,0.22590,0.21780,1.06550,0.94740,0.21550,0.21020,0.20750,0.20520,0.20410,0.20970,0.20700,0.21200,0.21430,0.21470,0.20240,1.07790,0.19680,0.19900,0.19100,0.19780,0.19750,0.20430,0.18960,0.20320,0.20230,0.20240,1.03300,0.19240,0.20770,0.18810,0.20740,0.18500,0.20680,0.19270,0.20350,0.18650,0.21530,0.19730,1.05380,0.20630,0.19800,0.21250,0.19850,0.24460,0.19750,0.28160,0.19220,0.20280,0.21020,0.60250,1.07760,0.19820,0.18960,0.20750,0.19000,0.21830,0.16870,0.24740,0.18390,0.18670,0.19900,0.47430,0.11820,0.17650,0.17380,0.18450,0.17350,0.20110,0.16290,0.21800,0.17140,0.18290,0.18310,0.35340
15:45:19,1.02830,0.22150,0.22270,0.19840,0.22810,0.19970,0.21750,0.21190,0.22270,0.21160,0.22520,0.24100,1.05080,1.02440,0.22450,0.21980,0.20980,0.20990,0.21240,0.22310,0.22480,0.22210,0.22660,0.21920,1.06370,0.94520,0.21670,0.21080,0.20850,0.20620,0.20430,0.21070,0.20750,0.21250,0.21530,0.21560,0.20420,1.07580,0.19760,0.20000,0.19190,0.19840,0.19820,0.20530,0.19040,0.20400,0.20310,0.20350,1.03090,0.19370,0.20890,0.18900,0.20820,0.18610,0.20770,0.19360,0.20420,0.18740,0.21620,0.19820,1.05200,0.20790,0.19900,0.21350,0.19940,0.24600,0.19840,0.28380,0.19340,0.20380,0.21130,0.60730,1.07690,0.19960,0.19050,0.20850,0.19090,0.21970,0.16960,0.24910,0.18490,0.18760,0.19980,0.47850,0.11890,0.17750,0.17470,0.18550,0.17430,0.20220,0.16370,0.21930,0.17230,0.18390,0.18390,0.35650
16:00:19,1.02650,0.22310,0.22420,0.19940,0.22950,0.20080,0.21840,0.21280,0.22360,0.21260,0.22630,0.24080,1.04970,1.02340,0.22570,0.22120,0.21090,0.21100,0.21340,0.22410,0.22600,0.22320,0.22700,0.22000,1.06190,0.94310,0.21810,0.21180,0.20960,0.20720,0.20510,0.21180,0.20860,0.21360,0.21600,0.21670,0.20600,1.07420,0.19900,0.20090,0.19290,0.19950,0.19910,0.20620,0.19150,0.20490,0.20410,0.20440,1.02910,0.19510,0.21010,0.18980,0.20930,0.18710,0.20880,0.19440,0.20540,0.18860,0.21710,0.19910,1.05030,0.20960,0.20010,0.21480,0.20040,0.24760,0.19940,0.28580,0.19430,0.20510,0.21280,0.61300,1.07640,0.20080,0.19150,0.20990,0.19200,0.22110,0.17080,0.25080,0.18600,0.18850,0.20110,0.48280,0.11960,0.17860,0.17570,0.18650,0.17530,0.20350,0.16470,0.22060,0.17340,0.18490,0.18490,0.35950
16:15:19,1.02480,0.22440,0.22540,0.20030,0.23070,0.20160,0.21940,0.21360,0.22420,0.21350,0.22720,0.24160,1.04840,1.02150,0.22700,0.22230,0.21190,0.21190,0.21430,0.22510,0.22690,0.22410,0.22790,0.22060,1.06050,0.94050,0.21930,0.21290,0.21060,0.20800,0.20540,0.21270,0.20920,0.21450,0.21690,0.21760,0.20780,1.07160,0.20020,0.20200,0.19380,0.20040,0.20020,0.20710,0.19240,0.20570,0.20480,0.20540,1.02700,0.19650,0.21080,0.19070,0.21000,0.18820,0.20960,0.19520,0.20630,0.18940,0.21810,0.20000,1.04830,0.21090,0.20090,0.21600,0.20130,0.24870,0.20040,0.28770,0.19510,0.20610,0.21380,0.61790,1.07570,0.20200,0.19240,0.21090,0.19290,0.22240,0.17180,0.25250,0.18670,0.18950,0.20200,0.48710,0.12010,0.17950,0.17660,0.18750,0.17610,0.20470,0.16560,0.22180,0.17410,0.18560,0.18560,0.36250
16:30:19,1.02260,0.22580,0.22640,0.20090,0.23180,0.20240,0.22020,0.21390,0.22500,0.21450,0.22780,0.24210,1.04660,1.01940,0.22780,0.22320,0.21270,0.21270,0.21520,0.22580,0.22780,0.22480,0.22870,0.22160,1.05870,0.93820,0.22050,0.21380,0.21140,0.20850,0.20640,0.21330,0.21010,0.21550,0.21750,0.21830,0.20940,1.07020,0.20120,0.20260,0.19420,0.20110,0.20090,0.20770,0.19300,0.20630,0.20540,0.20630,1.02480,0.19780,0.21190,0.19140,0.21090,0.18900,0.21040,0.19610,0.20670,0.19010,0.21870,0.20080,1.04630,0.21200,0.20190,0.21710,0.20220,0.24980,0.20120,0.28940,0.19580,0.20680,0.21490,0.62220,1.07490,0.20310,0.19320,0.21180,0.19370,0.22360,0.17260,0.25390,0.18750,0.19020,0.20270,0.49080,0.12050,0.18040,0.17730,0.18850,0.17660,0.20550,0.16630,0.22290,0.17470,0.18630,0.18650,0.36530
16:45:19,1.02120,0.22720,0.22770,0.20190,0.23290,0.20330,0.22100,0.21470,0.22570,0.21510,0.22870,0.24280,1.04510,1.01770,0.22920,0.22430,0.21390,0.21390,0.21570,0.22670,0.22850,0.22580,0.22950,0.22280,1.05740,0.93720,0.22160,0.21430,0.21250,0.20950,0.20710,0.21430,0.21110,0.21660,0.21840,0.21950,0.21080,1.06760,0.20230,0.20380,0.19530,0.20140,0.20190,0.20860,0.19410,0.20710,0.20640,0.20710,1.02330,0.19890,0.21310,0.19250,0.21200,0.18970,0.21150,0.19710,0.20770,0.19110,0.21990,0.20170,1.04470,0.21340,0.20300,0.21830,0.20320,0.25130,0.20210,0.29140,0.19640,0.20780,0.21570,0.62740,1.07400,0.20430,0.19440,0.21300,0.19460,0.22480,0.17380,0.25550,0.18860,0.19130,0.20400,0.49480,0.12110,0.18150,0.17840,0.18940,0.17760,0.20650,0.16710,0.22410,0.17570,0.18730,0.18740,0.36840
17:00:19,1.01910,0.22850,0.22860,0.20290,0.23400,0.20400,0.22190,0.21540,0.22660,0.21590,0.22970,0.24200,1.04380,1.01620,0.23030,0.22530,0.21500,0.21420,0.21680,0.22760,0.22900,0.22650,0.23030,0.22350,1.05590,0.93490,0.22280,0.21490,0.21330,0.21010,0.20780,0.21540,0.21220,0.21740,0.21940,0.22040,0.21240,1.06530,0.20350,0.20490,0.19610,0.20230,0.20230,0.20920,0.19500,0.20810,0.20760,0.20800,1.02110,0.20010,0.21430,0.19340,0.21270,0.19050,0.21220,0.19790,0.20850,0.19230,0.22090,0.20270,1.04220,0.21500,0.20390,0.21940,0.20410,0.25270,0.20310,0.29330,0.19760,0.20870,0.21680,0.63190,1.07340,0.20560,0.19510,0.21390,0.19540,0.22620,0.17480,0.25720,0.18930,0.19230,0.20500,0.49870,0.12180,0.18250,0.17950,0.19020,0.17850,0.20750,0.16800,0.22550,0.17650,0.18810,0.18840,0.37140
17:15:19,1.01660,0.22990,0.23000,0.20370,0.23510,0.20490,0.22260,0.21640,0.22740,0.21680,0.23070,0.24310,1.04250,1.01510,0.23160,0.22630,0.21610,0.21540,0.21690,0.22820,0.22980,0.22760,0.23090,0.22440,1.05410,0.93190,0.22400,0.21600,0.21430,0.21080,0.20870,0.21630,0.21310,0.21820,0.22010,0.22110,0.21420,1.06400,0.20470,0.20570,0.19680,0.20300,0.20320,0.21040,0.19610,0.20890,0.20820,0.20900,1.01900,0.20160,0.21520,0.19430,0.21360,0.19140,0.21280,0.19890,0.20970,0.19310,0.22190,0.20360,1.04060,0.21650,0.20480,0.22040,0.20500,0.25420,0.20390,0.29530,0.19860,0.20970,0.21780,0.63660,1.07240,0.20670,0.19600,0.21480,0.19630,0.22750,0.17590,0.25840,0.19030,0.19330,0.20570,0.50260,0.12230,0.18350,0.18020,0.19110,0.17940,0.20840,0.16890,0.22700,0.17730,0.18890,0.18920,0.37420
17:30:19,1.01530,0.23130,0.23080,0.20430,0.23620,0.20560,0.22350,0.21700,0.22800,0.21750,0.23190,0.24380,1.04100,1.01310,0.23280,0.22700,0.21690,0.21600,0.21760,0.22870,0.22960,0.22830,0.23150,0.22530,1.05280,0.92970,0.22530,0.21680,0.21500,0.21150,0.20930,0.21700,0.21320,0.21900,0.21930,0.22170,0.21570,1.06200,0.20530,0.20640,0.19740,0.20360,0.20410,0.21110,0.19660,0.20960,0.20870,0.20910,1.01720,0.20270,0.21610,0.19490,0.21430,0.19190,0.21330,0.19930,0.21040,0.19370,0.22280,0.20400,1.03840,0.21770,0.20570,0.22140,0.20570,0.25540,0.20460,0.29690,0.19920,0.21050,0.21880,0.64110,1.07130,0.20760,0.19670,0.21590,0.19690,0.22850,0.17670,0.25980,0.19100,0.19410,0.20660,0.50620,0.12250,0.18420,0.18090,0.19180,0.18010,0.20930,0.16940,0.22810,0.17770,0.18950,0.18990,0.37700
17:45:19,1.01300,0.23270,0.23190,0.20500,0.23720,0.20570,0.22400,0.21760,0.22770,0.21810,0.23270,0.24460,1.03980,1.01180,0.23410,0.22820,0.21790,0.21690,0.21870,0.22950,0.22970,0.22930,0.23210,0.22590,1.05130,0.92790,0.22650,0.21770,0.21540,0.21190,0.21020,0.21780,0.21400,0.22000,0.22040,0.22290,0.21750,1.05980,0.20650,0.20730,0.19800,0.20450,0.20420,0.21170,0.19740,0.21040,0.20980,0.21000,1.01570,0.20400,0.21720,0.19550,0.21540,0.19280,0.21400,0.19990,0.21130,0.19440,0.22370,0.20490,1.03650,0.21920,0.20660,0.22250,0.20650,0.25690,0.20540,0.29860,0.20000,0.21090,0.21970,0.64520,1.06990,0.20870,0.19760,0.21690,0.19780,0.22960,0.17760,0.26120,0.19200,0.19490,0.20770,0.51010,0.12310,0.18510,0.18170,0.19270,0.18100,0.21020,0.17010,0.22920,0.17870,0.19030,0.19080,0.37990
18:00:19,1.01170,0.23420,0.23330,0.20600,0.23850,0.20680,0.22500,0.21810,0.22850,0.21870,0.23360,0.24510,1.03830,1.00960,0.23540,0.22890,0.21920,0.21810,0.21970,0.23040,0.22960,0.23040,0.23230,0.22720,1.05000,0.92630,0.22770,0.21880,0.21630,0.21270,0.21120,0.21850,0.21500,0.22080,0.22170,0.22380,0.21930,1.05740,0.20760,0.20830,0.19890,0.20530,0.20520,0.21240,0.19820,0.21130,0.21100,0.21090,1.01370,0.20550,0.21830,0.19630,0.21620,0.19380,0.21500,0.20080,0.21240,0.19510,0.22460,0.20580,1.03490,0.22060,0.20750,0.22340,0.20760,0.25820,0.20610,0.30010,0.20100,0.21180,0.22050,0.64950,1.06890,0.21000,0.19860,0.21780,0.19850,0.23110,0.17870,0.26260,0.19290,0.19580,0.20860,0.51370,0.12380,0.18610,0.18260,0.19370,0.18160,0.21130,0.17080,0.23040,0.17940,0.19110,0.19180,0.38280
18:15:19,1.01000,0.23560,0.23460,0.20680,0.23930,0.20750,0.22570,0.21910,0.22920,0.21910,0.23300,0.24610,1.03680,1.00850,0.23620,0.23010,0.22030,0.21880,0.22030,0.23080,0.23050,0.23120,0.23330,0.22800,1.04840,0.92440,0.22890,0.21970,0.21720,0.21360,0.21160,0.21930,0.21540,0.22190,0.22300,0.22480,0.22100,1.05550,0.20880,0.20920,0.19980,0.20610,0.20560,0.21340,0.19850,0.21220,0.21020,0.21140,1.01190,0.20680,0.21940,0.19710,0.21720,0.19440,0.21550,0.20160,0.21330,0.19600,0.22580,0.20690,1.03320,0.22190,0.20840,0.22410,0.20820,0.25960,0.20700,0.30180,0.20180,0.21270,0.22160,0.65430,1.06760,0.21130,0.19930,0.21890,0.19930,0.23210,0.17960,0.26400,0.19360,0.19670,0.20940,0.51750,0.12450,0.18710,0.18340,0.19460,0.18240,0.21220,0.17160,0.23150,0.18010,0.19210,0.19270,0.38580
18:30:19,1.00800,0.23680,0.23570,0.20740,0.24000,0.20820,0.22650,0.21950,0.23010,0.21950,0.23290,0.24680,1.03540,1.00700,0.23750,0.23080,0.22100,0.21960,0.22110,0.23120,0.23090,0.23220,0.23370,0.22890,1.04670,0.92290,0.23010,0.22080,0.21790,0.21400,0.21230,0.22000,0.21630,0.22280,0.22410,0.22560,0.22270,1.05340,0.21000,0.21020,0.20050,0.20700,0.20520,0.21430,0.19920,0.21300,0.21110,0.21200,1.01040,0.20820,0.22040,0.19770,0.21820,0.19530,0.21590,0.20240,0.21410,0.19650,0.22680,0.20770,1.03130,0.22340,0.20930,0.22510,0.20890,0.26100,0.20800,0.30370,0.20240,0.21360,0.22270,0.65800,1.06650,0.21250,0.20000,0.22000,0.20000,0.23320,0.18040,0.26530,0.19450,0.19760,0.21030,0.52090,0.12510,0.18800,0.18420,0.19540,0.18310,0.21280,0.17230,0.23260,0.18090,0.19250,0.19350,0.38850
18:45:19,1.00640,0.23800,0.23650,0.20780,0.24110,0.20850,0.22700,0.21990,0.23090,0.22040,0.23330,0.24770,1.03440,1.00530,0.23860,0.23170,0.22210,0.21980,0.22170,0.23220,0.23180,0.23320,0.23360,0.23000,1.04530,0.92050,0.23140,0.22180,0.21880,0.21480,0.21300,0.22080,0.21650,0.22380,0.22450,0.22650,0.22430,1.05170,0.21100,0.21090,0.20110,0.20790,0.20580,0.21490,0.20000,0.21360,0.21180,0.21260,1.00840,0.20940,0.22130,0.19850,0.21890,0.19570,0.21670,0.20300,0.21490,0.19730,0.22770,0.20840,1.02920,0.22450,0.21010,0.22600,0.20980,0.26190,0.20890,0.30520,0.20330,0.21460,0.22380,0.66230,1.06470,0.21360,0.20080,0.22090,0.20080,0.23430,0.18140,0.26670,0.19540,0.19810,0.21100,0.52430,0.12560,0.18880,0.18500,0.19620,0.18390,0.21380,0.17320,0.23380,0.18150,0.19340,0.19470,0.39100
19:00:19,1.00490,0.23950,0.23760,0.20900,0.24210,0.20930,0.22750,0.22100,0.23200,0.22130,0.23390,0.24840,1.03300,1.00350,0.23980,0.23280,0.22310,0.22090,0.22250,0.23310,0.23320,0.23380,0.23450,0.23080,1.04380,0.91840,0.23240,0.22280,0.21950,0.21560,0.21410,0.22180,0.21760,0.22460,0.22550,0.22730,0.22600,1.04980,0.21210,0.21180,0.20200,0.20890,0.20650,0.21590,0.20070,0.21460,0.21270,0.21350,1.00640,0.21070,0.22210,0.19920,0.22000,0.19630,0.21790,0.20310,0.21610,0.19810,0.22830,0.20880,1.02760,0.22580,0.21110,0.22720,0.21060,0.26330,0.20980,0.30730,0.20410,0.21550,0.22480,0.66650,1.06370,0.21480,0.20160,0.22200,0.20160,0.23560,0.18240,0.26840,0.19600,0.19860,0.21210,0.52810,0.12630,0.18960,0.18590,0.19710,0.18470,0.21470,0.17400,0.23500,0.18220,0.19420,0.19560,0.39400
19:15:19,1.00300,0.24040,0.23860,0.20940,0.24300,0.20990,0.22790,0.22180,0.23280,0.22160,0.23490,0.24830,1.03170,1.00170,0.24080,0.23370,0.22390,0.22150,0.22270,0.23380,0.23430,0.23490,0.23550,0.23130,1.04240,0.91650,0.23320,0.22360,0.22000,0.21610,0.21430,0.22200,0.21820,0.22510,0.22620,0.22820,0.22760,1.04810,0.21280,0.21250,0.20260,0.20920,0.20710,0.21620,0.20140,0.21530,0.21320,0.21440,1.00470,0.21180,0.22330,0.19990,0.22050,0.19710,0.21870,0.20400,0.21660,0.19890,0.22920,0.20950,1.02610,0.22720,0.21170,0.22770,0.21120,0.26440,0.21050,0.30900,0.20470,0.21630,0.22610,0.67060,1.06220,0.21560,0.20250,0.22270,0.20240,0.23680,0.18300,0.26980,0.19650,0.19950,0.21310,0.53160,0.12670,0.19050,0.18660,0.19750,0.18520,0.21570,0.17480,0.23600,0.18270,0.19440,0.19630,0.39660
19:30:19,1.00060,0.24170,0.23960,0.20810,0.24400,0.21050,0.22840,0.22250,0.23360,0.22180,0.23570,0.24860,1.03050,1.00090,0.24170,0.23430,0.22440,0.22220,0.22300,0.23460,0.23540,0.23550,0.23540,0.23200,1.04060,0.91370,0.23430,0.22420,0.22070,0.21670,0.21250,0.22290,0.21870,0.22550,0.22650,0.22860,0.22870,1.04590,0.21340,0.21310,0.20290,0.20970,0.20790,0.21650,0.20170,0.21570,0.21340,0.21450,1.00270,0.21290,0.22430,0.20060,0.22130,0.19780,0.21930,0.20450,0.21670,0.19960,0.22970,0.21010,1.02380,0.22830,0.21210,0.22860,0.21190,0.26530,0.21110,0.31040,0.20530,0.21670,0.22690,0.67440,1.06060,0.21670,0.20300,0.22360,0.20310,0.23770,0.18370,0.27110,0.19710,0.20030,0.21390,0.53470,0.12680,0.19110,0.18710,0.19800,0.18590,0.21650,0.17550,0.23690,0.18320,0.19520,0.19710,0.39910
19:45:19,0.99940,0.24290,0.24070,0.20880,0.24450,0.21120,0.22910,0.22250,0.23440,0.22250,0.23690,0.24970,1.02910,0.99870,0.24290,0.23520,0.22520,0.22280,0.22320,0.23510,0.23620,0.23640,0.23660,0.23270,1.03930,0.91210,0.23580,0.22500,0.22100,0.21750,0.21330,0.22340,0.21920,0.22610,0.22710,0.22950,0.23050,1.04370,0.21460,0.21380,0.20380,0.21020,0.20850,0.21650,0.20250,0.21630,0.21420,0.21500,1.00120,0.21400,0.22510,0.20120,0.22210,0.19840,0.22000,0.20520,0.21740,0.20040,0.23080,0.21090,1.02230,0.22950,0.21310,0.22970,0.21220,0.26670,0.21180,0.31220,0.20610,0.21730,0.22790,0.67810,1.05920,0.21780,0.20380,0.22440,0.20370,0.23880,0.18460,0.27180,0.19780,0.20110,0.21470,0.53850,0.12720,0.19200,0.18790,0.19880,0.18660,0.21740,0.17630,0.23790,0.18380,0.19610,0.19800,0.40170
20:00:19,0.99700,0.24440,0.24190,0.20970,0.24570,0.21200,0.22980,0.22340,0.23560,0.22330,0.23790,0.25030,1.02770,0.99730,0.24390,0.23630,0.22600,0.22350,0.22410,0.23600,0.23700,0.23650,0.23720,0.23370,1.03800,0.91040,0.23680,0.22590,0.22200,0.21830,0.21380,0.22420,0.21980,0.22690,0.22780,0.23030,0.23200,1.04240,0.21570,0.21480,0.20440,0.21080,0.20930,0.21760,0.20340,0.21700,0.21500,0.21600,1.00010,0.21540,0.22620,0.20180,0.22300,0.19870,0.22090,0.20600,0.21820,0.20120,0.23140,0.21110,1.02000,0.23080,0.21380,0.23060,0.21320,0.26800,0.21260,0.31390,0.20640,0.21780,0.22830,0.68190,1.05730,0.21890,0.20450,0.22530,0.20450,0.23990,0.18560,0.27350,0.19860,0.20180,0.21540,0.54180,0.12780,0.19290,0.18850,0.19950,0.18720,0.21830,0.17700,0.23900,0.18440,0.19670,0.19890,0.40440

