Corrected [600]
	1	2	3	4	5	6	7	8	9	10	11	12
A	0.22252	0.07320	0.24959	0.07316	0.26429	0.07271	0.27831	0.07331	0.29361	0.07252	0.27473	0.07452	Corrected [600]
B	0.19010	0.33429	0.27246	0.36582	0.27591	0.36417	0.26970	0.35498	0.27050	0.36692	0.24467	0.27382	Corrected [600]
C	0.14183	0.24314	0.18310	0.27432	0.18620	0.27879	0.19394	0.27551	0.16924	0.28929	0.16627	0.23824	Corrected [600]
D	0.07323	0.17741	0.07263	0.18296	0.07237	0.17883	0.07245	0.17840	0.07248	0.18356	0.07271	0.16358	Corrected [600]
E	0.27186	0.07308	0.35958	0.07349	0.39609	0.07152	0.38164	0.07267	0.41787	0.07211	0.41329	0.07263	Corrected [600]
F	0.20664	0.31604	0.27318	0.35188	0.29544	0.38017	0.28467	0.37494	0.31587	0.36762	0.27909	0.27410	Corrected [600]
G	0.16268	0.23152	0.16932	0.25856	0.17922	0.26066	0.18020	0.24852	0.18241	0.26622	0.17902	0.21006	Corrected [600]
H	0.07342	0.14581	0.07296	0.15399	0.07270	0.15385	0.07200	0.14959	0.07255	0.15858	0.07160	0.14411	Corrected [600]

