Corrected [600]
	1	2	3	4	5	6	7	8	9	10	11	12
A	0.28639	0.07840	0.28430	0.07808	0.28248	0.07759	0.26477	0.07767	0.27930	0.07648	0.34637	0.08016	Corrected [600]
B	0.22072	0.26260	0.20073	0.31820	0.20215	0.28522	0.19246	0.38982	0.16337	0.35936	0.24988	0.28250	Corrected [600]
C	0.14134	0.17243	0.12577	0.21324	0.13302	0.20601	0.12883	0.27576	0.10096	0.23709	0.17897	0.19671	Corrected [600]
D	0.07695	0.11738	0.07653	0.14463	0.07801	0.13361	0.07793	0.16411	0.07588	0.15308	0.07621	0.13273	Corrected [600]
E	0.29882	0.07731	0.26618	0.08569	0.32754	0.07840	0.35008	0.08832	0.24984	0.07795	0.30055	0.07896	Corrected [600]
F	0.20443	0.31270	0.18060	0.31100	0.22830	0.32517	0.22677	0.42879	0.13952	0.32396	0.23128	0.34884	Corrected [600]
G	0.12286	0.22169	0.12953	0.21697	0.14528	0.23958	0.13727	0.30315	0.09588	0.23670	0.14727	0.26206	Corrected [600]
H	0.07723	0.14047	0.07909	0.13987	0.07836	0.14587	0.07842	0.18862	0.07577	0.15097	0.07946	0.16289	Corrected [600]

