420

Time,A1,A2,A3,A4,A5,A6,A7,A8,A9,A10,A11,A12,B1,B2,B3,B4,B5,B6,B7,B8,B9,B10,B11,B12,C1,C2,C3,C4,C5,C6,C7,C8,C9,C10,C11,C12,D1,D2,D3,D4,D5,D6,D7,D8,D9,D10,D11,D12,E1,E2,E3,E4,E5,E6,E7,E8,E9,E10,E11,E12,F1,F2,F3,F4,F5,F6,F7,F8,F9,F10,F11,F12,G1,G2,G3,G4,G5,G6,G7,G8,G9,G10,G11,G12,H1,H2,H3,H4,H5,H6,H7,H8,H9,H10,H11,H12
0:00:34,0.08640,0.08240,0.08400,0.08250,0.08880,0.08340,0.12070,0.08270,0.17180,0.08400,0.08540,0.08430,0.08340,0.08420,0.08540,0.08480,0.08650,0.09100,0.11360,0.08380,0.14560,0.08570,0.08470,0.09400,0.08630,0.08280,0.08300,0.08380,0.08530,0.08860,0.09900,0.08350,0.11590,0.08350,0.08360,0.08440,0.09330,0.08270,0.08240,0.08360,0.08280,0.08610,0.08240,0.08340,0.08360,0.08360,0.09510,0.08370,0.08320,0.08230,0.08410,0.08300,0.08400,0.08330,0.08620,0.08250,0.08600,0.08360,0.08400,0.08320,0.08300,0.08360,0.08310,0.08340,0.08710,0.08430,0.08490,0.08430,0.08500,0.08500,0.08410,0.08600,0.08420,0.08350,0.08340,0.08350,0.08380,0.08400,0.08450,0.08360,0.08490,0.08440,0.08410,0.08560,0.08560,0.08310,0.08310,0.08360,0.08280,0.08410,0.08330,0.08340,0.08340,0.08380,0.08350,0.08340
0:10:34,0.08650,0.08200,0.08390,0.08200,0.10720,0.08300,0.27280,0.08220,0.51900,0.08340,0.09230,0.08380,0.08400,0.08430,0.08590,0.08340,0.09810,0.11820,0.22000,0.08380,0.40590,0.08630,0.08830,0.09360,0.08450,0.08260,0.08250,0.08330,0.09000,0.10600,0.14740,0.08340,0.24620,0.08410,0.08530,0.08450,0.09330,0.08240,0.08210,0.08280,0.08230,0.09550,0.08180,0.08290,0.08260,0.08340,0.16990,0.08300,0.08300,0.08190,0.08440,0.08250,0.08490,0.08290,0.09260,0.08200,0.09190,0.08320,0.08450,0.08260,0.08260,0.08380,0.08300,0.08340,0.08740,0.08660,0.08940,0.09170,0.08790,0.08720,0.08420,0.08870,0.08340,0.08350,0.08330,0.08280,0.08340,0.08560,0.08630,0.08350,0.08590,0.08560,0.08340,0.08710,0.08520,0.08270,0.08270,0.08260,0.08230,0.08430,0.08280,0.08250,0.08240,0.08440,0.08300,0.08430
0:20:34,0.08910,0.08200,0.08450,0.08180,0.13240,0.08280,0.45020,0.08210,0.85760,0.08320,0.10390,0.08370,0.08550,0.08520,0.08630,0.08450,0.11240,0.15280,0.34090,0.08480,0.67910,0.08880,0.09370,0.09440,0.08500,0.08350,0.08250,0.08340,0.09670,0.12760,0.20600,0.08350,0.41660,0.08540,0.08780,0.08500,0.09370,0.08260,0.08210,0.08270,0.08220,0.10670,0.08160,0.08280,0.08230,0.08370,0.15590,0.08290,0.08360,0.08190,0.08470,0.08220,0.08660,0.08260,0.10180,0.08190,0.09900,0.08290,0.08550,0.08270,0.08260,0.08470,0.08340,0.08370,0.08850,0.09000,0.09600,0.09200,0.09240,0.09150,0.08510,0.09460,0.08300,0.08430,0.08350,0.08290,0.08400,0.08770,0.08930,0.08390,0.08800,0.08760,0.08360,0.09040,0.08490,0.08280,0.08270,0.08280,0.08220,0.08510,0.08250,0.08230,0.08200,0.08520,0.08280,0.08610
0:30:34,0.09180,0.08240,0.08530,0.08210,0.15650,0.08290,0.61470,0.08230,1.07320,0.08350,0.11390,0.08410,0.08710,0.08650,0.08680,0.08540,0.12660,0.19250,0.46030,0.08550,0.89580,0.09120,0.09930,0.09450,0.08600,0.08440,0.08270,0.08400,0.10380,0.15450,0.26410,0.08370,0.57340,0.08690,0.09110,0.08590,0.09390,0.08320,0.08220,0.08290,0.08210,0.11910,0.08170,0.08310,0.08230,0.08440,0.14160,0.08320,0.08380,0.08220,0.08520,0.08230,0.08830,0.08290,0.11150,0.08220,0.10730,0.08320,0.08660,0.08300,0.08270,0.08600,0.08410,0.08420,0.08970,0.09350,0.10250,0.09260,0.09700,0.09610,0.08610,0.09940,0.08320,0.08510,0.08390,0.08340,0.08480,0.09010,0.09270,0.08420,0.09050,0.09010,0.08440,0.09500,0.08420,0.08280,0.08270,0.08290,0.08230,0.08630,0.08230,0.08270,0.08180,0.08690,0.08270,0.08820
0:40:34,0.09390,0.08300,0.08590,0.08230,0.18060,0.08310,0.75630,0.08300,1.15630,0.08450,0.12480,0.08510,0.08870,0.08800,0.08770,0.08620,0.14210,0.23470,0.56910,0.08620,1.03120,0.09410,0.10520,0.09550,0.08690,0.08510,0.08330,0.08520,0.11100,0.18420,0.32080,0.08410,0.70780,0.08880,0.09460,0.08660,0.09430,0.08390,0.08270,0.08370,0.08250,0.13380,0.08200,0.08360,0.08250,0.08520,0.13080,0.08370,0.08400,0.08260,0.08640,0.08270,0.09010,0.08360,0.12220,0.08290,0.11590,0.08370,0.08840,0.08370,0.08280,0.08710,0.08490,0.08470,0.09090,0.09740,0.10960,0.09370,0.10170,0.10100,0.08730,0.10500,0.08300,0.08600,0.08450,0.08430,0.08570,0.09320,0.09640,0.08480,0.09350,0.09310,0.08540,0.09880,0.08330,0.08310,0.08290,0.08330,0.08260,0.08780,0.08220,0.08290,0.08160,0.08870,0.08270,0.08990
0:50:34,0.09630,0.08380,0.08690,0.08270,0.20600,0.08370,0.87440,0.08370,1.17350,0.08560,0.13630,0.08600,0.09120,0.08950,0.08880,0.08740,0.15820,0.27770,0.66870,0.08740,1.10920,0.09720,0.11260,0.09690,0.08840,0.08600,0.08420,0.08680,0.11890,0.20930,0.37950,0.08470,0.82660,0.09070,0.09850,0.08780,0.09470,0.08490,0.08360,0.08470,0.08310,0.15050,0.08260,0.08420,0.08300,0.08650,0.11250,0.08470,0.08430,0.08340,0.08780,0.08340,0.09240,0.08470,0.13330,0.08400,0.12470,0.08460,0.09050,0.08460,0.08280,0.08870,0.08620,0.08590,0.09280,0.10260,0.11700,0.09430,0.10660,0.10620,0.08880,0.11210,0.08310,0.08710,0.08540,0.08530,0.08700,0.09690,0.10050,0.08570,0.09670,0.09610,0.08670,0.10300,0.08310,0.08350,0.08320,0.08360,0.08310,0.09000,0.08230,0.08320,0.08150,0.09070,0.08270,0.09190
1:00:34,0.09920,0.08480,0.08780,0.08310,0.23190,0.08420,0.96710,0.08460,1.17260,0.08680,0.14730,0.08700,0.09380,0.09110,0.08990,0.08850,0.17460,0.31930,0.75830,0.08910,1.14890,0.10050,0.12000,0.09780,0.08980,0.08700,0.08530,0.08840,0.12740,0.23690,0.43830,0.08550,0.92910,0.09260,0.10270,0.08900,0.09530,0.08610,0.08460,0.08580,0.08380,0.16740,0.08340,0.08510,0.08360,0.08780,0.11590,0.08530,0.08490,0.08410,0.08930,0.08440,0.09480,0.08590,0.14430,0.08540,0.13390,0.08550,0.09260,0.08520,0.08300,0.09030,0.08750,0.08720,0.09490,0.10820,0.12490,0.09470,0.11180,0.11120,0.09030,0.11860,0.08300,0.08840,0.08640,0.08650,0.08820,0.10050,0.10470,0.08680,0.09990,0.09900,0.08810,0.10750,0.08300,0.08370,0.08360,0.08380,0.08340,0.09200,0.08230,0.08360,0.08130,0.09260,0.08280,0.09410
1:10:34,0.10210,0.08590,0.08890,0.08350,0.25600,0.08490,1.02800,0.08550,1.16220,0.08800,0.15880,0.08800,0.09640,0.09290,0.09090,0.08940,0.19050,0.35710,0.83360,0.09090,1.15930,0.10350,0.12720,0.09850,0.09160,0.08800,0.08650,0.09020,0.13600,0.26530,0.49330,0.08620,1.00060,0.09440,0.10670,0.08990,0.09610,0.08730,0.08580,0.08710,0.08470,0.18400,0.08440,0.08610,0.08410,0.08930,0.10960,0.08600,0.08530,0.08510,0.09100,0.08540,0.09700,0.08730,0.15520,0.08680,0.14280,0.08650,0.09480,0.08590,0.08310,0.09180,0.08880,0.08800,0.09690,0.11360,0.13250,0.09640,0.11680,0.11630,0.09190,0.12520,0.08310,0.09000,0.08740,0.08770,0.08940,0.10370,0.10880,0.08770,0.10320,0.10200,0.08930,0.11210,0.08300,0.08400,0.08390,0.08420,0.08390,0.09380,0.08240,0.08400,0.08120,0.09460,0.08290,0.09610
1:20:34,0.10480,0.08720,0.09010,0.08410,0.27940,0.08560,1.06920,0.08650,1.15240,0.08940,0.17000,0.08920,0.09900,0.09460,0.09200,0.09060,0.20620,0.39210,0.89780,0.09340,1.15760,0.10670,0.13420,0.09940,0.09290,0.08900,0.08780,0.09220,0.14450,0.29190,0.54470,0.08700,1.05020,0.09630,0.11050,0.09090,0.09680,0.08870,0.08720,0.08860,0.08590,0.19920,0.08550,0.08720,0.08500,0.09070,0.11050,0.08650,0.08570,0.08620,0.09270,0.08640,0.09940,0.08920,0.16620,0.08850,0.15160,0.08760,0.09730,0.08650,0.08320,0.09360,0.09020,0.08900,0.09920,0.11890,0.14010,0.09770,0.12180,0.12150,0.09380,0.13120,0.08310,0.09140,0.08850,0.08900,0.09070,0.10650,0.11300,0.08860,0.10640,0.10500,0.09060,0.11630,0.08290,0.08430,0.08430,0.08460,0.08450,0.09550,0.08250,0.08440,0.08110,0.09650,0.08290,0.09810
1:30:34,0.10730,0.08820,0.09110,0.08450,0.30240,0.08630,1.09690,0.08740,1.14400,0.09080,0.18310,0.09120,0.10140,0.09600,0.09290,0.09150,0.22130,0.42520,0.95120,0.09560,1.15230,0.10970,0.14080,0.10010,0.09390,0.08990,0.08900,0.09400,0.15290,0.31740,0.59320,0.08780,1.08380,0.09790,0.11390,0.09170,0.09770,0.08980,0.08840,0.09010,0.08690,0.21390,0.08650,0.08820,0.08560,0.09210,0.11100,0.08700,0.08590,0.08720,0.09440,0.08740,0.10170,0.09070,0.17700,0.09010,0.16020,0.08850,0.09960,0.08690,0.08340,0.09520,0.09150,0.09000,0.10120,0.12400,0.14770,0.09800,0.12680,0.12640,0.09570,0.13680,0.08310,0.09270,0.08950,0.09030,0.09190,0.10950,0.11710,0.08960,0.10950,0.10770,0.09180,0.12020,0.08290,0.08460,0.08450,0.08490,0.08490,0.09710,0.08250,0.08470,0.08100,0.09830,0.08290,0.09990
1:40:34,0.10910,0.08840,0.09150,0.08460,0.32440,0.08650,1.11320,0.08760,1.13440,0.09110,0.19410,0.09230,0.10310,0.09670,0.09310,0.09210,0.23570,0.45720,0.99360,0.09680,1.14440,0.11190,0.14700,0.10060,0.09430,0.09040,0.08950,0.09500,0.16050,0.34190,0.63830,0.08820,1.10410,0.09920,0.11720,0.09210,0.09780,0.09040,0.08900,0.09060,0.08740,0.22750,0.08690,0.08870,0.08600,0.09310,0.11840,0.08730,0.08620,0.08750,0.09540,0.08780,0.10360,0.09160,0.18700,0.09100,0.16830,0.08900,0.10110,0.08700,0.08350,0.09630,0.09230,0.09060,0.10280,0.12820,0.15440,0.09860,0.13140,0.13060,0.09680,0.14210,0.08310,0.09340,0.09010,0.09100,0.09290,0.11210,0.12050,0.09010,0.11220,0.11030,0.09250,0.12400,0.08280,0.08470,0.08460,0.08500,0.08510,0.09840,0.08250,0.08490,0.08090,0.09980,0.08280,0.10170
1:50:34,0.11090,0.08810,0.09170,0.08470,0.34560,0.08670,1.12120,0.08800,1.12550,0.09080,0.20410,0.09270,0.10410,0.09740,0.09340,0.09260,0.24950,0.48890,1.02570,0.09730,1.13600,0.11380,0.15300,0.10110,0.09460,0.09070,0.08970,0.09540,0.16770,0.36500,0.68070,0.08850,1.11530,0.10030,0.12020,0.09240,0.09790,0.09050,0.08910,0.09080,0.08760,0.24040,0.08700,0.08900,0.08620,0.09390,0.11850,0.08750,0.08640,0.08750,0.09590,0.08790,0.10540,0.09190,0.19620,0.09130,0.17600,0.08920,0.10210,0.08700,0.08360,0.09690,0.09270,0.09080,0.10410,0.13180,0.16060,0.09850,0.13600,0.13460,0.09720,0.14740,0.08310,0.09390,0.09030,0.09120,0.09350,0.11450,0.12380,0.09050,0.11490,0.11280,0.09290,0.12780,0.08260,0.08490,0.08450,0.08500,0.08510,0.09960,0.08250,0.08490,0.08090,0.10120,0.08270,0.10340
2:00:34,0.11300,0.08860,0.09220,0.08490,0.36670,0.08720,1.12420,0.08870,1.11840,0.09150,0.21410,0.09360,0.10550,0.09830,0.09360,0.09320,0.26320,0.52000,1.05000,0.09790,1.12830,0.11630,0.15910,0.10180,0.09520,0.09120,0.08990,0.09580,0.17480,0.38780,0.72090,0.08900,1.11980,0.10170,0.12360,0.09290,0.09830,0.09100,0.08920,0.09120,0.08780,0.25330,0.08740,0.08940,0.08640,0.09500,0.12530,0.08780,0.08660,0.08760,0.09650,0.08820,0.10730,0.09200,0.20530,0.09150,0.18390,0.08960,0.10300,0.08720,0.08370,0.09770,0.09310,0.09130,0.10550,0.13540,0.16690,0.09940,0.14070,0.13870,0.09780,0.15290,0.08310,0.09430,0.09060,0.09130,0.09420,0.11710,0.12710,0.09070,0.11750,0.11540,0.09310,0.13170,0.08240,0.08510,0.08450,0.08500,0.08530,0.10090,0.08260,0.08500,0.08090,0.10260,0.08270,0.10530
2:10:34,0.11560,0.08970,0.09320,0.08540,0.38820,0.08780,1.12360,0.08980,1.11290,0.09290,0.22500,0.09540,0.10770,0.09980,0.09430,0.09420,0.27750,0.55090,1.06850,0.09920,1.12260,0.11910,0.16560,0.10260,0.09630,0.09230,0.09060,0.09680,0.18250,0.41100,0.75900,0.08970,1.12000,0.10320,0.12720,0.09370,0.09870,0.09200,0.08980,0.09210,0.08850,0.26710,0.08840,0.09040,0.08710,0.09620,0.12090,0.08830,0.08690,0.08830,0.09760,0.08900,0.10940,0.09280,0.21510,0.09230,0.19190,0.09030,0.10460,0.08770,0.08380,0.09900,0.09390,0.09210,0.10710,0.13980,0.17390,0.10000,0.14540,0.14320,0.09900,0.15850,0.08320,0.09540,0.09120,0.09210,0.09510,0.12000,0.13080,0.09140,0.12050,0.11810,0.09400,0.13570,0.08220,0.08540,0.08480,0.08530,0.08560,0.10250,0.08270,0.08530,0.08080,0.10420,0.08280,0.10720
2:20:34,0.11840,0.09150,0.09470,0.08610,0.40990,0.08890,1.12150,0.09150,1.10860,0.09510,0.23710,0.09870,0.11040,0.10150,0.09530,0.09540,0.29240,0.58100,1.08270,0.10180,1.11880,0.12270,0.17230,0.10390,0.09760,0.09350,0.09230,0.09900,0.19090,0.43450,0.79510,0.09050,1.12120,0.10490,0.13120,0.09530,0.09950,0.09340,0.09120,0.09370,0.08990,0.28160,0.09000,0.09200,0.08800,0.09790,0.12070,0.08890,0.08740,0.08960,0.09930,0.09020,0.11170,0.09460,0.22540,0.09410,0.20000,0.09180,0.10730,0.08830,0.08410,0.10090,0.09540,0.09330,0.10930,0.14500,0.18150,0.10110,0.15020,0.14810,0.10100,0.16430,0.08330,0.09700,0.09240,0.09350,0.09650,0.12310,0.13490,0.09260,0.12370,0.12100,0.09550,0.13980,0.08200,0.08600,0.08530,0.08590,0.08620,0.10430,0.08280,0.08590,0.08080,0.10630,0.08300,0.10930
2:30:34,0.12160,0.09390,0.09680,0.08700,0.43170,0.09030,1.11840,0.09370,1.10560,0.09810,0.24940,0.10230,0.11270,0.10360,0.09680,0.09690,0.30770,0.61010,1.09340,0.10520,1.11570,0.12680,0.17940,0.10560,0.09920,0.09490,0.09460,0.10190,0.20000,0.45850,0.82930,0.09170,1.12070,0.10670,0.13540,0.09750,0.10050,0.09540,0.09360,0.09610,0.09190,0.29690,0.09200,0.09400,0.08900,0.10010,0.13030,0.08960,0.08790,0.09130,0.10190,0.09190,0.11410,0.09720,0.23640,0.09680,0.20820,0.09380,0.11080,0.08900,0.08430,0.10330,0.09750,0.09500,0.11230,0.15110,0.18990,0.10370,0.15510,0.15340,0.10390,0.17000,0.08350,0.09910,0.09420,0.09550,0.09840,0.12660,0.13980,0.09430,0.12700,0.12390,0.09790,0.14380,0.08160,0.08650,0.08600,0.08650,0.08690,0.10620,0.08310,0.08650,0.08080,0.10840,0.08310,0.11110
2:40:34,0.12500,0.09660,0.09910,0.08790,0.45340,0.09190,1.11590,0.09630,1.10320,0.10100,0.26170,0.10570,0.11470,0.10590,0.09850,0.09840,0.32280,0.63840,1.10070,0.10860,1.11310,0.13120,0.18710,0.10810,0.10110,0.09650,0.09710,0.10500,0.20910,0.48210,0.86070,0.09320,1.11880,0.10840,0.14010,0.09990,0.10160,0.09760,0.09600,0.09870,0.09410,0.31230,0.09450,0.09650,0.09040,0.10250,0.13330,0.09060,0.08850,0.09350,0.10470,0.09420,0.11660,0.10000,0.24770,0.09960,0.21640,0.09640,0.11430,0.08990,0.08450,0.10610,0.10000,0.09710,0.11560,0.15740,0.19850,0.10680,0.15980,0.15910,0.10680,0.17550,0.08360,0.10150,0.09640,0.09790,0.10060,0.13000,0.14450,0.09650,0.13050,0.12690,0.10040,0.14770,0.08120,0.08700,0.08660,0.08720,0.08770,0.10820,0.08330,0.08720,0.08090,0.11080,0.08330,0.11310
2:50:34,0.12850,0.09910,0.10150,0.08880,0.47450,0.09370,1.11240,0.09870,1.10110,0.10390,0.27380,0.10910,0.11680,0.10820,0.10050,0.10020,0.33800,0.66490,1.10540,0.11200,1.11120,0.13560,0.19470,0.11070,0.10310,0.09810,0.09960,0.10800,0.21840,0.50490,0.88980,0.09470,1.11700,0.11010,0.14490,0.10280,0.10260,0.10010,0.09850,0.10140,0.09650,0.32740,0.09710,0.09920,0.09200,0.10530,0.13220,0.09160,0.08910,0.09580,0.10760,0.09660,0.11920,0.10290,0.25950,0.10250,0.22460,0.09890,0.11790,0.09080,0.08480,0.10890,0.10250,0.09940,0.11890,0.16330,0.20720,0.10900,0.16470,0.16510,0.10990,0.18110,0.08380,0.10410,0.09860,0.10040,0.10290,0.13360,0.14980,0.09880,0.13410,0.12980,0.10310,0.15160,0.08100,0.08760,0.08730,0.08800,0.08860,0.11020,0.08360,0.08800,0.08080,0.11360,0.08350,0.11510
3:00:34,0.13180,0.10140,0.10360,0.08960,0.49520,0.09550,1.10900,0.10100,1.09910,0.10670,0.28550,0.11220,0.11880,0.11030,0.10220,0.10190,0.35270,0.69110,1.10770,0.11510,1.10970,0.13970,0.20230,0.11330,0.10460,0.09950,0.10200,0.11090,0.22730,0.52750,0.91590,0.09630,1.11490,0.11180,0.14990,0.10540,0.10370,0.10240,0.10080,0.10390,0.09880,0.34220,0.09970,0.10170,0.09380,0.10830,0.13610,0.09270,0.08950,0.09810,0.11030,0.09870,0.12160,0.10550,0.27060,0.10520,0.23260,0.10150,0.12130,0.09170,0.08500,0.11170,0.10490,0.10150,0.12220,0.16920,0.21570,0.11100,0.16920,0.17100,0.11290,0.18660,0.08390,0.10660,0.10070,0.10270,0.10510,0.13720,0.15470,0.10090,0.13770,0.13270,0.10550,0.15550,0.08070,0.08800,0.08800,0.08860,0.08950,0.11210,0.08380,0.08860,0.08080,0.11620,0.08360,0.11700
3:10:34,0.13510,0.10370,0.10580,0.09060,0.51520,0.09720,1.10590,0.10320,1.09680,0.10920,0.29650,0.11520,0.12080,0.11240,0.10390,0.10340,0.36720,0.71590,1.10970,0.11810,1.10810,0.14390,0.20990,0.11590,0.10600,0.10110,0.10440,0.11360,0.23610,0.54960,0.93970,0.09800,1.11350,0.11340,0.15460,0.10790,0.10470,0.10450,0.10310,0.10640,0.10100,0.35680,0.10220,0.10410,0.09560,0.11120,0.14210,0.09380,0.09000,0.10010,0.11290,0.10090,0.12420,0.10820,0.28140,0.10780,0.24060,0.10390,0.12450,0.09250,0.08530,0.11430,0.10720,0.10360,0.12520,0.17500,0.22380,0.11330,0.17380,0.17680,0.11570,0.19210,0.08410,0.10900,0.10280,0.10490,0.10730,0.14080,0.15970,0.10310,0.14150,0.13550,0.10790,0.15930,0.08080,0.08850,0.08870,0.08940,0.09060,0.11400,0.08410,0.08930,0.08080,0.11890,0.08370,0.11890
3:20:34,0.13850,0.10570,0.10790,0.09160,0.53490,0.09890,1.10300,0.10540,1.09500,0.11170,0.30750,0.11780,0.12260,0.11450,0.10550,0.10500,0.38150,0.73970,1.11000,0.12080,1.10620,0.14780,0.21760,0.11840,0.10740,0.10260,0.10640,0.11620,0.24480,0.56980,0.96130,0.09970,1.11130,0.11510,0.15920,0.11020,0.10560,0.10660,0.10520,0.10880,0.10310,0.37080,0.10440,0.10640,0.09730,0.11390,0.14450,0.09460,0.09050,0.10200,0.11540,0.10300,0.12670,0.11050,0.29180,0.11020,0.24840,0.10620,0.12750,0.09330,0.08550,0.11690,0.10930,0.10570,0.12820,0.18060,0.23180,0.11600,0.17840,0.18240,0.11840,0.19750,0.08430,0.11130,0.10460,0.10690,0.10940,0.14440,0.16450,0.10510,0.14520,0.13840,0.11010,0.16300,0.08080,0.08900,0.08940,0.09000,0.09160,0.11590,0.08440,0.09000,0.08080,0.12150,0.08380,0.12070
3:30:34,0.14190,0.10780,0.10990,0.09280,0.55410,0.10090,1.10060,0.10770,1.09360,0.11410,0.31800,0.12050,0.12460,0.11680,0.10730,0.10670,0.39560,0.76250,1.11040,0.12370,1.10480,0.15190,0.22550,0.12110,0.10900,0.10420,0.10860,0.11870,0.25330,0.59050,0.98090,0.10190,1.10950,0.11690,0.16430,0.11260,0.10660,0.10870,0.10730,0.11120,0.10530,0.38460,0.10680,0.10870,0.09950,0.11680,0.14570,0.09580,0.09110,0.10400,0.11780,0.10510,0.12960,0.11290,0.30210,0.11260,0.25660,0.10850,0.13060,0.09420,0.08580,0.11960,0.11150,0.10770,0.13120,0.18620,0.23970,0.11830,0.18300,0.18800,0.12110,0.20290,0.08450,0.11350,0.10660,0.10890,0.11160,0.14800,0.16940,0.10720,0.14910,0.14140,0.11230,0.16680,0.08070,0.08950,0.09030,0.09080,0.09270,0.11790,0.08470,0.09080,0.08080,0.12430,0.08400,0.12250
3:40:34,0.14510,0.10960,0.11180,0.09380,0.57250,0.10270,1.09810,0.10960,1.09090,0.11630,0.32900,0.12290,0.12640,0.11880,0.10910,0.10820,0.40910,0.78410,1.10910,0.12610,1.10330,0.15560,0.23290,0.12360,0.11040,0.10560,0.11050,0.12100,0.26150,0.61060,0.99750,0.10380,1.10790,0.11830,0.16890,0.11470,0.10770,0.11070,0.10920,0.11330,0.10730,0.39810,0.10890,0.11090,0.10120,0.11940,0.15370,0.09700,0.09150,0.10580,0.12000,0.10700,0.13230,0.11510,0.31230,0.11480,0.26450,0.11050,0.13340,0.09500,0.08590,0.12200,0.11340,0.10980,0.13400,0.19160,0.24730,0.11980,0.18730,0.19350,0.12350,0.20820,0.08460,0.11550,0.10840,0.11080,0.11360,0.15160,0.17400,0.10910,0.15280,0.14420,0.11420,0.17050,0.08060,0.08980,0.09090,0.09150,0.09370,0.11980,0.08480,0.09150,0.08080,0.12690,0.08400,0.12420
3:50:34,0.14820,0.11130,0.11350,0.09450,0.59010,0.10440,1.09580,0.11150,1.08950,0.11840,0.33900,0.12520,0.12800,0.12060,0.11050,0.10970,0.42230,0.80410,1.10810,0.12850,1.10110,0.15920,0.24000,0.12590,0.11160,0.10680,0.11230,0.12330,0.26960,0.62920,1.01240,0.10540,1.10650,0.11990,0.17350,0.11670,0.10830,0.11260,0.11100,0.11540,0.10920,0.41140,0.11090,0.11290,0.10290,0.12200,0.15600,0.09800,0.09190,0.10770,0.12210,0.10880,0.13500,0.11710,0.32220,0.11680,0.27240,0.11250,0.13610,0.09580,0.08620,0.12430,0.11540,0.11170,0.13680,0.19680,0.25480,0.12190,0.19170,0.19880,0.12590,0.21340,0.08510,0.11760,0.11010,0.11270,0.11550,0.15510,0.17850,0.11090,0.15650,0.14710,0.11620,0.17420,0.08070,0.09020,0.09160,0.09210,0.09470,0.12170,0.08500,0.09220,0.08080,0.12960,0.08420,0.12600
4:00:34,0.15110,0.11270,0.11500,0.09530,0.60740,0.10580,1.09370,0.11330,1.08730,0.12050,0.34890,0.12750,0.12950,0.12230,0.11190,0.11100,0.43530,0.82280,1.10710,0.13080,1.10010,0.16260,0.24710,0.12810,0.11260,0.10780,0.11390,0.12520,0.27740,0.64720,1.02530,0.10710,1.10350,0.12130,0.17780,0.11850,0.10900,0.11420,0.11260,0.11720,0.11080,0.42420,0.11290,0.11470,0.10460,0.12440,0.15240,0.09910,0.09230,0.10910,0.12400,0.11040,0.13750,0.11880,0.33170,0.11870,0.27990,0.11430,0.13860,0.09630,0.08640,0.12630,0.11710,0.11340,0.13930,0.20170,0.26200,0.12380,0.19600,0.20390,0.12800,0.21850,0.08500,0.11940,0.11160,0.11420,0.11730,0.15840,0.18290,0.11250,0.15990,0.14980,0.11800,0.17760,0.08070,0.09050,0.09210,0.09260,0.09550,0.12330,0.08510,0.09280,0.08080,0.13200,0.08410,0.12760
4:10:34,0.15420,0.11420,0.11660,0.09610,0.62400,0.10730,1.09130,0.11500,1.08560,0.12240,0.35920,0.12960,0.13090,0.12400,0.11320,0.11220,0.44800,0.84110,1.10530,0.13290,1.09810,0.16590,0.25410,0.13030,0.11360,0.10890,0.11560,0.12720,0.28520,0.66530,1.03710,0.10870,1.10180,0.12290,0.18220,0.12020,0.10950,0.11580,0.11420,0.11890,0.11240,0.43670,0.11470,0.11650,0.10620,0.12670,0.16220,0.10030,0.09260,0.11070,0.12600,0.11200,0.14020,0.12070,0.34120,0.12040,0.28760,0.11610,0.14100,0.09680,0.08660,0.12830,0.11880,0.11500,0.14180,0.20650,0.26920,0.12540,0.20030,0.20900,0.13010,0.22350,0.08500,0.12110,0.11310,0.11580,0.11910,0.16160,0.18720,0.11410,0.16340,0.15260,0.11980,0.18110,0.08070,0.09090,0.09260,0.09320,0.09630,0.12510,0.08520,0.09340,0.08080,0.13440,0.08420,0.12930
4:20:34,0.15700,0.11550,0.11810,0.09670,0.64020,0.10860,1.08890,0.11650,1.08380,0.12450,0.36890,0.13160,0.13220,0.12540,0.11440,0.11330,0.46060,0.85760,1.10380,0.13500,1.09660,0.16920,0.26090,0.13220,0.11420,0.10980,0.11710,0.12910,0.29270,0.68230,1.04690,0.11020,1.10000,0.12410,0.18630,0.12180,0.10980,0.11720,0.11560,0.12060,0.11390,0.44910,0.11630,0.11820,0.10760,0.12890,0.16010,0.10150,0.09300,0.11210,0.12780,0.11350,0.14260,0.12230,0.35040,0.12210,0.29500,0.11760,0.14320,0.09720,0.08680,0.13010,0.12040,0.11650,0.14420,0.21130,0.27610,0.12700,0.20450,0.21380,0.13210,0.22850,0.08510,0.12290,0.11440,0.11730,0.12070,0.16480,0.19140,0.11570,0.16680,0.15530,0.12150,0.18470,0.08070,0.09120,0.09300,0.09360,0.09710,0.12670,0.08550,0.09390,0.08090,0.13670,0.08430,0.13110
4:30:34,0.16000,0.11680,0.11950,0.09750,0.65590,0.11010,1.08760,0.11820,1.08220,0.12630,0.37830,0.13350,0.13350,0.12690,0.11540,0.11460,0.47300,0.87380,1.10180,0.13690,1.09500,0.17230,0.26770,0.13430,0.11500,0.11080,0.11840,0.13100,0.30010,0.69880,1.05550,0.11180,1.09840,0.12580,0.19050,0.12340,0.11010,0.11860,0.11700,0.12220,0.11530,0.46120,0.11790,0.11990,0.10910,0.13120,0.16650,0.10270,0.09330,0.11340,0.12950,0.11490,0.14510,0.12380,0.35970,0.12360,0.30260,0.11910,0.14540,0.09760,0.08700,0.13200,0.12180,0.11790,0.14660,0.21590,0.28300,0.12850,0.20880,0.21870,0.13410,0.23360,0.08530,0.12450,0.11580,0.11870,0.12230,0.16800,0.19550,0.11710,0.17020,0.15820,0.12310,0.18820,0.08070,0.09160,0.09360,0.09420,0.09790,0.12840,0.08560,0.09450,0.08090,0.13910,0.08440,0.13270
4:40:34,0.16290,0.11810,0.12100,0.09840,0.67130,0.11150,1.08540,0.11980,1.08020,0.12810,0.38780,0.13530,0.13490,0.12840,0.11650,0.11590,0.48490,0.88860,1.10010,0.13900,1.09340,0.17560,0.27440,0.13640,0.11590,0.11190,0.11990,0.13280,0.30760,0.71560,1.06240,0.11350,1.09650,0.12730,0.19480,0.12500,0.11060,0.12010,0.11840,0.12370,0.11680,0.47310,0.11960,0.12150,0.11070,0.13340,0.16080,0.10410,0.09380,0.11480,0.13130,0.11620,0.14770,0.12540,0.36870,0.12530,0.31010,0.12080,0.14760,0.09820,0.08720,0.13380,0.12340,0.11940,0.14880,0.22060,0.28990,0.13020,0.21300,0.22370,0.13620,0.23890,0.08550,0.12620,0.11710,0.12010,0.12390,0.17120,0.19970,0.11850,0.17370,0.16110,0.12460,0.19170,0.08070,0.09200,0.09420,0.09480,0.09880,0.13030,0.08580,0.09530,0.08090,0.14150,0.08440,0.13440
4:50:34,0.16570,0.11920,0.12220,0.09890,0.68620,0.11280,1.08280,0.12130,1.07810,0.12970,0.39670,0.13700,0.13610,0.12980,0.11750,0.11720,0.49740,0.90220,1.09900,0.14090,1.09160,0.17860,0.28090,0.13830,0.11630,0.11290,0.12120,0.13450,0.31470,0.73150,1.06870,0.11510,1.09520,0.12870,0.19880,0.12640,0.11090,0.12160,0.11980,0.12520,0.11810,0.48480,0.12100,0.12310,0.11200,0.13550,0.16320,0.10520,0.09430,0.11610,0.13300,0.11760,0.15020,0.12690,0.37760,0.12680,0.31750,0.12220,0.14970,0.09860,0.08750,0.13560,0.12490,0.12080,0.15110,0.22520,0.29650,0.13120,0.21710,0.22840,0.13800,0.24370,0.08570,0.12780,0.11840,0.12140,0.12550,0.17440,0.20370,0.11980,0.17690,0.16380,0.12610,0.19500,0.08070,0.09230,0.09480,0.09540,0.09970,0.13200,0.08590,0.09590,0.08090,0.14360,0.08430,0.13600
5:00:34,0.16850,0.12030,0.12360,0.09970,0.70090,0.11410,1.08120,0.12270,1.07650,0.13140,0.40600,0.13870,0.13730,0.13110,0.11860,0.11850,0.50870,0.91560,1.09740,0.14270,1.09020,0.18180,0.28740,0.13980,0.11760,0.11380,0.12250,0.13610,0.32200,0.74620,1.07380,0.11660,1.09330,0.13010,0.20290,0.12780,0.11130,0.12300,0.12100,0.12670,0.11950,0.49630,0.12250,0.12460,0.11350,0.13750,0.16670,0.10640,0.09490,0.11730,0.13470,0.11890,0.15260,0.12840,0.38620,0.12830,0.32500,0.12370,0.15180,0.09900,0.08790,0.13740,0.12630,0.12210,0.15330,0.22970,0.30300,0.13280,0.22130,0.23320,0.14000,0.24870,0.08600,0.12930,0.11970,0.12270,0.12710,0.17760,0.20770,0.12110,0.18030,0.16660,0.12760,0.19850,0.08080,0.09270,0.09530,0.09600,0.10050,0.13370,0.08610,0.09650,0.08100,0.14590,0.08450,0.13770
5:10:34,0.17130,0.12140,0.12480,0.10040,0.71460,0.11540,1.07970,0.12430,1.07480,0.13290,0.41490,0.14040,0.13850,0.13250,0.11970,0.11980,0.52040,0.92750,1.09590,0.14460,1.08870,0.18490,0.29380,0.14150,0.11950,0.11470,0.12380,0.13780,0.32910,0.76120,1.07820,0.11810,1.09260,0.13170,0.20700,0.12920,0.11150,0.12430,0.12220,0.12820,0.12080,0.50750,0.12400,0.12600,0.11500,0.13950,0.17420,0.10770,0.09550,0.11860,0.13630,0.12010,0.15510,0.12980,0.39500,0.12970,0.33230,0.12500,0.15380,0.09940,0.08820,0.13900,0.12770,0.12350,0.15550,0.23400,0.30950,0.13420,0.22540,0.23790,0.14170,0.25370,0.08620,0.13080,0.12090,0.12390,0.12860,0.18070,0.21160,0.12230,0.18360,0.16930,0.12910,0.20190,0.08080,0.09300,0.09580,0.09650,0.10130,0.13540,0.08630,0.09700,0.08100,0.14800,0.08450,0.13930
5:20:34,0.17390,0.12240,0.12590,0.10100,0.72840,0.11660,1.07790,0.12550,1.07350,0.13440,0.42330,0.14180,0.13960,0.13370,0.12060,0.12100,0.53160,0.93900,1.09410,0.14630,1.08700,0.18790,0.30010,0.14300,0.12160,0.11550,0.12500,0.13920,0.33600,0.77500,1.08180,0.11950,1.09020,0.13310,0.21090,0.13040,0.11140,0.12550,0.12330,0.12950,0.12210,0.51870,0.12530,0.12740,0.11630,0.14130,0.17120,0.10880,0.09580,0.11970,0.13780,0.12120,0.15750,0.13100,0.40330,0.13100,0.33960,0.12630,0.15570,0.09970,0.08850,0.14060,0.12900,0.12460,0.15740,0.23830,0.31590,0.13520,0.22950,0.24250,0.14340,0.25850,0.08620,0.13220,0.12200,0.12500,0.13010,0.18370,0.21540,0.12350,0.18670,0.17210,0.13050,0.20530,0.08080,0.09330,0.09630,0.09700,0.10200,0.13690,0.08630,0.09750,0.08090,0.15010,0.08460,0.14090
5:30:34,0.17640,0.12340,0.12700,0.10160,0.74170,0.11780,1.07630,0.12690,1.07130,0.13600,0.43210,0.14330,0.14060,0.13490,0.12150,0.12210,0.54290,0.94940,1.09260,0.14820,1.08590,0.19090,0.30640,0.14470,0.12360,0.11640,0.12620,0.14080,0.34280,0.78890,1.08460,0.12090,1.08820,0.13460,0.21460,0.13180,0.11160,0.12680,0.12450,0.13080,0.12320,0.52950,0.12670,0.12880,0.11760,0.14320,0.16620,0.11000,0.09620,0.12070,0.13930,0.12230,0.15970,0.13230,0.41160,0.13230,0.34670,0.12760,0.15760,0.10000,0.08860,0.14220,0.13030,0.12580,0.15940,0.24250,0.32220,0.13690,0.23360,0.24710,0.14500,0.26320,0.08640,0.13350,0.12310,0.12610,0.13150,0.18670,0.21930,0.12470,0.18990,0.17480,0.13180,0.20850,0.08080,0.09360,0.09670,0.09750,0.10280,0.13860,0.08640,0.09810,0.08100,0.15220,0.08460,0.14240
5:40:34,0.17900,0.12430,0.12800,0.10210,0.75410,0.11900,1.07490,0.12820,1.06940,0.13740,0.44050,0.14490,0.14150,0.13620,0.12230,0.12320,0.55390,0.95940,1.09100,0.14980,1.08430,0.19380,0.31250,0.14620,0.12530,0.11710,0.12730,0.14210,0.34980,0.80160,1.08680,0.12230,1.08770,0.13600,0.21840,0.13310,0.11180,0.12800,0.12550,0.13210,0.12440,0.54030,0.12790,0.13010,0.11890,0.14500,0.16730,0.11120,0.09650,0.12180,0.14070,0.12330,0.16210,0.13350,0.41970,0.13360,0.35400,0.12870,0.15950,0.10030,0.08870,0.14370,0.13150,0.12690,0.16140,0.24670,0.32850,0.13760,0.23760,0.25150,0.14660,0.26800,0.08650,0.13490,0.12410,0.12720,0.13280,0.18960,0.22300,0.12590,0.19300,0.17740,0.13300,0.21180,0.08080,0.09390,0.09710,0.09790,0.10340,0.14010,0.08650,0.09860,0.08100,0.15420,0.08460,0.14410
5:50:34,0.18130,0.12520,0.12900,0.10260,0.76680,0.12010,1.07290,0.12950,1.06780,0.13880,0.44930,0.14630,0.14240,0.13750,0.12300,0.12430,0.56460,0.96830,1.08910,0.15140,1.08230,0.19660,0.31880,0.14770,0.12680,0.11780,0.12830,0.14340,0.35630,0.81410,1.08810,0.12360,1.08520,0.13730,0.22190,0.13410,0.11220,0.12910,0.12640,0.13320,0.12550,0.55060,0.12900,0.13130,0.12010,0.14680,0.17050,0.11220,0.09680,0.12270,0.14200,0.12440,0.16430,0.13460,0.42800,0.13470,0.36100,0.12990,0.16120,0.10040,0.08890,0.14520,0.13270,0.12800,0.16330,0.25080,0.33460,0.13910,0.24150,0.25590,0.14810,0.27250,0.08650,0.13610,0.12510,0.12830,0.13410,0.19250,0.22660,0.12680,0.19600,0.18000,0.13430,0.21500,0.08080,0.09420,0.09740,0.09830,0.10410,0.14160,0.08670,0.09900,0.08110,0.15620,0.08470,0.14570
6:00:34,0.18370,0.12600,0.12990,0.10290,0.77830,0.12120,1.07090,0.13070,1.06590,0.14010,0.45740,0.14770,0.14320,0.13890,0.12370,0.12520,0.57500,0.97610,1.08770,0.15290,1.08140,0.19940,0.32500,0.14910,0.12810,0.11850,0.12940,0.14470,0.36290,0.82640,1.08960,0.12480,1.08380,0.13870,0.22570,0.13520,0.11250,0.13020,0.12740,0.13420,0.12650,0.56090,0.13020,0.13230,0.12130,0.14850,0.17360,0.11320,0.09700,0.12360,0.14330,0.12530,0.16640,0.13560,0.43600,0.13570,0.36760,0.13100,0.16290,0.10050,0.08900,0.14650,0.13380,0.12900,0.16510,0.25470,0.34060,0.14010,0.24550,0.26030,0.14960,0.27710,0.08660,0.13720,0.12610,0.12920,0.13530,0.19530,0.23020,0.12780,0.19890,0.18260,0.13550,0.21830,0.08080,0.09440,0.09770,0.09860,0.10460,0.14310,0.08670,0.09950,0.08100,0.15800,0.08470,0.14720
6:10:34,0.18610,0.12680,0.13090,0.10340,0.78960,0.12230,1.07010,0.13190,1.06430,0.14150,0.46550,0.14890,0.14420,0.14020,0.12440,0.12610,0.58530,0.98390,1.08640,0.15440,1.07950,0.20210,0.33170,0.15060,0.12920,0.11910,0.13030,0.14590,0.36940,0.83830,1.09020,0.12610,1.08250,0.14030,0.22930,0.13650,0.11310,0.13120,0.12820,0.13530,0.12750,0.57080,0.13130,0.13350,0.12250,0.15020,0.16970,0.11420,0.09730,0.12450,0.14450,0.12620,0.16850,0.13660,0.44370,0.13680,0.37420,0.13210,0.16460,0.10070,0.08910,0.14790,0.13480,0.12990,0.16680,0.25860,0.34660,0.14120,0.24950,0.26460,0.15110,0.28170,0.08670,0.13840,0.12700,0.13010,0.13650,0.19800,0.23380,0.12880,0.20180,0.18520,0.13660,0.22170,0.08080,0.09460,0.09800,0.09900,0.10510,0.14460,0.08680,0.09990,0.08100,0.15990,0.08470,0.14880
6:20:34,0.18840,0.12760,0.13180,0.10380,0.80110,0.12340,1.06820,0.13300,1.06230,0.14280,0.47400,0.15030,0.14510,0.14170,0.12520,0.12710,0.59560,0.99110,1.08440,0.15590,1.07840,0.20500,0.33820,0.15200,0.13080,0.11990,0.13130,0.14720,0.37590,0.84910,1.09070,0.12730,1.08080,0.14190,0.23300,0.13750,0.11360,0.13220,0.12920,0.13640,0.12860,0.58090,0.13250,0.13460,0.12360,0.15180,0.17540,0.11530,0.09770,0.12530,0.14580,0.12710,0.17060,0.13770,0.45140,0.13780,0.38080,0.13320,0.16630,0.10080,0.08920,0.14920,0.13600,0.13090,0.16870,0.26250,0.35260,0.14230,0.25340,0.26890,0.15260,0.28630,0.08680,0.13950,0.12790,0.13110,0.13780,0.20080,0.23740,0.12980,0.20480,0.18780,0.13780,0.22480,0.08080,0.09490,0.09830,0.09930,0.10570,0.14610,0.08700,0.10030,0.08100,0.16190,0.08470,0.15040
6:30:34,0.19100,0.12850,0.13270,0.10440,0.81180,0.12460,1.06640,0.13420,1.06100,0.14410,0.48170,0.15160,0.14610,0.14330,0.12600,0.12830,0.60540,0.99700,1.08340,0.15750,1.07700,0.20780,0.34420,0.15360,0.13250,0.12060,0.13240,0.14830,0.38260,0.86050,1.09130,0.12870,1.07930,0.14350,0.23660,0.13870,0.11430,0.13330,0.13010,0.13750,0.12960,0.59070,0.13370,0.13570,0.12490,0.15360,0.16870,0.11640,0.09820,0.12630,0.14700,0.12810,0.17280,0.13880,0.45940,0.13900,0.38740,0.13430,0.16790,0.10110,0.08930,0.15070,0.13710,0.13190,0.17050,0.26650,0.35850,0.14360,0.25730,0.27330,0.15410,0.29100,0.08700,0.14080,0.12880,0.13210,0.13900,0.20360,0.24100,0.13090,0.20780,0.19050,0.13890,0.22820,0.08090,0.09530,0.09880,0.09980,0.10640,0.14780,0.08700,0.10100,0.08110,0.16400,0.08490,0.15190
6:40:34,0.19340,0.12930,0.13360,0.10490,0.82240,0.12570,1.06530,0.13540,1.05950,0.14540,0.48980,0.15310,0.14710,0.14480,0.12670,0.12920,0.61540,1.00340,1.08090,0.15900,1.07580,0.21050,0.35060,0.15510,0.13410,0.12140,0.13330,0.14960,0.38870,0.87110,1.09120,0.13000,1.07750,0.14530,0.24020,0.13980,0.11490,0.13440,0.13090,0.13860,0.13070,0.60030,0.13490,0.13690,0.12600,0.15520,0.16500,0.11750,0.09850,0.12710,0.14830,0.12910,0.17500,0.13980,0.46690,0.14000,0.39400,0.13540,0.16960,0.10140,0.08950,0.15210,0.13820,0.13280,0.17220,0.27040,0.36440,0.14460,0.26130,0.27770,0.15560,0.29570,0.08710,0.14190,0.12980,0.13310,0.14030,0.20650,0.24450,0.13180,0.21070,0.19330,0.14010,0.23150,0.08090,0.09560,0.09930,0.10030,0.10700,0.14940,0.08720,0.10150,0.08120,0.16590,0.08480,0.15340
6:50:34,0.19580,0.13020,0.13450,0.10550,0.83250,0.12690,1.06360,0.13670,1.05780,0.14670,0.49810,0.15440,0.14820,0.14640,0.12740,0.13020,0.62520,1.00910,1.07990,0.16040,1.07420,0.21320,0.35720,0.15640,0.13540,0.12230,0.13430,0.15070,0.39520,0.88040,1.09070,0.13140,1.07640,0.14690,0.24370,0.14090,0.11570,0.13550,0.13190,0.13970,0.13160,0.60990,0.13590,0.13800,0.12710,0.15680,0.16170,0.11850,0.09880,0.12800,0.14960,0.12990,0.17700,0.14090,0.47450,0.14110,0.40060,0.13640,0.17120,0.10160,0.08970,0.15350,0.13920,0.13380,0.17410,0.27430,0.37020,0.14530,0.26520,0.28210,0.15710,0.30030,0.08720,0.14300,0.13070,0.13400,0.14160,0.20930,0.24810,0.13280,0.21370,0.19610,0.14120,0.23480,0.08090,0.09600,0.09970,0.10090,0.10770,0.15110,0.08740,0.10210,0.08120,0.16790,0.08490,0.15500
7:00:34,0.19830,0.13090,0.13540,0.10610,0.84220,0.12820,1.06220,0.13810,1.05630,0.14800,0.50570,0.15570,0.14930,0.14800,0.12810,0.13130,0.63490,1.01400,1.07890,0.16190,1.07240,0.21590,0.36340,0.15790,0.13670,0.12310,0.13520,0.15200,0.40150,0.89060,1.09050,0.13270,1.07490,0.14870,0.24730,0.14200,0.11640,0.13650,0.13280,0.14070,0.13270,0.61930,0.13710,0.13910,0.12820,0.15860,0.16820,0.11970,0.09910,0.12890,0.15080,0.13080,0.17920,0.14190,0.48200,0.14210,0.40730,0.13750,0.17280,0.10200,0.08980,0.15490,0.14030,0.13490,0.17590,0.27820,0.37610,0.14630,0.26910,0.28650,0.15850,0.30500,0.08740,0.14420,0.13160,0.13490,0.14290,0.21220,0.25170,0.13380,0.21660,0.19890,0.14240,0.23820,0.08090,0.09630,0.10030,0.10150,0.10840,0.15270,0.08750,0.10280,0.08130,0.16990,0.08490,0.15650
7:10:34,0.20080,0.13180,0.13630,0.10670,0.85160,0.12950,1.06110,0.13930,1.05450,0.14930,0.51330,0.15690,0.15060,0.14970,0.12880,0.13250,0.64410,1.01830,1.07740,0.16330,1.07120,0.21860,0.36960,0.15940,0.13840,0.12390,0.13610,0.15320,0.40800,0.90030,1.08990,0.13410,1.07290,0.15030,0.25090,0.14310,0.11730,0.13750,0.13370,0.14180,0.13370,0.62850,0.13830,0.14020,0.12940,0.16020,0.16670,0.12070,0.09940,0.12970,0.15210,0.13180,0.18120,0.14290,0.48960,0.14320,0.41380,0.13850,0.17440,0.10230,0.09000,0.15630,0.14130,0.13590,0.17770,0.28210,0.38180,0.14760,0.27290,0.29080,0.16000,0.30970,0.08750,0.14540,0.13250,0.13600,0.14420,0.21500,0.25520,0.13490,0.21960,0.20160,0.14360,0.24140,0.08090,0.09660,0.10080,0.10210,0.10910,0.15440,0.08770,0.10350,0.08120,0.17180,0.08500,0.15810
7:20:34,0.20320,0.13270,0.13730,0.10740,0.86090,0.13060,1.05950,0.14060,1.05320,0.15070,0.52080,0.15820,0.15200,0.15120,0.12950,0.13360,0.65380,1.02240,1.07600,0.16480,1.07020,0.22130,0.37570,0.16090,0.13990,0.12480,0.13710,0.15430,0.41410,0.90930,1.08930,0.13540,1.07150,0.15210,0.25450,0.14410,0.11810,0.13860,0.13460,0.14290,0.13480,0.63750,0.13950,0.14140,0.13060,0.16180,0.16280,0.12190,0.09980,0.13060,0.15330,0.13260,0.18340,0.14390,0.49690,0.14420,0.42050,0.13950,0.17600,0.10270,0.09010,0.15770,0.14250,0.13700,0.17950,0.28590,0.38750,0.14900,0.27670,0.29500,0.16150,0.31430,0.08770,0.14650,0.13340,0.13690,0.14540,0.21790,0.25860,0.13580,0.22260,0.20440,0.14470,0.24470,0.08090,0.09710,0.10140,0.10260,0.10980,0.15610,0.08790,0.10420,0.08130,0.17370,0.08510,0.15950
7:30:34,0.20570,0.13350,0.13820,0.10810,0.87000,0.13200,1.05860,0.14180,1.05150,0.15200,0.52830,0.15960,0.15360,0.15290,0.13030,0.13480,0.66250,1.02680,1.07500,0.16630,1.06900,0.22400,0.38100,0.16230,0.14130,0.12580,0.13810,0.15550,0.42050,0.91830,1.08850,0.13670,1.07080,0.15400,0.25810,0.14530,0.11890,0.13960,0.13550,0.14400,0.13580,0.64670,0.14060,0.14250,0.13180,0.16360,0.16780,0.12300,0.10020,0.13150,0.15470,0.13370,0.18560,0.14490,0.50450,0.14530,0.42730,0.14050,0.17760,0.10310,0.09040,0.15910,0.14350,0.13810,0.18130,0.28980,0.39320,0.15000,0.28070,0.29930,0.16280,0.31910,0.08790,0.14780,0.13430,0.13790,0.14670,0.22080,0.26220,0.13680,0.22560,0.20730,0.14590,0.24800,0.08100,0.09750,0.10190,0.10330,0.11050,0.15800,0.08810,0.10500,0.08140,0.17570,0.08520,0.16110
7:40:34,0.20800,0.13430,0.13910,0.10870,0.87800,0.13300,1.05700,0.14300,1.05000,0.15330,0.53600,0.16080,0.15520,0.15440,0.13090,0.13580,0.67190,1.02970,1.07350,0.16750,1.06770,0.22660,0.38640,0.16370,0.14260,0.12660,0.13890,0.15660,0.42660,0.92620,1.08770,0.13800,1.06860,0.15560,0.26170,0.14640,0.11960,0.14060,0.13630,0.14490,0.13680,0.65540,0.14180,0.14360,0.13290,0.16510,0.16310,0.12410,0.10050,0.13230,0.15590,0.13450,0.18780,0.14590,0.51160,0.14630,0.43370,0.14150,0.17920,0.10340,0.09070,0.16040,0.14460,0.13910,0.18300,0.29350,0.39890,0.15090,0.28440,0.30340,0.16420,0.32360,0.08800,0.14890,0.13520,0.13880,0.14800,0.22360,0.26560,0.13780,0.22850,0.21010,0.14690,0.25110,0.08100,0.09770,0.10250,0.10390,0.11110,0.15960,0.08820,0.10560,0.08130,0.17760,0.08520,0.16250
7:50:34,0.21020,0.13500,0.14010,0.10930,0.88600,0.13430,1.05550,0.14420,1.04840,0.15450,0.54290,0.16200,0.15680,0.15590,0.13150,0.13700,0.68040,1.03260,1.07220,0.16880,1.06580,0.22930,0.39260,0.16520,0.14400,0.12740,0.13990,0.15780,0.43260,0.93400,1.08690,0.13930,1.06790,0.15730,0.26510,0.14750,0.12020,0.14160,0.13720,0.14600,0.13780,0.66420,0.14290,0.14460,0.13390,0.16670,0.17140,0.12510,0.10080,0.13310,0.15710,0.13530,0.18990,0.14680,0.51860,0.14730,0.44010,0.14240,0.18080,0.10370,0.09110,0.16160,0.14550,0.14010,0.18480,0.29720,0.40440,0.15180,0.28800,0.30760,0.16560,0.32810,0.08830,0.15000,0.13600,0.13970,0.14920,0.22640,0.26880,0.13870,0.23140,0.21270,0.14810,0.25420,0.08110,0.09800,0.10290,0.10440,0.11180,0.16120,0.08830,0.10620,0.08140,0.17940,0.08530,0.16410
8:00:34,0.21250,0.13580,0.14090,0.10980,0.89410,0.13530,1.05440,0.14560,1.04670,0.15580,0.55030,0.16330,0.15840,0.15740,0.13220,0.13800,0.68930,1.03560,1.07080,0.17040,1.06490,0.23190,0.39860,0.16660,0.14530,0.12820,0.14070,0.15890,0.43860,0.94130,1.08570,0.14050,1.06580,0.15900,0.26840,0.14850,0.12110,0.14250,0.13800,0.14690,0.13870,0.67240,0.14390,0.14570,0.13490,0.16820,0.16230,0.12620,0.10110,0.13390,0.15830,0.13610,0.19220,0.14780,0.52590,0.14820,0.44660,0.14330,0.18230,0.10400,0.09140,0.16290,0.14650,0.14100,0.18640,0.30100,0.40990,0.15310,0.29180,0.31150,0.16690,0.33260,0.08840,0.15110,0.13690,0.14060,0.15040,0.22920,0.27230,0.13970,0.23430,0.21540,0.14920,0.25740,0.08110,0.09840,0.10340,0.10500,0.11240,0.16280,0.08850,0.10680,0.08140,0.18120,0.08540,0.16560
8:10:34,0.21490,0.13650,0.14180,0.11050,0.90140,0.13650,1.05290,0.14670,1.04570,0.15700,0.55780,0.16410,0.16010,0.15890,0.13270,0.13900,0.69800,1.03760,1.06980,0.17180,1.06340,0.23450,0.40430,0.16790,0.14650,0.12900,0.14150,0.16000,0.44460,0.94850,1.08470,0.14180,1.06480,0.16080,0.27170,0.14940,0.12160,0.14340,0.13880,0.14780,0.13960,0.68100,0.14500,0.14670,0.13600,0.16970,0.16610,0.12730,0.10140,0.13460,0.15950,0.13680,0.19410,0.14880,0.53260,0.14910,0.45280,0.14430,0.18380,0.10420,0.09160,0.16430,0.14740,0.14200,0.18800,0.30460,0.41530,0.15400,0.29560,0.31540,0.16820,0.33690,0.08850,0.15220,0.13760,0.14140,0.15150,0.23190,0.27570,0.14050,0.23710,0.21810,0.15020,0.26060,0.08110,0.09870,0.10380,0.10550,0.11310,0.16440,0.08860,0.10750,0.08150,0.18300,0.08540,0.16700
8:20:34,0.21730,0.13730,0.14260,0.11100,0.90850,0.13770,1.05190,0.14790,1.04390,0.15830,0.56470,0.16520,0.16200,0.16050,0.13340,0.14020,0.70630,1.04010,1.06780,0.17310,1.06260,0.23720,0.41000,0.16940,0.14780,0.12990,0.14240,0.16110,0.45050,0.95510,1.08380,0.14320,1.06350,0.16260,0.27510,0.15050,0.12240,0.14430,0.13960,0.14880,0.14060,0.68910,0.14620,0.14790,0.13710,0.17130,0.16370,0.12830,0.10190,0.13550,0.16070,0.13770,0.19630,0.14980,0.54000,0.15010,0.45930,0.14520,0.18540,0.10460,0.09190,0.16560,0.14840,0.14300,0.18960,0.30830,0.42070,0.15540,0.29950,0.31930,0.16940,0.34150,0.08880,0.15330,0.13850,0.14230,0.15280,0.23460,0.27900,0.14140,0.24000,0.22090,0.15120,0.26370,0.08120,0.09910,0.10440,0.10610,0.11380,0.16610,0.08890,0.10820,0.08140,0.18480,0.08550,0.16850
8:30:34,0.21970,0.13800,0.14350,0.11180,0.91560,0.13890,1.05060,0.14920,1.04270,0.15950,0.57200,0.16630,0.16400,0.16200,0.13400,0.14140,0.71400,1.04220,1.06660,0.17440,1.06170,0.23970,0.41530,0.17090,0.14910,0.13080,0.14310,0.16220,0.45640,0.96160,1.08270,0.14440,1.06250,0.16460,0.27850,0.15160,0.12300,0.14540,0.14040,0.14980,0.14150,0.69720,0.14710,0.14890,0.13810,0.17280,0.16990,0.12930,0.10240,0.13620,0.16190,0.13850,0.19850,0.15070,0.54690,0.15100,0.46570,0.14610,0.18690,0.10490,0.09220,0.16690,0.14940,0.14400,0.19150,0.31210,0.42600,0.15630,0.30330,0.32330,0.17070,0.34600,0.08900,0.15440,0.13930,0.14310,0.15390,0.23740,0.28230,0.14220,0.24290,0.22360,0.15220,0.26700,0.08110,0.09940,0.10490,0.10670,0.11440,0.16780,0.08900,0.10880,0.08140,0.18660,0.08550,0.17000
8:40:34,0.22230,0.13900,0.14460,0.11270,0.92240,0.14030,1.04910,0.15070,1.04140,0.16090,0.57950,0.16760,0.16610,0.16370,0.13490,0.14260,0.72250,1.04420,1.06520,0.17600,1.05960,0.24250,0.42080,0.17260,0.15060,0.13190,0.14410,0.16350,0.46240,0.96850,1.08170,0.14600,1.06100,0.16680,0.28180,0.15270,0.12390,0.14640,0.14140,0.15100,0.14260,0.70550,0.14830,0.15000,0.13930,0.17450,0.16730,0.13050,0.10300,0.13720,0.16330,0.13940,0.20100,0.15180,0.55420,0.15210,0.47210,0.14710,0.18860,0.10540,0.09260,0.16830,0.15060,0.14500,0.19330,0.31590,0.43150,0.15750,0.30720,0.32740,0.17210,0.35070,0.08930,0.15560,0.14020,0.14420,0.15520,0.24040,0.28580,0.14320,0.24590,0.22660,0.15340,0.27040,0.08130,0.09980,0.10560,0.10740,0.11520,0.16960,0.08930,0.10970,0.08160,0.18850,0.08570,0.17150
8:50:33,0.22470,0.13970,0.14550,0.11330,0.92840,0.14140,1.04780,0.15180,1.04020,0.16200,0.58660,0.16850,0.16820,0.16520,0.13550,0.14360,0.73100,1.04520,1.06410,0.17730,1.05890,0.24500,0.42600,0.17420,0.15170,0.13280,0.14490,0.16440,0.46810,0.97390,1.08050,0.14710,1.05930,0.16870,0.28500,0.15380,0.12450,0.14730,0.14210,0.15190,0.14350,0.71310,0.14920,0.15100,0.14040,0.17590,0.16540,0.13140,0.10340,0.13790,0.16440,0.14000,0.20320,0.15260,0.56090,0.15300,0.47830,0.14810,0.19010,0.10580,0.09280,0.16960,0.15150,0.14590,0.19480,0.31950,0.43680,0.15820,0.31090,0.33140,0.17340,0.35520,0.08930,0.15660,0.14100,0.14500,0.15630,0.24310,0.28910,0.14410,0.24860,0.22930,0.15430,0.27350,0.08120,0.10000,0.10600,0.10800,0.11580,0.17120,0.08940,0.11020,0.08150,0.19030,0.08560,0.17290
9:00:34,0.22720,0.14040,0.14630,0.11390,0.93490,0.14270,1.04630,0.15300,1.03850,0.16320,0.59310,0.16960,0.17030,0.16680,0.13620,0.14480,0.73860,1.04680,1.06300,0.17880,1.05770,0.24760,0.43130,0.17600,0.15310,0.13370,0.14580,0.16560,0.47400,0.98000,1.07970,0.14860,1.05750,0.17070,0.28820,0.15490,0.12530,0.14830,0.14290,0.15290,0.14430,0.72100,0.15030,0.15200,0.14140,0.17740,0.16970,0.13240,0.10380,0.13870,0.16570,0.14090,0.20550,0.15350,0.56800,0.15390,0.48480,0.14900,0.19170,0.10610,0.09310,0.17090,0.15250,0.14690,0.19650,0.32330,0.44190,0.15900,0.31460,0.33540,0.17460,0.35980,0.08960,0.15770,0.14180,0.14580,0.15750,0.24590,0.29240,0.14490,0.25150,0.23210,0.15540,0.27670,0.08130,0.10020,0.10660,0.10860,0.11650,0.17290,0.08960,0.11090,0.08160,0.19220,0.08580,0.17450
9:10:34,0.22970,0.14110,0.14720,0.11440,0.94020,0.14380,1.04520,0.15400,1.03750,0.16430,0.60000,0.17070,0.17240,0.16830,0.13680,0.14580,0.74570,1.04770,1.06190,0.18020,1.05630,0.25000,0.43670,0.17770,0.15430,0.13460,0.14660,0.16660,0.47960,0.98580,1.07830,0.14990,1.05680,0.17250,0.29140,0.15590,0.12580,0.14910,0.14370,0.15380,0.14530,0.72860,0.15120,0.15290,0.14250,0.17890,0.16710,0.13330,0.10420,0.13940,0.16700,0.14160,0.20760,0.15430,0.57470,0.15480,0.49090,0.14990,0.19320,0.10640,0.09330,0.17210,0.15350,0.14780,0.19820,0.32710,0.44730,0.16040,0.31820,0.33930,0.17600,0.36430,0.08970,0.15860,0.14260,0.14670,0.15860,0.24870,0.29560,0.14580,0.25430,0.23480,0.15630,0.27990,0.08150,0.10050,0.10700,0.10920,0.11710,0.17450,0.08980,0.11150,0.08160,0.19410,0.08580,0.17580
9:20:34,0.23210,0.14170,0.14810,0.11500,0.94580,0.14480,1.04380,0.15520,1.03620,0.16550,0.60740,0.17160,0.17440,0.16960,0.13730,0.14700,0.75330,1.04910,1.06050,0.18170,1.05540,0.25270,0.44190,0.17940,0.15550,0.13540,0.14730,0.16760,0.48530,0.98990,1.07660,0.15120,1.05490,0.17430,0.29460,0.15690,0.12650,0.15000,0.14440,0.15470,0.14610,0.73600,0.15210,0.15380,0.14340,0.18030,0.16870,0.13420,0.10450,0.14000,0.16820,0.14220,0.20970,0.15510,0.58130,0.15550,0.49670,0.15050,0.19480,0.10650,0.09350,0.17320,0.15440,0.14860,0.19980,0.33080,0.45240,0.16140,0.32180,0.34330,0.17720,0.36890,0.08980,0.15960,0.14330,0.14750,0.15970,0.25130,0.29880,0.14660,0.25700,0.23750,0.15720,0.28300,0.08130,0.10070,0.10730,0.10970,0.11770,0.17620,0.08980,0.11210,0.08170,0.19590,0.08570,0.17720
9:30:34,0.23470,0.14250,0.14900,0.11560,0.95110,0.14610,1.04330,0.15640,1.03490,0.16660,0.61420,0.17270,0.17650,0.17110,0.13800,0.14810,0.76060,1.04980,1.05920,0.18310,1.05470,0.25520,0.44710,0.18120,0.15670,0.13620,0.14810,0.16870,0.49100,0.99540,1.07560,0.15250,1.05340,0.17640,0.29770,0.15810,0.12710,0.15090,0.14510,0.15560,0.14700,0.74350,0.15320,0.15480,0.14440,0.18170,0.16710,0.13510,0.10500,0.14070,0.16950,0.14300,0.21190,0.15600,0.58790,0.15630,0.50280,0.15150,0.19640,0.10690,0.09370,0.17450,0.15520,0.14960,0.20130,0.33450,0.45760,0.16190,0.32560,0.34740,0.17850,0.37360,0.09000,0.16060,0.14410,0.14840,0.16090,0.25420,0.30190,0.14750,0.25980,0.24020,0.15820,0.28630,0.08130,0.10090,0.10790,0.11020,0.11840,0.17770,0.09000,0.11280,0.08160,0.19770,0.08580,0.17860
9:40:34,0.23650,0.14240,0.14930,0.11520,0.95580,0.14660,1.04120,0.15710,1.03380,0.16720,0.62020,0.17320,0.17750,0.17180,0.13800,0.14850,0.76790,1.05030,1.05810,0.18400,1.05270,0.25730,0.45150,0.18220,0.15730,0.13630,0.14850,0.16940,0.49620,1.00040,1.07410,0.15330,1.05230,0.17740,0.30050,0.15860,0.12700,0.15130,0.14550,0.15610,0.14740,0.75020,0.15380,0.15530,0.14490,0.18280,0.16760,0.13540,0.10370,0.14100,0.17050,0.14340,0.21360,0.15650,0.59430,0.15690,0.50840,0.15200,0.19770,0.10630,0.09300,0.17530,0.15600,0.15010,0.20250,0.33800,0.46250,0.16270,0.32790,0.35100,0.17940,0.37730,0.08910,0.16120,0.14460,0.14890,0.16170,0.25660,0.30480,0.14800,0.26220,0.24240,0.15880,0.28840,0.08110,0.09970,0.10780,0.11020,0.11860,0.17880,0.08910,0.11290,0.08140,0.19920,0.08500,0.17930
9:50:34,0.23800,0.14190,0.14910,0.11390,0.96040,0.14670,1.03920,0.15710,1.03190,0.16740,0.62630,0.17330,0.17770,0.17190,0.13740,0.14830,0.77410,1.05040,1.05650,0.18460,1.05100,0.25890,0.45550,0.18250,0.15720,0.13510,0.14840,0.16950,0.50110,1.00460,1.07220,0.15350,1.04960,0.17690,0.30250,0.15860,0.12610,0.15120,0.14540,0.15600,0.14730,0.75680,0.15370,0.15540,0.14490,0.18330,0.16840,0.13500,0.10200,0.14070,0.17090,0.14310,0.21440,0.15640,0.60010,0.15680,0.51320,0.15190,0.19850,0.10390,0.09260,0.17560,0.15600,0.15010,0.20320,0.34090,0.46690,0.16290,0.32860,0.35410,0.17990,0.37970,0.08850,0.16130,0.14450,0.14880,0.16200,0.25830,0.30710,0.14800,0.26390,0.24380,0.15890,0.28820,0.08090,0.09730,0.10680,0.10930,0.11820,0.17870,0.08790,0.11200,0.08130,0.20010,0.08490,0.18050
10:00:34,0.24000,0.14190,0.14930,0.11320,0.96480,0.14720,1.03770,0.15770,1.03070,0.16800,0.63330,0.17390,0.17840,0.17240,0.13710,0.14830,0.78110,1.04950,1.05500,0.18550,1.04900,0.26100,0.45950,0.18320,0.15730,0.13410,0.14850,0.17000,0.50590,1.00830,1.07060,0.15390,1.04840,0.17650,0.30510,0.15910,0.12550,0.15130,0.14540,0.15630,0.14750,0.76300,0.15400,0.15560,0.14510,0.18410,0.17170,0.13510,0.10290,0.14060,0.17160,0.14310,0.21570,0.15650,0.60620,0.15700,0.51840,0.15210,0.19960,0.10040,0.09270,0.17610,0.15630,0.15030,0.20440,0.34380,0.47150,0.16330,0.33290,0.35750,0.18050,0.38150,0.08860,0.16150,0.14450,0.14900,0.16240,0.26010,0.30970,0.14810,0.26580,0.24530,0.15920,0.29100,0.08100,0.09780,0.10590,0.10830,0.11790,0.17870,0.08820,0.11140,0.08150,0.20120,0.08490,0.18200

