Corrected [600]
	1	2	3	4	5	6	7	8	9	10	11	12
A	0.36600	0.08652	0.38587	0.08888	0.40740	0.08468	0.37189	0.08350	0.36399	0.08198	0.37652	0.08134	Corrected [600]
B	0.30022	0.46301	0.30214	0.42283	0.31547	0.37446	0.27284	0.37368	0.28615	0.37634	0.29895	0.36412	Corrected [600]
C	0.20012	0.34704	0.20116	0.33680	0.20697	0.26938	0.17024	0.27715	0.18526	0.27665	0.21757	0.25932	Corrected [600]
D	0.08570	0.22734	0.08302	0.18992	0.08369	0.19071	0.08294	0.19620	0.08227	0.16765	0.08120	0.16415	Corrected [600]
E	0.50127	0.08332	0.47461	0.08484	0.44760	0.09048	0.40743	0.08483	0.39054	0.08363	0.36852	0.08105	Corrected [600]
F	0.37656	0.47416	0.37367	0.45674	0.33766	0.50355	0.30637	0.45154	0.31796	0.39206	0.26148	0.31763	Corrected [600]
G	0.22439	0.35557	0.23134	0.32514	0.23386	0.40931	0.20164	0.32806	0.20832	0.28235	0.16566	0.23506	Corrected [600]
H	0.08542	0.22394	0.08227	0.20068	0.08320	0.22814	0.08303	0.21065	0.08150	0.18424	0.08189	0.15657	Corrected [600]

