Corrected [600]
	1	2	3	4	5	6	7	8	9	10	11	12
A	0.43820	0.07466	0.40294	0.07447	0.37625	0.07589	0.35091	0.07567	0.39545	0.07405	0.35145	0.06860	Corrected [600]
B	0.28937	0.42984	0.28414	0.42626	0.29204	0.40809	0.26713	0.40896	0.29797	0.38198	0.27984	0.36165	Corrected [600]
C	0.18752	0.32159	0.20696	0.32293	0.19372	0.31298	0.19658	0.30851	0.19607	0.30768	0.19442	0.28375	Corrected [600]
D	0.07475	0.20506	0.07382	0.20557	0.07517	0.20842	0.07556	0.20307	0.07395	0.19222	0.07295	0.18362	Corrected [600]
E	0.41475	0.07396	0.43652	0.07524	0.40835	0.07511	0.38750	0.07615	0.42357	0.07728	0.40286	0.07288	Corrected [600]
F	0.32416	0.43662	0.31742	0.44794	0.32959	0.48629	0.33106	0.42851	0.30934	0.43156	0.29645	0.35856	Corrected [600]
G	0.19682	0.35621	0.21864	0.35914	0.21193	0.34213	0.20762	0.31357	0.20198	0.33581	0.20013	0.27842	Corrected [600]
H	0.07467	0.20517	0.13795	0.19991	0.07478	0.19832	0.07491	0.18976	0.07322	0.18137	0.07427	0.18216	Corrected [600]

