Corrected [600]
	1	2	3	4	5	6	7	8	9	10	11	12
A	0.52183	0.07926	0.55199	0.07926	0.56755	0.07862	0.53477	0.07967	0.52901	0.07930	0.53567	0.07798	Corrected [600]
B	0.41550	0.59907	0.41962	0.58465	0.40625	0.52293	0.39949	0.50446	0.40339	0.50700	0.39040	0.53172	Corrected [600]
C	0.26159	0.43300	0.24047	0.40447	0.24906	0.38935	0.24163	0.38182	0.24619	0.37716	0.24344	0.36686	Corrected [600]
D	0.07784	0.23439	0.07640	0.24446	0.07787	0.25208	0.07973	0.25360	0.07731	0.23319	0.07725	0.22881	Corrected [600]
E	0.54000	0.07714	0.62536	0.07867	0.58077	0.07937	0.59271	0.08058	0.54454	0.07849	0.53864	0.07723	Corrected [600]
F	0.37441	0.56603	0.42015	0.59096	0.40397	0.62029	0.41479	0.54317	0.41478	0.54728	0.40377	0.52899	Corrected [600]
G	0.23024	0.43037	0.25918	0.45493	0.25270	0.43032	0.24704	0.41402	0.25055	0.39924	0.24837	0.38906	Corrected [600]
H	0.07852	0.23919	0.07795	0.24938	0.07662	0.25527	0.08016	0.24551	0.07930	0.24630	0.07846	0.23869	Corrected [600]

