Corrected [600]
	1	2	3	4	5	6	7	8	9	10	11	12
A	0.38443	0.07230	0.32282	0.07296	0.32137	0.07226	0.29915	0.07137	0.30363	0.07115	0.29746	0.07470	Corrected [600]
B	0.28588	0.33593	0.28235	0.33837	0.26132	0.33897	0.25407	0.32465	0.24072	0.31848	0.28331	0.29907	Corrected [600]
C	0.20102	0.28748	0.19337	0.26990	0.17923	0.26584	0.18057	0.25550	0.17213	0.26160	0.16895	0.23720	Corrected [600]
D	0.07303	0.17656	0.07134	0.17202	0.07163	0.19326	0.07068	0.17847	0.07054	0.17520	0.07072	0.17185	Corrected [600]
E	0.35780	0.07240	0.35632	0.07156	0.39185	0.07029	0.34852	0.07083	0.32356	0.07101	0.32070	0.07108	Corrected [600]
F	0.27582	0.37812	0.28709	0.40223	0.30040	0.37935	0.27010	0.35571	0.26792	0.34776	0.24784	0.29543	Corrected [600]
G	0.18951	0.29300	0.19494	0.32213	0.20126	0.29391	0.18667	0.27020	0.17732	0.26570	0.17886	0.24685	Corrected [600]
H	0.07134	0.19918	0.06590	0.19441	0.07123	0.18343	0.07055	0.17981	0.09093	0.16611	0.08113	0.24415	Corrected [600]

