420

Time,A1,A2,A3,A4,A5,A6,A7,A8,A9,A10,A11,A12,B1,B2,B3,B4,B5,B6,B7,B8,B9,B10,B11,B12,C1,C2,C3,C4,C5,C6,C7,C8,C9,C10,C11,C12,D1,D2,D3,D4,D5,D6,D7,D8,D9,D10,D11,D12,E1,E2,E3,E4,E5,E6,E7,E8,E9,E10,E11,E12,F1,F2,F3,F4,F5,F6,F7,F8,F9,F10,F11,F12,G1,G2,G3,G4,G5,G6,G7,G8,G9,G10,G11,G12,H1,H2,H3,H4,H5,H6,H7,H8,H9,H10,H11,H12
0:00:09,0.27600,0.08370,0.09600,0.09030,0.10490,0.08480,0.10250,0.08140,0.10770,0.08430,0.10540,0.09020,0.24600,0.09780,0.10430,0.09490,0.09700,0.10790,0.10700,0.09210,0.10200,0.09680,0.10110,0.09520,0.16760,0.10490,0.11720,0.09550,0.10730,0.09690,0.10410,0.09780,0.10100,0.29560,0.09280,0.09120,0.08770,0.13030,0.11180,0.09030,0.08280,0.11090,0.08990,0.11340,0.33120,0.35610,0.19910,0.08790,0.10030,0.32070,0.31010,0.08680,0.17120,0.07800,0.18770,0.09980,0.37550,0.08460,0.33760,0.08410,0.13450,0.34510,0.18470,0.10420,0.34320,0.28750,0.19370,0.33430,0.32540,0.43180,0.37890,0.09110,0.39880,0.40870,0.38770,0.10470,0.19690,0.41370,0.16300,0.36790,0.16810,0.20740,0.10040,0.09130,0.37310,0.29990,0.24440,0.18040,0.12500,0.10630,0.08150,0.42590,0.39620,0.31060,0.08270,0.08790
0:01:49,0.33830,0.08340,0.09620,0.09000,0.11490,0.08450,0.11280,0.08120,0.11900,0.08400,0.11540,0.08990,0.28530,0.10230,0.10590,0.09730,0.10420,0.09110,0.11350,0.09450,0.11170,0.10170,0.10840,0.10160,0.19600,0.10770,0.11780,0.09700,0.11100,0.09300,0.10740,0.09850,0.10440,0.29550,0.09680,0.09600,0.08750,0.13400,0.11280,0.09140,0.08240,0.11130,0.08970,0.11270,0.32780,0.35440,0.19670,0.09120,0.10220,0.31690,0.31290,0.08650,0.20170,0.07780,0.19180,0.08990,0.37960,0.08420,0.35480,0.08380,0.13560,0.36970,0.18310,0.11000,0.36090,0.28690,0.21390,0.33660,0.17340,0.44140,0.37810,0.09050,0.39400,0.41790,0.38280,0.10750,0.39560,0.39730,0.17600,0.36190,0.16990,0.20550,0.10180,0.09270,0.07670,0.30600,0.24060,0.17840,0.12490,0.10650,0.08120,0.41910,0.39470,0.31320,0.08220,0.08740
0:03:29,0.40590,0.08340,0.09720,0.08980,0.12620,0.08440,0.12330,0.08100,0.13470,0.08390,0.12870,0.08970,0.33660,0.10740,0.10610,0.10070,0.11070,0.09340,0.12220,0.09720,0.12340,0.10820,0.11790,0.10970,0.23300,0.11110,0.11860,0.09900,0.11410,0.09890,0.11160,0.10000,0.10980,0.29870,0.10130,0.10320,0.08740,0.13600,0.11270,0.09310,0.08220,0.11110,0.08960,0.11380,0.32700,0.35680,0.19540,0.09490,0.10450,0.31100,0.21140,0.08640,0.23380,0.07770,0.24510,0.08950,0.38430,0.08400,0.35660,0.08360,0.13670,0.39000,0.18290,0.11500,0.38000,0.35410,0.23400,0.33880,0.32770,0.44320,0.38060,0.09000,0.39130,0.42950,0.38200,0.11190,0.45690,0.39170,0.18940,0.36070,0.17220,0.21240,0.10350,0.09290,0.07660,0.31090,0.23720,0.18080,0.12290,0.10660,0.08110,0.41210,0.38610,0.30950,0.07760,0.08750
0:05:09,0.47440,0.08320,0.09810,0.08960,0.13870,0.08410,0.13450,0.08170,0.15070,0.08360,0.14390,0.08960,0.38620,0.11290,0.10700,0.10400,0.11730,0.11250,0.13100,0.09970,0.13580,0.11550,0.12780,0.11900,0.26880,0.11530,0.11840,0.10130,0.11790,0.09500,0.11580,0.10140,0.11460,0.30120,0.10650,0.11050,0.08720,0.13840,0.11230,0.09480,0.08190,0.11090,0.08930,0.11410,0.32270,0.35610,0.19360,0.09910,0.10670,0.30670,0.21470,0.08620,0.26500,0.07760,0.26480,0.08940,0.39060,0.08380,0.36700,0.08330,0.13730,0.40960,0.18660,0.12120,0.39730,0.28880,0.25600,0.34240,0.18380,0.45260,0.38220,0.09030,0.38770,0.44080,0.37980,0.11690,0.46810,0.39260,0.20370,0.35940,0.17530,0.21500,0.10580,0.09270,0.07650,0.31760,0.23380,0.18290,0.12160,0.10750,0.08080,0.41590,0.38150,0.15540,0.07750,0.08740
0:06:49,0.54540,0.08300,0.09910,0.08940,0.15140,0.08410,0.14610,0.08150,0.16590,0.08350,0.16110,0.08930,0.44090,0.11860,0.10720,0.10780,0.12450,0.11240,0.14070,0.10230,0.14840,0.12290,0.13860,0.12910,0.30640,0.11960,0.11840,0.10370,0.12200,0.10070,0.12100,0.10300,0.12010,0.30390,0.11190,0.11850,0.08710,0.14110,0.11230,0.09650,0.08180,0.11110,0.08290,0.11490,0.32180,0.35720,0.19170,0.10370,0.10910,0.30150,0.21480,0.08610,0.29960,0.07750,0.31370,0.08910,0.45100,0.08360,0.37100,0.08310,0.13860,0.42880,0.18880,0.12760,0.41950,0.29010,0.27860,0.34800,0.33180,0.45990,0.38680,0.09090,0.38380,0.45330,0.37790,0.12160,0.48140,0.38850,0.21830,0.35660,0.17790,0.21980,0.10810,0.09290,0.07640,0.32550,0.23080,0.18380,0.12280,0.10860,0.08080,0.41480,0.37670,0.31540,0.07740,0.08760
0:08:29,0.61260,0.08300,0.10020,0.08930,0.16370,0.08400,0.15850,0.08150,0.18190,0.08350,0.18000,0.08940,0.49370,0.12470,0.10770,0.11180,0.13180,0.11470,0.15090,0.10530,0.16120,0.13100,0.15000,0.13950,0.34290,0.12430,0.11870,0.10640,0.12590,0.09730,0.12210,0.10500,0.12580,0.30800,0.11790,0.12730,0.08700,0.14300,0.11190,0.09850,0.08160,0.11140,0.07680,0.11460,0.31960,0.35800,0.18970,0.10870,0.11180,0.29900,0.22080,0.08600,0.33170,0.07760,0.33250,0.08890,0.39910,0.08350,0.37430,0.08300,0.14020,0.45210,0.19200,0.13450,0.43890,0.29110,0.30100,0.35260,0.33730,0.46940,0.38920,0.09160,0.38140,0.46810,0.37450,0.12640,0.49220,0.39480,0.23380,0.35660,0.18160,0.22460,0.11070,0.09330,0.07640,0.33380,0.22790,0.18410,0.11970,0.10940,0.08070,0.41360,0.36690,0.31970,0.07730,0.08770
0:10:09,0.67830,0.08290,0.10160,0.08920,0.17630,0.08400,0.17110,0.08150,0.19860,0.08340,0.19890,0.08930,0.54450,0.13100,0.10840,0.11630,0.13890,0.11660,0.16130,0.10800,0.17520,0.13920,0.16240,0.15060,0.37860,0.12940,0.11840,0.10930,0.13020,0.10300,0.12300,0.10690,0.13160,0.31000,0.12380,0.13630,0.08320,0.14540,0.11180,0.10060,0.08170,0.11170,0.07670,0.11740,0.31660,0.35770,0.18890,0.11370,0.11450,0.29390,0.22760,0.08590,0.36590,0.07760,0.38760,0.08870,0.27780,0.08340,0.38660,0.08300,0.14180,0.47290,0.19040,0.14180,0.45950,0.29290,0.32430,0.35570,0.34000,0.47380,0.39270,0.09240,0.37760,0.48140,0.37310,0.13280,0.50350,0.39030,0.24850,0.35540,0.18410,0.23080,0.11380,0.09370,0.07630,0.34260,0.22520,0.18470,0.12100,0.11170,0.08070,0.41400,0.36540,0.31970,0.07730,0.08810
0:11:49,0.74160,0.08290,0.10280,0.08910,0.18870,0.08390,0.18410,0.08140,0.21620,0.08330,0.21840,0.08930,0.60020,0.13750,0.10880,0.12110,0.14660,0.11810,0.17160,0.11150,0.18990,0.14760,0.17490,0.16160,0.41440,0.13430,0.11850,0.11220,0.13430,0.09970,0.12580,0.10850,0.13730,0.31260,0.13000,0.14550,0.08310,0.14750,0.11150,0.10250,0.08160,0.11210,0.07660,0.11600,0.31340,0.35780,0.18670,0.11870,0.11740,0.29090,0.22900,0.08580,0.39790,0.07740,0.41090,0.08850,0.41570,0.08330,0.39630,0.08280,0.14290,0.49570,0.19540,0.14910,0.47940,0.29560,0.34860,0.35940,0.34510,0.47990,0.39500,0.09290,0.37450,0.49510,0.36990,0.13820,0.51530,0.39330,0.26430,0.35650,0.18750,0.23750,0.11690,0.09330,0.07630,0.34940,0.22130,0.18570,0.11890,0.11380,0.08060,0.41500,0.36910,0.32720,0.07720,0.08810
0:13:29,0.80110,0.08290,0.10420,0.08890,0.20080,0.08380,0.19710,0.08120,0.23570,0.08320,0.23720,0.08920,0.65160,0.14400,0.10940,0.12590,0.15410,0.12020,0.18200,0.11420,0.20590,0.15660,0.18760,0.17340,0.45120,0.13930,0.11830,0.11520,0.13880,0.10540,0.12970,0.11030,0.14300,0.31650,0.13560,0.15440,0.08290,0.14980,0.11130,0.10450,0.08140,0.11230,0.07650,0.11860,0.31170,0.21850,0.18480,0.12380,0.12040,0.28650,0.23020,0.08570,0.43090,0.07710,0.46130,0.08820,0.47320,0.08310,0.39500,0.08280,0.14480,0.51810,0.19740,0.15690,0.49930,0.29750,0.37330,0.36360,0.34850,0.48640,0.39730,0.09370,0.37200,0.50780,0.36830,0.14410,0.52760,0.38620,0.27940,0.35500,0.18910,0.24050,0.12030,0.09420,0.07620,0.35400,0.21870,0.18650,0.11820,0.11520,0.08050,0.40040,0.35620,0.32500,0.07700,0.08840
0:15:09,0.86010,0.08270,0.10560,0.08870,0.21340,0.08360,0.21130,0.08030,0.25540,0.08310,0.25850,0.08940,0.70180,0.15070,0.11000,0.13090,0.16220,0.12190,0.19200,0.11750,0.22150,0.16570,0.20030,0.18440,0.48740,0.14400,0.11850,0.11820,0.14300,0.10220,0.13370,0.11230,0.14870,0.31880,0.14150,0.16310,0.08280,0.15210,0.11100,0.10640,0.08130,0.11260,0.07640,0.11850,0.30780,0.35920,0.18330,0.12890,0.12360,0.28290,0.23380,0.08570,0.46310,0.07700,0.48860,0.08780,0.42580,0.08300,0.40680,0.08270,0.14580,0.54100,0.19810,0.16500,0.51740,0.37350,0.39830,0.36680,0.35200,0.49850,0.40100,0.09410,0.36940,0.51960,0.36580,0.14960,0.53850,0.39100,0.29510,0.35690,0.19300,0.24730,0.12390,0.09430,0.07620,0.36030,0.21550,0.18870,0.11730,0.09570,0.08040,0.40420,0.36220,0.32700,0.07690,0.08850
0:16:49,0.91430,0.08280,0.10690,0.08870,0.22620,0.08380,0.22580,0.08040,0.27510,0.08310,0.27960,0.08940,0.75280,0.15760,0.11050,0.13630,0.17060,0.12410,0.20240,0.12110,0.23610,0.17490,0.21340,0.19570,0.52290,0.14890,0.11840,0.12130,0.14730,0.10780,0.13810,0.11420,0.15420,0.32200,0.14750,0.17170,0.08280,0.15420,0.11070,0.10840,0.08130,0.11300,0.07640,0.11970,0.30470,0.35870,0.18220,0.13400,0.12690,0.27800,0.23700,0.08560,0.49440,0.07690,0.54090,0.08760,0.30890,0.08310,0.41160,0.08270,0.14780,0.56390,0.19990,0.17330,0.53790,0.30250,0.42380,0.36990,0.21930,0.49900,0.40270,0.09490,0.36670,0.52750,0.36430,0.15550,0.55350,0.45620,0.30960,0.35640,0.19420,0.25190,0.12730,0.09490,0.07800,0.36810,0.21310,0.19130,0.11680,0.09780,0.08030,0.41030,0.34680,0.33230,0.07700,0.08890
0:18:29,0.96780,0.08230,0.10810,0.08880,0.23910,0.08370,0.24110,0.08040,0.29440,0.08310,0.29970,0.08960,0.79970,0.16440,0.11120,0.14130,0.17930,0.12710,0.21240,0.12490,0.25090,0.18420,0.22640,0.20690,0.55820,0.15370,0.11830,0.12460,0.15180,0.10480,0.14370,0.11600,0.16130,0.32620,0.15390,0.18060,0.08280,0.15600,0.11040,0.11050,0.08130,0.11350,0.07650,0.12110,0.30080,0.36040,0.18090,0.13920,0.13010,0.27690,0.24330,0.08560,0.52490,0.07690,0.56730,0.08740,0.50080,0.08300,0.41980,0.08280,0.14950,0.58870,0.20190,0.18210,0.56150,0.36240,0.44850,0.37320,0.35730,0.50370,0.40500,0.09550,0.36460,0.54500,0.36430,0.16080,0.56740,0.38920,0.32420,0.35780,0.16350,0.25680,0.13060,0.09530,0.07740,0.37450,0.21010,0.19370,0.11590,0.10010,0.08030,0.40130,0.35440,0.32220,0.07700,0.08920
0:20:09,1.01770,0.08290,0.10930,0.08860,0.25220,0.08360,0.25650,0.08040,0.31480,0.08300,0.31950,0.08950,0.84640,0.17100,0.11150,0.14650,0.18870,0.12960,0.22380,0.12840,0.26540,0.19330,0.23970,0.21890,0.59250,0.15830,0.11810,0.12790,0.15630,0.11010,0.14900,0.11790,0.16900,0.32870,0.15990,0.18920,0.08260,0.15820,0.11010,0.11240,0.08120,0.11380,0.07640,0.12010,0.29850,0.35810,0.17890,0.14430,0.13290,0.27340,0.24190,0.08550,0.55450,0.07680,0.61810,0.08710,0.44960,0.08290,0.42360,0.08260,0.15140,0.61320,0.20360,0.19020,0.59170,0.30860,0.47390,0.37370,0.22820,0.51890,0.40680,0.09650,0.36270,0.56430,0.36180,0.16640,0.57930,0.38720,0.33790,0.35750,0.40310,0.26280,0.13370,0.09570,0.07810,0.38160,0.20730,0.19210,0.11460,0.10230,0.08030,0.39880,0.34250,0.32730,0.07700,0.08940
0:21:49,1.06660,0.08290,0.11060,0.08870,0.26550,0.08370,0.27280,0.08050,0.33580,0.08310,0.33840,0.08970,0.89030,0.17800,0.11210,0.15160,0.19840,0.13190,0.23490,0.13190,0.27980,0.20240,0.25360,0.23250,0.62650,0.16290,0.11790,0.13140,0.16100,0.10710,0.15460,0.11980,0.17670,0.33360,0.16640,0.19750,0.08280,0.16030,0.10980,0.11440,0.08120,0.11420,0.07650,0.12150,0.29340,0.36280,0.17650,0.14950,0.13560,0.27010,0.24630,0.08550,0.58400,0.07680,0.64190,0.08700,0.33510,0.08300,0.44200,0.08280,0.15300,0.63870,0.20480,0.19860,0.61670,0.31240,0.49680,0.37970,0.23250,0.51670,0.40930,0.09750,0.36040,0.58440,0.36090,0.15280,0.59310,0.39250,0.35260,0.35810,0.17140,0.26830,0.13700,0.09640,0.07810,0.39080,0.20450,0.19640,0.11270,0.10460,0.08030,0.40310,0.34430,0.33220,0.07710,0.09000
0:23:29,1.11190,0.08290,0.11190,0.08850,0.27840,0.08380,0.28950,0.08050,0.35790,0.08320,0.35750,0.08990,0.93160,0.18490,0.11250,0.15690,0.20830,0.13400,0.24570,0.13530,0.29390,0.21130,0.26770,0.24400,0.66050,0.16740,0.11760,0.13480,0.16600,0.11260,0.15980,0.12170,0.18400,0.33580,0.17350,0.20560,0.08270,0.16250,0.10930,0.11660,0.08110,0.11450,0.07650,0.12260,0.29080,0.36230,0.17570,0.15440,0.13820,0.26670,0.24830,0.08550,0.62260,0.07670,0.69330,0.08680,0.46530,0.08290,0.44580,0.08280,0.15480,0.66340,0.20570,0.20680,0.64050,0.38750,0.52020,0.38280,0.23740,0.52230,0.41010,0.09820,0.35840,0.43390,0.35950,0.14780,0.60180,0.39010,0.36710,0.36050,0.41080,0.27240,0.13990,0.09690,0.07740,0.40220,0.20260,0.19400,0.11310,0.10680,0.08030,0.39380,0.34480,0.33730,0.07710,0.09040
0:25:09,1.15340,0.08290,0.11350,0.08860,0.29140,0.08380,0.30570,0.08060,0.38070,0.08320,0.37690,0.09010,0.96970,0.19170,0.11320,0.16230,0.21760,0.13610,0.25710,0.13960,0.30880,0.21970,0.28190,0.25540,0.69640,0.17180,0.11770,0.13830,0.17090,0.11050,0.16520,0.12380,0.19100,0.33850,0.18100,0.21440,0.08280,0.16470,0.10940,0.11920,0.08100,0.11460,0.07650,0.12410,0.28940,0.36280,0.17350,0.15970,0.14180,0.26330,0.25390,0.08560,0.65730,0.07670,0.71240,0.08670,0.53010,0.08300,0.44980,0.08300,0.15600,0.68760,0.20930,0.21520,0.66250,0.31830,0.54330,0.38840,0.24460,0.52930,0.41420,0.09920,0.35600,0.61590,0.35720,0.15340,0.61500,0.39290,0.38210,0.36230,0.17840,0.27790,0.14290,0.09740,0.07710,0.41160,0.19960,0.19720,0.11100,0.10900,0.08050,0.39140,0.33170,0.34650,0.07710,0.09080
0:26:49,1.19120,0.08300,0.11500,0.08850,0.30450,0.08390,0.32170,0.08070,0.40290,0.08330,0.39630,0.09010,1.00690,0.19850,0.11370,0.16750,0.22570,0.13860,0.26860,0.14360,0.32530,0.22950,0.29680,0.26920,0.73390,0.17630,0.11750,0.14170,0.17560,0.11620,0.17050,0.12650,0.19800,0.33990,0.18870,0.22380,0.08280,0.16720,0.10890,0.12160,0.08100,0.11520,0.07660,0.12410,0.28730,0.36350,0.17170,0.16530,0.14590,0.25960,0.25520,0.08550,0.68970,0.07670,0.76250,0.08660,0.47980,0.08300,0.46240,0.08300,0.15810,0.71060,0.20960,0.22320,0.68580,0.38200,0.56870,0.39050,0.24920,0.31840,0.41860,0.10030,0.35460,0.46600,0.35560,0.15830,0.62900,0.39620,0.39860,0.36530,0.40570,0.28330,0.14630,0.09810,0.07680,0.42080,0.19750,0.20020,0.11170,0.11140,0.08050,0.38810,0.33200,0.33720,0.07720,0.09130
0:28:29,1.22700,0.08310,0.11660,0.08860,0.31890,0.08410,0.33750,0.08090,0.42500,0.08360,0.41590,0.09030,1.04710,0.20540,0.11410,0.17320,0.23350,0.14100,0.28000,0.14780,0.34240,0.24020,0.31180,0.28570,0.76910,0.18320,0.11770,0.14520,0.18030,0.11400,0.17590,0.12910,0.20490,0.34390,0.19560,0.23500,0.08290,0.16980,0.10860,0.12410,0.07890,0.11620,0.07690,0.12570,0.28180,0.36430,0.17060,0.17140,0.14980,0.25610,0.26050,0.08560,0.72150,0.07680,0.77740,0.08650,0.54330,0.08320,0.46240,0.08330,0.16010,0.73440,0.21110,0.23090,0.70670,0.32510,0.59340,0.39440,0.25150,0.54780,0.42380,0.10130,0.35100,0.64630,0.35440,0.16330,0.64060,0.46360,0.41490,0.37050,0.18540,0.28850,0.14950,0.09870,0.07670,0.43030,0.19630,0.20100,0.11030,0.11390,0.08070,0.39600,0.32980,0.34860,0.07740,0.09170
0:30:09,1.25790,0.08310,0.11810,0.08850,0.33340,0.08420,0.35360,0.08100,0.44620,0.08380,0.43530,0.09040,1.08900,0.21300,0.11490,0.17920,0.24070,0.14320,0.29130,0.15180,0.35920,0.25040,0.32610,0.30020,0.80200,0.18930,0.11750,0.14870,0.18510,0.11950,0.18130,0.13160,0.21150,0.34710,0.20220,0.24600,0.08280,0.17230,0.10790,0.12630,0.07830,0.11680,0.07690,0.12600,0.27830,0.36440,0.16880,0.17780,0.15360,0.25370,0.26220,0.08560,0.75170,0.07680,0.82500,0.08640,0.35260,0.08330,0.47100,0.08350,0.16210,0.75640,0.21140,0.23970,0.72850,0.39170,0.61810,0.39890,0.25830,0.33230,0.42850,0.10240,0.35020,0.50060,0.35500,0.16850,0.64990,0.39310,0.43090,0.37590,0.41380,0.29460,0.15300,0.09990,0.07660,0.43840,0.19320,0.20340,0.10960,0.11650,0.08090,0.38280,0.31820,0.34540,0.07750,0.09220
0:31:49,1.28680,0.08320,0.11970,0.08860,0.34840,0.08460,0.37000,0.08130,0.46710,0.08410,0.45460,0.09050,1.12850,0.22100,0.11580,0.18590,0.24960,0.14610,0.30250,0.15580,0.37520,0.26050,0.34020,0.31390,0.83300,0.19480,0.11820,0.15240,0.19010,0.11730,0.18680,0.13410,0.21850,0.35150,0.20940,0.25630,0.08290,0.17460,0.10780,0.12870,0.07850,0.11780,0.07710,0.12620,0.27670,0.36670,0.16700,0.18410,0.15740,0.25070,0.34480,0.08580,0.78250,0.07680,0.84520,0.08640,0.50350,0.08330,0.48160,0.08390,0.16450,0.77950,0.21440,0.24860,0.75070,0.33200,0.64230,0.40140,0.26230,0.54960,0.43040,0.10350,0.34910,0.67600,0.35210,0.17550,0.66560,0.39940,0.44680,0.37900,0.21930,0.29920,0.15660,0.10050,0.07650,0.44740,0.19000,0.20400,0.10880,0.11940,0.08090,0.39030,0.31550,0.33300,0.07770,0.09270
0:33:29,1.31610,0.08340,0.12120,0.08860,0.36300,0.08480,0.38540,0.08160,0.48740,0.08450,0.47380,0.09090,1.16300,0.22860,0.11660,0.19230,0.25990,0.14850,0.31370,0.15990,0.39110,0.27030,0.35410,0.32690,0.86290,0.20040,0.11810,0.15640,0.19520,0.12320,0.19250,0.13690,0.22560,0.35450,0.21610,0.26630,0.08300,0.17730,0.10730,0.13130,0.07870,0.11860,0.07740,0.12740,0.27390,0.36540,0.16560,0.18990,0.16120,0.24810,0.34630,0.08600,0.81260,0.07710,0.89970,0.08650,0.57360,0.08360,0.48630,0.08440,0.16670,0.80120,0.21660,0.25730,0.77140,0.39770,0.66670,0.40270,0.26860,0.35060,0.43360,0.10480,0.34750,0.53350,0.34880,0.18390,0.67690,0.39370,0.46240,0.38130,0.22180,0.30730,0.16020,0.10140,0.07660,0.45540,0.18760,0.20460,0.10730,0.12230,0.08110,0.38870,0.31270,0.32950,0.07800,0.09330
0:35:09,1.34320,0.08340,0.12270,0.08920,0.37670,0.08510,0.40090,0.08170,0.50720,0.08470,0.49260,0.09090,1.19360,0.23570,0.11740,0.19840,0.27150,0.15100,0.32470,0.16390,0.40630,0.28000,0.36770,0.33970,0.89130,0.20580,0.11820,0.16000,0.20000,0.12080,0.19790,0.13920,0.23240,0.35840,0.22280,0.27600,0.08300,0.17960,0.10710,0.13350,0.07880,0.11940,0.07750,0.12820,0.26930,0.36790,0.16390,0.19550,0.16460,0.24490,0.34900,0.08600,0.84120,0.07740,0.91930,0.08640,0.40190,0.08370,0.49420,0.08470,0.16890,0.82280,0.21820,0.26580,0.79220,0.33770,0.68990,0.40710,0.27280,0.56740,0.43900,0.10580,0.34590,0.70770,0.34750,0.19140,0.68930,0.40070,0.47770,0.16640,0.22470,0.31150,0.16370,0.10230,0.07650,0.46430,0.18620,0.20520,0.10710,0.12520,0.08100,0.39230,0.31020,0.33990,0.07810,0.09380
0:36:49,1.36290,0.08360,0.12430,0.09040,0.39070,0.08520,0.41610,0.08200,0.52660,0.08510,0.51170,0.09120,1.22180,0.24310,0.11820,0.20430,0.28270,0.15370,0.33590,0.16810,0.42160,0.28970,0.38120,0.35220,0.91930,0.21120,0.11830,0.16380,0.20510,0.12670,0.20350,0.14180,0.23950,0.36170,0.22960,0.28570,0.08300,0.18240,0.10690,0.13600,0.07880,0.12040,0.07780,0.12930,0.26780,0.36820,0.16310,0.20110,0.16830,0.24190,0.35130,0.08620,0.86900,0.07720,0.97160,0.08660,0.52470,0.08390,0.50180,0.08510,0.17100,0.84380,0.21750,0.27420,0.81390,0.39970,0.71240,0.41090,0.27680,0.36780,0.44080,0.10710,0.34410,0.56660,0.34660,0.19790,0.69950,0.41800,0.49300,0.17130,0.22800,0.31700,0.16740,0.10310,0.07660,0.47210,0.18340,0.20660,0.10720,0.12830,0.08120,0.38100,0.30800,0.33690,0.07830,0.09430
0:38:29,1.37890,0.08360,0.12590,0.09090,0.40600,0.08560,0.43100,0.08230,0.54610,0.08550,0.53020,0.09140,1.24710,0.25030,0.11930,0.21010,0.29290,0.15610,0.34690,0.17220,0.43690,0.29930,0.39470,0.36490,0.94610,0.21660,0.11850,0.16770,0.21000,0.12450,0.20910,0.14430,0.24650,0.36490,0.23660,0.29540,0.08300,0.18450,0.10690,0.13850,0.07890,0.12120,0.07810,0.13050,0.26580,0.36940,0.16160,0.20680,0.17180,0.23900,0.35400,0.08640,0.89660,0.07730,0.98460,0.08660,0.58090,0.08430,0.50610,0.08540,0.17320,0.86450,0.22230,0.28270,0.83400,0.34550,0.73510,0.41410,0.28330,0.58060,0.44600,0.10810,0.34310,0.58220,0.34430,0.20380,0.71580,0.39950,0.50850,0.17610,0.23100,0.32390,0.17090,0.10380,0.07670,0.48130,0.18110,0.20990,0.10650,0.13100,0.08150,0.38440,0.30250,0.34020,0.07850,0.09480
0:40:09,1.39210,0.08370,0.12740,0.09120,0.42230,0.08590,0.44590,0.08260,0.56500,0.08590,0.54850,0.09150,1.27030,0.25740,0.12000,0.21590,0.30250,0.15910,0.35770,0.17630,0.45210,0.30880,0.40810,0.37760,0.97240,0.22200,0.11840,0.17160,0.21520,0.13040,0.21470,0.14690,0.25360,0.36790,0.24340,0.30530,0.08310,0.18690,0.10650,0.14100,0.07910,0.12200,0.07840,0.13160,0.26250,0.36940,0.16050,0.21240,0.17540,0.23710,0.35730,0.08660,0.92360,0.07760,1.03320,0.08680,0.42700,0.08460,0.51710,0.08590,0.17510,0.88590,0.22430,0.29100,0.85460,0.41020,0.75680,0.41910,0.28660,0.38290,0.45090,0.10930,0.34030,0.59820,0.34360,0.20940,0.72360,0.39670,0.52360,0.18100,0.23430,0.32930,0.17460,0.10480,0.07680,0.49070,0.17960,0.21120,0.10600,0.13400,0.08180,0.38560,0.29790,0.33230,0.07880,0.09530
0:41:49,1.40340,0.08390,0.12910,0.09150,0.43930,0.08630,0.46080,0.08320,0.58410,0.08670,0.56660,0.09190,1.29130,0.26470,0.12090,0.22190,0.31220,0.16180,0.36930,0.18080,0.46740,0.31880,0.42190,0.39050,0.99750,0.22750,0.11900,0.17560,0.22100,0.12840,0.22070,0.14990,0.26090,0.37240,0.25050,0.31550,0.08330,0.18930,0.10660,0.14360,0.07930,0.12300,0.07890,0.13220,0.26050,0.37070,0.15930,0.21830,0.17910,0.23480,0.36010,0.08700,0.94960,0.07800,1.04370,0.08710,0.54710,0.08520,0.52750,0.08660,0.17720,0.90590,0.22690,0.29970,0.87340,0.35180,0.77850,0.42160,0.29250,0.58990,0.45510,0.11070,0.33910,0.61350,0.34180,0.21520,0.70730,0.39640,0.53850,0.18600,0.23730,0.33510,0.17850,0.10610,0.07680,0.49820,0.17690,0.21260,0.10400,0.13710,0.08220,0.38070,0.29320,0.33740,0.07910,0.09600
0:43:29,1.41240,0.08420,0.13080,0.09170,0.45640,0.08680,0.47580,0.08400,0.60330,0.08790,0.58530,0.09230,1.31050,0.27190,0.12180,0.22790,0.32180,0.16510,0.38060,0.18560,0.48330,0.32910,0.43620,0.40390,1.02200,0.23310,0.11910,0.17970,0.22680,0.13490,0.22680,0.15330,0.26860,0.37660,0.25820,0.32600,0.08330,0.19220,0.08310,0.14640,0.07950,0.12430,0.07960,0.13420,0.25730,0.37140,0.15840,0.22460,0.18270,0.23230,0.36340,0.08730,0.97470,0.07810,1.08950,0.08760,0.61020,0.08620,0.53470,0.08750,0.17940,0.92480,0.22860,0.30820,0.89270,0.41340,0.79980,0.42740,0.29680,0.39950,0.45900,0.11190,0.33720,0.63020,0.34080,0.22080,0.70890,0.39530,0.55390,0.19100,0.24050,0.34160,0.18230,0.10690,0.07690,0.50690,0.17590,0.21550,0.10460,0.14020,0.08240,0.37360,0.29130,0.33880,0.07950,0.09680
0:45:09,1.41930,0.08440,0.13250,0.09200,0.47350,0.08770,0.49070,0.08500,0.62240,0.08930,0.60330,0.09310,1.32740,0.27930,0.12300,0.23410,0.33140,0.16830,0.39210,0.19070,0.49910,0.33960,0.45070,0.41810,1.04530,0.23860,0.11970,0.18390,0.23270,0.13300,0.23300,0.15690,0.27680,0.38110,0.26580,0.33670,0.08340,0.19460,0.08350,0.14920,0.07970,0.12560,0.08050,0.13650,0.25570,0.37420,0.15740,0.23100,0.18630,0.22940,0.36670,0.08790,1.00010,0.07850,1.10660,0.08800,0.45220,0.08720,0.54170,0.08840,0.18150,0.94410,0.23360,0.31690,0.91280,0.35910,0.82100,0.42950,0.30400,0.60730,0.46360,0.11340,0.33510,0.64470,0.33970,0.22650,0.72390,0.40180,0.56870,0.19600,0.22350,0.34850,0.18600,0.10810,0.07710,0.51540,0.17320,0.21620,0.10390,0.14300,0.08280,0.37900,0.28450,0.34030,0.08000,0.09750
0:46:49,1.42510,0.08460,0.13420,0.09230,0.49110,0.08830,0.50530,0.08560,0.64050,0.09000,0.62100,0.09350,1.34320,0.28630,0.12380,0.24000,0.34100,0.17150,0.40320,0.19530,0.51420,0.34930,0.46410,0.43100,1.06800,0.24420,0.11990,0.18790,0.23860,0.14000,0.23920,0.16040,0.28450,0.38580,0.27290,0.34690,0.08350,0.19710,0.08400,0.15200,0.07980,0.12680,0.08130,0.13680,0.25450,0.37620,0.15710,0.23690,0.19000,0.22790,0.36920,0.08840,1.02350,0.07890,1.12110,0.08860,0.56800,0.08850,0.55370,0.08920,0.18390,0.96330,0.23320,0.32520,0.93200,0.42190,0.84170,0.43490,0.30970,0.41710,0.46890,0.11480,0.33470,0.66020,0.33810,0.23210,0.73720,0.40080,0.58330,0.20100,0.40970,0.35470,0.18990,0.10910,0.07710,0.52360,0.17110,0.21670,0.10330,0.14610,0.08310,0.38020,0.27730,0.34300,0.08050,0.09800
0:48:29,1.42910,0.08490,0.13600,0.09250,0.51020,0.08910,0.52010,0.08650,0.65940,0.09130,0.63880,0.09430,1.35670,0.29350,0.12480,0.24620,0.35050,0.17490,0.41490,0.20030,0.52960,0.35990,0.47810,0.44460,1.08950,0.24980,0.12070,0.19230,0.24480,0.13770,0.24560,0.16380,0.29240,0.39110,0.28060,0.35730,0.08370,0.19960,0.08460,0.15490,0.08010,0.12820,0.08230,0.13830,0.25200,0.38060,0.15790,0.24330,0.19360,0.22540,0.37280,0.08900,1.04690,0.07930,1.16340,0.08920,0.63310,0.08970,0.55710,0.09030,0.18600,0.98210,0.27520,0.33380,0.94880,0.36550,0.86160,0.43950,0.31390,0.42790,0.47410,0.11640,0.33240,0.67380,0.33740,0.23740,0.74490,0.40480,0.59810,0.20610,0.23170,0.36190,0.19380,0.11010,0.07730,0.53240,0.16940,0.21860,0.10290,0.14920,0.08360,0.37570,0.27850,0.33800,0.08100,0.09880
0:50:09,1.43150,0.08530,0.13780,0.09270,0.52870,0.08980,0.53470,0.08760,0.67760,0.09260,0.65660,0.09500,1.36940,0.30070,0.12590,0.25250,0.36020,0.17850,0.42650,0.20540,0.54480,0.37020,0.49210,0.45760,1.11010,0.25540,0.12110,0.19650,0.25040,0.14600,0.25200,0.16730,0.30030,0.39510,0.28820,0.36740,0.08380,0.20270,0.08520,0.15790,0.08050,0.12980,0.08330,0.13970,0.25090,0.38100,0.15710,0.24950,0.19740,0.22310,0.37540,0.08970,1.06990,0.07940,1.18640,0.09000,0.47920,0.09300,0.56810,0.09130,0.18810,1.00000,0.27700,0.34230,0.96890,0.42810,0.88160,0.44200,0.31970,0.43230,0.47990,0.11790,0.33040,0.68810,0.33550,0.24140,0.76100,0.40330,0.61250,0.21120,0.41900,0.36690,0.19750,0.11130,0.07730,0.54010,0.16740,0.22290,0.10220,0.15220,0.08390,0.37120,0.27950,0.34520,0.08150,0.09950
0:51:49,1.43410,0.08570,0.13980,0.09310,0.54520,0.09070,0.54920,0.08860,0.69540,0.09380,0.67390,0.09610,1.38030,0.30820,0.12710,0.25880,0.36980,0.18200,0.43780,0.21060,0.56070,0.38080,0.50600,0.47050,1.13030,0.26110,0.12200,0.20090,0.25620,0.14280,0.25850,0.17080,0.30850,0.40030,0.29580,0.37730,0.08400,0.20520,0.08580,0.16100,0.08090,0.13160,0.08440,0.14210,0.24960,0.38330,0.15730,0.25570,0.20110,0.22120,0.37840,0.09040,1.09240,0.08010,1.20060,0.09080,0.59090,0.09520,0.57360,0.09230,0.19050,1.01790,0.27830,0.35080,0.98480,0.37330,0.90110,0.44730,0.32720,0.44230,0.48460,0.11940,0.32980,0.70420,0.33490,0.24830,0.77020,0.40840,0.62740,0.21630,0.24030,0.37420,0.20150,0.11270,0.07750,0.54840,0.16570,0.22440,0.10130,0.15540,0.08460,0.37030,0.27390,0.34970,0.08200,0.10030
0:53:29,1.43510,0.08600,0.14160,0.08860,0.56010,0.09160,0.56370,0.08970,0.67980,0.09520,0.69120,0.09670,1.38990,0.31530,0.12830,0.26520,0.37930,0.18560,0.44940,0.21590,0.57540,0.39100,0.51980,0.48320,1.14920,0.26670,0.12260,0.20530,0.26200,0.15320,0.26500,0.17450,0.31660,0.40450,0.30350,0.38740,0.08410,0.20800,0.08660,0.16410,0.08120,0.13340,0.08560,0.14370,0.24870,0.38450,0.15610,0.26200,0.20480,0.21950,0.38190,0.09120,1.11250,0.08050,1.21080,0.09170,0.65170,0.09570,0.58460,0.09350,0.19260,1.03580,0.28010,0.35920,1.00410,0.43270,0.92010,0.45150,0.33340,0.45280,0.49020,0.12110,0.36100,0.71880,0.33330,0.25300,0.78410,0.41150,0.64200,0.22130,0.42000,0.37990,0.20540,0.11380,0.07760,0.55740,0.16370,0.22530,0.10090,0.15840,0.08490,0.37010,0.26990,0.34510,0.08260,0.10110
0:55:09,1.43520,0.08630,0.14340,0.08870,0.57380,0.09230,0.57790,0.09070,0.69610,0.09650,0.70760,0.09770,1.39820,0.32250,0.12940,0.27140,0.38860,0.18900,0.46040,0.22100,0.59060,0.40150,0.53350,0.49630,1.16730,0.27230,0.12340,0.20940,0.26800,0.14800,0.27160,0.17820,0.32470,0.40990,0.31090,0.39730,0.08420,0.21070,0.08720,0.16710,0.08150,0.13510,0.08670,0.14580,0.24700,0.38740,0.15640,0.26820,0.20850,0.21790,0.38510,0.09200,1.13330,0.08120,1.25010,0.09240,0.50560,0.09540,0.59110,0.09440,0.19500,1.05270,0.28230,0.36780,1.02110,0.38020,0.93900,0.45430,0.33770,0.45760,0.49360,0.12250,0.32690,0.73460,0.33260,0.25880,0.79160,0.40530,0.65610,0.22640,0.24860,0.38670,0.20930,0.11470,0.07770,0.56480,0.16220,0.22700,0.10010,0.16140,0.08530,0.36750,0.26270,0.34590,0.08320,0.10170
0:56:49,1.43450,0.08640,0.14480,0.08870,0.58700,0.09270,0.59160,0.09130,0.71210,0.09730,0.72330,0.09760,1.40510,0.32930,0.13020,0.27730,0.39750,0.19240,0.47120,0.22560,0.60480,0.41100,0.54650,0.50790,1.18420,0.27760,0.12340,0.21340,0.27330,0.15950,0.27770,0.18140,0.33240,0.41500,0.31750,0.40670,0.08430,0.21310,0.08760,0.16980,0.08180,0.13640,0.08750,0.14710,0.24440,0.38920,0.15520,0.27380,0.21200,0.21580,0.38880,0.09250,1.15170,0.08160,1.26610,0.09290,0.61540,0.09800,0.59880,0.09490,0.19720,1.06930,0.28430,0.37590,1.03790,0.43940,0.95770,0.45850,0.34130,0.46630,0.49850,0.12350,0.32480,0.74890,0.33210,0.26480,0.80310,0.40990,0.67000,0.23120,0.42370,0.39300,0.21290,0.11550,0.07780,0.57330,0.16060,0.22870,0.10020,0.16430,0.08560,0.36880,0.26070,0.34840,0.08340,0.10220
0:58:29,1.43370,0.08670,0.14660,0.08880,0.60010,0.09310,0.60530,0.09190,0.72800,0.09810,0.73910,0.09780,1.41170,0.33610,0.13140,0.28320,0.40650,0.19520,0.48210,0.23030,0.61950,0.42040,0.55930,0.51970,1.20070,0.28310,0.12410,0.21740,0.27890,0.15250,0.28410,0.18470,0.34010,0.41790,0.32450,0.41610,0.08450,0.21600,0.08830,0.17260,0.08220,0.13790,0.08840,0.14860,0.24290,0.39050,0.15490,0.27940,0.21570,0.21370,0.39140,0.09300,1.17020,0.08210,1.27740,0.09350,0.67160,0.09900,0.60740,0.09550,0.19980,1.08560,0.28630,0.38430,1.05480,0.38850,0.97550,0.46170,0.34710,0.47470,0.50470,0.12480,0.32510,0.76190,0.33140,0.27050,0.81570,0.41160,0.68420,0.23630,0.25580,0.39860,0.21660,0.11660,0.07800,0.58120,0.15870,0.23030,0.09950,0.16720,0.08600,0.36630,0.08150,0.35180,0.08390,0.10290
1:00:09,1.43240,0.08700,0.14830,0.08890,0.61330,0.09320,0.61900,0.09280,0.74370,0.09910,0.75510,0.09870,1.41680,0.34330,0.13270,0.28910,0.41560,0.19860,0.49270,0.23520,0.63320,0.43020,0.57230,0.53140,1.21610,0.28860,0.12470,0.22150,0.28420,0.16580,0.29030,0.18810,0.34760,0.42270,0.33170,0.42560,0.08450,0.21900,0.08880,0.17550,0.08260,0.13940,0.08930,0.14980,0.24300,0.39340,0.15510,0.28540,0.21920,0.21210,0.39420,0.09360,1.18840,0.08260,1.28200,0.09420,0.53150,0.09810,0.61260,0.09650,0.20170,1.10060,0.28790,0.39240,1.07030,0.44590,0.99280,0.46750,0.35300,0.48370,0.50960,0.12640,0.35700,0.77720,0.32930,0.27490,0.82500,0.41040,0.69800,0.24120,0.42350,0.40520,0.22040,0.11760,0.07800,0.58930,0.15660,0.23210,0.09890,0.17010,0.08640,0.36560,0.08170,0.34980,0.08430,0.10350

