Corrected [600]
	1	2	3	4	5	6	7	8	9	10	11	12
A	0.43566	0.14415	0.37837	0.07509	0.43417	0.07514	0.44881	0.07543	0.39891	0.07521	0.41306	0.07541	Corrected [600]
B	0.33684	0.42373	0.29583	0.45373	0.33292	0.42333	0.33346	0.44842	0.31071	0.44694	0.31720	0.44399	Corrected [600]
C	0.19077	0.32799	0.20456	0.36551	0.20325	0.34141	0.21498	0.34814	0.20240	0.34029	0.20157	0.32027	Corrected [600]
D	0.07405	0.19993	0.09737	0.19397	0.07635	0.20777	0.07538	0.22361	0.07495	0.22194	0.07524	0.20894	Corrected [600]
E	0.35265	0.07411	0.41018	0.07671	0.43543	0.07635	0.45406	0.07717	0.43727	0.07599	0.48407	0.07573	Corrected [600]
F	0.28340	0.45295	0.29972	0.44353	0.33866	0.46032	0.31789	0.47380	0.33076	0.47552	0.35076	0.42979	Corrected [600]
G	0.16967	0.39151	0.19545	0.32235	0.19762	0.34395	0.19195	0.32653	0.19538	0.31811	0.20752	0.31541	Corrected [600]
H	0.07509	0.19434	0.07447	0.19220	0.07522	0.19896	0.07599	0.18219	0.07681	0.19070	0.07605	0.19179	Corrected [600]

