Corrected [600]
	1	2	3	4	5	6	7	8	9	10	11	12
A	0.38450	0.07582	0.44172	0.07701	0.31210	0.07525	0.34948	0.07494	0.36063	0.07456	0.29422	0.07552	Corrected [600]
B	0.29570	0.43833	0.33037	0.42110	0.27020	0.41599	0.27592	0.40122	0.27361	0.34215	0.21067	0.31557	Corrected [600]
C	0.16364	0.31424	0.21083	0.31245	0.17650	0.31627	0.17175	0.30789	0.18295	0.27175	0.14358	0.21945	Corrected [600]
D	0.07623	0.18845	0.07550	0.18629	0.07573	0.18807	0.07492	0.19259	0.07600	0.16554	0.07417	0.14139	Corrected [600]
E	0.42007	0.07498	0.45978	0.07581	0.43107	0.07628	0.33932	0.07829	0.36528	0.07584	0.35064	0.07495	Corrected [600]
F	0.31449	0.46248	0.35702	0.45207	0.31096	0.39656	0.23744	0.36613	0.27953	0.32965	0.26753	0.33174	Corrected [600]
G	0.17689	0.34381	0.20367	0.33017	0.19465	0.28694	0.15065	0.27874	0.17117	0.25473	0.16762	0.26318	Corrected [600]
H	0.07525	0.19060	0.07571	0.19018	0.07679	0.18020	0.07581	0.17311	0.08009	0.16078	0.07541	0.16706	Corrected [600]

