Corrected [600]
	1	2	3	4	5	6	7	8	9	10	11	12
A	0.41097	0.07960	0.38166	0.08153	0.36331	0.07818	0.35671	0.07956	0.34951	0.07737	0.35015	0.07795	Corrected [600]
B	0.34553	0.38175	0.30789	0.40196	0.30685	0.37080	0.28673	0.38811	0.27509	0.37102	0.25889	0.35957	Corrected [600]
C	0.20049	0.30887	0.19031	0.30626	0.19666	0.28953	0.18181	0.31738	0.17801	0.28090	0.16618	0.28498	Corrected [600]
D	0.07891	0.18601	0.07795	0.20496	0.07987	0.19200	0.07781	0.20022	0.07690	0.17902	0.09276	0.18793	Corrected [600]
E	0.41957	0.07756	0.48851	0.07822	0.42066	0.07834	0.43552	0.07851	0.41810	0.07728	0.39738	0.07781	Corrected [600]
F	0.31758	0.40134	0.32830	0.39496	0.30932	0.41146	0.31754	0.40010	0.30153	0.38510	0.30291	0.39061	Corrected [600]
G	0.19192	0.31658	0.20749	0.31165	0.18894	0.30663	0.19719	0.29148	0.18929	0.27470	0.18648	0.30399	Corrected [600]
H	0.07838	0.20148	0.07629	0.18305	0.07725	0.19274	0.07793	0.17776	0.07714	0.17191	0.07824	0.18852	Corrected [600]

