550

Time,A1,A2,A3,A4,A5,A6,A7,A8,A9,A10,A11,A12,B1,B2,B3,B4,B5,B6,B7,B8,B9,B10,B11,B12,C1,C2,C3,C4,C5,C6,C7,C8,C9,C10,C11,C12,D1,D2,D3,D4,D5,D6,D7,D8,D9,D10,D11,D12,E1,E2,E3,E4,E5,E6,E7,E8,E9,E10,E11,E12,F1,F2,F3,F4,F5,F6,F7,F8,F9,F10,F11,F12,G1,G2,G3,G4,G5,G6,G7,G8,G9,G10,G11,G12,H1,H2,H3,H4,H5,H6,H7,H8,H9,H10,H11,H12
0:00:55,0.08840,0.07530,0.07820,0.07070,0.07580,0.08000,0.07440,0.07390,0.08160,0.07730,0.07950,0.28880,0.11390,0.08870,0.07570,0.08610,0.07510,0.08440,0.08490,0.08740,0.07730,0.07540,0.07560,0.09910,0.09260,0.09520,0.08620,0.08570,0.08160,0.19590,0.07470,0.08680,0.33840,0.07720,0.07320,0.16180,0.11720,0.12140,0.08440,0.07440,0.07510,0.33730,0.08340,0.08630,0.07540,0.09130,0.07580,0.15300,0.18300,0.25100,0.09250,0.07570,0.14430,0.52310,0.08470,0.07540,0.20800,0.08080,0.08010,0.17870,0.07720,0.40360,0.08100,0.07700,0.07620,0.38650,0.08520,0.13580,0.07210,0.08330,0.13220,0.32290,0.13550,0.50490,0.07450,0.08530,0.07840,0.56330,0.08470,0.08640,0.07700,0.13820,0.21710,0.23270,0.39840,0.08440,0.07170,0.07440,0.07190,0.14740,0.07360,0.08250,0.07230,0.07670,0.45580,0.30150
0:02:35,0.08840,0.07510,0.07790,0.06960,0.07580,0.07960,0.07430,0.07010,0.08150,0.07710,0.07910,0.28560,0.11370,0.08820,0.07560,0.08610,0.07480,0.08420,0.08470,0.08680,0.07660,0.07510,0.07480,0.10000,0.09220,0.09460,0.08590,0.08550,0.08140,0.19450,0.07460,0.08610,0.23390,0.07700,0.07310,0.15890,0.11630,0.12150,0.08350,0.07430,0.07450,0.33570,0.08340,0.08590,0.07530,0.09030,0.07570,0.15080,0.18320,0.24700,0.09170,0.07200,0.14390,0.51760,0.08430,0.07520,0.20570,0.08050,0.07920,0.17770,0.07700,0.39700,0.08080,0.07680,0.07580,0.38030,0.08490,0.14570,0.07210,0.08290,0.13230,0.32160,0.13480,0.50010,0.07430,0.08480,0.07810,0.55150,0.08430,0.08450,0.07650,0.13900,0.21640,0.13800,0.40750,0.08400,0.07150,0.07420,0.07170,0.14730,0.07350,0.08220,0.07210,0.07650,0.44800,0.30860
0:04:15,0.08860,0.07510,0.07770,0.06950,0.07570,0.07950,0.07420,0.06980,0.08100,0.07700,0.07880,0.28230,0.11270,0.08760,0.07560,0.08600,0.07480,0.08390,0.08440,0.08660,0.07620,0.07500,0.07480,0.09940,0.09150,0.09420,0.08580,0.08540,0.08130,0.19400,0.07450,0.08600,0.24130,0.07680,0.07300,0.15830,0.11460,0.12380,0.08340,0.07420,0.07440,0.33170,0.08340,0.08590,0.07520,0.08990,0.07550,0.14930,0.17920,0.24390,0.09130,0.07210,0.14270,0.51180,0.08390,0.07510,0.21690,0.08050,0.07920,0.17660,0.07680,0.39180,0.08070,0.07670,0.07570,0.38560,0.08420,0.13490,0.07190,0.08280,0.13120,0.32110,0.13290,0.49520,0.07410,0.08430,0.07800,0.52120,0.08410,0.08380,0.07650,0.13810,0.21490,0.23710,0.39710,0.08380,0.07110,0.07410,0.07160,0.14480,0.07340,0.08190,0.07190,0.07630,0.45250,0.31160
0:05:55,0.08870,0.07500,0.07740,0.06950,0.07570,0.07930,0.07430,0.06990,0.08080,0.07690,0.07870,0.28130,0.11160,0.08720,0.07540,0.08590,0.07460,0.08370,0.08420,0.08650,0.07580,0.07480,0.07480,0.09900,0.09100,0.09490,0.08580,0.08530,0.08080,0.19250,0.07450,0.08570,0.23150,0.07660,0.07290,0.15730,0.11330,0.12140,0.08340,0.07400,0.07430,0.32540,0.08350,0.08560,0.07490,0.08950,0.07530,0.14830,0.17640,0.24030,0.09080,0.07190,0.14180,0.50550,0.08360,0.07490,0.27380,0.08020,0.07900,0.17570,0.07700,0.38650,0.08050,0.07660,0.07540,0.37090,0.08370,0.14360,0.07160,0.08260,0.13060,0.31110,0.13180,0.48960,0.07410,0.08430,0.07800,0.51690,0.08390,0.08330,0.07630,0.13930,0.43600,0.10640,0.39460,0.08360,0.07100,0.07410,0.07150,0.14620,0.07330,0.08150,0.07170,0.07620,0.43920,0.31650
0:07:35,0.08860,0.07480,0.07730,0.06930,0.07550,0.07910,0.07410,0.06960,0.08060,0.07660,0.07840,0.27760,0.11090,0.08690,0.07520,0.08570,0.07450,0.08360,0.08400,0.08650,0.07560,0.07470,0.07460,0.09850,0.09050,0.09430,0.08570,0.08520,0.08070,0.19140,0.07430,0.08550,0.23180,0.07660,0.07280,0.15680,0.11190,0.12150,0.08310,0.07400,0.07600,0.31170,0.08360,0.08540,0.07480,0.08930,0.07510,0.14760,0.17510,0.23980,0.09040,0.07170,0.14050,0.50190,0.08330,0.07480,0.32470,0.08000,0.07890,0.17360,0.07660,0.38240,0.08050,0.07640,0.07520,0.36860,0.08340,0.13350,0.07150,0.08230,0.11600,0.31460,0.13030,0.48530,0.07380,0.08360,0.07780,0.49910,0.08350,0.08290,0.07050,0.13750,0.21130,0.34680,0.38450,0.08340,0.07110,0.07390,0.07150,0.14330,0.07320,0.08090,0.07160,0.07600,0.44070,0.31660
0:09:15,0.08870,0.07480,0.07720,0.06930,0.07560,0.07890,0.07400,0.06960,0.08050,0.07660,0.07830,0.27560,0.11050,0.08660,0.07520,0.08580,0.07450,0.08350,0.08400,0.08640,0.07560,0.07460,0.07460,0.09810,0.09010,0.09490,0.08550,0.08510,0.08050,0.19050,0.07430,0.08550,0.22980,0.07650,0.07270,0.15560,0.11130,0.11920,0.08310,0.07380,0.07610,0.31840,0.08340,0.08530,0.07470,0.08900,0.07500,0.14620,0.17220,0.23550,0.09020,0.07170,0.14000,0.49650,0.08320,0.07470,0.27800,0.07980,0.07920,0.17210,0.07650,0.37830,0.08040,0.07630,0.07510,0.36800,0.08340,0.13860,0.07140,0.08210,0.12840,0.30940,0.12880,0.47700,0.07360,0.08340,0.07770,0.48830,0.08330,0.08270,0.07040,0.13610,0.43120,0.34220,0.39850,0.08330,0.07080,0.07390,0.07130,0.14300,0.07200,0.08070,0.07160,0.07590,0.43260,0.30760
0:10:55,0.08900,0.07470,0.07730,0.06930,0.07560,0.07900,0.07410,0.06960,0.08050,0.07660,0.07820,0.27370,0.10980,0.08660,0.07520,0.08570,0.07450,0.08350,0.08390,0.08660,0.07540,0.07460,0.07500,0.09790,0.08980,0.09360,0.08560,0.08520,0.08030,0.18900,0.07540,0.08540,0.22800,0.07650,0.07280,0.15420,0.10990,0.12010,0.07010,0.07400,0.07080,0.31900,0.08360,0.08540,0.07460,0.08870,0.07490,0.14540,0.17010,0.23280,0.08980,0.07170,0.13900,0.06970,0.08300,0.07470,0.28260,0.07970,0.07870,0.17080,0.07660,0.37470,0.08040,0.07630,0.07500,0.36950,0.08320,0.14110,0.07140,0.08200,0.11520,0.31430,0.12800,0.47320,0.07370,0.08320,0.07770,0.48900,0.08320,0.08260,0.07030,0.13580,0.41820,0.32680,0.38240,0.08330,0.07080,0.07390,0.07140,0.15820,0.07200,0.08030,0.07150,0.07590,0.41820,0.29960
0:12:35,0.08890,0.07470,0.07710,0.06930,0.07550,0.07860,0.07420,0.06960,0.08030,0.07650,0.07810,0.26850,0.10970,0.08640,0.07520,0.08570,0.07430,0.08340,0.08390,0.08650,0.07530,0.07460,0.07470,0.09720,0.08960,0.09280,0.08550,0.08510,0.08010,0.18680,0.07420,0.08540,0.22620,0.07650,0.07270,0.15280,0.10930,0.12010,0.06960,0.07380,0.07050,0.31540,0.08350,0.08530,0.07450,0.08860,0.07480,0.14470,0.16950,0.22950,0.08940,0.07160,0.13780,0.06960,0.08270,0.07460,0.27780,0.07950,0.07900,0.16910,0.07630,0.37120,0.08030,0.07620,0.07500,0.34690,0.08300,0.13150,0.07140,0.08170,0.12590,0.31930,0.12690,0.46780,0.07360,0.08300,0.07760,0.47860,0.08280,0.08230,0.07020,0.13450,0.42480,0.34470,0.39160,0.08310,0.07070,0.07380,0.07130,0.15400,0.07100,0.08000,0.07150,0.07590,0.42670,0.31620
0:14:15,0.08900,0.07450,0.07710,0.06910,0.07540,0.07840,0.07420,0.06950,0.08020,0.07630,0.07790,0.26680,0.10900,0.08630,0.07510,0.08570,0.07430,0.08340,0.08370,0.08640,0.07520,0.07460,0.07460,0.09660,0.08920,0.09290,0.08540,0.08490,0.08000,0.18560,0.07410,0.08540,0.22630,0.07630,0.07270,0.15080,0.10840,0.11670,0.06960,0.07380,0.07040,0.31210,0.08340,0.08520,0.07290,0.08820,0.07470,0.14400,0.16760,0.22860,0.08910,0.07140,0.13680,0.06950,0.08250,0.07450,0.28620,0.07930,0.07930,0.16730,0.07640,0.36660,0.08020,0.07610,0.07480,0.36690,0.08300,0.13980,0.07130,0.08160,0.11310,0.31070,0.12560,0.46340,0.07340,0.08250,0.07750,0.47610,0.08270,0.08220,0.07010,0.13280,0.40790,0.33490,0.38350,0.08290,0.07070,0.07380,0.07120,0.14230,0.07000,0.07950,0.07130,0.07570,0.41190,0.29880
0:15:55,0.08950,0.07460,0.07720,0.06920,0.07540,0.07820,0.07430,0.06960,0.08020,0.07640,0.07810,0.26440,0.10880,0.08590,0.07510,0.08570,0.07430,0.08350,0.08380,0.08640,0.07510,0.07500,0.07460,0.09600,0.08900,0.09230,0.08550,0.08500,0.07980,0.18480,0.07410,0.08510,0.22840,0.07630,0.07260,0.15040,0.10750,0.11590,0.06960,0.07390,0.07030,0.30770,0.08520,0.08510,0.07380,0.08800,0.07460,0.14230,0.16580,0.22700,0.08880,0.07150,0.13570,0.06950,0.08240,0.07450,0.26640,0.07910,0.07880,0.16610,0.07640,0.36430,0.08030,0.07610,0.07470,0.34340,0.08310,0.12980,0.07120,0.08140,0.12460,0.29130,0.12410,0.45880,0.07060,0.08260,0.07750,0.46270,0.08260,0.08180,0.07010,0.13260,0.40790,0.32450,0.37790,0.08280,0.07070,0.07370,0.07130,0.13970,0.07000,0.07960,0.07130,0.07580,0.40760,0.29590
0:17:35,0.08940,0.07450,0.07710,0.06930,0.07540,0.07830,0.07440,0.06950,0.08030,0.07630,0.07800,0.26310,0.10830,0.08580,0.07500,0.08570,0.07420,0.08330,0.08370,0.08640,0.07510,0.07510,0.07460,0.09560,0.08880,0.09150,0.08530,0.08500,0.07980,0.18290,0.07410,0.08500,0.22190,0.07640,0.07260,0.14920,0.10680,0.11730,0.06890,0.07390,0.07020,0.31250,0.08520,0.08510,0.07170,0.08760,0.07450,0.14120,0.16440,0.22370,0.08860,0.07140,0.13440,0.06950,0.08220,0.07520,0.28410,0.07900,0.07890,0.16420,0.07630,0.35890,0.08020,0.07600,0.07460,0.36660,0.08300,0.13780,0.07120,0.08140,0.11210,0.30110,0.12330,0.45290,0.07060,0.08240,0.07740,0.46560,0.08230,0.08150,0.07010,0.13280,0.39780,0.32650,0.37710,0.07600,0.07070,0.07380,0.07120,0.13790,0.06990,0.07930,0.07120,0.07570,0.41280,0.29460
0:19:15,0.08960,0.07450,0.07710,0.06920,0.07550,0.07800,0.07450,0.06950,0.08010,0.07630,0.07790,0.26260,0.10780,0.08570,0.07520,0.08570,0.07420,0.08340,0.08370,0.08640,0.07500,0.07500,0.07470,0.09540,0.08830,0.09220,0.08550,0.08500,0.07970,0.18070,0.07410,0.08500,0.22280,0.07640,0.07270,0.14810,0.10570,0.11460,0.06890,0.07380,0.07010,0.30450,0.08510,0.08510,0.07160,0.08750,0.07450,0.14010,0.16260,0.22130,0.08840,0.07150,0.13340,0.06950,0.08200,0.07510,0.25980,0.07880,0.07840,0.16300,0.07630,0.35720,0.08030,0.07590,0.07460,0.35220,0.08290,0.12750,0.07120,0.08110,0.12200,0.28810,0.12220,0.44850,0.07060,0.08220,0.07740,0.45460,0.08220,0.08130,0.07010,0.13220,0.40170,0.31970,0.36960,0.07590,0.07070,0.07370,0.07120,0.13730,0.06990,0.07910,0.07120,0.07580,0.41790,0.29820
0:20:55,0.08960,0.07450,0.07710,0.06920,0.07550,0.07810,0.07450,0.06960,0.08030,0.07630,0.07810,0.25960,0.10730,0.08540,0.07510,0.08570,0.07420,0.08370,0.08370,0.08640,0.07500,0.07510,0.07480,0.09520,0.08820,0.09150,0.08550,0.08500,0.07960,0.17990,0.07410,0.08480,0.22530,0.07640,0.07270,0.14720,0.10500,0.11530,0.06900,0.07380,0.07060,0.30160,0.08510,0.08490,0.07210,0.08720,0.07440,0.13880,0.16280,0.21900,0.08810,0.07130,0.13280,0.06940,0.08200,0.07510,0.26940,0.07870,0.07800,0.16120,0.07620,0.35160,0.08020,0.07600,0.07460,0.34650,0.08270,0.13640,0.07120,0.08100,0.11110,0.29390,0.12420,0.44530,0.07060,0.08190,0.07740,0.44400,0.08210,0.07630,0.07010,0.13000,0.39740,0.32640,0.36930,0.07580,0.07070,0.07240,0.07120,0.13550,0.06990,0.07890,0.07120,0.07570,0.41030,0.28770
0:22:35,0.08980,0.07450,0.07720,0.06930,0.07550,0.07810,0.07470,0.06970,0.08040,0.07650,0.07800,0.25800,0.10640,0.08540,0.07520,0.08580,0.07420,0.08380,0.08380,0.08660,0.07510,0.07520,0.07500,0.09540,0.08790,0.09130,0.08550,0.08510,0.07950,0.17820,0.07410,0.08490,0.21910,0.07660,0.07280,0.14570,0.10410,0.11450,0.06890,0.07390,0.06990,0.29940,0.08510,0.08500,0.07270,0.08720,0.07440,0.13860,0.16000,0.21770,0.08790,0.07140,0.13130,0.06940,0.08200,0.07500,0.26020,0.07860,0.07820,0.16030,0.07630,0.34930,0.08020,0.07590,0.07450,0.35180,0.08270,0.12670,0.07120,0.08110,0.12000,0.29350,0.12330,0.44070,0.07060,0.08170,0.07740,0.44980,0.08190,0.07640,0.07020,0.12680,0.38730,0.31200,0.36170,0.07580,0.07070,0.07240,0.07120,0.13380,0.06990,0.07870,0.07110,0.07570,0.40160,0.28630
0:24:15,0.08990,0.07460,0.07730,0.06930,0.07570,0.07810,0.07490,0.06980,0.08050,0.07670,0.07820,0.25770,0.10610,0.08530,0.07540,0.08600,0.07440,0.08390,0.08380,0.08690,0.07520,0.07530,0.07560,0.09570,0.08800,0.09090,0.08560,0.08520,0.07960,0.17710,0.07430,0.08490,0.20990,0.07680,0.07300,0.14580,0.10350,0.11340,0.06900,0.07390,0.07000,0.29370,0.08520,0.08510,0.07140,0.08680,0.07450,0.13760,0.15910,0.21460,0.08790,0.07140,0.13150,0.06950,0.08200,0.07510,0.26090,0.07870,0.07810,0.15950,0.07620,0.34520,0.08030,0.07600,0.07460,0.35390,0.08280,0.13450,0.07130,0.08100,0.10960,0.28570,0.12260,0.43710,0.07070,0.08150,0.07750,0.43930,0.08180,0.07660,0.07020,0.12700,0.37950,0.30600,0.35540,0.07570,0.07070,0.07250,0.07130,0.13320,0.07000,0.07870,0.07120,0.07580,0.39580,0.28700
0:25:55,0.09000,0.07470,0.07730,0.06940,0.07580,0.07800,0.07510,0.07000,0.08060,0.07670,0.07800,0.25570,0.10570,0.08530,0.07550,0.08590,0.07440,0.08420,0.08390,0.08690,0.07520,0.07560,0.07560,0.09620,0.08770,0.09020,0.08570,0.08520,0.07950,0.17470,0.07430,0.08480,0.21900,0.07690,0.07320,0.14550,0.10300,0.11060,0.06910,0.07400,0.06980,0.29880,0.08530,0.08520,0.07080,0.08680,0.07460,0.13680,0.15800,0.21410,0.08750,0.07000,0.13010,0.06950,0.08200,0.07510,0.25850,0.07860,0.07820,0.15770,0.07630,0.34280,0.08040,0.07600,0.07450,0.33840,0.08280,0.12470,0.07080,0.08110,0.10850,0.28430,0.12230,0.43370,0.07070,0.08140,0.07750,0.44370,0.08190,0.07650,0.07010,0.12510,0.38680,0.31310,0.35680,0.07580,0.07070,0.07250,0.07130,0.13030,0.07000,0.07860,0.07110,0.07580,0.39450,0.28480
0:27:35,0.09010,0.07460,0.07740,0.06940,0.07580,0.07800,0.07520,0.07010,0.08070,0.07670,0.07800,0.25230,0.10520,0.08530,0.07550,0.08610,0.07440,0.08430,0.08390,0.08710,0.07530,0.07580,0.07600,0.09650,0.08760,0.08950,0.08570,0.08530,0.07950,0.17360,0.07430,0.08480,0.21350,0.07710,0.07340,0.14380,0.10220,0.11130,0.06920,0.07400,0.06980,0.28890,0.08530,0.08530,0.07090,0.08670,0.07470,0.13660,0.15630,0.21090,0.08740,0.06990,0.12970,0.06940,0.08210,0.07510,0.25510,0.07870,0.07820,0.15550,0.07610,0.33800,0.08040,0.07610,0.07450,0.34050,0.08270,0.13250,0.07090,0.08090,0.10790,0.27620,0.12130,0.42910,0.07080,0.08130,0.07750,0.43220,0.08160,0.07880,0.07020,0.12510,0.37380,0.30870,0.35030,0.07560,0.07060,0.07250,0.07120,0.12960,0.06990,0.07860,0.07110,0.07580,0.39000,0.27290
0:29:15,0.09030,0.07480,0.07740,0.06960,0.07600,0.07800,0.07540,0.07040,0.08100,0.07690,0.07820,0.25260,0.10480,0.08530,0.07570,0.08640,0.07460,0.08450,0.08410,0.08720,0.07540,0.07610,0.07640,0.09720,0.08730,0.08940,0.08570,0.08560,0.07960,0.17140,0.07430,0.08500,0.21190,0.07760,0.07360,0.14360,0.10160,0.11070,0.06920,0.07400,0.06980,0.26930,0.08540,0.08540,0.07090,0.08670,0.07500,0.13550,0.15520,0.20960,0.08740,0.07000,0.12870,0.06940,0.08200,0.07510,0.25530,0.07860,0.07840,0.15480,0.07620,0.33520,0.08050,0.07610,0.07450,0.33450,0.08280,0.12680,0.07060,0.08090,0.10770,0.27360,0.12030,0.42670,0.07070,0.08120,0.07760,0.42790,0.08160,0.07900,0.07030,0.12510,0.37500,0.29870,0.34680,0.07560,0.07070,0.07260,0.07140,0.12940,0.07000,0.07850,0.07090,0.07580,0.37950,0.26920
0:30:55,0.09030,0.07490,0.07760,0.06980,0.07610,0.07820,0.07560,0.07070,0.08140,0.07720,0.07820,0.25030,0.10450,0.08530,0.07590,0.08670,0.07470,0.08470,0.08420,0.08770,0.07560,0.07650,0.07690,0.09760,0.08730,0.08870,0.08590,0.08580,0.07980,0.17070,0.07460,0.08510,0.21210,0.07780,0.07380,0.14320,0.10090,0.11040,0.06940,0.07410,0.07000,0.28710,0.08560,0.08560,0.07080,0.08680,0.07520,0.13490,0.15400,0.20670,0.08720,0.07020,0.12800,0.06960,0.08220,0.07530,0.25430,0.07890,0.07870,0.15420,0.07620,0.33200,0.08060,0.07620,0.07460,0.32780,0.08290,0.13160,0.07080,0.08100,0.10760,0.28260,0.11970,0.42100,0.07090,0.08120,0.07770,0.42380,0.08160,0.07910,0.07030,0.12650,0.37210,0.29390,0.33880,0.07570,0.07080,0.07270,0.07150,0.12750,0.07010,0.07850,0.07080,0.07590,0.37760,0.26920
0:32:35,0.09050,0.07490,0.07770,0.06980,0.07630,0.07840,0.07600,0.07100,0.08170,0.07740,0.07850,0.24870,0.10380,0.08530,0.07600,0.08690,0.07480,0.08480,0.08440,0.08800,0.07570,0.07690,0.07750,0.09820,0.08710,0.08800,0.08600,0.08590,0.07990,0.21320,0.07460,0.08520,0.20250,0.07830,0.07420,0.14290,0.10020,0.10900,0.06950,0.07420,0.07010,0.28330,0.08560,0.08560,0.07080,0.08700,0.07550,0.13410,0.15260,0.20570,0.08720,0.07030,0.12720,0.06960,0.08210,0.07530,0.24520,0.07910,0.07890,0.15340,0.07620,0.32900,0.08070,0.07640,0.07470,0.32530,0.08290,0.12700,0.07090,0.08100,0.10630,0.26930,0.11850,0.41680,0.07090,0.08110,0.07770,0.41800,0.08160,0.07930,0.07030,0.12200,0.37230,0.29470,0.33600,0.07560,0.07090,0.07280,0.07150,0.12740,0.07020,0.07860,0.06960,0.07600,0.37770,0.26870
0:34:15,0.09060,0.07510,0.07790,0.07000,0.07650,0.07840,0.07630,0.07150,0.08220,0.07760,0.07840,0.24710,0.10380,0.08530,0.07620,0.08710,0.07490,0.08500,0.08480,0.08830,0.07620,0.07740,0.07810,0.09880,0.08730,0.08770,0.08630,0.08620,0.08010,0.20450,0.07400,0.08530,0.20590,0.07880,0.07460,0.14260,0.10000,0.10810,0.06960,0.07440,0.07030,0.28160,0.08580,0.08600,0.07070,0.08730,0.07600,0.13430,0.15080,0.20440,0.08730,0.07040,0.12670,0.06970,0.08230,0.07550,0.24450,0.07930,0.07910,0.15230,0.07640,0.32480,0.08080,0.07640,0.07480,0.32770,0.08320,0.13000,0.07100,0.08100,0.10640,0.27650,0.11810,0.41270,0.06980,0.08110,0.07790,0.41050,0.08150,0.07950,0.07040,0.12260,0.36320,0.28970,0.33870,0.07560,0.07100,0.07290,0.07150,0.12560,0.07020,0.07860,0.06960,0.07610,0.37600,0.26740
0:35:55,0.09070,0.07520,0.07810,0.07020,0.07670,0.07870,0.07680,0.07210,0.08280,0.07810,0.07850,0.24520,0.10340,0.08560,0.07640,0.08740,0.07520,0.08510,0.08520,0.08900,0.07660,0.07830,0.07920,0.09950,0.08710,0.08780,0.08640,0.08650,0.08030,0.20510,0.07420,0.08580,0.20690,0.07950,0.07510,0.14210,0.09920,0.10820,0.06980,0.07440,0.07040,0.27690,0.08600,0.08640,0.07080,0.08780,0.07670,0.13360,0.15020,0.20260,0.08730,0.07050,0.08140,0.06970,0.08220,0.07560,0.24270,0.07960,0.07950,0.15060,0.07630,0.32150,0.08090,0.07650,0.07480,0.31410,0.08320,0.12290,0.07110,0.08110,0.10590,0.26920,0.11710,0.40990,0.06990,0.08090,0.07790,0.40170,0.08160,0.07940,0.07050,0.12220,0.36620,0.28570,0.33250,0.07560,0.07110,0.07290,0.07150,0.12570,0.07030,0.07880,0.06970,0.07620,0.37340,0.25690
0:37:35,0.09080,0.07530,0.07840,0.07030,0.07700,0.07900,0.07730,0.07280,0.08350,0.07870,0.07870,0.24320,0.10310,0.08560,0.07670,0.08780,0.07540,0.08540,0.08550,0.08950,0.07700,0.07920,0.08040,0.10070,0.08700,0.08800,0.08660,0.08680,0.08060,0.20220,0.07460,0.08600,0.20250,0.08040,0.07590,0.14260,0.09860,0.10660,0.07010,0.07460,0.07080,0.28000,0.08630,0.08670,0.07090,0.08860,0.07740,0.13360,0.14880,0.19880,0.08740,0.07070,0.12510,0.06990,0.08240,0.07580,0.24560,0.08020,0.08000,0.15050,0.07650,0.31810,0.08100,0.07690,0.07490,0.31990,0.08350,0.12900,0.07120,0.08110,0.10550,0.26180,0.11660,0.40360,0.07000,0.08130,0.07810,0.39600,0.08150,0.07950,0.07050,0.12180,0.35000,0.28500,0.32840,0.07560,0.07120,0.07310,0.07170,0.12440,0.07030,0.07890,0.06950,0.07630,0.36320,0.15200
0:39:15,0.09090,0.07560,0.07880,0.07080,0.07770,0.07970,0.07820,0.07400,0.08450,0.07950,0.07900,0.24410,0.10270,0.08590,0.07720,0.08850,0.07590,0.08580,0.08630,0.09080,0.07780,0.08070,0.08200,0.10230,0.08700,0.08640,0.08690,0.08740,0.08110,0.20090,0.07510,0.08670,0.19970,0.08200,0.07730,0.14390,0.09810,0.10630,0.07050,0.07490,0.07130,0.27180,0.08680,0.08760,0.07120,0.08990,0.07890,0.13480,0.14810,0.19800,0.08760,0.07110,0.08190,0.07010,0.08290,0.07620,0.23390,0.08110,0.08090,0.15110,0.07660,0.31700,0.08130,0.07730,0.07520,0.31150,0.08380,0.12180,0.07160,0.08140,0.10490,0.26890,0.11600,0.39890,0.07020,0.08150,0.07840,0.38980,0.08190,0.07980,0.07080,0.12100,0.34940,0.28460,0.32120,0.07570,0.07150,0.07340,0.07200,0.12130,0.07060,0.07920,0.06960,0.07650,0.35830,0.15030
0:40:55,0.09100,0.07580,0.07930,0.07120,0.07830,0.08060,0.07940,0.07560,0.08590,0.08080,0.07960,0.24450,0.10240,0.08610,0.07780,0.08930,0.07640,0.08630,0.08740,0.09240,0.07900,0.08260,0.08400,0.10420,0.08700,0.08690,0.08730,0.08800,0.08180,0.19750,0.07600,0.08750,0.19820,0.08390,0.07900,0.14420,0.09770,0.10640,0.07100,0.07520,0.07190,0.27170,0.08740,0.08860,0.07130,0.09170,0.08060,0.13540,0.14630,0.19670,0.08800,0.07150,0.12420,0.07030,0.08360,0.07660,0.23400,0.08230,0.08220,0.15080,0.07660,0.31300,0.08150,0.07770,0.07540,0.31090,0.08430,0.12820,0.07170,0.08160,0.10500,0.26110,0.11510,0.39580,0.07030,0.08160,0.07870,0.39060,0.08200,0.07990,0.07090,0.11910,0.34280,0.28550,0.32250,0.07570,0.07180,0.07350,0.07220,0.12160,0.07070,0.07930,0.06960,0.07670,0.36320,0.14930
0:42:35,0.09150,0.07620,0.08000,0.07210,0.07920,0.08190,0.08090,0.07760,0.08770,0.08220,0.08020,0.24730,0.10220,0.08660,0.07860,0.09040,0.07720,0.08730,0.08860,0.09440,0.08060,0.08490,0.08620,0.10690,0.08720,0.08730,0.08800,0.08920,0.08300,0.19570,0.07730,0.08910,0.19640,0.08620,0.08100,0.14720,0.09730,0.10660,0.07180,0.07570,0.07300,0.27240,0.08860,0.09030,0.07170,0.09400,0.08260,0.13690,0.14550,0.19430,0.08880,0.07220,0.08310,0.07080,0.07570,0.07740,0.23510,0.08370,0.08340,0.15240,0.07710,0.30940,0.08210,0.07840,0.07580,0.30590,0.08500,0.11940,0.07220,0.08210,0.10470,0.25930,0.11410,0.39170,0.07080,0.08210,0.07910,0.39360,0.08240,0.08050,0.07120,0.12060,0.35340,0.28060,0.31870,0.07580,0.07210,0.07400,0.07270,0.12120,0.07100,0.07960,0.06990,0.07710,0.36430,0.14950
0:44:15,0.09170,0.07650,0.08040,0.07260,0.07980,0.08260,0.08170,0.07890,0.08870,0.08310,0.08050,0.24870,0.10180,0.08700,0.07900,0.09110,0.07780,0.08790,0.08960,0.09570,0.08130,0.08640,0.08770,0.10880,0.08710,0.08630,0.08850,0.08990,0.08380,0.19110,0.07810,0.08990,0.19730,0.08770,0.08230,0.14800,0.09660,0.10350,0.07230,0.07600,0.07340,0.26650,0.08920,0.09130,0.07180,0.09530,0.08390,0.13760,0.14430,0.19160,0.08900,0.07260,0.12380,0.07100,0.07620,0.07780,0.24550,0.08480,0.08470,0.15290,0.07700,0.30680,0.08230,0.07880,0.07600,0.31630,0.08530,0.12810,0.07240,0.08220,0.10500,0.25780,0.11300,0.38490,0.07100,0.08220,0.07920,0.39000,0.08250,0.08060,0.07130,0.12100,0.34860,0.26820,0.32450,0.07570,0.07240,0.07410,0.07270,0.12020,0.07110,0.07990,0.06980,0.07720,0.35750,0.14870
0:45:55,0.09190,0.07670,0.08090,0.07310,0.08040,0.08360,0.08250,0.08020,0.08970,0.08390,0.08070,0.24880,0.10160,0.08740,0.07960,0.09190,0.07840,0.08860,0.09040,0.09700,0.08220,0.08780,0.08940,0.11050,0.08720,0.08660,0.08900,0.09060,0.08470,0.19180,0.07890,0.09090,0.19460,0.08910,0.08350,0.14860,0.09640,0.10310,0.07300,0.07650,0.07420,0.26610,0.09010,0.09240,0.07190,0.09660,0.08520,0.13890,0.14280,0.19170,0.08940,0.07320,0.08390,0.07130,0.07700,0.07840,0.23260,0.08570,0.08540,0.15250,0.07720,0.30550,0.08260,0.07940,0.07630,0.30470,0.08580,0.12130,0.07270,0.08240,0.10480,0.25410,0.11300,0.38550,0.07120,0.08270,0.07960,0.38620,0.08280,0.08100,0.07150,0.12160,0.33470,0.27150,0.31370,0.07580,0.07270,0.07450,0.07300,0.11910,0.07130,0.08010,0.07000,0.07740,0.34720,0.14790
0:47:35,0.09200,0.07680,0.08090,0.07330,0.08050,0.08390,0.08290,0.08100,0.09030,0.08410,0.08050,0.24580,0.10160,0.08750,0.07980,0.09230,0.07870,0.08890,0.09090,0.09760,0.08240,0.08870,0.09030,0.11100,0.08730,0.08620,0.08940,0.09120,0.08510,0.18950,0.07930,0.09120,0.19270,0.09000,0.08410,0.14840,0.09600,0.10360,0.07350,0.07670,0.07490,0.26780,0.09060,0.09310,0.07210,0.09720,0.08600,0.13750,0.14270,0.18890,0.08980,0.07370,0.12260,0.07160,0.07740,0.07870,0.23610,0.08630,0.08590,0.15100,0.07730,0.30310,0.08280,0.07970,0.07650,0.30370,0.08610,0.12850,0.07290,0.08260,0.10460,0.25300,0.11250,0.37650,0.07140,0.08290,0.07990,0.38010,0.08280,0.08100,0.07150,0.11850,0.34310,0.26360,0.30110,0.07590,0.07300,0.07460,0.07310,0.11930,0.07140,0.08030,0.07000,0.07750,0.35270,0.14540
0:49:15,0.09200,0.07700,0.08110,0.07340,0.08060,0.08400,0.08290,0.08130,0.09050,0.08400,0.08050,0.24340,0.10130,0.08760,0.07980,0.09240,0.07890,0.08920,0.09130,0.09800,0.08270,0.08930,0.09110,0.11140,0.08720,0.08550,0.08960,0.09150,0.08550,0.18500,0.08000,0.09150,0.18980,0.09060,0.08440,0.14780,0.09570,0.10440,0.07390,0.07700,0.07540,0.26180,0.09090,0.09360,0.07220,0.09730,0.08650,0.13710,0.14160,0.18800,0.09010,0.07400,0.08440,0.07180,0.07770,0.07900,0.23480,0.08670,0.08600,0.14980,0.07730,0.30060,0.08300,0.08010,0.07660,0.30280,0.08630,0.12090,0.07300,0.08270,0.10380,0.25790,0.11250,0.37490,0.07160,0.08310,0.08020,0.37400,0.08300,0.08090,0.07160,0.12070,0.34110,0.25690,0.30250,0.07610,0.07310,0.07480,0.07330,0.11920,0.07140,0.08030,0.06990,0.07760,0.34030,0.14410
0:50:55,0.09190,0.07680,0.08100,0.07330,0.08040,0.08370,0.08260,0.08120,0.09030,0.08360,0.08040,0.24280,0.10090,0.08760,0.07990,0.09230,0.07890,0.08920,0.09130,0.09790,0.08270,0.08950,0.09130,0.11150,0.08710,0.08530,0.08990,0.09160,0.08560,0.18190,0.08000,0.09150,0.19210,0.09080,0.08450,0.08630,0.09510,0.10120,0.07410,0.07700,0.07560,0.24710,0.09100,0.09370,0.07220,0.09760,0.08670,0.13620,0.14010,0.18620,0.09010,0.07430,0.12140,0.07190,0.07790,0.07910,0.22530,0.08680,0.08600,0.14860,0.07750,0.29770,0.08310,0.08020,0.07670,0.29720,0.08650,0.11820,0.07320,0.08280,0.10380,0.25270,0.11170,0.37070,0.07170,0.08330,0.08030,0.37810,0.08310,0.08110,0.07170,0.11870,0.33780,0.25650,0.30020,0.07630,0.07330,0.07490,0.07340,0.11720,0.07150,0.08040,0.07000,0.07770,0.33880,0.14140
0:52:35,0.09190,0.07710,0.08110,0.07340,0.08070,0.08390,0.08270,0.08130,0.09030,0.08360,0.08080,0.24020,0.10070,0.08770,0.08000,0.09250,0.07910,0.08960,0.09140,0.09790,0.08310,0.08960,0.09170,0.11130,0.08720,0.08490,0.09010,0.09190,0.08580,0.17970,0.08050,0.09190,0.18460,0.09110,0.08450,0.08650,0.09490,0.10120,0.07430,0.07730,0.07610,0.25630,0.09140,0.09410,0.07230,0.09790,0.08690,0.13540,0.13920,0.18430,0.09030,0.07460,0.08450,0.07210,0.07830,0.07950,0.22000,0.08720,0.08610,0.14720,0.07750,0.29630,0.08320,0.08050,0.07690,0.28820,0.08670,0.12680,0.07330,0.08300,0.10350,0.24220,0.11150,0.36880,0.07180,0.08330,0.08050,0.36360,0.08310,0.08130,0.07180,0.08480,0.32630,0.11040,0.29710,0.07670,0.07330,0.07510,0.07350,0.11720,0.07160,0.08050,0.07000,0.07780,0.34000,0.14030
0:54:15,0.09210,0.07740,0.08150,0.07400,0.08140,0.08460,0.08370,0.08190,0.09110,0.08420,0.08140,0.23920,0.10040,0.08780,0.08050,0.09310,0.07980,0.09050,0.09210,0.09910,0.08410,0.09030,0.09230,0.11200,0.08710,0.08560,0.09040,0.09250,0.08650,0.18250,0.08140,0.09310,0.19160,0.09180,0.08510,0.08710,0.09450,0.10060,0.07490,0.07780,0.07690,0.25820,0.09220,0.09540,0.07260,0.09840,0.08750,0.13450,0.13930,0.18330,0.09060,0.07500,0.12150,0.07240,0.07890,0.08030,0.22140,0.08770,0.08690,0.14610,0.07770,0.29160,0.08350,0.08100,0.07720,0.29390,0.08740,0.12020,0.07370,0.08340,0.10350,0.23680,0.11050,0.36140,0.07190,0.08360,0.08070,0.36730,0.08350,0.08170,0.07210,0.08570,0.32860,0.11020,0.29140,0.07700,0.07350,0.07520,0.07370,0.11670,0.07180,0.08080,0.07010,0.07810,0.33350,0.14000
0:55:55,0.09210,0.07760,0.08180,0.07430,0.08180,0.08520,0.08430,0.08270,0.09180,0.08460,0.08170,0.23790,0.10000,0.08810,0.08090,0.09350,0.08010,0.09090,0.09270,0.10000,0.08500,0.09090,0.09330,0.11270,0.08720,0.08540,0.09100,0.09310,0.08710,0.17790,0.08240,0.09370,0.18710,0.09280,0.08570,0.08800,0.09400,0.09950,0.07540,0.07810,0.07770,0.25870,0.09280,0.09620,0.07280,0.09880,0.08840,0.13460,0.13820,0.18240,0.09100,0.07550,0.08550,0.07270,0.07950,0.08070,0.21980,0.08840,0.08740,0.14490,0.07780,0.28900,0.08370,0.08150,0.07750,0.28720,0.08770,0.11730,0.07410,0.08360,0.10330,0.23490,0.11030,0.36140,0.07220,0.08370,0.08110,0.35880,0.08370,0.08180,0.07220,0.08610,0.32170,0.10930,0.28260,0.07710,0.07380,0.07540,0.07380,0.11540,0.07190,0.08100,0.07020,0.07830,0.32460,0.13810
0:57:35,0.09220,0.07780,0.08190,0.07460,0.08220,0.08560,0.08480,0.08340,0.09240,0.08490,0.08200,0.23810,0.09970,0.08810,0.08110,0.09370,0.08050,0.09130,0.09330,0.10070,0.08560,0.09180,0.09410,0.11380,0.08710,0.08480,0.09100,0.09350,0.08750,0.18200,0.08290,0.09430,0.18410,0.09350,0.08640,0.08880,0.09360,0.10010,0.07570,0.07830,0.07810,0.24950,0.09320,0.09700,0.07300,0.09970,0.08910,0.13500,0.13830,0.18020,0.09110,0.07590,0.12020,0.07290,0.08010,0.08110,0.22020,0.08900,0.08820,0.14520,0.07790,0.28740,0.08390,0.08170,0.07750,0.28310,0.08810,0.12580,0.07420,0.08380,0.10310,0.22770,0.10960,0.35620,0.07220,0.08380,0.08140,0.35280,0.08380,0.08200,0.07230,0.08650,0.32390,0.10810,0.28920,0.07710,0.07370,0.07540,0.07390,0.11430,0.07210,0.08120,0.07020,0.07830,0.32850,0.13710
0:59:15,0.09220,0.07790,0.08230,0.07500,0.08280,0.08620,0.08550,0.08430,0.09340,0.08530,0.08250,0.23600,0.09970,0.08840,0.08160,0.09420,0.08120,0.09230,0.09400,0.10190,0.08670,0.09290,0.09530,0.11470,0.08730,0.08460,0.09150,0.09410,0.08820,0.18020,0.08400,0.09530,0.18720,0.09470,0.08740,0.08980,0.09340,0.09920,0.07620,0.07890,0.07910,0.25200,0.09390,0.09800,0.07330,0.10090,0.09020,0.13490,0.13970,0.17870,0.09140,0.07630,0.08620,0.07340,0.08080,0.08190,0.22230,0.08990,0.08910,0.14520,0.07800,0.28420,0.08420,0.08220,0.07790,0.27790,0.08850,0.11720,0.07460,0.08400,0.10300,0.23480,0.10890,0.35390,0.07240,0.08390,0.08160,0.35080,0.08400,0.08230,0.07240,0.08710,0.31430,0.10750,0.28280,0.07700,0.07400,0.07550,0.07410,0.11400,0.07220,0.08130,0.07030,0.07850,0.31730,0.13640
1:00:55,0.09250,0.07820,0.08240,0.07540,0.08310,0.08680,0.08620,0.08510,0.09420,0.08570,0.08270,0.23500,0.09950,0.08860,0.08180,0.09450,0.08150,0.09260,0.09460,0.10270,0.08740,0.09380,0.09640,0.11560,0.08730,0.08440,0.09200,0.09470,0.08860,0.17530,0.08480,0.09590,0.18600,0.09570,0.08830,0.09070,0.09310,0.09990,0.07670,0.07910,0.07980,0.24860,0.09460,0.09890,0.07350,0.10160,0.09120,0.13430,0.14030,0.17580,0.09170,0.07670,0.11970,0.07370,0.08130,0.08230,0.22140,0.09040,0.08960,0.14370,0.07810,0.28070,0.08440,0.08250,0.07810,0.27190,0.08870,0.12580,0.07480,0.08440,0.10290,0.23000,0.10850,0.35090,0.07270,0.08410,0.08180,0.35320,0.08420,0.08240,0.07260,0.08750,0.16230,0.10650,0.27570,0.07700,0.07420,0.07580,0.07430,0.11250,0.07230,0.08150,0.07040,0.07860,0.32620,0.13410

