Corrected [600]
	1	2	3	4	5	6	7	8	9	10	11	12
A	0.20888	0.07756	0.16569	0.07767	0.15421	0.07753	0.19906	0.07654	0.16821	0.07660	0.15994	0.07649	Corrected [600]
B	0.19830	0.23004	0.18800	0.26332	0.17455	0.23255	0.21246	0.25528	0.15603	0.23270	0.17842	0.17640	Corrected [600]
C	0.13122	0.15371	0.13162	0.19937	0.14384	0.18349	0.14248	0.19589	0.11954	0.23311	0.13525	0.15279	Corrected [600]
D	0.07643	0.12757	0.08073	0.14036	0.07866	0.13714	0.07528	0.14351	0.07436	0.14157	0.07498	0.11058	Corrected [600]
E	0.17365	0.07563	0.22337	0.08011	0.22996	0.07736	0.22834	0.07797	0.22551	0.07701	0.20762	0.07595	Corrected [600]
F	0.15379	0.22769	0.15907	0.22641	0.18323	0.25529	0.23347	0.25422	0.18568	0.25968	0.19679	0.31142	Corrected [600]
G	0.10674	0.18621	0.12574	0.18612	0.12717	0.17827	0.12941	0.17876	0.12739	0.17428	0.14009	0.22786	Corrected [600]
H	0.07692	0.11713	0.07586	0.11327	0.07657	0.11993	0.07801	0.11447	0.07784	0.11284	0.07646	0.14322	Corrected [600]

