Corrected [600]
	1	2	3	4	5	6	7	8	9	10	11	12
A	0.25484	0.07326	0.41652	0.07402	0.30471	0.07315	0.35960	0.07541	0.29093	0.07381	0.31100	0.06466	Corrected [600]
B	0.31678	0.49657	0.32712	0.33750	0.38033	0.37278	0.37615	0.34825	0.35978	0.39762	0.22195	0.32789	Corrected [600]
C	0.15494	0.29772	0.24951	0.25876	0.22032	0.32383	0.19241	0.27042	0.18330	0.24372	0.15295	0.32058	Corrected [600]
D	0.07292	0.20185	0.07399	0.23169	0.07360	0.21046	0.07367	0.21533	0.07379	0.18452	0.07360	0.15571	Corrected [600]
E	0.38200	0.07281	0.28121	0.07395	0.39328	0.07204	0.33141	0.07546	0.29860	0.07533	0.28148	0.07428	Corrected [600]
F	0.28796	0.37705	0.27287	0.47160	0.23874	0.35429	0.23876	0.35856	0.22678	0.30222	0.24903	0.27669	Corrected [600]
G	0.16305	0.23908	0.17826	0.23067	0.21747	0.35446	0.16492	0.25046	0.19944	0.28816	0.24379	0.29283	Corrected [600]
H	0.07288	0.15475	0.07505	0.20680	0.07371	0.15671	0.07371	0.14733	0.07477	0.17338	0.07371	0.14256	Corrected [600]

