420

Time,A1,A2,A3,A4,A5,A6,A7,A8,A9,A10,A11,A12,B1,B2,B3,B4,B5,B6,B7,B8,B9,B10,B11,B12,C1,C2,C3,C4,C5,C6,C7,C8,C9,C10,C11,C12,D1,D2,D3,D4,D5,D6,D7,D8,D9,D10,D11,D12,E1,E2,E3,E4,E5,E6,E7,E8,E9,E10,E11,E12,F1,F2,F3,F4,F5,F6,F7,F8,F9,F10,F11,F12,G1,G2,G3,G4,G5,G6,G7,G8,G9,G10,G11,G12,H1,H2,H3,H4,H5,H6,H7,H8,H9,H10,H11,H12
0:00:34,0.08010,0.07830,0.07930,0.07690,0.07810,0.07750,0.08000,0.07720,0.07880,0.07800,0.07980,0.07850,0.07880,0.07800,0.07960,0.07790,0.07790,0.07890,0.07900,0.07920,0.07850,0.07880,0.07860,0.07900,0.07830,0.07790,0.07800,0.07750,0.07960,0.07770,0.07800,0.07830,0.07800,0.07800,0.07880,0.07840,0.07760,0.07740,0.07730,0.07760,0.07740,0.07740,0.07700,0.07790,0.07860,0.07950,0.07830,0.07830,0.08410,0.07680,0.07880,0.07670,0.08020,0.07740,0.07900,0.07810,0.07840,0.07750,0.08320,0.08150,0.08170,0.07840,0.07900,0.09140,0.07980,0.07780,0.07860,0.07800,0.07850,0.08150,0.08310,0.07990,0.08190,0.07840,0.07840,0.09070,0.07870,0.07880,0.07790,0.07810,0.07790,0.08050,0.08050,0.07920,0.07780,0.07720,0.07730,0.08360,0.07750,0.07750,0.07770,0.07780,0.07780,0.07950,0.07830,0.07820
0:10:34,0.08130,0.07750,0.08140,0.07640,0.07790,0.07700,0.07930,0.07670,0.07900,0.07740,0.07950,0.07970,0.07960,0.07990,0.08070,0.07780,0.07760,0.07850,0.07880,0.07900,0.07830,0.07820,0.07850,0.08000,0.07820,0.07830,0.07820,0.07720,0.07910,0.07750,0.07760,0.07810,0.07760,0.07740,0.07820,0.07940,0.07720,0.07750,0.07700,0.07730,0.07690,0.07710,0.07650,0.07750,0.07820,0.07900,0.07780,0.07840,0.09650,0.07630,0.07940,0.07630,0.08440,0.07710,0.07900,0.07800,0.07830,0.07720,0.10150,0.08110,0.08940,0.07950,0.07900,0.13390,0.08200,0.07850,0.07830,0.07780,0.07820,0.09280,0.09540,0.08270,0.08550,0.07790,0.07820,0.12030,0.07980,0.07860,0.07760,0.07770,0.07750,0.08920,0.08750,0.08090,0.07720,0.07700,0.07680,0.09730,0.07710,0.07730,0.07740,0.07730,0.07740,0.08330,0.07780,0.07880
0:20:34,0.08360,0.07740,0.08520,0.07630,0.07820,0.07680,0.08000,0.07680,0.07960,0.07750,0.08090,0.08020,0.08130,0.08260,0.08310,0.07800,0.07800,0.07860,0.07880,0.07970,0.07830,0.07850,0.07920,0.08340,0.07900,0.07990,0.07920,0.07740,0.07930,0.07770,0.07750,0.07830,0.07760,0.07770,0.07870,0.08130,0.07710,0.07770,0.07690,0.07740,0.07680,0.07710,0.07650,0.07750,0.07800,0.07890,0.07770,0.07910,0.11250,0.07620,0.08120,0.07630,0.08980,0.07700,0.07960,0.07790,0.07900,0.07710,0.12660,0.08090,0.09900,0.07990,0.07990,0.18430,0.08540,0.07890,0.07850,0.07820,0.07850,0.10850,0.11150,0.08780,0.09040,0.07810,0.07850,0.15460,0.08150,0.07890,0.07850,0.07760,0.07770,0.09880,0.09630,0.08430,0.07700,0.07700,0.07680,0.11400,0.07700,0.07760,0.07730,0.07720,0.07740,0.08920,0.07760,0.08050
0:30:34,0.08570,0.07740,0.08970,0.07660,0.07870,0.07710,0.08060,0.07710,0.08030,0.07780,0.08270,0.07940,0.08320,0.08480,0.08550,0.07860,0.07830,0.07920,0.07930,0.08080,0.07890,0.07890,0.08030,0.08670,0.07980,0.08100,0.08030,0.07770,0.07940,0.07810,0.07770,0.07890,0.07780,0.07790,0.07920,0.08340,0.07730,0.07870,0.07710,0.07760,0.07690,0.07750,0.07650,0.07770,0.07810,0.07920,0.07770,0.08040,0.12820,0.07630,0.08270,0.07630,0.09530,0.07700,0.08060,0.07800,0.07950,0.07720,0.15360,0.08120,0.10860,0.08050,0.08120,0.23540,0.08930,0.07910,0.07920,0.07840,0.07890,0.12440,0.12910,0.09270,0.09540,0.07830,0.07910,0.19050,0.08360,0.07890,0.08100,0.07770,0.07790,0.10980,0.10630,0.08770,0.07720,0.07730,0.07690,0.13150,0.07720,0.07790,0.07750,0.07750,0.07750,0.09570,0.07770,0.08210
0:40:34,0.08770,0.07770,0.09380,0.07690,0.07930,0.07750,0.08140,0.07770,0.08140,0.07820,0.08490,0.08020,0.08500,0.08700,0.08810,0.07940,0.07890,0.07990,0.07980,0.08210,0.07990,0.08000,0.08170,0.09070,0.08080,0.08270,0.08250,0.07820,0.07980,0.07860,0.07830,0.07990,0.07840,0.07860,0.08010,0.08620,0.07780,0.07980,0.07750,0.07800,0.07740,0.07790,0.07680,0.07870,0.07850,0.07970,0.07810,0.08180,0.14470,0.07670,0.08480,0.07650,0.10150,0.07740,0.08190,0.07860,0.08020,0.07760,0.17990,0.08180,0.11890,0.08100,0.08250,0.28590,0.09340,0.07950,0.08010,0.07920,0.07970,0.14140,0.14660,0.09810,0.10060,0.07890,0.07990,0.22670,0.08590,0.07930,0.08180,0.07860,0.07840,0.12130,0.11680,0.09130,0.07730,0.07790,0.07710,0.14870,0.07740,0.07830,0.07780,0.07780,0.07790,0.10200,0.07800,0.08380
0:50:34,0.09030,0.07810,0.09840,0.07730,0.08030,0.07810,0.08280,0.07900,0.08290,0.07930,0.08740,0.08210,0.08700,0.08920,0.09110,0.08040,0.07980,0.08090,0.08070,0.08370,0.08110,0.08130,0.08380,0.09490,0.08190,0.08430,0.08430,0.07880,0.08020,0.07930,0.07900,0.08130,0.07940,0.07950,0.08130,0.08940,0.07780,0.08090,0.07780,0.07860,0.07780,0.07840,0.07730,0.07980,0.07900,0.08030,0.07880,0.08360,0.16160,0.07700,0.08690,0.07680,0.10780,0.07790,0.08320,0.07940,0.08110,0.07840,0.20690,0.08280,0.12970,0.08150,0.08410,0.33570,0.09790,0.08020,0.08110,0.08010,0.08070,0.15810,0.16440,0.10360,0.10610,0.08100,0.08070,0.26320,0.08830,0.07990,0.08250,0.07970,0.07920,0.13280,0.12740,0.09500,0.07750,0.07840,0.07740,0.16590,0.07770,0.07880,0.07810,0.07820,0.07860,0.10860,0.07850,0.08530
1:00:34,0.09280,0.07870,0.10290,0.07800,0.08150,0.07890,0.08430,0.08060,0.08460,0.08060,0.09000,0.08400,0.08900,0.09130,0.09410,0.08170,0.08090,0.08230,0.08200,0.08590,0.08270,0.08260,0.08590,0.09900,0.08300,0.08610,0.08610,0.07970,0.08090,0.08020,0.07990,0.08320,0.08070,0.08060,0.08300,0.09260,0.07800,0.08220,0.07840,0.07920,0.07830,0.07920,0.07800,0.08090,0.07990,0.08130,0.07980,0.08570,0.17840,0.07740,0.08910,0.07690,0.11420,0.07860,0.08460,0.08040,0.08240,0.07940,0.23340,0.08360,0.14030,0.08220,0.08580,0.38350,0.10230,0.08100,0.08240,0.08120,0.08190,0.17500,0.18230,0.10880,0.11150,0.08330,0.08180,0.29890,0.09090,0.08070,0.08200,0.08080,0.08020,0.14420,0.13770,0.09850,0.07760,0.07890,0.07760,0.18290,0.07810,0.07930,0.07860,0.07880,0.07920,0.11510,0.07880,0.08690
1:10:34,0.09520,0.07950,0.10770,0.07880,0.08290,0.07990,0.08610,0.08290,0.08650,0.08230,0.09270,0.08730,0.09100,0.09400,0.09740,0.08310,0.08220,0.08390,0.08350,0.08860,0.08460,0.08430,0.08800,0.10290,0.08420,0.08790,0.08810,0.08070,0.08190,0.08140,0.08120,0.08530,0.08210,0.08200,0.08480,0.09550,0.07850,0.08340,0.07910,0.08000,0.07910,0.08010,0.07900,0.08260,0.08100,0.08250,0.08090,0.08780,0.19490,0.07800,0.09150,0.07730,0.12080,0.07940,0.08630,0.08170,0.08390,0.08060,0.25950,0.08460,0.15060,0.08310,0.08760,0.42840,0.10710,0.08200,0.08380,0.08260,0.08310,0.19160,0.19960,0.11410,0.11680,0.08490,0.08290,0.33270,0.09350,0.08160,0.08430,0.08190,0.08110,0.15570,0.14780,0.10210,0.07780,0.07940,0.07810,0.19980,0.07860,0.08010,0.07920,0.07920,0.07990,0.12150,0.07930,0.08840
1:20:34,0.09760,0.08040,0.11250,0.07980,0.08430,0.08100,0.08810,0.08560,0.08870,0.08390,0.09590,0.09150,0.09300,0.09660,0.10050,0.08470,0.08370,0.08570,0.08530,0.09160,0.08630,0.08590,0.09010,0.10690,0.08530,0.08970,0.09030,0.08180,0.08300,0.08270,0.08260,0.08750,0.08370,0.08340,0.08640,0.09830,0.07890,0.08450,0.08000,0.08110,0.08000,0.08120,0.08010,0.08430,0.08220,0.08380,0.08210,0.08990,0.21090,0.07870,0.09380,0.07780,0.12740,0.08040,0.08790,0.08310,0.08520,0.08180,0.28470,0.08550,0.16070,0.08400,0.08940,0.47100,0.11170,0.08300,0.08520,0.08400,0.08430,0.20780,0.21640,0.11920,0.12200,0.08550,0.08390,0.36480,0.09610,0.08240,0.08310,0.08300,0.08210,0.16690,0.15770,0.10550,0.07800,0.08010,0.07840,0.21620,0.07920,0.08070,0.07980,0.07980,0.08060,0.12780,0.08000,0.08990
1:30:34,0.09990,0.08140,0.11710,0.08070,0.08570,0.08210,0.09010,0.08800,0.09150,0.08630,0.09980,0.09450,0.09520,0.09930,0.10360,0.08630,0.08540,0.08780,0.08710,0.09520,0.08830,0.08750,0.09210,0.11120,0.08670,0.09180,0.09260,0.08300,0.08430,0.08410,0.08410,0.09010,0.08540,0.08490,0.08800,0.10080,0.07940,0.08580,0.08100,0.08210,0.08100,0.08230,0.08120,0.08630,0.08340,0.08500,0.08320,0.09190,0.22650,0.07950,0.09630,0.07820,0.13380,0.08130,0.08940,0.08450,0.08660,0.08310,0.30920,0.08610,0.17070,0.08490,0.09120,0.51130,0.11630,0.08400,0.08660,0.08560,0.08530,0.22350,0.23300,0.12410,0.12720,0.08580,0.08510,0.39590,0.09870,0.08340,0.08380,0.08420,0.08300,0.17800,0.16740,0.10860,0.07820,0.08070,0.07890,0.23230,0.07970,0.08140,0.08030,0.08030,0.08120,0.13400,0.08030,0.09150
1:40:34,0.10200,0.08240,0.12170,0.08170,0.08720,0.08330,0.09190,0.09040,0.09400,0.08860,0.10330,0.09460,0.09700,0.10180,0.10660,0.08780,0.08710,0.08980,0.08910,0.09840,0.09070,0.08940,0.09420,0.11650,0.08780,0.09360,0.09470,0.08410,0.08530,0.08560,0.08550,0.09250,0.08720,0.08630,0.08950,0.10340,0.07980,0.08700,0.08170,0.08290,0.08190,0.08330,0.08230,0.08820,0.08450,0.08630,0.08420,0.09390,0.24150,0.08000,0.09840,0.07860,0.14000,0.08220,0.09090,0.08590,0.08780,0.08430,0.33260,0.08660,0.18050,0.08570,0.09280,0.54900,0.12060,0.08500,0.08800,0.08680,0.08630,0.23880,0.24910,0.12890,0.13220,0.08500,0.08600,0.42570,0.10110,0.08410,0.08510,0.08520,0.08370,0.18870,0.17670,0.11160,0.07840,0.08120,0.07920,0.24790,0.08010,0.08190,0.08080,0.08080,0.08180,0.14000,0.08070,0.09280
1:50:34,0.10420,0.08350,0.12640,0.08280,0.08880,0.08460,0.09390,0.09330,0.09690,0.09100,0.10710,0.09740,0.09900,0.10440,0.10970,0.08950,0.08900,0.09200,0.09120,0.10200,0.09300,0.09150,0.09640,0.12110,0.08910,0.09560,0.09690,0.08550,0.08650,0.08710,0.08720,0.09510,0.08920,0.08800,0.09140,0.10570,0.08040,0.08830,0.08280,0.08410,0.08300,0.08450,0.08350,0.09030,0.08590,0.08780,0.08550,0.09630,0.25640,0.08080,0.10070,0.07900,0.14630,0.08320,0.09240,0.08730,0.08910,0.08550,0.35540,0.08730,0.19020,0.08660,0.09440,0.58470,0.12510,0.08600,0.08940,0.08830,0.08740,0.25400,0.26500,0.13360,0.13710,0.08420,0.08710,0.45460,0.10360,0.08500,0.08560,0.08640,0.08460,0.19930,0.18600,0.11480,0.07870,0.08170,0.07970,0.26340,0.08070,0.08250,0.08130,0.08130,0.08240,0.14600,0.08120,0.09440
2:00:34,0.10640,0.08470,0.13120,0.08390,0.09060,0.08610,0.09620,0.09610,0.09990,0.09330,0.11090,0.10030,0.10090,0.10680,0.11270,0.09120,0.09110,0.09450,0.09360,0.10550,0.09550,0.09350,0.09920,0.12590,0.09030,0.09730,0.09910,0.08670,0.08790,0.08860,0.08890,0.09800,0.09120,0.09000,0.09340,0.10820,0.08070,0.08960,0.08360,0.08510,0.08410,0.08560,0.08470,0.09240,0.08740,0.08940,0.08700,0.09870,0.27090,0.08150,0.10300,0.07930,0.15260,0.08420,0.09410,0.08880,0.09060,0.08690,0.37790,0.08770,0.19970,0.08720,0.09610,0.61830,0.12940,0.08690,0.09070,0.08960,0.08860,0.26880,0.28070,0.13820,0.14200,0.08390,0.08810,0.48230,0.10610,0.08570,0.08650,0.08740,0.08540,0.20970,0.19520,0.11770,0.07880,0.08220,0.08000,0.27840,0.08100,0.08310,0.08170,0.08170,0.08290,0.15180,0.08140,0.09570
2:10:34,0.10840,0.08590,0.13590,0.08500,0.09250,0.08780,0.09850,0.09880,0.10280,0.09600,0.11470,0.10310,0.10280,0.10910,0.11560,0.09310,0.09340,0.09710,0.09620,0.10890,0.09800,0.09570,0.10160,0.13080,0.09140,0.09910,0.10140,0.08820,0.08910,0.09050,0.09070,0.10100,0.09350,0.09190,0.09530,0.11060,0.08110,0.09090,0.08460,0.08610,0.08530,0.08680,0.08600,0.09480,0.08890,0.09120,0.08850,0.10100,0.28520,0.08220,0.10520,0.07970,0.15880,0.08510,0.09560,0.09050,0.09210,0.08840,0.40030,0.08810,0.20910,0.08810,0.09770,0.64970,0.13370,0.08770,0.09200,0.09120,0.08970,0.28350,0.29620,0.14270,0.14680,0.08430,0.08900,0.50900,0.10850,0.08640,0.08740,0.08870,0.08630,0.22000,0.20430,0.12070,0.07900,0.08260,0.08030,0.29340,0.08150,0.08360,0.08210,0.08220,0.08350,0.15750,0.08190,0.09720
2:20:34,0.11060,0.08720,0.14070,0.08610,0.09440,0.08940,0.10060,0.10120,0.10560,0.09840,0.11840,0.10560,0.10470,0.11140,0.11850,0.09490,0.09550,0.09940,0.09850,0.11210,0.10040,0.09770,0.10390,0.13540,0.09250,0.10070,0.10350,0.08930,0.09030,0.09220,0.09250,0.10370,0.09570,0.09400,0.09730,0.11290,0.08140,0.09200,0.08540,0.08710,0.08630,0.08790,0.08700,0.09700,0.09040,0.09280,0.08990,0.10310,0.29930,0.08270,0.10740,0.08010,0.16480,0.08610,0.09710,0.09210,0.09350,0.08990,0.42160,0.08850,0.21830,0.08880,0.09920,0.67920,0.13790,0.08860,0.09320,0.09280,0.09070,0.29800,0.31100,0.14700,0.15160,0.08470,0.09000,0.53460,0.11080,0.08710,0.08820,0.08980,0.08700,0.23020,0.21320,0.12360,0.07910,0.08300,0.08060,0.30790,0.08180,0.08410,0.08260,0.08260,0.08400,0.16320,0.08210,0.09860
2:30:34,0.11270,0.08840,0.14600,0.08770,0.09660,0.09140,0.10320,0.10400,0.10860,0.10060,0.12220,0.10900,0.10660,0.11380,0.12160,0.09700,0.09790,0.10200,0.10140,0.11550,0.10310,0.10010,0.10640,0.14000,0.09370,0.10250,0.10580,0.09110,0.09180,0.09440,0.09480,0.10670,0.09810,0.09630,0.09970,0.11550,0.08180,0.09340,0.08650,0.08830,0.08770,0.08940,0.08860,0.09950,0.09220,0.09490,0.09150,0.10550,0.31320,0.08350,0.10970,0.08050,0.17110,0.08730,0.09880,0.09390,0.09530,0.09170,0.44290,0.08910,0.22750,0.08950,0.10080,0.70700,0.14240,0.08970,0.09480,0.09450,0.09200,0.31260,0.32620,0.15150,0.15650,0.08530,0.09100,0.55930,0.11330,0.08790,0.08930,0.09130,0.08800,0.24050,0.22220,0.12660,0.07930,0.08350,0.08100,0.32230,0.08220,0.08460,0.08310,0.08300,0.08460,0.16890,0.08260,0.10010
2:40:34,0.11470,0.08930,0.15080,0.08880,0.09850,0.09290,0.10550,0.10620,0.11120,0.10300,0.12560,0.11160,0.10830,0.11590,0.12440,0.09880,0.10000,0.10430,0.10380,0.11850,0.10550,0.10230,0.10890,0.14460,0.09470,0.10410,0.10800,0.09240,0.09320,0.09630,0.09680,0.10930,0.10030,0.09860,0.10190,0.11760,0.08200,0.09450,0.08750,0.08940,0.08890,0.09070,0.09010,0.10180,0.09400,0.09680,0.09300,0.10740,0.32660,0.08410,0.11180,0.08080,0.17710,0.08850,0.10040,0.09570,0.09700,0.09340,0.46340,0.08950,0.23640,0.09010,0.10220,0.73220,0.14660,0.09060,0.09630,0.09610,0.09340,0.32680,0.34090,0.15560,0.16110,0.08570,0.09180,0.58250,0.11570,0.08870,0.09020,0.09240,0.08890,0.25050,0.23090,0.12930,0.07950,0.08380,0.08120,0.33630,0.08240,0.08510,0.08340,0.08340,0.08500,0.17440,0.08280,0.10150
2:50:34,0.11670,0.09010,0.15520,0.08970,0.09990,0.09410,0.10720,0.10820,0.11340,0.10520,0.12870,0.11440,0.11010,0.11790,0.12690,0.10020,0.10180,0.10620,0.10580,0.12090,0.10740,0.10410,0.11090,0.14870,0.09570,0.10550,0.11000,0.09360,0.09430,0.09780,0.09840,0.11170,0.10220,0.10040,0.10360,0.11950,0.08230,0.09560,0.08840,0.09030,0.08980,0.09180,0.09110,0.10360,0.09540,0.09840,0.09410,0.10860,0.33980,0.08450,0.11370,0.08100,0.18280,0.08940,0.10180,0.09710,0.09840,0.09470,0.48360,0.08960,0.24500,0.09070,0.10350,0.75560,0.15060,0.09130,0.09740,0.09740,0.09440,0.34070,0.35520,0.15970,0.16570,0.08600,0.09250,0.60500,0.11770,0.08920,0.09100,0.09340,0.08950,0.26040,0.23950,0.13200,0.07960,0.08410,0.08130,0.35000,0.08260,0.08540,0.08370,0.08360,0.08540,0.17970,0.08290,0.10280
3:00:34,0.11870,0.09100,0.15980,0.09090,0.10160,0.09560,0.10920,0.11030,0.11580,0.10720,0.13180,0.11710,0.11180,0.12020,0.12970,0.10180,0.10370,0.10830,0.10800,0.12360,0.10950,0.10600,0.11310,0.15280,0.09680,0.10710,0.11210,0.09500,0.09570,0.09950,0.10020,0.11410,0.10420,0.10230,0.10540,0.12160,0.08270,0.09670,0.08930,0.09140,0.09100,0.09310,0.09250,0.10560,0.09700,0.10010,0.09520,0.10980,0.35290,0.08510,0.11590,0.08150,0.18880,0.09060,0.10340,0.09850,0.10000,0.09620,0.50290,0.09000,0.25370,0.09140,0.10510,0.77730,0.15480,0.09230,0.09890,0.09880,0.09570,0.35440,0.36940,0.16380,0.17040,0.08650,0.09340,0.62630,0.12010,0.09000,0.09190,0.09450,0.09040,0.27020,0.24810,0.13480,0.07980,0.08440,0.08160,0.36360,0.08300,0.08590,0.08400,0.08400,0.08600,0.18530,0.08320,0.10420
3:10:34,0.12070,0.09210,0.16460,0.09240,0.10350,0.09730,0.11140,0.11240,0.11820,0.10950,0.13500,0.11850,0.11360,0.12240,0.13270,0.10350,0.10580,0.11050,0.11030,0.12630,0.11170,0.10790,0.11540,0.15710,0.09790,0.10870,0.11450,0.09650,0.09730,0.10120,0.10210,0.11660,0.10630,0.10430,0.10740,0.12370,0.08290,0.09800,0.09040,0.09270,0.09240,0.09440,0.09390,0.10770,0.09850,0.10190,0.09660,0.11100,0.36570,0.08580,0.11810,0.08180,0.19480,0.09180,0.10520,0.10010,0.10170,0.09790,0.52210,0.09030,0.26220,0.09190,0.10660,0.79710,0.15910,0.09340,0.10040,0.10030,0.09710,0.36820,0.38340,0.16800,0.17490,0.08700,0.09430,0.64680,0.12240,0.09080,0.09290,0.09560,0.09140,0.28010,0.25680,0.13760,0.07990,0.08480,0.08190,0.37690,0.08340,0.08630,0.08440,0.08440,0.08660,0.19060,0.08360,0.10560
3:20:34,0.12270,0.09320,0.16920,0.09380,0.10530,0.09880,0.11350,0.11440,0.12060,0.11170,0.13800,0.11910,0.11530,0.12460,0.13550,0.10530,0.10770,0.11270,0.11240,0.12890,0.11380,0.10980,0.11780,0.16140,0.09890,0.11020,0.11670,0.09800,0.09890,0.10310,0.10400,0.11900,0.10830,0.10620,0.10930,0.12580,0.08320,0.09910,0.09140,0.09380,0.09370,0.09580,0.09530,0.10960,0.10010,0.10370,0.09800,0.11210,0.37830,0.08640,0.12020,0.08210,0.20080,0.09300,0.10690,0.10160,0.10330,0.09940,0.54050,0.09070,0.27070,0.09250,0.10790,0.81530,0.16320,0.09430,0.10190,0.10180,0.09830,0.38160,0.39730,0.17210,0.17940,0.08730,0.09510,0.66620,0.12480,0.09150,0.09390,0.09660,0.09230,0.28980,0.26540,0.14050,0.08000,0.08510,0.08210,0.38990,0.08360,0.08670,0.08480,0.08470,0.08710,0.19600,0.08380,0.10700
3:30:34,0.12460,0.09440,0.17390,0.09530,0.10720,0.10040,0.11550,0.11640,0.12280,0.11380,0.14100,0.12130,0.11690,0.12680,0.13850,0.10700,0.10970,0.11470,0.11460,0.13130,0.11570,0.11170,0.12000,0.16550,0.10000,0.11190,0.11900,0.09950,0.10050,0.10480,0.10580,0.12130,0.11020,0.10820,0.11120,0.12790,0.08360,0.10030,0.09250,0.09500,0.09510,0.09720,0.09680,0.11160,0.10160,0.10550,0.09930,0.11310,0.39060,0.08710,0.12250,0.08240,0.20690,0.09420,0.10870,0.10300,0.10500,0.10100,0.55870,0.09100,0.27900,0.09310,0.10940,0.83180,0.16740,0.09540,0.10340,0.10320,0.09970,0.39500,0.41100,0.17630,0.18390,0.08780,0.09590,0.68470,0.12720,0.09230,0.09480,0.09780,0.09320,0.29950,0.27390,0.14320,0.08010,0.08540,0.08220,0.40270,0.08380,0.08720,0.08520,0.08510,0.08770,0.20130,0.08410,0.10840
3:40:34,0.12670,0.09570,0.17860,0.09680,0.10910,0.10210,0.11760,0.11840,0.12500,0.11590,0.14390,0.12330,0.11870,0.12910,0.14140,0.10880,0.11180,0.11690,0.11680,0.13390,0.11790,0.11360,0.12240,0.16960,0.10110,0.11350,0.12130,0.10110,0.10220,0.10670,0.10770,0.12360,0.11210,0.11010,0.11320,0.13010,0.08380,0.10170,0.09370,0.09630,0.09660,0.09870,0.09830,0.11350,0.10330,0.10730,0.10080,0.11410,0.40280,0.08790,0.12470,0.08270,0.21300,0.09560,0.11050,0.10460,0.10670,0.10250,0.57630,0.09130,0.28730,0.09390,0.11090,0.84660,0.17170,0.09650,0.10500,0.10480,0.10110,0.40840,0.42450,0.18030,0.18840,0.08820,0.09680,0.70260,0.12960,0.09310,0.09590,0.09890,0.09420,0.30910,0.28230,0.14590,0.08030,0.08590,0.08250,0.41530,0.08420,0.08780,0.08560,0.08550,0.08840,0.20680,0.08450,0.10970
3:50:34,0.12860,0.09680,0.18310,0.09820,0.11080,0.10350,0.11940,0.12010,0.12710,0.11800,0.14660,0.12520,0.12030,0.13120,0.14420,0.11040,0.11360,0.11870,0.11870,0.13630,0.11980,0.11550,0.12470,0.17360,0.10210,0.11500,0.12350,0.10260,0.10370,0.10830,0.10930,0.12550,0.11390,0.11200,0.11500,0.13200,0.08410,0.10280,0.09480,0.09750,0.09790,0.10010,0.09970,0.11530,0.10480,0.10900,0.10220,0.11520,0.41460,0.08850,0.12690,0.08300,0.21880,0.09670,0.11220,0.10590,0.10840,0.10400,0.59330,0.09160,0.29530,0.09440,0.11240,0.86010,0.17580,0.09750,0.10640,0.10610,0.10230,0.42130,0.43750,0.18430,0.19290,0.08860,0.09760,0.71890,0.13200,0.09380,0.09680,0.10000,0.09510,0.31850,0.29070,0.14860,0.08030,0.08630,0.08270,0.42760,0.08450,0.08820,0.08600,0.08580,0.08900,0.21210,0.08470,0.11110
4:00:34,0.13060,0.09790,0.18760,0.09940,0.11230,0.10490,0.12110,0.12180,0.12910,0.11990,0.14920,0.12730,0.12220,0.13340,0.14680,0.11190,0.11530,0.12040,0.12060,0.13850,0.12160,0.11710,0.12670,0.17740,0.10320,0.11660,0.12570,0.10400,0.10520,0.11000,0.11100,0.12770,0.11570,0.11370,0.11680,0.13400,0.08450,0.10410,0.09590,0.09860,0.09910,0.10130,0.10100,0.11710,0.10620,0.11070,0.10350,0.11610,0.42660,0.08930,0.12910,0.08340,0.22470,0.09790,0.11390,0.10740,0.11010,0.10550,0.60980,0.09180,0.30350,0.09520,0.11410,0.87220,0.18000,0.09870,0.10800,0.10750,0.10360,0.43410,0.45040,0.18840,0.19740,0.08920,0.09850,0.73460,0.13450,0.09460,0.09790,0.10110,0.09620,0.32800,0.29900,0.15140,0.08050,0.08680,0.08310,0.43970,0.08500,0.08880,0.08650,0.08630,0.08970,0.21750,0.08500,0.11240
4:10:34,0.13250,0.09910,0.19210,0.10080,0.11390,0.10620,0.12290,0.12350,0.13090,0.12160,0.15190,0.12930,0.12380,0.13550,0.14960,0.11340,0.11720,0.12210,0.12240,0.14080,0.12330,0.11880,0.12880,0.18110,0.10430,0.11830,0.12790,0.10540,0.10670,0.11150,0.11270,0.12970,0.11740,0.11540,0.11860,0.13580,0.08480,0.10550,0.09700,0.09980,0.10060,0.10270,0.10240,0.11870,0.10760,0.11240,0.10490,0.11700,0.43800,0.09010,0.13130,0.08370,0.23050,0.09920,0.11570,0.10880,0.11170,0.10700,0.62600,0.09200,0.31140,0.09600,0.11560,0.88270,0.18410,0.09980,0.10940,0.10890,0.10490,0.44670,0.46320,0.19230,0.20190,0.08960,0.09950,0.74910,0.13690,0.09550,0.09900,0.10220,0.09720,0.33720,0.30710,0.15410,0.08060,0.08710,0.08330,0.45150,0.08530,0.08930,0.08680,0.08660,0.09030,0.22280,0.08530,0.11380
4:20:34,0.13450,0.10020,0.19650,0.10220,0.11530,0.10760,0.12450,0.12500,0.13270,0.12350,0.15440,0.13180,0.12540,0.13750,0.15240,0.11490,0.11880,0.12390,0.12420,0.14300,0.12500,0.12030,0.13070,0.18490,0.10530,0.11990,0.13020,0.10690,0.10820,0.11320,0.11420,0.13170,0.11910,0.11710,0.12040,0.13780,0.08510,0.10670,0.09810,0.10100,0.10190,0.10400,0.10370,0.12040,0.10890,0.11390,0.10620,0.11810,0.44930,0.09080,0.13350,0.08400,0.23640,0.10030,0.11740,0.11010,0.11330,0.10840,0.64160,0.09230,0.31930,0.09660,0.11720,0.89200,0.18830,0.10080,0.11090,0.11020,0.10620,0.45910,0.47570,0.19620,0.20630,0.09060,0.10020,0.76300,0.13920,0.09620,0.10000,0.10330,0.09810,0.34640,0.31530,0.15680,0.08080,0.08750,0.08350,0.46310,0.08560,0.08980,0.08730,0.08700,0.09090,0.22810,0.08550,0.11510
4:30:34,0.13650,0.10130,0.20090,0.10340,0.11690,0.10900,0.12630,0.12650,0.13450,0.12530,0.15690,0.13430,0.12710,0.13930,0.15510,0.11630,0.12050,0.12550,0.12600,0.14510,0.12680,0.12180,0.13270,0.18850,0.10630,0.12140,0.13240,0.10820,0.10960,0.11460,0.11570,0.13370,0.12060,0.11880,0.12210,0.13970,0.08510,0.10790,0.09910,0.10210,0.10320,0.10520,0.10500,0.12200,0.11020,0.11540,0.10750,0.11910,0.46040,0.09140,0.13560,0.08420,0.24210,0.10140,0.11910,0.11130,0.11480,0.10980,0.65600,0.09250,0.32690,0.09710,0.11860,0.90000,0.19240,0.10190,0.11230,0.11130,0.10730,0.47130,0.48780,0.20010,0.21050,0.09240,0.10100,0.77590,0.14150,0.09700,0.10100,0.10430,0.09910,0.35530,0.32330,0.15940,0.08080,0.08780,0.08360,0.47440,0.08590,0.09020,0.08760,0.08740,0.09150,0.23330,0.08570,0.11640
4:40:34,0.13840,0.10270,0.20540,0.10490,0.11840,0.11050,0.12800,0.12810,0.13640,0.12710,0.15950,0.13560,0.12890,0.14160,0.15800,0.11790,0.12220,0.12720,0.12800,0.14730,0.12850,0.12360,0.13480,0.19240,0.10760,0.12310,0.13480,0.10960,0.11120,0.11620,0.11730,0.13570,0.12240,0.12050,0.12400,0.14180,0.08560,0.10920,0.10040,0.10340,0.10470,0.10670,0.10640,0.12370,0.11170,0.11700,0.10910,0.12030,0.47140,0.09240,0.13800,0.08470,0.24800,0.10270,0.12100,0.11270,0.11640,0.11130,0.67060,0.09290,0.33470,0.09800,0.12030,0.90750,0.19650,0.10310,0.11390,0.11270,0.10880,0.48340,0.49980,0.20410,0.21480,0.09420,0.10200,0.78810,0.14390,0.09790,0.10210,0.10540,0.10010,0.36450,0.33160,0.16210,0.08100,0.08820,0.08390,0.48550,0.08630,0.09080,0.08820,0.08790,0.09230,0.23860,0.08590,0.11770
4:50:34,0.14030,0.10400,0.20980,0.10630,0.12000,0.11190,0.12980,0.12960,0.13820,0.12900,0.16190,0.13540,0.13060,0.14370,0.16090,0.11920,0.12390,0.12890,0.12980,0.14940,0.13010,0.12510,0.13670,0.19600,0.10860,0.12470,0.13700,0.11110,0.11270,0.11770,0.11890,0.13760,0.12400,0.12210,0.12570,0.14370,0.08570,0.11060,0.10150,0.10470,0.10610,0.10800,0.10780,0.12540,0.11310,0.11870,0.11040,0.12130,0.48210,0.09310,0.14020,0.08500,0.25370,0.10390,0.12270,0.11400,0.11810,0.11270,0.68570,0.09310,0.34220,0.09870,0.12180,0.91350,0.20060,0.10410,0.11540,0.11400,0.11000,0.49500,0.51170,0.20790,0.21890,0.09570,0.10290,0.79970,0.14620,0.09870,0.10320,0.10650,0.10120,0.37350,0.33960,0.16470,0.08100,0.08850,0.08410,0.49660,0.08660,0.09130,0.08870,0.08830,0.09300,0.24390,0.08600,0.11900
5:00:34,0.14210,0.10510,0.21390,0.10760,0.12150,0.11320,0.13130,0.13100,0.13990,0.13040,0.16440,0.13660,0.13210,0.14560,0.16360,0.12060,0.12550,0.13040,0.13150,0.15150,0.13170,0.12670,0.13860,0.19960,0.10960,0.12630,0.13930,0.11230,0.11410,0.11910,0.12040,0.13950,0.12560,0.12360,0.12740,0.14570,0.08590,0.11190,0.10250,0.10580,0.10740,0.10930,0.10910,0.12690,0.11430,0.12010,0.11170,0.12230,0.49260,0.09390,0.14230,0.08520,0.25940,0.10500,0.12450,0.11520,0.11950,0.11400,0.69830,0.09320,0.34980,0.09940,0.12330,0.91870,0.20470,0.10510,0.11690,0.11520,0.11120,0.50650,0.52300,0.21180,0.22300,0.09710,0.10370,0.81010,0.14850,0.09950,0.10420,0.10750,0.10210,0.38220,0.34730,0.16710,0.08120,0.08880,0.08430,0.50710,0.08690,0.09180,0.08900,0.08860,0.09360,0.24900,0.08610,0.12020
5:10:34,0.14410,0.10610,0.21810,0.10880,0.12290,0.11440,0.13280,0.13230,0.14160,0.13200,0.16660,0.13810,0.13370,0.14750,0.16620,0.12190,0.12690,0.13200,0.13310,0.15330,0.13320,0.12810,0.14040,0.20300,0.11040,0.12780,0.14150,0.11360,0.11550,0.12050,0.12170,0.14110,0.12710,0.12510,0.12910,0.14750,0.08610,0.11300,0.10360,0.10690,0.10870,0.11050,0.11030,0.12840,0.11550,0.12150,0.11300,0.12330,0.50280,0.09460,0.14450,0.08550,0.26500,0.10610,0.12610,0.11630,0.12090,0.11530,0.71150,0.09340,0.35710,0.10010,0.12490,0.92340,0.20870,0.10610,0.11830,0.11630,0.11240,0.51780,0.53420,0.21550,0.22730,0.09800,0.10450,0.82020,0.15070,0.10030,0.10520,0.10840,0.10300,0.39090,0.35520,0.16960,0.08160,0.08900,0.08460,0.51750,0.08720,0.09220,0.08940,0.08900,0.09430,0.25410,0.08620,0.12150
5:20:34,0.14580,0.10710,0.22210,0.11000,0.12410,0.11560,0.13420,0.13360,0.14320,0.13360,0.16890,0.13970,0.13520,0.14920,0.16870,0.12310,0.12830,0.13330,0.13470,0.15510,0.13470,0.12940,0.14200,0.20640,0.11130,0.12920,0.14350,0.11480,0.11670,0.12170,0.12300,0.14280,0.12860,0.12650,0.13050,0.14910,0.08610,0.11420,0.10450,0.10780,0.10970,0.11160,0.11150,0.12980,0.11670,0.12280,0.11410,0.12410,0.51280,0.09520,0.14660,0.08580,0.27060,0.10710,0.12780,0.11750,0.12230,0.11640,0.72400,0.09360,0.36430,0.10070,0.12630,0.92690,0.21260,0.10700,0.11970,0.11740,0.11360,0.52870,0.54520,0.21930,0.23140,0.09820,0.10530,0.82930,0.15290,0.10100,0.10610,0.10940,0.10390,0.39940,0.36280,0.17210,0.08190,0.08920,0.08470,0.52770,0.08740,0.09260,0.08980,0.08940,0.09480,0.25910,0.08630,0.12280
5:30:34,0.14780,0.10820,0.22610,0.11120,0.12540,0.11680,0.13570,0.13480,0.14470,0.13480,0.17110,0.14180,0.13700,0.15110,0.17130,0.12430,0.12980,0.13490,0.13610,0.15710,0.13620,0.13070,0.14370,0.20960,0.11210,0.13060,0.14560,0.11600,0.11800,0.12310,0.12430,0.14450,0.13000,0.12790,0.13210,0.15080,0.08640,0.11540,0.10550,0.10880,0.11090,0.11270,0.11270,0.13120,0.11780,0.12420,0.11530,0.12500,0.52270,0.09590,0.14860,0.08610,0.27620,0.10810,0.12930,0.11860,0.12370,0.11760,0.73590,0.09380,0.37160,0.10140,0.12780,0.93000,0.21650,0.10800,0.12090,0.11850,0.11470,0.53940,0.55610,0.22300,0.23540,0.09760,0.10610,0.83770,0.15510,0.10170,0.10700,0.11030,0.10480,0.40790,0.37010,0.17460,0.08200,0.08950,0.08490,0.53800,0.08770,0.09300,0.09010,0.08970,0.09540,0.26410,0.08650,0.12410
5:40:34,0.14980,0.10930,0.23020,0.11240,0.12680,0.11810,0.13710,0.13620,0.14630,0.13620,0.17350,0.14340,0.13870,0.15300,0.17380,0.12560,0.13120,0.13640,0.13770,0.15890,0.13760,0.13210,0.14560,0.21300,0.11290,0.13210,0.14770,0.11730,0.11930,0.12440,0.12570,0.14630,0.13150,0.12940,0.13370,0.15280,0.08650,0.11660,0.10640,0.10990,0.11210,0.11400,0.11380,0.13260,0.11900,0.12560,0.11650,0.12600,0.53250,0.09670,0.15070,0.08650,0.28170,0.10910,0.13100,0.11980,0.12500,0.11890,0.74780,0.09410,0.37880,0.10190,0.12930,0.93300,0.22050,0.10890,0.12230,0.11960,0.11590,0.55020,0.56680,0.22680,0.23950,0.09620,0.10700,0.84560,0.15740,0.10250,0.10810,0.11120,0.10570,0.41620,0.37780,0.17710,0.08190,0.08970,0.08520,0.54790,0.08810,0.09350,0.09050,0.09020,0.09600,0.26920,0.08650,0.12540
5:50:34,0.15170,0.11020,0.23430,0.11350,0.12800,0.11930,0.13880,0.13750,0.14770,0.13790,0.17580,0.14580,0.14030,0.15500,0.17650,0.12670,0.13260,0.13770,0.13920,0.16060,0.13910,0.13330,0.14720,0.21620,0.11370,0.13350,0.14970,0.11850,0.12060,0.12570,0.12700,0.14780,0.13300,0.13070,0.13510,0.15440,0.08670,0.11780,0.10740,0.11090,0.11330,0.11510,0.11500,0.13390,0.12020,0.12680,0.11770,0.12700,0.54210,0.09730,0.15290,0.08680,0.28720,0.11000,0.13260,0.12090,0.12650,0.11990,0.75990,0.09440,0.38580,0.10240,0.13080,0.93490,0.22440,0.10990,0.12360,0.12070,0.11690,0.56070,0.57740,0.23040,0.24350,0.09460,0.10780,0.85290,0.15960,0.10330,0.10900,0.11220,0.10660,0.42460,0.38520,0.17960,0.08140,0.08990,0.08530,0.55740,0.08840,0.09380,0.09100,0.09050,0.09660,0.27420,0.08680,0.12670
6:00:34,0.15370,0.11140,0.23840,0.11480,0.12930,0.12050,0.14010,0.13890,0.14940,0.13910,0.17810,0.14690,0.14210,0.15700,0.17910,0.12790,0.13390,0.13920,0.14050,0.16250,0.14050,0.13470,0.14900,0.21950,0.11450,0.13510,0.15180,0.11970,0.12180,0.12710,0.12830,0.14950,0.13450,0.13220,0.13670,0.15630,0.08690,0.11920,0.10840,0.11200,0.11450,0.11630,0.11620,0.13530,0.12140,0.12820,0.11890,0.12800,0.55150,0.09810,0.15510,0.08730,0.29260,0.11110,0.13430,0.12210,0.12780,0.12130,0.76980,0.09460,0.39290,0.10320,0.13240,0.93690,0.22830,0.11080,0.12500,0.12180,0.11820,0.57090,0.58790,0.23410,0.24740,0.09450,0.10870,0.85940,0.16190,0.10410,0.11000,0.11300,0.10760,0.43270,0.39250,0.18210,0.08160,0.09020,0.08570,0.56690,0.08880,0.09440,0.09140,0.09100,0.09730,0.27930,0.08700,0.12790
6:10:34,0.15560,0.11230,0.24230,0.11590,0.13050,0.12150,0.14130,0.14010,0.15080,0.14040,0.18030,0.14650,0.14370,0.15890,0.18160,0.12910,0.13520,0.14060,0.14190,0.16410,0.14180,0.13610,0.15070,0.22270,0.11520,0.13660,0.15380,0.12090,0.12300,0.12820,0.12960,0.15100,0.13580,0.13350,0.13820,0.15810,0.08710,0.12040,0.10940,0.11300,0.11570,0.11740,0.11740,0.13670,0.12250,0.12950,0.12000,0.12900,0.56070,0.09880,0.15720,0.08770,0.29810,0.11210,0.13600,0.12310,0.12920,0.12250,0.77980,0.09490,0.39990,0.10380,0.13400,0.93740,0.23220,0.11190,0.12640,0.12280,0.11920,0.58090,0.59770,0.23760,0.25140,0.09490,0.10960,0.86570,0.16420,0.10480,0.11090,0.11390,0.10850,0.44080,0.39990,0.18450,0.08160,0.09050,0.08590,0.57620,0.08930,0.09490,0.09190,0.09140,0.09800,0.28430,0.08710,0.12920
6:20:34,0.15750,0.11320,0.24610,0.11690,0.13150,0.12270,0.14250,0.14110,0.15220,0.14190,0.18230,0.14750,0.14510,0.16060,0.18390,0.13010,0.13620,0.14190,0.14310,0.16580,0.14310,0.13710,0.15220,0.22570,0.11560,0.13790,0.15570,0.12190,0.12410,0.12930,0.13080,0.15250,0.13700,0.13480,0.13950,0.15960,0.08720,0.12160,0.11020,0.11390,0.11660,0.11840,0.11830,0.13780,0.12360,0.13070,0.12090,0.12970,0.56950,0.09940,0.15920,0.08790,0.30330,0.11300,0.13750,0.12410,0.13050,0.12350,0.78950,0.09490,0.40650,0.10430,0.13540,0.93860,0.23600,0.11280,0.12750,0.12370,0.12020,0.59070,0.60740,0.24100,0.25520,0.09500,0.11040,0.87070,0.16640,0.10550,0.11180,0.11470,0.10930,0.44860,0.40690,0.18680,0.08160,0.09060,0.08590,0.58510,0.08940,0.09520,0.09220,0.09170,0.09850,0.28900,0.08710,0.13040
6:30:34,0.15940,0.11410,0.24970,0.11790,0.13270,0.12360,0.14370,0.14230,0.15360,0.14310,0.18450,0.14840,0.14650,0.16220,0.18630,0.13120,0.13750,0.14300,0.14430,0.16730,0.14440,0.13820,0.15370,0.22880,0.11610,0.13930,0.15760,0.12300,0.12530,0.13040,0.13190,0.15390,0.13820,0.13590,0.14090,0.16100,0.08740,0.12260,0.11100,0.11480,0.11760,0.11930,0.11940,0.13900,0.12460,0.13190,0.12190,0.13040,0.57860,0.10000,0.16120,0.08820,0.30840,0.11390,0.13900,0.12510,0.13170,0.12450,0.79950,0.09480,0.41330,0.10480,0.13690,0.93880,0.23970,0.11350,0.12870,0.12470,0.12120,0.60040,0.61720,0.24450,0.25910,0.09520,0.11100,0.87580,0.16850,0.10600,0.11260,0.11550,0.11010,0.45650,0.41400,0.18930,0.08170,0.09070,0.08620,0.59390,0.08970,0.09560,0.09250,0.09200,0.09900,0.29400,0.08710,0.13160
6:40:34,0.16140,0.11490,0.25360,0.11890,0.13380,0.12470,0.14500,0.14330,0.15500,0.14410,0.18650,0.14970,0.14810,0.16400,0.18880,0.13220,0.13860,0.14440,0.14560,0.16890,0.14560,0.13930,0.15530,0.23180,0.11670,0.14050,0.15950,0.12400,0.12640,0.13150,0.13320,0.15540,0.13940,0.13710,0.14220,0.16260,0.08760,0.12370,0.11180,0.11570,0.11860,0.12030,0.12040,0.14020,0.12560,0.13310,0.12290,0.13120,0.58730,0.10060,0.16330,0.08850,0.31340,0.11480,0.14060,0.12610,0.13290,0.12550,0.80860,0.09500,0.42000,0.10530,0.13840,0.93940,0.24340,0.11430,0.12980,0.12560,0.12220,0.60990,0.62650,0.24800,0.26290,0.09560,0.11180,0.88010,0.17070,0.10660,0.11340,0.11630,0.11100,0.46420,0.42110,0.19160,0.08180,0.09090,0.08640,0.60260,0.09000,0.09600,0.09280,0.09240,0.09950,0.29870,0.08720,0.13280
6:50:34,0.16330,0.11580,0.25740,0.12000,0.13490,0.12580,0.14630,0.14440,0.15630,0.14540,0.18860,0.15100,0.14950,0.16570,0.19100,0.13330,0.13970,0.14570,0.14680,0.17050,0.14710,0.14030,0.15680,0.23490,0.11720,0.14180,0.16130,0.12510,0.12750,0.13260,0.13420,0.15680,0.14060,0.13820,0.14350,0.16410,0.08770,0.12480,0.11270,0.11660,0.11970,0.12130,0.12140,0.14130,0.12660,0.13420,0.12400,0.13200,0.59580,0.10120,0.16540,0.08900,0.31850,0.11570,0.14210,0.12710,0.13400,0.12650,0.81660,0.09520,0.42620,0.10580,0.13990,0.93920,0.24700,0.11510,0.13100,0.12650,0.12320,0.61890,0.63550,0.25150,0.26670,0.09590,0.11260,0.88440,0.17280,0.10730,0.11430,0.11700,0.11170,0.47160,0.42790,0.19400,0.08190,0.09110,0.08660,0.61070,0.09020,0.09640,0.09320,0.09270,0.09990,0.30330,0.08740,0.13400
7:00:34,0.16530,0.11670,0.26100,0.12090,0.13590,0.12680,0.14750,0.14540,0.15760,0.14660,0.19070,0.15300,0.15090,0.16740,0.19340,0.13430,0.14090,0.14700,0.14800,0.17200,0.14820,0.14140,0.15820,0.23790,0.11780,0.14310,0.16330,0.12610,0.12860,0.13360,0.13530,0.15820,0.14180,0.13950,0.14490,0.16570,0.08810,0.12600,0.11340,0.11730,0.12070,0.12230,0.12230,0.14250,0.12750,0.13540,0.12490,0.13290,0.60380,0.10190,0.16740,0.08920,0.32330,0.11660,0.14350,0.12800,0.13510,0.12750,0.82550,0.09550,0.43280,0.10640,0.14130,0.93880,0.25070,0.11590,0.13200,0.12750,0.12430,0.62810,0.64470,0.25490,0.27050,0.09620,0.11330,0.88790,0.17500,0.10800,0.11510,0.11780,0.11260,0.47930,0.43490,0.19650,0.08190,0.09130,0.08670,0.61880,0.09050,0.09670,0.09360,0.09310,0.10060,0.30800,0.08750,0.13520
7:10:34,0.16710,0.11760,0.26460,0.12210,0.13690,0.12780,0.14880,0.14660,0.15900,0.14740,0.19280,0.15440,0.15240,0.16920,0.19570,0.13540,0.14200,0.14820,0.14920,0.17340,0.14950,0.14250,0.15970,0.24090,0.11840,0.14450,0.16510,0.12720,0.12970,0.13470,0.13640,0.15970,0.14290,0.14060,0.14610,0.16740,0.08830,0.12710,0.11430,0.11830,0.12170,0.12320,0.12340,0.14370,0.12850,0.13650,0.12600,0.13380,0.61200,0.10240,0.16940,0.08970,0.32820,0.11750,0.14490,0.12880,0.13640,0.12860,0.83290,0.09570,0.43900,0.10680,0.14290,0.93820,0.25430,0.11680,0.13330,0.12840,0.12520,0.63690,0.65360,0.25840,0.27440,0.09660,0.11410,0.89110,0.17710,0.10860,0.11600,0.11860,0.11340,0.48670,0.44160,0.19900,0.08200,0.09150,0.08700,0.62690,0.09090,0.09720,0.09400,0.09360,0.10110,0.31270,0.08770,0.13640
7:20:34,0.16870,0.11840,0.26840,0.12290,0.13790,0.12890,0.15010,0.14750,0.16030,0.14870,0.19480,0.15670,0.15370,0.17110,0.19810,0.13630,0.14320,0.14950,0.15040,0.17490,0.15080,0.14350,0.16120,0.24380,0.11910,0.14580,0.16700,0.12820,0.13080,0.13570,0.13750,0.16090,0.14410,0.14170,0.14740,0.16890,0.08850,0.12830,0.11510,0.11920,0.12280,0.12420,0.12450,0.14490,0.12950,0.13760,0.12700,0.13470,0.61960,0.10300,0.17140,0.09000,0.33330,0.11840,0.14630,0.12980,0.13750,0.12960,0.84140,0.09590,0.44550,0.10750,0.14440,0.93760,0.25810,0.11760,0.13440,0.12930,0.12630,0.64570,0.66210,0.26170,0.27810,0.09700,0.11500,0.89360,0.17930,0.10930,0.11680,0.11940,0.11430,0.49400,0.44850,0.20140,0.08230,0.09180,0.08730,0.63480,0.09120,0.09760,0.09440,0.09400,0.10160,0.31750,0.08790,0.13770
7:30:34,0.17050,0.11930,0.27190,0.12390,0.13890,0.12990,0.15120,0.14850,0.16170,0.15010,0.19670,0.15840,0.15520,0.17280,0.20040,0.13730,0.14420,0.15070,0.15160,0.17650,0.15200,0.14450,0.16260,0.24670,0.11970,0.14710,0.16890,0.12910,0.13170,0.13680,0.13850,0.16230,0.14520,0.14280,0.14870,0.17050,0.08880,0.12940,0.11590,0.12010,0.12360,0.12510,0.12540,0.14590,0.13040,0.13880,0.12800,0.13550,0.62740,0.10370,0.17330,0.09040,0.33800,0.11920,0.14770,0.13060,0.13870,0.13060,0.84860,0.09600,0.45160,0.10810,0.14580,0.93650,0.26160,0.11840,0.13540,0.13020,0.12720,0.65400,0.67070,0.26520,0.28190,0.09730,0.11570,0.89640,0.18130,0.10990,0.11760,0.12020,0.11510,0.50120,0.45500,0.20390,0.08220,0.09200,0.08750,0.64210,0.09150,0.09790,0.09480,0.09440,0.10220,0.32200,0.08810,0.13890
7:40:34,0.17220,0.12010,0.27570,0.12490,0.13980,0.13090,0.15250,0.14950,0.16300,0.15090,0.19880,0.15950,0.15670,0.17460,0.20270,0.13830,0.14540,0.15180,0.15280,0.17790,0.15300,0.14550,0.16420,0.24970,0.12040,0.14850,0.17080,0.13010,0.13280,0.13770,0.13960,0.16370,0.14640,0.14390,0.15000,0.17220,0.08910,0.13060,0.11670,0.12100,0.12460,0.12620,0.12640,0.14710,0.13150,0.13980,0.12900,0.13650,0.63500,0.10440,0.17530,0.09100,0.34320,0.12010,0.14910,0.13160,0.13990,0.13170,0.85460,0.09630,0.45780,0.10890,0.14730,0.93570,0.26550,0.11940,0.13650,0.13110,0.12840,0.66260,0.67890,0.26880,0.28570,0.09770,0.11660,0.89860,0.18360,0.11070,0.11850,0.12100,0.11590,0.50850,0.46160,0.20640,0.08230,0.09230,0.08770,0.64940,0.09190,0.09840,0.09520,0.09480,0.10280,0.32690,0.08820,0.14010
7:50:34,0.17390,0.12090,0.27900,0.12580,0.14070,0.13190,0.15370,0.15040,0.16430,0.15220,0.20080,0.15860,0.15810,0.17630,0.20500,0.13920,0.14630,0.15300,0.15390,0.17940,0.15410,0.14650,0.16560,0.25250,0.12120,0.14990,0.17270,0.13120,0.13380,0.13870,0.14050,0.16490,0.14750,0.14500,0.15110,0.17380,0.08930,0.13170,0.11750,0.12190,0.12560,0.12710,0.12740,0.14810,0.13250,0.14100,0.13000,0.13740,0.64220,0.10500,0.17720,0.09130,0.34790,0.12100,0.15050,0.13250,0.14100,0.13280,0.86130,0.09640,0.46380,0.10950,0.14870,0.93500,0.26910,0.12020,0.13760,0.13200,0.12940,0.67060,0.68680,0.27210,0.28930,0.09800,0.11740,0.90040,0.18570,0.11140,0.11920,0.12180,0.11670,0.51550,0.46810,0.20880,0.08230,0.09250,0.08800,0.65670,0.09230,0.09890,0.09560,0.09530,0.10330,0.33130,0.08840,0.14130
8:00:34,0.17560,0.12160,0.28260,0.12660,0.14170,0.13270,0.15470,0.15130,0.16550,0.15330,0.20280,0.15870,0.15950,0.17790,0.20740,0.14000,0.14730,0.15420,0.15500,0.18080,0.15520,0.14750,0.16700,0.25540,0.12190,0.15110,0.17440,0.13200,0.13480,0.13970,0.14150,0.16620,0.14850,0.14610,0.15240,0.17520,0.08940,0.13280,0.11820,0.12260,0.12640,0.12790,0.12820,0.14910,0.13320,0.14190,0.13080,0.13820,0.64920,0.10550,0.17890,0.09160,0.35280,0.12180,0.15170,0.13320,0.14210,0.13370,0.86820,0.09650,0.46980,0.11010,0.15000,0.93360,0.27280,0.12100,0.13870,0.13280,0.13040,0.67860,0.69460,0.27540,0.29300,0.09820,0.11820,0.90190,0.18780,0.11190,0.12000,0.12240,0.11740,0.52260,0.47460,0.21110,0.08230,0.09270,0.08810,0.66350,0.09250,0.09920,0.09600,0.09570,0.10380,0.33580,0.08850,0.14240
8:10:34,0.17750,0.12260,0.28610,0.12770,0.14270,0.13380,0.15590,0.15220,0.16690,0.15430,0.20480,0.15970,0.16110,0.17990,0.20970,0.14110,0.14840,0.15550,0.15620,0.18240,0.15650,0.14850,0.16850,0.25850,0.12300,0.15260,0.17620,0.13310,0.13580,0.14080,0.14240,0.16770,0.14970,0.14730,0.15370,0.17700,0.08980,0.13410,0.11910,0.12350,0.12740,0.12890,0.12930,0.15030,0.13430,0.14310,0.13190,0.13920,0.65610,0.10630,0.18090,0.09220,0.35780,0.12270,0.15330,0.13410,0.14330,0.13470,0.87330,0.09690,0.47590,0.11090,0.15150,0.93240,0.27640,0.12190,0.14000,0.13380,0.13130,0.68640,0.70230,0.27890,0.29670,0.09870,0.11910,0.90340,0.18990,0.11260,0.12090,0.12320,0.11830,0.52950,0.48100,0.21360,0.08250,0.09310,0.08840,0.67040,0.09300,0.09970,0.09650,0.09630,0.10450,0.34040,0.08880,0.14380
8:20:34,0.17920,0.12330,0.28960,0.12840,0.14360,0.13450,0.15690,0.15300,0.16800,0.15540,0.20660,0.16080,0.16250,0.18160,0.21190,0.14190,0.14920,0.15660,0.15710,0.18380,0.15770,0.14950,0.16980,0.26130,0.12380,0.15390,0.17800,0.13390,0.13670,0.14170,0.14340,0.16860,0.15080,0.14830,0.15490,0.17840,0.09010,0.13560,0.11990,0.12420,0.12820,0.12970,0.13010,0.15130,0.13520,0.14390,0.13270,0.14010,0.66300,0.10680,0.18260,0.09250,0.36250,0.12330,0.15450,0.13490,0.14440,0.13560,0.87840,0.09700,0.48160,0.11160,0.15290,0.93110,0.28000,0.12280,0.14100,0.13450,0.13230,0.69410,0.70990,0.28220,0.30020,0.09910,0.11990,0.90450,0.19200,0.11330,0.12160,0.12390,0.11900,0.53620,0.48720,0.21590,0.08250,0.09320,0.08860,0.67670,0.09330,0.10010,0.09690,0.09660,0.10500,0.34480,0.08890,0.14480
8:30:34,0.18110,0.12410,0.29310,0.12950,0.14460,0.13550,0.15800,0.15410,0.16930,0.15650,0.20850,0.16180,0.16400,0.18340,0.21430,0.14290,0.15030,0.15790,0.15820,0.18540,0.15890,0.15050,0.17130,0.26420,0.12480,0.15540,0.17970,0.13500,0.13770,0.14280,0.14430,0.17000,0.15190,0.14940,0.15610,0.18000,0.09030,0.13680,0.12070,0.12510,0.12920,0.13060,0.13100,0.15240,0.13600,0.14500,0.13360,0.14100,0.67010,0.10740,0.18460,0.09310,0.36750,0.12420,0.15590,0.13570,0.14550,0.13660,0.88420,0.09730,0.48770,0.11220,0.15440,0.92990,0.28360,0.12360,0.14210,0.13540,0.13330,0.70150,0.71730,0.28560,0.30390,0.09950,0.12080,0.90560,0.19420,0.11390,0.12250,0.12470,0.11980,0.54280,0.49340,0.21840,0.08260,0.09350,0.08890,0.68320,0.09370,0.10070,0.09730,0.09710,0.10560,0.34920,0.08920,0.14600
8:40:34,0.18310,0.12500,0.29670,0.13050,0.14560,0.13640,0.15930,0.15500,0.17060,0.15740,0.21030,0.16370,0.16560,0.18530,0.21670,0.14380,0.15130,0.15910,0.15930,0.18670,0.15990,0.15140,0.17270,0.26710,0.12590,0.15680,0.18150,0.13590,0.13870,0.14380,0.14530,0.17120,0.15290,0.15050,0.15730,0.18160,0.09070,0.13810,0.12140,0.12600,0.13010,0.13160,0.13190,0.15350,0.13690,0.14600,0.13460,0.14200,0.67660,0.10820,0.18650,0.09350,0.37230,0.12500,0.15740,0.13650,0.14670,0.13750,0.88870,0.09770,0.49330,0.11300,0.15590,0.92840,0.28730,0.12450,0.14340,0.13620,0.13430,0.70890,0.72420,0.28900,0.30750,0.10000,0.12180,0.90650,0.19640,0.11460,0.12330,0.12550,0.12070,0.54960,0.49960,0.22090,0.08270,0.09380,0.08930,0.68940,0.09410,0.10110,0.09780,0.09750,0.10620,0.35360,0.08930,0.14720
8:50:34,0.18460,0.12570,0.30010,0.13130,0.14660,0.13720,0.16030,0.15570,0.17170,0.15840,0.21210,0.16510,0.16690,0.18710,0.21890,0.14470,0.15220,0.16030,0.16040,0.18820,0.16110,0.15230,0.17420,0.27000,0.12680,0.15820,0.18330,0.13700,0.13960,0.14480,0.14610,0.17250,0.15390,0.15170,0.15850,0.18330,0.09090,0.13950,0.12230,0.12680,0.13110,0.13250,0.13290,0.15450,0.13790,0.14710,0.13550,0.14300,0.68280,0.10880,0.18840,0.09400,0.37680,0.12580,0.15860,0.13730,0.14770,0.13850,0.89370,0.09780,0.49900,0.11380,0.15740,0.92700,0.29080,0.12530,0.14450,0.13710,0.13530,0.71610,0.73150,0.29230,0.31100,0.10040,0.12270,0.90690,0.19850,0.11530,0.12420,0.12610,0.12140,0.55620,0.50580,0.22330,0.08270,0.09410,0.08950,0.69520,0.09450,0.10160,0.09820,0.09800,0.10670,0.35790,0.08960,0.14840
9:00:34,0.18650,0.12650,0.30360,0.13210,0.14740,0.13800,0.16150,0.15660,0.17310,0.15920,0.21390,0.16720,0.16840,0.18890,0.22120,0.14570,0.15320,0.16140,0.16160,0.18950,0.16210,0.15330,0.17550,0.27290,0.12790,0.15950,0.18510,0.13780,0.14060,0.14570,0.14700,0.17360,0.15480,0.15280,0.15960,0.18470,0.09110,0.14050,0.12310,0.12760,0.13190,0.13340,0.13380,0.15550,0.13870,0.14800,0.13650,0.14390,0.68930,0.10940,0.19020,0.09450,0.38160,0.12660,0.16000,0.13800,0.14870,0.13930,0.89790,0.09790,0.50460,0.11440,0.15890,0.92520,0.29420,0.12610,0.14560,0.13790,0.13630,0.72280,0.73800,0.29560,0.31460,0.10080,0.12350,0.90690,0.20070,0.11590,0.12500,0.12680,0.12220,0.56250,0.51170,0.22560,0.08300,0.09430,0.08970,0.70130,0.09490,0.10200,0.09860,0.09840,0.10730,0.36220,0.08970,0.14950
9:10:34,0.18830,0.12710,0.30690,0.13290,0.14830,0.13890,0.16260,0.15740,0.17430,0.16030,0.21570,0.16880,0.16980,0.19070,0.22330,0.14660,0.15400,0.16260,0.16240,0.19080,0.16330,0.15420,0.17670,0.27580,0.12880,0.16090,0.18680,0.13870,0.14150,0.14670,0.14790,0.17480,0.15590,0.15360,0.16080,0.18620,0.09140,0.14190,0.12380,0.12840,0.13280,0.13410,0.13450,0.15660,0.13950,0.14900,0.13730,0.14480,0.69530,0.11010,0.19220,0.09490,0.38630,0.12740,0.16140,0.13890,0.14980,0.14020,0.90310,0.09800,0.51020,0.11510,0.16030,0.92370,0.29770,0.12690,0.14660,0.13890,0.13730,0.72990,0.74490,0.29880,0.31810,0.10120,0.12430,0.90720,0.20280,0.11660,0.12580,0.12750,0.12290,0.56880,0.51780,0.22800,0.08300,0.09450,0.09000,0.70700,0.09520,0.10240,0.09890,0.09890,0.10780,0.36670,0.08980,0.15070
9:20:34,0.19000,0.12790,0.31030,0.13370,0.14920,0.13970,0.16360,0.15820,0.17540,0.16130,0.21750,0.16960,0.17110,0.19240,0.22540,0.14740,0.15480,0.16360,0.16340,0.19200,0.16430,0.15500,0.17780,0.27860,0.12970,0.16230,0.18850,0.13940,0.14230,0.14750,0.14880,0.17590,0.15670,0.15450,0.16190,0.18770,0.09170,0.14330,0.12450,0.12920,0.13360,0.13490,0.13530,0.15750,0.14040,0.14990,0.13800,0.14570,0.70160,0.11070,0.19410,0.09540,0.39100,0.12800,0.16270,0.13950,0.15080,0.14110,0.90700,0.09820,0.51540,0.11580,0.16180,0.92220,0.30110,0.12770,0.14760,0.13970,0.13810,0.73650,0.75110,0.30210,0.32150,0.10160,0.12520,0.90740,0.20490,0.11710,0.12650,0.12810,0.12360,0.57510,0.52340,0.23020,0.08300,0.09480,0.09010,0.71230,0.09550,0.10280,0.09930,0.09920,0.10830,0.37100,0.08990,0.15170
9:30:34,0.19200,0.12870,0.31370,0.13470,0.15020,0.14060,0.16470,0.15930,0.17660,0.16200,0.21910,0.16880,0.17260,0.19430,0.22770,0.14830,0.15570,0.16480,0.16450,0.19340,0.16530,0.15600,0.17920,0.28160,0.13070,0.16370,0.19020,0.14040,0.14320,0.14860,0.14970,0.17710,0.15780,0.15560,0.16310,0.18920,0.09190,0.14430,0.12520,0.13000,0.13450,0.13570,0.13620,0.15840,0.14130,0.15080,0.13890,0.14670,0.70790,0.11140,0.19610,0.09580,0.39540,0.12880,0.16400,0.14030,0.15190,0.14200,0.91100,0.09840,0.52120,0.11650,0.16340,0.92080,0.30460,0.12850,0.14880,0.14050,0.13920,0.74290,0.75740,0.30550,0.32500,0.10180,0.12620,0.90720,0.20710,0.11790,0.12740,0.12890,0.12450,0.58120,0.52940,0.23270,0.08300,0.09510,0.09040,0.71780,0.09600,0.10340,0.09980,0.09970,0.10890,0.37530,0.09020,0.15300
9:40:34,0.19370,0.12930,0.31700,0.13540,0.15080,0.14140,0.16570,0.16000,0.17770,0.16310,0.22070,0.16890,0.17380,0.19590,0.22980,0.14910,0.15660,0.16590,0.16540,0.19460,0.16610,0.15680,0.18030,0.28440,0.13150,0.16490,0.19180,0.14120,0.14400,0.14940,0.15040,0.17820,0.15860,0.15640,0.16410,0.19050,0.09200,0.14520,0.12580,0.13070,0.13530,0.13640,0.13690,0.15930,0.14200,0.15160,0.13960,0.14740,0.71350,0.11190,0.19800,0.09610,0.40010,0.12940,0.16520,0.14100,0.15280,0.14270,0.91430,0.09830,0.52610,0.11720,0.16470,0.91900,0.30790,0.12930,0.14970,0.14120,0.14000,0.74880,0.76340,0.30860,0.32820,0.10210,0.12690,0.90670,0.20910,0.11840,0.12810,0.12950,0.12510,0.58740,0.53490,0.23480,0.08310,0.09510,0.09060,0.72300,0.09620,0.10370,0.10010,0.10010,0.10930,0.37950,0.09020,0.15400
9:50:34,0.19550,0.13010,0.32020,0.13620,0.15170,0.14230,0.16680,0.16090,0.17890,0.16410,0.22250,0.16980,0.17530,0.19760,0.23190,0.15000,0.15750,0.16710,0.16650,0.19600,0.16720,0.15770,0.18170,0.28720,0.13240,0.16630,0.19350,0.14200,0.14490,0.15030,0.15130,0.17920,0.15950,0.15750,0.16520,0.19200,0.09230,0.14640,0.12650,0.13140,0.13610,0.13720,0.13770,0.16030,0.14280,0.15250,0.14040,0.14830,0.71920,0.11240,0.20000,0.09650,0.40480,0.13010,0.16660,0.14170,0.15390,0.14360,0.91720,0.09840,0.53160,0.11780,0.16620,0.91750,0.31120,0.13000,0.15070,0.14210,0.14080,0.75530,0.76920,0.31190,0.33170,0.10240,0.12770,0.90630,0.21120,0.11900,0.12880,0.13020,0.12590,0.59330,0.54050,0.23710,0.08320,0.09530,0.09070,0.72800,0.09650,0.10400,0.10050,0.10070,0.10990,0.38390,0.09030,0.15530
10:00:34,0.19730,0.13080,0.32360,0.13700,0.15250,0.14310,0.16780,0.16160,0.17990,0.16490,0.22420,0.17090,0.17660,0.19930,0.23410,0.15090,0.15830,0.16830,0.16750,0.19720,0.16800,0.15850,0.18290,0.29000,0.13320,0.16760,0.19520,0.14290,0.14570,0.15120,0.15210,0.18030,0.16040,0.15840,0.16630,0.19340,0.09240,0.14760,0.12710,0.13200,0.13690,0.13800,0.13850,0.16100,0.14360,0.15340,0.14120,0.14910,0.72460,0.11290,0.20190,0.09690,0.40900,0.13080,0.16780,0.14240,0.15480,0.14440,0.92000,0.09860,0.53650,0.11840,0.16760,0.91560,0.31450,0.13090,0.15170,0.14290,0.14180,0.76090,0.77490,0.31510,0.33500,0.10270,0.12840,0.90610,0.21310,0.11970,0.12960,0.13090,0.12660,0.59930,0.54600,0.23930,0.08320,0.09540,0.09090,0.73280,0.09680,0.10440,0.10090,0.10110,0.11030,0.38790,0.09030,0.15640

