420

Time,A1,A2,A3,A4,A5,A6,A7,A8,A9,A10,A11,A12,B1,B2,B3,B4,B5,B6,B7,B8,B9,B10,B11,B12,C1,C2,C3,C4,C5,C6,C7,C8,C9,C10,C11,C12,D1,D2,D3,D4,D5,D6,D7,D8,D9,D10,D11,D12,E1,E2,E3,E4,E5,E6,E7,E8,E9,E10,E11,E12,F1,F2,F3,F4,F5,F6,F7,F8,F9,F10,F11,F12,G1,G2,G3,G4,G5,G6,G7,G8,G9,G10,G11,G12,H1,H2,H3,H4,H5,H6,H7,H8,H9,H10,H11,H12
0:00:34,0.25190,0.07620,0.21280,0.08810,0.21870,0.08020,0.13260,0.08910,0.13690,0.08270,0.11690,0.08580,0.24310,0.19130,0.18360,0.31620,0.09440,0.09010,0.13180,0.10350,0.13190,0.09830,0.11390,0.12320,0.13770,0.20540,0.16820,0.17830,0.09930,0.09770,0.41630,0.10070,0.10960,0.09280,0.11340,0.08850,0.07690,0.14270,0.07670,0.22200,0.08310,0.09460,0.08330,0.09700,0.08050,0.09060,0.08840,0.08780,0.25980,0.07670,0.09890,0.08780,0.55780,0.07660,0.09250,0.07700,0.19870,0.08570,0.15370,0.08380,0.20810,0.51330,0.09210,0.17030,0.17990,0.15380,0.08910,0.12270,0.18630,0.12430,0.12030,0.09410,0.15990,0.24790,0.08930,0.14460,0.13800,0.13680,0.10790,0.09040,0.17540,0.11330,0.12010,0.13240,0.08960,0.21190,0.08030,0.94160,0.08250,1.16480,0.07720,0.10600,0.07810,0.17520,0.08170,0.08710
0:02:09,0.33130,0.07580,0.25220,0.08760,0.22290,0.07820,0.15940,0.08980,0.16410,0.08240,0.15620,0.08540,0.30370,0.22530,0.22280,0.39890,0.09770,0.08780,0.14830,0.11460,0.15640,0.09990,0.14290,0.12030,0.16330,0.23780,0.19870,0.21110,0.10200,0.10470,0.42520,0.10660,0.12370,0.09400,0.12690,0.08670,0.07670,0.16070,0.07650,0.24440,0.08010,0.09390,0.08350,0.09970,0.07990,0.09270,0.08810,0.08730,0.31830,0.07640,0.09830,0.08710,0.61880,0.07640,0.09070,0.07670,0.29420,0.08470,0.18150,0.08360,0.24570,0.59160,0.09080,0.20390,0.20490,0.18280,0.08730,0.12220,0.25410,0.15260,0.14060,0.09790,0.17960,0.28940,0.08810,0.16440,0.15390,0.15660,0.10730,0.08840,0.21440,0.12980,0.13410,0.12920,0.08910,0.24310,0.08000,0.96250,0.08230,1.18880,0.07690,0.10310,0.07730,0.21520,0.08150,0.08550
0:03:44,0.39580,0.07550,0.29860,0.08710,0.22500,0.07630,0.18640,0.09020,0.19610,0.08200,0.18500,0.08540,0.36200,0.26300,0.26580,0.46380,0.10170,0.08670,0.17230,0.12400,0.18250,0.10370,0.17150,0.11270,0.18840,0.27240,0.23320,0.24980,0.10290,0.10410,0.44080,0.11350,0.14090,0.09570,0.14470,0.08550,0.07660,0.18010,0.07620,0.26970,0.07970,0.09360,0.07880,0.10420,0.07960,0.09420,0.08790,0.08550,0.37430,0.07600,0.09680,0.08670,0.69130,0.07620,0.09000,0.07640,0.37690,0.08460,0.21980,0.08330,0.28560,0.67110,0.09040,0.24970,0.24800,0.22090,0.08610,0.12290,0.30240,0.17520,0.16170,0.09460,0.20330,0.33310,0.08690,0.19350,0.16900,0.18000,0.10690,0.08730,0.26300,0.14720,0.15340,0.12870,0.08850,0.27830,0.07980,0.98110,0.08220,1.20250,0.07660,0.10270,0.07710,0.22840,0.08140,0.08450
0:05:19,0.46420,0.07540,0.36380,0.08690,0.22820,0.07630,0.21340,0.09020,0.23510,0.08200,0.21750,0.08560,0.42190,0.31260,0.31280,0.52790,0.10650,0.08620,0.19790,0.13380,0.20540,0.10950,0.20050,0.10900,0.21370,0.31400,0.26810,0.30180,0.10510,0.10290,0.45050,0.12040,0.15660,0.09780,0.16070,0.08570,0.07660,0.20480,0.07600,0.29390,0.07630,0.09360,0.07850,0.10920,0.07940,0.09690,0.08770,0.08430,0.42950,0.07590,0.09730,0.08660,0.75200,0.07610,0.08950,0.07630,0.45840,0.08460,0.26770,0.08320,0.31960,0.73850,0.08980,0.29570,0.29480,0.26480,0.08600,0.12250,0.36060,0.19740,0.18640,0.09370,0.22800,0.37610,0.08650,0.22250,0.18690,0.20490,0.10540,0.08720,0.31310,0.16820,0.17260,0.12540,0.08860,0.32310,0.07970,1.00360,0.08200,1.22240,0.07640,0.10170,0.07710,0.23890,0.08120,0.08480
0:06:54,0.51240,0.07540,0.42570,0.08680,0.23610,0.07620,0.24160,0.08560,0.27080,0.08200,0.27490,0.08580,0.47850,0.35510,0.35960,0.58880,0.11140,0.08580,0.22480,0.14480,0.23060,0.11540,0.22860,0.10840,0.23940,0.35150,0.30460,0.34300,0.10770,0.10290,0.46230,0.12740,0.17300,0.10150,0.17850,0.08540,0.07650,0.22770,0.07600,0.32210,0.07620,0.09330,0.07590,0.11490,0.07940,0.10010,0.08770,0.08450,0.49500,0.07590,0.09740,0.08650,0.81880,0.07600,0.08900,0.07620,0.58190,0.08450,0.31400,0.08310,0.35250,0.78820,0.08960,0.33840,0.34110,0.30740,0.08560,0.12200,0.42510,0.22390,0.20930,0.09510,0.25240,0.42060,0.08670,0.25430,0.20590,0.23380,0.10470,0.08750,0.36730,0.18960,0.19250,0.12650,0.08870,0.36270,0.07970,1.02560,0.08190,1.24140,0.07630,0.10110,0.07710,0.25570,0.08110,0.08490
0:08:29,0.57600,0.07520,0.47240,0.08680,0.24510,0.07600,0.26980,0.08530,0.31210,0.08190,0.31640,0.08590,0.53780,0.39390,0.40690,0.64940,0.11710,0.08600,0.25010,0.15670,0.25950,0.12240,0.25530,0.10720,0.24630,0.39630,0.34390,0.38730,0.11110,0.10200,0.48020,0.13580,0.19220,0.10580,0.19780,0.08480,0.07640,0.25130,0.07590,0.35100,0.07610,0.09320,0.07550,0.12060,0.07910,0.10420,0.08740,0.08380,0.55110,0.07570,0.09780,0.08630,0.89120,0.07590,0.08880,0.07610,0.68010,0.07950,0.36400,0.08280,0.38580,0.84100,0.08930,0.39030,0.38690,0.34850,0.08520,0.12190,0.49100,0.24820,0.22990,0.09470,0.27870,0.46920,0.08690,0.28540,0.22900,0.25800,0.10410,0.08740,0.41790,0.21210,0.21220,0.12540,0.08870,0.40600,0.07950,1.05600,0.08180,1.19100,0.07620,0.10070,0.07690,0.26940,0.08100,0.08520
0:10:04,0.64220,0.07530,0.53120,0.08690,0.25160,0.07600,0.30660,0.08520,0.35080,0.08190,0.37220,0.08610,0.60490,0.42750,0.45510,0.71440,0.12340,0.08590,0.27960,0.17140,0.28990,0.12990,0.28060,0.10670,0.26920,0.43820,0.38250,0.42720,0.11360,0.10100,0.49430,0.14450,0.21040,0.10990,0.21550,0.08530,0.07640,0.27690,0.07570,0.37770,0.07600,0.09310,0.07560,0.12680,0.07920,0.10740,0.08740,0.08350,0.61250,0.07570,0.09800,0.08630,0.95520,0.07590,0.08870,0.07620,0.75360,0.07930,0.41220,0.08280,0.41950,0.90270,0.08910,0.44320,0.43980,0.39360,0.08500,0.12170,0.56330,0.27930,0.25190,0.09520,0.30660,0.52410,0.08690,0.31850,0.25310,0.28570,0.10310,0.08750,0.47300,0.24040,0.23160,0.12420,0.08870,0.44920,0.07910,1.07510,0.08170,1.09580,0.07620,0.09990,0.07690,0.27820,0.08100,0.08530
0:11:39,0.70360,0.07530,0.58570,0.08680,0.25860,0.07590,0.33990,0.08510,0.38910,0.07870,0.42000,0.08640,0.67230,0.47530,0.51140,0.78170,0.12950,0.08590,0.30710,0.18550,0.31800,0.13730,0.30630,0.10570,0.29460,0.47960,0.42170,0.46990,0.11690,0.10040,0.51370,0.15400,0.22950,0.11400,0.23460,0.08540,0.07640,0.30130,0.07570,0.40720,0.07600,0.09310,0.07540,0.13400,0.07900,0.11160,0.08730,0.08420,0.67010,0.07570,0.09860,0.08640,1.00780,0.07590,0.08860,0.07600,0.83980,0.07910,0.45530,0.08280,0.45260,0.97220,0.08930,0.49440,0.49350,0.43320,0.08500,0.12010,0.63360,0.30980,0.27810,0.09590,0.33140,0.58150,0.08670,0.35220,0.27970,0.32330,0.10170,0.08750,0.53450,0.26260,0.25420,0.12420,0.08890,0.49000,0.07900,1.09920,0.08170,1.07430,0.07620,0.09920,0.07690,0.28880,0.08100,0.08560
0:13:14,0.75650,0.07520,0.64120,0.08680,0.26670,0.07600,0.36880,0.08500,0.42870,0.07870,0.47050,0.08680,0.73220,0.53100,0.56040,0.85120,0.13640,0.08570,0.33750,0.19970,0.34610,0.14500,0.33380,0.10520,0.32270,0.52350,0.46820,0.52680,0.11980,0.09980,0.54070,0.16540,0.24870,0.11880,0.25430,0.08570,0.07650,0.30100,0.07580,0.43480,0.07600,0.09310,0.07540,0.14130,0.07890,0.11530,0.08750,0.08430,0.72940,0.07570,0.09900,0.08640,1.07640,0.07580,0.08870,0.07600,0.91200,0.07660,0.49550,0.08280,0.49130,1.03910,0.08950,0.54450,0.54680,0.47530,0.08530,0.11920,0.70250,0.34510,0.30350,0.09650,0.35740,0.64650,0.08640,0.39010,0.30630,0.34610,0.10080,0.08770,0.58580,0.28750,0.27670,0.12370,0.08380,0.52900,0.07900,1.11310,0.08160,1.06450,0.07610,0.09900,0.07690,0.30100,0.08110,0.08600
0:14:49,0.81250,0.07540,0.69920,0.08700,0.27580,0.07610,0.40810,0.08500,0.46350,0.07850,0.50780,0.08730,0.79520,0.58680,0.61220,0.91550,0.14380,0.08600,0.36690,0.21300,0.37260,0.15450,0.36270,0.10590,0.35430,0.57240,0.50970,0.56690,0.12310,0.09970,0.57400,0.17810,0.26990,0.12400,0.27800,0.08610,0.07640,0.33210,0.07570,0.45940,0.07600,0.09300,0.07540,0.14800,0.07890,0.12010,0.08750,0.08420,0.79100,0.07570,0.09950,0.08660,1.13750,0.07580,0.08870,0.07600,0.98760,0.07650,0.54530,0.08290,0.53160,1.09800,0.09010,0.59420,0.60390,0.50770,0.08520,0.11900,0.76380,0.38060,0.33050,0.09720,0.38580,0.69950,0.08660,0.42600,0.33340,0.38190,0.10040,0.08760,0.64630,0.31640,0.29950,0.12280,0.08370,0.63990,0.07910,1.12660,0.08170,1.07280,0.07620,0.09830,0.07690,0.31790,0.08100,0.08650
0:16:24,0.87780,0.07530,0.75480,0.08690,0.28530,0.07590,0.43820,0.08490,0.49260,0.07860,0.55720,0.08790,0.85390,0.63750,0.67220,0.97280,0.15140,0.08580,0.39500,0.23000,0.39770,0.16340,0.40010,0.10800,0.38910,0.61990,0.54650,0.60490,0.12690,0.09950,0.59590,0.19140,0.28910,0.12890,0.30060,0.08610,0.07640,0.35780,0.07570,0.48640,0.07590,0.09320,0.07520,0.15620,0.07880,0.12510,0.08740,0.08410,0.85350,0.07560,0.10000,0.08650,1.19300,0.07570,0.08850,0.07590,1.06930,0.07630,0.60760,0.08270,0.57560,1.15200,0.09070,0.64060,0.65190,0.55820,0.08530,0.11800,0.82540,0.41650,0.35810,0.09900,0.41370,0.74620,0.08660,0.46080,0.36350,0.41170,0.09990,0.08760,0.70060,0.33710,0.32300,0.12290,0.08340,0.68750,0.07900,1.13830,0.08160,1.08250,0.07600,0.09790,0.07690,0.33450,0.08100,0.08710
0:17:59,0.94590,0.07540,0.80820,0.08710,0.29530,0.07560,0.47630,0.08490,0.53610,0.07860,0.60860,0.08310,0.90780,0.68090,0.73180,1.03130,0.15910,0.09290,0.42790,0.25010,0.42300,0.17360,0.43930,0.10790,0.42540,0.66380,0.58520,0.65080,0.13080,0.09940,0.62390,0.20390,0.30880,0.13440,0.32530,0.08660,0.07650,0.38440,0.07580,0.51020,0.07590,0.09330,0.07540,0.16370,0.07890,0.12840,0.08770,0.08430,0.91760,0.07580,0.10080,0.08670,1.25840,0.07570,0.08860,0.07600,1.15530,0.07640,0.66890,0.08480,0.62120,1.21170,0.09140,0.69000,0.70040,0.60410,0.08520,0.11800,0.88080,0.45010,0.38780,0.09960,0.43850,0.79600,0.08670,0.49540,0.39290,0.43730,0.09910,0.08770,0.75560,0.37430,0.34610,0.12230,0.07760,0.73410,0.07910,1.14170,0.08170,1.09090,0.07610,0.09760,0.07700,0.34530,0.08110,0.08750
0:19:34,0.98740,0.07550,0.86870,0.08710,0.30530,0.07570,0.51890,0.08490,0.57380,0.07860,0.66420,0.08210,0.96470,0.74110,0.78100,1.08960,0.16780,0.09260,0.45620,0.27130,0.45110,0.18410,0.47160,0.10820,0.46260,0.70750,0.53710,0.69280,0.13510,0.09920,0.64680,0.21660,0.33200,0.14000,0.35170,0.08730,0.07650,0.41040,0.07580,0.53970,0.07590,0.09330,0.07540,0.17230,0.07880,0.13330,0.08770,0.08460,0.98000,0.07580,0.10130,0.08670,1.31400,0.07570,0.08890,0.07600,1.23170,0.07630,0.69800,0.08210,0.67020,1.27380,0.09150,0.73480,0.75450,0.65150,0.08540,0.11890,0.93370,0.48300,0.41640,0.10100,0.47020,0.85040,0.08700,0.53440,0.42250,0.46960,0.09860,0.08820,0.80020,0.40050,0.36990,0.12220,0.07700,0.77200,0.07930,1.14240,0.08180,1.10190,0.07620,0.09730,0.07700,0.36360,0.08130,0.08790
0:21:09,1.05550,0.07550,0.93760,0.08720,0.31530,0.07570,0.54780,0.08500,0.60390,0.07880,0.71340,0.07920,1.02680,0.79490,0.83160,1.14780,0.17660,0.09300,0.48770,0.29080,0.47780,0.19670,0.50460,0.10880,0.49990,0.66210,0.57080,0.74190,0.13970,0.08680,0.31360,0.23020,0.35430,0.14630,0.37480,0.08800,0.07650,0.43600,0.07570,0.56850,0.07590,0.09330,0.07540,0.18080,0.07890,0.13760,0.08770,0.08490,1.04050,0.07580,0.10180,0.08680,1.36450,0.07580,0.08920,0.07600,1.28890,0.07630,0.73170,0.08380,0.71070,1.33550,0.09160,0.77830,0.80360,0.69270,0.08560,0.11780,0.98720,0.51120,0.44480,0.10250,0.50140,0.90090,0.08720,0.57670,0.45060,0.49820,0.09800,0.08840,0.86290,0.42190,0.39500,0.12210,0.07700,0.81530,0.07930,1.14980,0.08190,1.11070,0.07620,0.09700,0.07700,0.37680,0.08120,0.08830
0:22:44,1.09250,0.07560,0.98360,0.08720,0.32690,0.07580,0.59280,0.08510,0.64860,0.07880,0.76520,0.07970,1.08110,0.84980,0.88480,1.20440,0.18490,0.09320,0.53100,0.31180,0.50210,0.21100,0.53780,0.10840,0.53320,0.69410,0.60300,0.79690,0.14430,0.08710,0.33250,0.24250,0.37810,0.15270,0.39960,0.08860,0.07650,0.40830,0.07580,0.60230,0.07610,0.09340,0.07550,0.19090,0.07890,0.14270,0.08790,0.08530,1.09320,0.07600,0.10210,0.08690,1.41130,0.07590,0.08940,0.07610,1.31860,0.07630,0.78690,0.08400,0.74530,1.39650,0.09190,0.82170,0.84320,0.73580,0.08560,0.11720,1.04490,0.54120,0.47370,0.10390,0.53250,0.94720,0.08730,0.60600,0.47910,0.52940,0.09790,0.08890,0.90910,0.45280,0.42060,0.12150,0.07710,0.85490,0.07980,1.15970,0.08200,0.29810,0.07620,0.09690,0.07710,0.39240,0.07710,0.08890
0:24:19,1.12010,0.07570,1.02510,0.08720,0.33810,0.07600,0.63300,0.08520,0.68550,0.07780,0.81780,0.08010,1.12600,0.90660,0.93200,1.26000,0.19220,0.09290,0.56750,0.33270,0.52880,0.22160,0.57280,0.10820,0.56380,0.73060,0.63360,0.84650,0.14880,0.07860,0.35070,0.25540,0.40160,0.15900,0.42240,0.08920,0.07660,0.42870,0.07590,0.62410,0.07620,0.09360,0.07560,0.20040,0.07780,0.14600,0.08990,0.08590,1.02600,0.07620,0.10250,0.08720,1.45350,0.07590,0.08980,0.07620,1.35200,0.07650,0.84270,0.08430,0.77740,1.44550,0.09220,0.82480,0.89080,0.77970,0.08580,0.11650,1.10800,0.57370,0.50000,0.10530,0.56180,0.94530,0.08780,0.63840,0.50900,0.56020,0.09760,0.08920,0.95420,0.47990,0.44400,0.12140,0.07710,0.89590,0.08020,1.17450,0.07690,0.31380,0.07600,0.09680,0.07720,0.28510,0.07720,0.08960
0:25:54,1.16500,0.07580,1.06820,0.08730,0.34940,0.07610,0.67880,0.08540,0.72340,0.07780,0.86930,0.08110,1.16530,0.95450,0.96730,1.30950,0.20220,0.09330,0.59930,0.34450,0.55940,0.23520,0.60230,0.10830,0.59500,0.76630,0.66440,0.89390,0.15350,0.07860,0.36790,0.26700,0.42680,0.16450,0.44550,0.09000,0.07660,0.44740,0.07590,0.65620,0.07630,0.08810,0.07570,0.20880,0.07790,0.14280,0.09010,0.08650,1.06810,0.07610,0.10320,0.08730,1.48880,0.07600,0.09010,0.07630,1.38210,0.07650,0.88060,0.08300,0.74330,1.48610,0.09260,0.79410,0.93520,0.81710,0.08580,0.11570,1.17630,0.62490,0.52510,0.10640,0.59020,1.00710,0.08800,0.67380,0.54500,0.59110,0.09710,0.08940,0.99380,0.50750,0.46620,0.12120,0.07710,0.93580,0.08030,1.19670,0.07700,0.32780,0.07610,0.09700,0.07710,0.30150,0.07730,0.09010
0:27:29,1.21640,0.07610,1.10870,0.08750,0.36050,0.07640,0.72080,0.08570,0.76330,0.07830,0.92700,0.08260,1.20220,0.99480,1.03100,1.35300,0.21060,0.09310,0.62960,0.36040,0.57890,0.24890,0.63130,0.10860,0.62740,0.79520,0.69550,0.94000,0.15430,0.07900,0.38490,0.27920,0.45050,0.17090,0.47000,0.09150,0.07680,0.46480,0.07610,0.68290,0.07660,0.08880,0.07600,0.21610,0.07820,0.14790,0.09070,0.08740,1.10260,0.07640,0.10400,0.08750,1.52360,0.07610,0.09050,0.07650,1.41080,0.07650,0.92380,0.08000,0.74910,1.52020,0.09330,0.83210,0.98340,0.85910,0.08600,0.11600,1.23920,0.67010,0.55870,0.10840,0.61840,1.05380,0.08850,0.70810,0.58090,0.62220,0.09690,0.08990,1.04200,0.53680,0.48770,0.12200,0.07730,0.97360,0.08050,1.21960,0.07720,0.34180,0.07630,0.09710,0.07730,0.31840,0.07750,0.09100
0:29:04,1.25760,0.07630,1.15030,0.08790,0.37160,0.07670,0.76140,0.08620,0.81220,0.07870,0.97380,0.08470,1.23360,1.03780,1.07700,1.38960,0.21760,0.09350,0.66470,0.37720,0.63400,0.26050,0.65500,0.10980,0.65770,0.76420,0.72490,0.97990,0.15730,0.07950,0.40280,0.28870,0.47230,0.17710,0.50170,0.09300,0.07700,0.48430,0.07630,0.71860,0.07680,0.09000,0.07620,0.22300,0.07850,0.15230,0.09110,0.08870,1.13160,0.07670,0.10430,0.08790,1.55630,0.07630,0.09090,0.07680,1.43570,0.07670,0.96980,0.08080,0.78990,1.54680,0.09390,0.86170,1.02980,0.89700,0.08650,0.11580,1.29010,0.71170,0.58750,0.11000,0.64740,1.08910,0.08920,0.74270,0.62490,0.65400,0.09700,0.09040,1.09250,0.56340,0.51010,0.12160,0.07730,1.00890,0.08070,1.23720,0.07740,0.35600,0.07650,0.15420,0.07740,0.33330,0.07780,0.09190
0:30:39,1.29440,0.07650,1.19400,0.08820,0.38270,0.07700,0.85040,0.08660,0.85300,0.07930,1.02010,0.08660,1.26610,1.07890,1.10950,1.41930,0.22740,0.09410,0.69850,0.39410,0.65630,0.27060,0.70320,0.11050,0.68200,0.79200,0.75330,1.01840,0.16070,0.07990,0.42040,0.29630,0.44340,0.18400,0.54250,0.09430,0.07710,0.50640,0.07650,0.75030,0.07720,0.08890,0.07660,0.23190,0.07890,0.15640,0.09190,0.09010,1.15890,0.07690,0.10500,0.08810,1.58830,0.07660,0.09120,0.07710,1.45540,0.07700,1.00810,0.08100,0.82040,1.56950,0.09460,0.85610,1.07180,0.93250,0.08680,0.11580,1.32810,0.74980,0.61770,0.11220,0.67750,1.12380,0.08980,0.78000,0.67310,0.69010,0.09690,0.09090,1.14150,0.59080,0.53740,0.12170,0.07750,1.03860,0.08100,1.25610,0.07770,0.37030,0.07670,0.15160,0.07740,0.34800,0.07790,0.09280
0:32:14,1.32300,0.07680,1.22930,0.08840,0.39230,0.07740,0.88810,0.08700,0.89890,0.08000,1.06170,0.08830,1.29320,1.11590,1.14490,1.44640,0.23890,0.09430,0.73020,0.40640,0.68820,0.27940,0.75560,0.11150,0.70630,0.81580,0.78110,1.05860,0.16090,0.08030,0.43780,0.30630,0.46080,0.19100,0.57900,0.09580,0.07720,0.52630,0.07680,0.78490,0.07750,0.08760,0.07710,0.24240,0.07920,0.16140,0.09250,0.09140,1.18210,0.07700,0.10580,0.08880,1.61420,0.07680,0.09180,0.07750,1.46750,0.07720,1.04510,0.08200,0.84590,1.58470,0.09530,0.88860,1.10930,0.96690,0.08730,0.11630,1.35600,0.78670,0.65180,0.11420,0.70760,1.15980,0.09010,0.81170,0.72160,0.72680,0.09720,0.09150,1.18660,0.62050,0.56380,0.12170,0.07750,1.07140,0.08120,1.27400,0.07790,0.38450,0.07690,0.15110,0.07750,0.36230,0.07800,0.09360
0:33:49,1.34800,0.07700,1.26040,0.08890,0.40330,0.07790,0.92720,0.08750,0.94460,0.08060,1.10040,0.08900,1.31490,1.15240,1.17660,1.46830,0.24780,0.09490,0.76190,0.41710,0.72580,0.28640,0.80280,0.11220,0.73210,0.84320,0.80860,1.09110,0.16480,0.08090,0.45510,0.32190,0.48180,0.19890,0.61160,0.09750,0.07740,0.54300,0.07710,0.82330,0.07800,0.08790,0.07770,0.25280,0.07970,0.15720,0.09360,0.09320,1.20270,0.07750,0.10680,0.08890,1.63610,0.07720,0.09240,0.07790,1.47600,0.07770,1.07930,0.08320,0.87760,1.59750,0.09620,0.91770,1.14110,1.00070,0.08780,0.11680,1.37670,0.81850,0.68740,0.11680,0.73930,1.19670,0.09070,0.84450,0.76300,0.76160,0.09760,0.09230,1.22500,0.65120,0.58970,0.12230,0.07770,1.10070,0.08150,0.55730,0.07830,0.39900,0.07720,0.15050,0.07770,0.37620,0.07830,0.09450
0:35:24,1.36510,0.07710,1.28800,0.08930,0.41410,0.07830,0.96260,0.08410,0.98510,0.08120,1.13540,0.09020,1.33130,1.18510,1.20470,1.48620,0.25650,0.09540,0.79430,0.43830,0.76600,0.30050,0.84840,0.10510,0.75770,0.86800,0.83470,1.12500,0.16930,0.08130,0.47260,0.33910,0.50520,0.20660,0.63960,0.09870,0.07740,0.56130,0.07740,0.86160,0.07840,0.08820,0.07820,0.26320,0.07790,0.16150,0.09440,0.09440,1.22110,0.07760,0.10760,0.08940,1.65210,0.07760,0.09290,0.07830,1.47860,0.07800,1.11330,0.08410,0.90900,1.60590,0.09680,0.94660,1.17100,1.03250,0.08840,0.11700,1.39400,0.85420,0.72620,0.11870,0.76970,1.21260,0.09120,0.88110,0.79860,0.79390,0.09770,0.09290,1.25880,0.67900,0.61470,0.12150,0.07780,1.12860,0.08170,0.58160,0.07850,0.41310,0.07750,0.14980,0.07770,0.39000,0.07850,0.09530
0:36:59,1.37740,0.07740,1.31280,0.08990,0.42540,0.07900,0.99910,0.08470,1.02430,0.08230,1.16870,0.09160,1.34410,1.21120,1.22900,1.50040,0.26600,0.09580,0.82390,0.46100,0.80260,0.31620,0.89070,0.10090,0.78250,0.89150,0.85950,1.16610,0.17470,0.08190,0.49010,0.35720,0.49370,0.21500,0.66610,0.10070,0.07760,0.58430,0.07790,0.89520,0.07900,0.08880,0.07900,0.27480,0.07850,0.16640,0.09410,0.09610,1.23560,0.07830,0.10870,0.09020,1.66500,0.07800,0.09360,0.07890,1.47860,0.07870,1.14690,0.08480,0.93300,1.61040,0.09770,0.97770,1.20320,1.06320,0.08920,0.11730,1.40750,0.89080,0.76700,0.12140,0.79720,1.23870,0.09190,0.92010,0.82980,0.82650,0.09840,0.09360,1.28940,0.70740,0.63970,0.12330,0.07790,1.15260,0.08210,0.60280,0.07890,0.42740,0.07790,0.14850,0.07780,0.40370,0.07880,0.09640
0:38:34,1.38630,0.07780,1.33810,0.09060,0.43560,0.08000,1.03360,0.08590,1.06210,0.08250,1.19760,0.09380,1.35700,1.23370,1.25180,1.51240,0.27590,0.09670,0.85630,0.48430,0.84140,0.33310,0.92880,0.10330,0.81520,0.91380,0.88340,1.19870,0.18110,0.08280,0.50790,0.37560,0.51510,0.22350,0.69190,0.10440,0.07790,0.60960,0.07850,0.92780,0.08000,0.08970,0.08030,0.28670,0.07970,0.17250,0.09610,0.09890,1.24680,0.07850,0.10990,0.09100,1.67760,0.07890,0.09450,0.08000,1.47580,0.07980,1.17950,0.08710,0.95530,1.61470,0.09880,1.00620,1.23340,1.09300,0.09030,0.11830,1.41920,0.92530,0.80700,0.12460,0.82240,1.26110,0.09270,0.95440,0.85860,0.85790,0.09910,0.09450,1.31700,0.73490,0.66400,0.12330,0.07810,1.17610,0.08260,0.62260,0.07950,0.44150,0.07840,0.14860,0.07800,0.41740,0.07920,0.09770
0:40:09,1.39070,0.07830,1.35930,0.09150,0.44590,0.08110,1.06630,0.08730,1.09840,0.08420,1.22300,0.09610,1.36760,1.25350,1.27230,1.52120,0.28610,0.09800,0.88590,0.50640,0.87330,0.34860,0.96360,0.10570,0.85370,0.93420,0.90620,1.22590,0.18780,0.08390,0.52560,0.39380,0.53430,0.23270,0.71750,0.10780,0.07810,0.63180,0.07920,0.95960,0.08110,0.09070,0.08180,0.29800,0.08100,0.17880,0.09820,0.10180,1.25620,0.07920,0.11090,0.09200,1.68850,0.07980,0.09540,0.08130,1.63880,0.08110,1.21000,0.08920,0.97990,1.61780,0.09990,1.03210,1.26080,1.12160,0.09140,0.11960,1.42820,0.95640,0.84540,0.12780,0.84640,1.27730,0.09330,0.99760,0.88540,0.88770,0.09990,0.09540,1.34150,0.76110,0.68790,0.12450,0.07840,1.19860,0.08300,0.64170,0.08010,0.45570,0.07900,0.14870,0.07820,0.43120,0.07970,0.09900
0:41:44,1.39520,0.07880,1.37350,0.09250,0.45720,0.08230,1.09030,0.08880,1.13370,0.08580,1.24730,0.09840,1.37730,1.26960,1.28980,1.52900,0.29650,0.09930,0.91540,0.52800,0.90370,0.36460,0.99560,0.10870,0.88580,0.95330,0.92830,1.25100,0.19410,0.08530,0.54340,0.41060,0.55300,0.24250,0.74240,0.11120,0.07830,0.65180,0.08010,0.98910,0.08260,0.09210,0.08370,0.30860,0.08240,0.18510,0.09710,0.10440,1.26160,0.07990,0.11220,0.09310,1.69390,0.08090,0.09640,0.08270,1.63090,0.08260,1.23850,0.09130,1.00250,1.61850,0.10100,1.05210,1.28430,1.14840,0.09270,0.12130,1.43520,0.94410,0.88100,0.13100,0.87010,1.28980,0.09420,1.03610,0.91050,0.91640,0.10090,0.09640,1.44670,0.78660,0.71130,0.12520,0.07860,1.21810,0.08350,0.66060,0.08080,0.46960,0.07960,0.14610,0.07830,0.44470,0.08010,0.10050
0:43:19,1.39710,0.07930,1.38310,0.09370,0.46790,0.08380,1.11570,0.09030,1.10880,0.08730,1.26950,0.10050,1.38480,1.28350,1.30680,1.53510,0.30680,0.10080,0.94300,0.54900,0.93160,0.37940,1.02420,0.11110,0.91100,0.97210,0.94990,1.27280,0.20010,0.08680,0.56050,0.42610,0.57180,0.25350,0.76630,0.11450,0.07870,0.67110,0.08130,1.01760,0.08420,0.09350,0.08560,0.31910,0.08360,0.19110,0.09880,0.10700,1.26440,0.08070,0.11350,0.09440,1.70320,0.08220,0.09760,0.08440,1.62930,0.08400,1.26410,0.09340,1.02150,1.61800,0.10230,1.06650,1.30600,1.17420,0.09410,0.12290,1.44180,0.96890,0.91620,0.13420,0.89300,1.21410,0.09520,1.06610,0.93570,0.94370,0.10210,0.09770,1.46890,0.81180,0.73410,0.12560,0.07890,1.23780,0.08420,0.67940,0.08170,0.48380,0.08040,0.14630,0.07860,0.45810,0.08080,0.10190
0:44:54,1.39760,0.08000,1.38970,0.09640,0.47760,0.08510,1.14200,0.09170,1.13250,0.08890,1.29030,0.10250,1.39070,1.29720,1.32180,1.53980,0.33800,0.10250,0.97030,0.56820,0.95830,0.39390,1.05010,0.11300,0.93340,0.98970,0.97060,1.29310,0.20180,0.08840,0.57810,0.44060,0.58020,0.26550,0.79020,0.11720,0.07900,0.69040,0.08240,1.04400,0.08580,0.08670,0.08760,0.32960,0.08520,0.19710,0.09920,0.10930,1.26750,0.08170,0.11490,0.09590,1.70700,0.08370,0.09890,0.08610,1.62490,0.08560,1.28680,0.09520,1.03990,1.61360,0.10360,1.07970,1.32560,1.19840,0.09580,0.12450,1.44750,0.99630,0.94900,0.13730,0.91590,1.22510,0.09620,1.09330,0.95970,0.96980,0.10340,0.09880,1.48580,0.83630,0.75640,0.12610,0.07910,1.25350,0.08480,0.69770,0.08260,0.49760,0.08130,0.14480,0.07900,0.47140,0.08120,0.10340
0:46:29,1.39670,0.08060,1.39470,0.09800,0.48920,0.08660,1.16650,0.09330,1.15300,0.09050,1.30880,0.10470,1.39500,1.30980,1.33500,1.54220,0.34730,0.10420,0.99640,0.58620,0.98410,0.40760,1.07460,0.11580,0.95550,1.00800,0.99030,1.31070,0.20550,0.09030,0.59530,0.45480,0.59850,0.27780,0.81330,0.12040,0.07940,0.70910,0.08370,1.06940,0.08740,0.08830,0.08960,0.34000,0.08670,0.20320,0.10080,0.11130,1.27180,0.08280,0.11640,0.09730,1.71120,0.08510,0.10020,0.08780,1.61940,0.08710,1.30750,0.09690,1.05660,1.60520,0.10510,1.09360,1.34260,1.22130,0.09740,0.12670,1.45120,1.02200,0.97840,0.14050,0.93740,1.23000,0.09660,1.11890,0.98340,0.99520,0.10450,0.10010,1.49900,0.86020,0.77810,0.12620,0.07940,1.26960,0.08540,0.71540,0.08350,0.51120,0.08220,0.14420,0.07920,0.48450,0.08180,0.10490
0:48:04,1.39550,0.08130,1.39790,0.09920,0.50150,0.08770,1.18900,0.09460,1.17200,0.09190,1.32500,0.10660,1.39770,1.32150,1.34580,1.54090,0.35670,0.10570,1.02140,0.60370,1.00860,0.42080,1.09760,0.11570,0.97460,1.02290,1.00890,1.32680,0.21050,0.09160,0.61230,0.46880,0.61590,0.28950,0.83580,0.12280,0.07970,0.72720,0.08500,1.09420,0.08900,0.08970,0.09130,0.35040,0.08820,0.20890,0.10250,0.11330,1.27560,0.08370,0.11780,0.09350,1.71050,0.08650,0.10160,0.08930,1.61510,0.08850,1.32550,0.09850,1.07190,1.59590,0.10640,1.10660,1.35770,1.24230,0.09890,0.12800,1.24150,1.04700,1.00470,0.14350,0.95880,1.23360,0.09760,1.14300,1.00610,1.01920,0.10570,0.10130,1.50970,0.88400,0.79940,0.12700,0.07960,1.28270,0.08600,0.73300,0.08440,0.52480,0.08310,0.14400,0.07950,0.49750,0.08230,0.10630
0:49:39,1.39330,0.08200,1.39960,0.10030,0.51180,0.08860,1.20960,0.09620,1.18870,0.09330,1.33890,0.10810,1.39970,1.33130,1.35520,1.53730,0.36630,0.10710,1.04500,0.62080,1.03150,0.43340,1.11940,0.11660,0.99270,1.03680,1.02660,1.34080,0.21560,0.09300,0.62880,0.48280,0.63280,0.30040,0.85710,0.12490,0.08030,0.74450,0.08610,1.11720,0.09040,0.09110,0.09300,0.36050,0.08950,0.21460,0.10390,0.11490,1.27840,0.08470,0.11930,0.09430,1.71210,0.08770,0.10280,0.09070,1.60810,0.08980,1.34180,0.09980,1.08600,1.58730,0.10770,1.11840,1.37090,1.26230,0.10050,0.12960,1.24200,1.07020,1.02840,0.14600,0.97960,1.23660,0.09730,1.16580,1.02800,1.04220,0.10680,0.10250,1.51890,0.90650,0.81950,0.12740,0.08000,1.29410,0.08680,0.75010,0.08520,0.53820,0.08380,0.14320,0.07980,0.51040,0.08270,0.10750
0:51:14,1.39040,0.08250,1.40080,0.10110,0.52470,0.09040,1.22890,0.09750,1.20470,0.09450,1.35110,0.10950,1.40060,1.33960,1.36290,1.53080,0.37600,0.10820,1.06750,0.63820,1.05330,0.44580,1.14010,0.11780,1.00910,1.05040,1.04320,1.35240,0.22100,0.09430,0.64440,0.49690,0.64940,0.31140,0.87790,0.12700,0.08070,0.76120,0.08710,1.13950,0.09180,0.09230,0.09440,0.37060,0.09070,0.22000,0.10360,0.11640,1.28070,0.08560,0.12080,0.09530,1.71150,0.08890,0.10400,0.09190,1.60490,0.09110,1.35580,0.10110,1.09800,1.58010,0.10910,1.12900,1.38310,1.28020,0.10180,0.13110,1.23330,1.09200,1.05020,0.14850,1.00450,1.23880,0.09830,1.18740,1.04860,1.06440,0.10800,0.10380,1.52540,0.92880,0.83960,0.12790,0.08010,1.30470,0.08740,0.76670,0.08620,0.55160,0.08480,0.14260,0.08000,0.52300,0.08310,0.10880
0:52:49,1.38780,0.08320,1.40100,0.10200,0.53670,0.09120,1.24670,0.09880,1.21920,0.09580,1.36170,0.11110,1.40070,1.34680,1.36890,1.52630,0.38560,0.10980,1.08890,0.65540,1.07450,0.45810,1.16000,0.11950,1.02440,1.06180,1.05910,1.36330,0.22640,0.09570,0.66100,0.51070,0.66600,0.32220,0.89840,0.12910,0.08110,0.77770,0.08840,1.16100,0.09320,0.09370,0.09600,0.38070,0.09210,0.22560,0.10380,0.11810,1.28240,0.08660,0.12240,0.09650,1.70880,0.09020,0.10550,0.09330,1.59760,0.09230,1.36880,0.10260,1.10930,1.57270,0.11060,1.13830,1.39290,1.29670,0.10340,0.13280,1.22500,1.11210,1.07100,0.15110,1.02330,1.24030,0.09940,1.20760,1.06830,1.08560,0.10890,0.10490,1.53210,0.94990,0.85910,0.12830,0.08050,1.31350,0.08810,0.78280,0.08710,0.56460,0.08570,0.14150,0.08040,0.53560,0.08360,0.11010
0:54:24,1.38480,0.08390,1.40020,0.09410,0.54750,0.09170,1.26270,0.10010,1.23750,0.09710,1.37060,0.11270,1.40000,1.35240,1.37410,1.52090,0.39520,0.11100,1.10940,0.67260,1.09450,0.47040,1.17830,0.12100,1.03850,1.07390,1.07410,1.37220,0.23180,0.09710,0.67640,0.52450,0.68250,0.33250,0.91840,0.13120,0.08140,0.79300,0.08950,1.18090,0.09440,0.09490,0.09740,0.39060,0.09320,0.23110,0.10540,0.11970,1.28330,0.08730,0.12390,0.09760,1.70750,0.09150,0.10680,0.09450,1.59220,0.09360,1.37990,0.10390,1.11890,1.56680,0.11190,1.14690,1.40200,1.31240,0.10490,0.13430,1.22040,1.13190,1.09050,0.15370,0.96110,1.24130,0.10040,1.22650,1.08730,1.10630,0.11010,0.10620,1.53590,0.97080,0.87820,0.12900,0.08070,1.32310,0.08870,0.79840,0.08790,0.57750,0.08650,0.14180,0.08090,0.54800,0.08410,0.11140
0:55:59,1.38160,0.08450,1.39880,0.09210,0.55880,0.09290,1.27690,0.10140,1.24940,0.09840,1.37880,0.11410,1.39870,1.35680,1.37790,1.51710,0.40460,0.11240,1.12890,0.68960,1.11290,0.48250,1.20780,0.12270,1.05120,1.08370,1.08780,1.37990,0.23730,0.09860,0.69150,0.53820,0.69840,0.34250,0.93780,0.13360,0.08180,0.80860,0.09070,1.20040,0.09570,0.09620,0.09870,0.40040,0.09450,0.23670,0.10690,0.12170,1.28380,0.08850,0.12540,0.09510,1.70240,0.09270,0.10830,0.09580,1.58680,0.09500,1.38980,0.10540,1.12810,1.56230,0.11340,1.15420,1.40920,1.32640,0.10640,0.13600,1.21970,1.15020,0.98800,0.15630,0.97820,1.24170,0.10150,1.24400,1.10500,1.12550,0.11140,0.10750,1.53950,0.99060,0.89680,0.12930,0.08100,1.33010,0.08950,0.81380,0.08890,0.59030,0.08750,0.14050,0.08120,0.56010,0.08460,0.11270
0:57:34,1.37810,0.08520,1.39720,0.09300,0.56960,0.09420,1.29000,0.10280,1.26080,0.09980,1.38470,0.11570,1.39750,1.36050,1.40670,1.51370,0.41410,0.11380,1.14770,0.70630,1.13140,0.49480,1.22050,0.12460,1.06340,1.09280,1.10090,1.38690,0.24280,0.09980,0.70720,0.55160,0.71410,0.35220,0.95710,0.13580,0.08230,0.82420,0.09170,1.21840,0.09690,0.09750,0.10010,0.41030,0.09590,0.24230,0.10840,0.12330,1.28380,0.08920,0.12710,0.09620,1.69780,0.09390,0.10980,0.09710,1.58150,0.09630,1.39880,0.10680,1.13590,1.55640,0.11490,1.16040,1.41570,1.33930,0.10810,0.13780,1.21900,1.16720,1.00660,0.15910,0.99390,1.24150,0.10250,1.26010,1.12180,1.14410,0.11250,0.10890,1.54170,1.00990,0.91460,0.12980,0.08130,1.33650,0.09010,0.82860,0.08970,0.60300,0.08840,0.13910,0.08160,0.55530,0.08520,0.11400
0:59:09,1.37480,0.08610,1.39570,0.09410,0.58040,0.09500,1.30250,0.10420,1.27150,0.10140,1.39100,0.11750,1.39560,1.36370,1.40710,1.51040,0.42350,0.10420,1.16530,0.72310,1.14860,0.50730,1.23520,0.12670,1.07510,1.10220,1.11320,1.39210,0.24840,0.10140,0.72240,0.56550,0.73000,0.36210,0.97510,0.13820,0.08290,0.83870,0.09310,1.23550,0.09840,0.09900,0.10170,0.42050,0.09750,0.24800,0.11010,0.12550,1.28380,0.09030,0.12880,0.09740,1.69360,0.09530,0.11160,0.09870,1.57670,0.09780,1.40640,0.10850,1.14300,1.55120,0.11640,1.16650,1.42120,1.35070,0.10970,0.13940,1.21860,1.18400,1.02300,0.16200,1.00910,1.19000,0.10400,1.27560,1.13790,1.16210,0.11390,0.11030,1.54300,1.02910,0.93250,0.13090,0.08180,1.34120,0.09120,0.84320,0.09090,0.61560,0.08960,0.13880,0.08210,0.56730,0.08600,0.11540

