Corrected [600]
	1	2	3	4	5	6	7	8	9	10	11	12
A	0.30771	0.08118	0.24342	0.08138	0.25325	0.07913	0.28360	0.08142	0.29907	0.08060	0.31265	0.07955	Corrected [600]
B	0.22170	0.25908	0.19833	0.27235	0.19293	0.28680	0.21832	0.28279	0.23674	0.29398	0.22895	0.28237	Corrected [600]
C	0.15522	0.20190	0.13622	0.21189	0.13832	0.22559	0.15205	0.22137	0.15766	0.22555	0.16812	0.21704	Corrected [600]
D	0.08016	0.13965	0.07842	0.14591	0.07788	0.15334	0.08150	0.15085	0.07939	0.15819	0.08069	0.14230	Corrected [600]
E	0.23045	0.07849	0.27517	0.08000	0.27032	0.08013	0.23566	0.08141	0.32291	0.08066	0.29888	0.08205	Corrected [600]
F	0.17682	0.28283	0.19271	0.29985	0.20589	0.28809	0.18898	0.31650	0.23274	0.29666	0.23530	0.35596	Corrected [600]
G	0.12320	0.21898	0.13275	0.22598	0.14100	0.21220	0.12973	0.21686	0.15786	0.21731	0.15410	0.26835	Corrected [600]
H	0.08938	0.14969	0.07859	0.14599	0.08002	0.14173	0.07973	0.14746	0.08011	0.14656	0.08316	0.17547	Corrected [600]

