Corrected [600]
	1	2	3	4	5	6	7	8	9	10	11	12
A	0.41019	0.07652	0.43732	0.07797	0.42906	0.07646	0.40122	0.07640	0.45215	0.07831	0.44398	0.07747	Corrected [600]
B	0.31495	0.44466	0.34642	0.43646	0.32428	0.41574	0.30596	0.43196	0.32169	0.39818	0.33082	0.41971	Corrected [600]
C	0.22036	0.32771	0.24377	0.33781	0.23174	0.35186	0.21731	0.36762	0.22438	0.34879	0.20055	0.30375	Corrected [600]
D	0.07679	0.19688	0.07778	0.20586	0.07712	0.21965	0.08033	0.22615	0.08890	0.21966	0.07758	0.20047	Corrected [600]
E	0.44105	0.07588	0.45171	0.07873	0.47301	0.07660	0.45398	0.07687	0.47913	0.07714	0.45583	0.07643	Corrected [600]
F	0.31621	0.46817	0.35854	0.47080	0.35349	0.47598	0.36000	0.46874	0.37254	0.45053	0.35768	0.44097	Corrected [600]
G	0.20098	0.32416	0.20708	0.33847	0.21478	0.34179	0.20129	0.32421	0.21616	0.33584	0.21881	0.31797	Corrected [600]
H	0.07918	0.18711	0.07668	0.22168	0.07881	0.19143	0.07870	0.19433	0.07794	0.19880	0.07840	0.19915	Corrected [600]

