420

Time,A1,A2,A3,A4,A5,A6,A7,A8,A9,A10,A11,A12,B1,B2,B3,B4,B5,B6,B7,B8,B9,B10,B11,B12,C1,C2,C3,C4,C5,C6,C7,C8,C9,C10,C11,C12,D1,D2,D3,D4,D5,D6,D7,D8,D9,D10,D11,D12,E1,E2,E3,E4,E5,E6,E7,E8,E9,E10,E11,E12,F1,F2,F3,F4,F5,F6,F7,F8,F9,F10,F11,F12,G1,G2,G3,G4,G5,G6,G7,G8,G9,G10,G11,G12,H1,H2,H3,H4,H5,H6,H7,H8,H9,H10,H11,H12
0:00:09,0.36910,0.09150,0.10570,0.08780,0.09130,0.08480,0.12500,0.08220,0.16890,0.08780,0.19310,0.08520,0.30550,0.09940,0.08690,0.32930,0.10270,0.10520,0.11630,0.30240,0.15640,0.09600,0.16710,0.21330,0.21590,0.09350,0.09360,0.33480,0.11700,0.10390,0.10610,0.27150,0.12940,0.08850,0.16200,0.18850,0.09310,0.09090,0.09040,0.23020,0.09270,0.10230,0.09430,0.18590,0.08550,0.09410,0.08710,0.14580,0.17540,0.08460,0.24780,0.08940,0.09880,0.08920,0.12540,0.09520,0.16590,0.08250,0.09140,0.09040,0.15000,0.11580,0.21590,0.12390,0.08810,0.10010,0.10830,0.09360,0.14860,0.10450,0.08990,0.10050,0.11930,0.09970,0.19350,0.11460,0.08690,0.10250,0.09990,0.09690,0.11950,0.10230,0.08530,0.10080,0.08400,0.09350,0.17940,0.10080,0.08770,0.09650,0.09990,0.08170,0.09200,0.10590,0.08590,0.08900
0:02:39,0.56060,0.09130,0.10600,0.08740,0.09210,0.08450,0.15190,0.08190,0.24560,0.08740,0.32950,0.08510,0.42530,0.09940,0.08880,0.49330,0.10330,0.10300,0.13400,0.46330,0.21330,0.09100,0.27310,0.34340,0.28170,0.09290,0.09380,0.47050,0.11650,0.10690,0.11020,0.40840,0.17090,0.08740,0.24230,0.30380,0.09270,0.09060,0.09000,0.32150,0.09210,0.10310,0.09400,0.27020,0.08500,0.08920,0.08700,0.22480,0.22530,0.08420,0.35290,0.08880,0.09820,0.08850,0.14430,0.09490,0.22790,0.08200,0.08980,0.09020,0.18380,0.12670,0.28840,0.14650,0.08750,0.10160,0.12320,0.09220,0.19490,0.11700,0.08810,0.09690,0.13540,0.10940,0.24130,0.12800,0.08680,0.10190,0.10880,0.09980,0.15040,0.11080,0.08450,0.09920,0.08380,0.09800,0.17980,0.10980,0.08790,0.09000,0.09950,0.08130,0.09160,0.10990,0.08600,0.08880
0:05:09,0.72390,0.09090,0.10690,0.08690,0.09350,0.08430,0.18080,0.08150,0.34130,0.08700,0.47600,0.08470,0.53730,0.10070,0.08990,0.65180,0.10390,0.10800,0.15300,0.63600,0.28640,0.09170,0.38470,0.49430,0.34840,0.09360,0.09570,0.59780,0.11620,0.11040,0.11870,0.54730,0.21470,0.08890,0.32300,0.43090,0.09280,0.09090,0.08970,0.40960,0.09370,0.10480,0.09380,0.36020,0.08480,0.08970,0.08680,0.30350,0.28150,0.08390,0.46960,0.08850,0.09820,0.08810,0.16620,0.09450,0.29890,0.08170,0.09120,0.09000,0.21440,0.13960,0.35450,0.16730,0.08780,0.10500,0.14280,0.09210,0.24230,0.13220,0.08900,0.09830,0.15280,0.11930,0.28910,0.14490,0.08680,0.10360,0.11880,0.09680,0.18220,0.12190,0.08440,0.09970,0.08350,0.10400,0.17900,0.11880,0.08730,0.08950,0.09900,0.08130,0.09160,0.11560,0.08710,0.08920
0:07:39,0.86130,0.09080,0.10870,0.08660,0.09560,0.08410,0.21220,0.08140,0.43960,0.08680,0.61170,0.08460,0.65530,0.10300,0.09220,0.80360,0.10540,0.11370,0.17420,0.81110,0.35630,0.09400,0.47840,0.61350,0.41930,0.09480,0.09660,0.72390,0.11630,0.11430,0.13080,0.66920,0.25690,0.09010,0.40110,0.55100,0.09270,0.09150,0.08950,0.50090,0.08740,0.10710,0.09370,0.45800,0.08450,0.09030,0.08660,0.39520,0.33010,0.08360,0.58090,0.08840,0.09920,0.08780,0.19300,0.09440,0.37050,0.08140,0.09270,0.08990,0.24250,0.15370,0.43470,0.19120,0.08830,0.10850,0.16310,0.09210,0.29550,0.14890,0.08970,0.09880,0.17040,0.12960,0.34180,0.16190,0.08670,0.10590,0.12900,0.09710,0.21520,0.13370,0.08460,0.10080,0.08340,0.11050,0.17650,0.12910,0.08750,0.09370,0.09830,0.08140,0.09200,0.12220,0.08600,0.09000
0:10:09,0.99420,0.09060,0.11130,0.08630,0.09800,0.08400,0.24840,0.08120,0.53440,0.08660,0.76200,0.08450,0.76360,0.10470,0.09430,0.94360,0.10690,0.12060,0.19720,0.94590,0.44240,0.09690,0.59320,0.75410,0.48740,0.09570,0.09610,0.84830,0.11630,0.11890,0.14280,0.78390,0.30000,0.09150,0.47920,0.67500,0.09260,0.10380,0.08930,0.58590,0.08670,0.10970,0.09360,0.55370,0.08430,0.09110,0.08650,0.48730,0.38180,0.08330,0.68920,0.08890,0.09990,0.08760,0.21950,0.09420,0.45300,0.08120,0.09420,0.08990,0.27870,0.16730,0.51540,0.21950,0.08970,0.11290,0.18610,0.09300,0.35210,0.16720,0.09030,0.10070,0.18810,0.14210,0.39530,0.17900,0.08690,0.10820,0.13990,0.09760,0.24830,0.14700,0.08520,0.10210,0.08320,0.11690,0.17170,0.13910,0.08550,0.09770,0.09800,0.08150,0.09230,0.12910,0.08520,0.09080
0:12:39,1.10650,0.09050,0.11420,0.08610,0.10050,0.08390,0.28470,0.08110,0.63280,0.08640,0.88060,0.08430,0.86170,0.10700,0.09570,1.04250,0.10850,0.12740,0.21990,1.03580,0.52440,0.09990,0.69250,0.86230,0.55480,0.09710,0.09670,0.94220,0.11650,0.12370,0.15590,0.89280,0.34230,0.09440,0.55680,0.79130,0.09260,0.09260,0.08920,0.67050,0.08690,0.11230,0.09360,0.64530,0.08410,0.09200,0.08650,0.57360,0.43110,0.08320,0.80120,0.08910,0.10080,0.08750,0.24930,0.09410,0.53340,0.08110,0.09580,0.08980,0.31480,0.18210,0.60240,0.24680,0.09040,0.11730,0.20900,0.09390,0.41100,0.18700,0.09150,0.10290,0.20570,0.15450,0.45330,0.19650,0.08730,0.11010,0.15150,0.09830,0.28100,0.16040,0.08570,0.10360,0.08320,0.12360,0.17060,0.15000,0.08660,0.09650,0.09750,0.08190,0.09250,0.13660,0.08520,0.09170
0:15:09,1.19750,0.09060,0.11740,0.08590,0.10290,0.08380,0.32000,0.08100,0.72410,0.08630,0.97680,0.08430,0.95600,0.10940,0.09840,1.13850,0.11030,0.13370,0.24360,1.11750,0.60060,0.10230,0.78030,0.96560,0.62320,0.09810,0.09750,1.03480,0.11710,0.12810,0.17050,0.98880,0.38310,0.09690,0.63800,0.89760,0.09260,0.09330,0.08920,0.75350,0.08680,0.11500,0.09350,0.73040,0.08400,0.09300,0.08650,0.65880,0.47980,0.08300,0.89230,0.08900,0.10190,0.08730,0.28180,0.09390,0.61580,0.08090,0.09980,0.08980,0.35040,0.19660,0.68930,0.27390,0.09040,0.12190,0.23320,0.09520,0.46990,0.21140,0.09280,0.10520,0.22390,0.16800,0.50800,0.21560,0.08790,0.11360,0.16420,0.09890,0.31510,0.17390,0.08650,0.10540,0.08330,0.13040,0.16360,0.16120,0.08470,0.09710,0.09690,0.08220,0.09250,0.14480,0.08520,0.09260
0:17:39,1.26790,0.09050,0.12150,0.08570,0.10610,0.08380,0.35270,0.08110,0.80740,0.08600,1.06430,0.08430,1.04180,0.11200,0.09880,1.21450,0.11230,0.14100,0.26640,1.19690,0.67230,0.10600,0.86650,1.05440,0.69300,0.09970,0.09860,1.11270,0.11730,0.13340,0.18570,1.07390,0.42370,0.09900,0.71580,1.00060,0.09250,0.09400,0.08900,0.83040,0.08630,0.11800,0.09350,0.81160,0.08390,0.09410,0.08660,0.74470,0.53010,0.08280,0.98860,0.08890,0.10290,0.08730,0.31470,0.09380,0.69440,0.08090,0.09850,0.08990,0.38570,0.21220,0.77470,0.30540,0.09120,0.12650,0.25810,0.09680,0.52950,0.23630,0.09400,0.10780,0.24280,0.18070,0.56570,0.23570,0.08870,0.11680,0.17730,0.09920,0.35150,0.19010,0.08690,0.10710,0.08290,0.13720,0.16580,0.17310,0.08530,0.09930,0.09640,0.08260,0.09250,0.15300,0.08520,0.09350
0:20:09,1.32440,0.09040,0.12520,0.08550,0.11040,0.08370,0.39370,0.08110,0.88240,0.08580,1.13730,0.08440,1.12140,0.11470,0.10180,1.27660,0.11450,0.14900,0.29340,1.26440,0.73150,0.10910,0.94950,1.13250,0.75860,0.10110,0.09970,1.17750,0.11770,0.13870,0.20020,1.14860,0.46650,0.10100,0.78960,1.10320,0.09240,0.09470,0.08900,0.90200,0.08630,0.12080,0.09340,0.88460,0.08380,0.09500,0.08650,0.83110,0.58010,0.08270,1.06630,0.08880,0.10440,0.08720,0.34630,0.09380,0.76710,0.08080,0.10360,0.08990,0.42170,0.22880,0.85240,0.33660,0.09230,0.13090,0.28280,0.09810,0.58360,0.25840,0.09510,0.11060,0.26270,0.19410,0.61830,0.25680,0.08970,0.12070,0.18990,0.09980,0.38900,0.20740,0.08750,0.10870,0.08290,0.14450,0.16490,0.18490,0.08390,0.10160,0.09610,0.08310,0.09250,0.16120,0.08520,0.09440
0:22:39,1.36630,0.09060,0.12920,0.08540,0.11470,0.08370,0.43870,0.08100,0.95450,0.08570,1.19930,0.08440,1.19160,0.11740,0.10350,1.32770,0.11670,0.15700,0.32330,1.32310,0.79570,0.11250,1.03560,1.19940,0.82210,0.10290,0.10090,1.28920,0.11810,0.14440,0.21510,1.21630,0.50980,0.10330,0.85740,1.17770,0.09240,0.09550,0.08890,0.97100,0.08730,0.12380,0.09340,0.95140,0.08370,0.09610,0.08660,0.91030,0.62860,0.08280,1.13650,0.08870,0.10560,0.08720,0.38000,0.09380,0.83590,0.08070,0.10270,0.09010,0.45980,0.24690,0.92230,0.36820,0.09320,0.13670,0.30790,0.09950,0.63790,0.28090,0.09640,0.11360,0.28300,0.20760,0.67450,0.27860,0.09080,0.12370,0.20340,0.10040,0.42770,0.22380,0.08810,0.11070,0.08460,0.15170,0.16460,0.19740,0.08420,0.10260,0.09540,0.08360,0.09250,0.16930,0.08520,0.09530
0:25:09,1.39940,0.09060,0.13330,0.08530,0.11840,0.08370,0.48180,0.08110,1.02630,0.08560,1.24470,0.08460,1.25130,0.12030,0.10520,1.36700,0.11890,0.16450,0.35200,1.36660,0.86350,0.11530,1.11730,1.27370,0.88240,0.10470,0.10220,1.35160,0.11850,0.14980,0.23020,1.27120,0.55610,0.10570,0.91870,1.24680,0.09250,0.09620,0.08900,1.03380,0.07740,0.12670,0.09350,1.01450,0.08370,0.09720,0.08660,0.98390,0.67470,0.08280,1.19220,0.08870,0.10690,0.08730,0.41100,0.09390,0.90280,0.08070,0.10730,0.09020,0.50030,0.26430,0.98380,0.40070,0.09430,0.14190,0.33240,0.10090,0.68810,0.30530,0.09790,0.11620,0.30360,0.22140,0.73010,0.30140,0.09160,0.12730,0.21780,0.10100,0.46680,0.24010,0.08890,0.11270,0.08650,0.15890,0.16320,0.20930,0.08350,0.10410,0.09480,0.08400,0.09250,0.17700,0.08530,0.09630
0:27:39,1.42140,0.09060,0.13720,0.08520,0.12180,0.08370,0.52220,0.08120,1.09690,0.08570,1.27630,0.08470,1.29930,0.12340,0.10810,1.39560,0.12120,0.17250,0.38040,1.39740,0.92700,0.11950,1.18730,1.33910,0.93880,0.10690,0.10350,1.37830,0.11940,0.15610,0.24670,1.31430,0.60380,0.10840,0.97740,1.29980,0.09260,0.09750,0.08900,1.08900,0.07800,0.12990,0.09360,1.07700,0.08370,0.09840,0.08670,1.04990,0.72080,0.08260,1.23910,0.08880,0.10840,0.08740,0.44190,0.09400,0.96610,0.08080,0.10910,0.09050,0.54040,0.28080,1.04010,0.43350,0.09530,0.14690,0.35690,0.10210,0.73890,0.32930,0.09920,0.11900,0.32420,0.23490,0.78130,0.32670,0.09240,0.13090,0.23350,0.10180,0.50610,0.25580,0.08960,0.11480,0.08630,0.16580,0.16090,0.22180,0.08450,0.10560,0.09450,0.08450,0.09260,0.18570,0.08540,0.09740
0:30:09,1.43370,0.09070,0.14120,0.08520,0.12530,0.08380,0.56080,0.08120,1.16050,0.08590,1.29560,0.08530,1.33600,0.12620,0.11020,1.41100,0.12330,0.18080,0.40640,1.41520,0.98410,0.12360,1.24240,1.38530,0.99400,0.11000,0.10490,1.40880,0.12000,0.16210,0.26430,1.34900,0.64510,0.11100,1.03670,1.33760,0.09350,0.09900,0.08900,1.13720,0.07860,0.13320,0.09370,1.13350,0.08380,0.09950,0.08680,1.10740,0.76710,0.08250,1.27480,0.08890,0.11000,0.08750,0.46980,0.09410,1.02490,0.08090,0.11310,0.09090,0.57900,0.29770,1.09010,0.46490,0.09630,0.15200,0.38080,0.10360,0.79320,0.35300,0.10070,0.12140,0.34560,0.24810,0.83040,0.34770,0.09380,0.13400,0.24840,0.10230,0.54190,0.27190,0.09040,0.11680,0.08720,0.17290,0.16090,0.23430,0.08410,0.10730,0.09390,0.08520,0.09260,0.19430,0.08560,0.09850
0:32:39,1.43760,0.09110,0.14580,0.08540,0.12930,0.08400,0.59740,0.08150,1.21320,0.08610,1.30750,0.08610,1.36110,0.12920,0.11320,1.41570,0.12550,0.19000,0.43480,1.42200,1.03990,0.12760,1.28770,1.41230,1.04730,0.11350,0.10660,1.44150,0.12080,0.16830,0.29410,1.37320,0.68230,0.11360,1.09290,1.36430,0.09700,0.09930,0.08920,1.17990,0.07900,0.13690,0.09390,1.18300,0.08390,0.10070,0.08710,1.15180,0.81120,0.08270,1.30250,0.08900,0.11160,0.08780,0.50000,0.09430,1.07820,0.08120,0.11260,0.09130,0.61500,0.31420,1.13390,0.49550,0.09750,0.15730,0.40470,0.10520,0.84690,0.37630,0.10250,0.12420,0.36780,0.26060,0.87600,0.36860,0.09630,0.13750,0.26290,0.10630,0.57490,0.28890,0.09140,0.11880,0.08850,0.18070,0.15770,0.24720,0.08430,0.10900,0.09380,0.08570,0.09250,0.20320,0.08580,0.09960
0:35:09,1.43260,0.09100,0.15030,0.08550,0.13340,0.08420,0.63400,0.08180,1.25690,0.08640,1.31180,0.08700,1.37620,0.13250,0.11700,1.41570,0.12770,0.19940,0.46410,1.41860,1.08570,0.13240,1.32010,1.42390,1.09530,0.11910,0.10830,1.46100,0.12170,0.17420,0.29480,1.38250,0.72650,0.11620,1.14030,1.37600,0.10210,0.10020,0.08940,1.21500,0.07930,0.14060,0.09410,1.22450,0.08410,0.10230,0.08740,1.19980,0.85610,0.08270,1.32180,0.08910,0.11330,0.08800,0.53300,0.09460,1.12650,0.08150,0.11490,0.09180,0.65070,0.33210,1.17210,0.52590,0.09870,0.16320,0.43110,0.10640,0.89930,0.39890,0.10420,0.12730,0.38890,0.27310,0.91840,0.38810,0.09920,0.14150,0.27750,0.10530,0.60780,0.30590,0.09260,0.12100,0.08970,0.18890,0.15660,0.26100,0.08440,0.11110,0.09350,0.08620,0.09250,0.21200,0.08590,0.10090
0:37:39,1.42470,0.09120,0.15430,0.08590,0.13760,0.08440,0.67140,0.08210,1.28660,0.08660,1.31020,0.08790,1.38510,0.13590,0.12080,1.40940,0.13010,0.20870,0.49160,1.40520,1.13790,0.13660,1.34230,1.42400,1.13820,0.12130,0.11010,1.47160,0.12270,0.18050,0.30850,1.38230,0.77300,0.11930,1.17860,1.37940,0.10320,0.10140,0.08950,1.24450,0.07960,0.14440,0.09440,1.25700,0.08420,0.10380,0.08770,1.23650,0.90030,0.08300,1.33240,0.08930,0.11490,0.08820,0.56350,0.09490,1.16790,0.08180,0.11810,0.09210,0.68960,0.35070,1.20600,0.55600,0.09990,0.16900,0.45720,0.10810,0.94580,0.42150,0.10600,0.13060,0.40910,0.28690,0.95930,0.40780,0.10100,0.14540,0.29190,0.10500,0.64480,0.32230,0.09430,0.12320,0.09050,0.19750,0.15590,0.27520,0.08420,0.11460,0.09290,0.08670,0.09240,0.22070,0.08620,0.10220
0:40:09,1.41630,0.09150,0.15890,0.08600,0.14320,0.08460,0.71140,0.08230,1.30540,0.08690,1.30670,0.08880,1.38770,0.13900,0.12660,1.40040,0.13280,0.21780,0.51810,1.38800,1.18390,0.14080,1.35450,1.41700,1.17560,0.12320,0.11190,1.47530,0.12370,0.18730,0.32390,1.37890,0.81450,0.12270,1.20800,1.38000,0.10340,0.10240,0.09010,1.26710,0.07980,0.14820,0.09470,1.28180,0.08450,0.10550,0.08810,1.26570,0.94230,0.08310,1.33810,0.08970,0.11660,0.08870,0.59220,0.09530,1.20320,0.08220,0.11980,0.09270,0.72600,0.36940,1.23330,0.58520,0.10150,0.17450,0.48300,0.10970,0.98550,0.44290,0.10790,0.13350,0.42880,0.30080,0.99710,0.43060,0.10250,0.14980,0.30590,0.10600,0.68220,0.33810,0.09580,0.12560,0.09110,0.20700,0.15410,0.28810,0.08420,0.11860,0.09300,0.08750,0.09260,0.22930,0.08640,0.10350
0:42:39,1.40510,0.09160,0.16400,0.08630,0.14840,0.08500,0.74920,0.08280,1.31480,0.08730,1.30030,0.09020,1.38280,0.14210,0.12980,1.38550,0.13580,0.22700,0.54370,1.37440,1.21740,0.14440,1.35720,1.40610,1.20540,0.12220,0.11370,1.47940,0.12490,0.19350,0.33910,1.37450,0.85160,0.12600,1.23410,1.37660,0.10340,0.10410,0.09040,1.28610,0.08030,0.15200,0.09510,1.30150,0.08500,0.10730,0.08850,1.28920,0.97790,0.08330,1.34120,0.09020,0.11830,0.08900,0.62030,0.09570,1.23100,0.08280,0.12250,0.09340,0.75970,0.38760,1.25490,0.61330,0.10310,0.18020,0.50830,0.11160,1.01970,0.46350,0.10990,0.13690,0.44830,0.31390,1.03290,0.45190,0.10340,0.15360,0.31930,0.10690,0.71610,0.35440,0.09710,0.12810,0.09170,0.21450,0.15190,0.30040,0.08430,0.12270,0.09300,0.08820,0.09280,0.23800,0.08660,0.10480
0:45:09,1.39360,0.09200,0.16860,0.08630,0.15270,0.08520,0.78180,0.08320,1.31730,0.08770,1.29530,0.09180,1.37720,0.14550,0.13160,1.36880,0.13990,0.23570,0.56860,1.36490,1.24190,0.14850,1.35870,1.38980,1.22690,0.12220,0.11510,1.47270,0.12600,0.19980,0.35430,1.37000,0.88640,0.12920,1.25620,1.37260,0.10280,0.10670,0.09070,1.30020,0.08050,0.15570,0.09560,1.31710,0.08540,0.10920,0.08900,1.30780,1.01000,0.08340,1.34330,0.09080,0.12010,0.08950,0.64790,0.09620,1.25180,0.08350,0.12500,0.09400,0.79120,0.40450,1.27330,0.63870,0.10460,0.18590,0.53280,0.11340,1.05140,0.48540,0.11180,0.14010,0.46720,0.32700,1.06540,0.47130,0.10560,0.15730,0.33280,0.10800,0.74780,0.37020,0.09840,0.13030,0.09230,0.22170,0.15030,0.31240,0.08430,0.12630,0.09290,0.08890,0.09280,0.24650,0.08680,0.10610
0:47:39,1.38280,0.09310,0.17320,0.08690,0.15710,0.08600,0.81290,0.08420,1.31730,0.08880,1.29120,0.09410,1.36960,0.14890,0.13340,1.35610,0.14170,0.24510,0.59450,1.35650,1.26360,0.15320,1.35940,1.37470,1.24560,0.12460,0.11690,1.46520,0.12770,0.20630,0.36990,1.36600,0.92040,0.13340,1.27500,1.36780,0.10240,0.10640,0.09120,1.31130,0.08120,0.15970,0.09640,1.32890,0.08640,0.11170,0.09010,1.32330,1.04020,0.08390,1.34380,0.09150,0.12220,0.09020,0.67540,0.09720,1.26920,0.08480,0.12920,0.09510,0.82160,0.42050,1.28650,0.66610,0.10630,0.19160,0.55750,0.11550,1.08220,0.50790,0.11450,0.14360,0.48610,0.34030,1.09710,0.49070,0.10870,0.16140,0.34650,0.10920,0.77810,0.38650,0.10030,0.13270,0.09320,0.22830,0.14800,0.32460,0.08480,0.13050,0.09330,0.08980,0.09340,0.25530,0.08740,0.10760
0:50:09,1.37160,0.09460,0.17770,0.08740,0.16170,0.08680,0.84290,0.08540,1.31610,0.09110,1.28870,0.09730,1.36320,0.15200,0.13490,1.34770,0.14500,0.25450,0.61920,1.35000,1.28060,0.15890,1.35810,1.36590,1.26000,0.12690,0.11900,1.45880,0.12940,0.21300,0.38530,1.35990,0.95180,0.13870,1.28950,1.36350,0.10260,0.10750,0.09180,1.31800,0.08200,0.16440,0.09770,1.33770,0.08780,0.11480,0.09150,1.33650,1.06840,0.08430,1.34200,0.09220,0.12410,0.09100,0.70250,0.09830,1.28340,0.08650,0.13380,0.09650,0.85100,0.43610,1.29750,0.69410,0.10800,0.19710,0.57940,0.11760,1.10820,0.52960,0.11740,0.14710,0.50420,0.35320,1.12490,0.50990,0.10980,0.16520,0.36010,0.11060,0.80710,0.40250,0.10200,0.13520,0.09370,0.23420,0.14770,0.33690,0.08520,0.13180,0.09330,0.09070,0.09380,0.26410,0.08790,0.10910
0:52:39,1.36170,0.09610,0.18210,0.08780,0.16630,0.08750,0.87120,0.08640,1.31460,0.09270,1.28520,0.10000,1.35660,0.15510,0.13710,1.34030,0.14820,0.26400,0.64360,1.34420,1.29480,0.16510,1.35640,1.35830,1.27160,0.12980,0.12100,1.44690,0.13130,0.21990,0.40110,1.35670,0.98140,0.14360,1.30360,1.35970,0.10250,0.10900,0.09240,1.32160,0.08280,0.16880,0.09890,1.34350,0.08940,0.11800,0.09310,1.34590,1.09190,0.08480,1.33830,0.09300,0.12640,0.09200,0.72890,0.09960,1.29570,0.08830,0.13780,0.09810,0.87830,0.45210,1.30500,0.72010,0.10980,0.20270,0.60110,0.11990,1.13090,0.55150,0.12030,0.15050,0.52260,0.36630,1.15080,0.52870,0.10970,0.16940,0.37380,0.11210,0.83510,0.41830,0.10370,0.13740,0.09400,0.24090,0.14530,0.34890,0.08570,0.13330,0.09370,0.09150,0.09420,0.27280,0.08820,0.11050
0:55:09,1.35100,0.09710,0.18640,0.08820,0.17050,0.08800,0.89800,0.08730,1.31170,0.09380,1.28060,0.10190,1.34970,0.15770,0.14000,1.33440,0.15130,0.27320,0.66650,1.33960,1.30510,0.16950,1.35260,1.34980,1.28110,0.13230,0.12310,1.45440,0.13340,0.22650,0.41620,1.35130,1.00860,0.14790,1.31230,1.35380,0.10320,0.11100,0.09300,1.32390,0.08360,0.17280,0.10010,1.34690,0.09090,0.12090,0.09440,1.35200,1.11520,0.08550,1.33340,0.09370,0.12860,0.09290,0.75450,0.10080,1.30640,0.08970,0.14050,0.09900,0.90450,0.46840,1.31120,0.74470,0.11140,0.20820,0.62280,0.12190,1.15190,0.57260,0.12280,0.15360,0.54040,0.37910,1.17460,0.54740,0.10970,0.17320,0.38740,0.11340,0.86300,0.43390,0.10510,0.13940,0.09420,0.24800,0.14310,0.36080,0.08590,0.13570,0.09380,0.09230,0.09460,0.28140,0.08860,0.11180
0:57:39,1.34320,0.09790,0.19070,0.08850,0.17480,0.08860,0.92330,0.08820,1.30750,0.09470,1.27650,0.10380,1.34340,0.16060,0.14290,1.32870,0.15430,0.28210,0.68910,1.33420,1.31470,0.17420,1.34870,1.34500,1.28880,0.13460,0.12500,1.44570,0.13560,0.23300,0.43070,1.34730,1.03360,0.15180,1.31770,1.34900,0.10400,0.11310,0.09360,1.32620,0.08440,0.17680,0.10130,1.34890,0.09190,0.12360,0.09550,1.35550,1.13480,0.08600,1.32910,0.09420,0.13050,0.09370,0.77880,0.10200,1.31230,0.09100,0.14210,0.09970,0.92930,0.48350,1.31370,0.76840,0.11310,0.21380,0.64500,0.12390,1.17070,0.59330,0.12530,0.15660,0.55790,0.39170,1.19550,0.56540,0.11000,0.17700,0.40070,0.11470,0.88910,0.44900,0.10650,0.14130,0.09460,0.25580,0.14020,0.37230,0.08630,0.13850,0.09390,0.09320,0.09500,0.28990,0.08910,0.11300
1:00:09,1.33610,0.09840,0.19480,0.08900,0.17900,0.08920,0.94750,0.08900,1.30340,0.09540,1.27330,0.10520,1.33650,0.16340,0.14580,1.32280,0.15790,0.29100,0.71120,1.32930,1.31960,0.18020,1.34400,1.33770,1.29420,0.13790,0.12690,1.43940,0.13720,0.23940,0.44540,1.34230,1.05580,0.15560,1.32260,1.34350,0.10470,0.11530,0.09420,1.32600,0.08530,0.18080,0.10230,1.34920,0.09300,0.12590,0.09650,1.35760,1.15170,0.08670,1.32380,0.09510,0.13270,0.10370,0.80270,0.10310,1.31830,0.09220,0.14510,0.10030,0.95270,0.49920,1.31450,0.79080,0.11460,0.21950,0.66720,0.12590,1.18560,0.61340,0.12750,0.15950,0.57550,0.40440,1.21460,0.58340,0.11120,0.18080,0.41450,0.11610,0.91310,0.46410,0.10780,0.14320,0.09500,0.26460,0.13860,0.38410,0.08680,0.14220,0.09400,0.09390,0.09530,0.29820,0.08920,0.11410
1:02:39,1.32990,0.09860,0.19900,0.08920,0.18310,0.08960,0.96990,0.08970,1.29890,0.09600,1.26890,0.10660,1.33070,0.16640,0.14860,1.31820,0.16150,0.29970,0.73260,1.32480,1.32270,0.18260,1.33830,1.33190,1.29920,0.14040,0.12880,1.43620,0.13880,0.24580,0.45920,1.33790,1.07670,0.15930,1.32500,1.33840,0.10550,0.11740,0.09470,1.32490,0.08590,0.18470,0.10330,1.34880,0.09390,0.12810,0.09720,1.35830,1.16820,0.08740,1.32000,0.09570,0.13480,0.10440,0.82580,0.10420,1.32180,0.09330,0.14800,0.10100,0.97490,0.51390,1.31530,0.81330,0.11630,0.22520,0.68710,0.12800,1.20020,0.63330,0.12970,0.16250,0.59300,0.41660,1.23170,0.60110,0.11230,0.18480,0.42750,0.11740,0.93580,0.47900,0.10900,0.14520,0.09530,0.27360,0.13770,0.40030,0.08740,0.14460,0.09430,0.09480,0.09570,0.30650,0.08970,0.11540
1:05:09,1.32400,0.09910,0.20340,0.09000,0.18770,0.09060,0.99170,0.09130,1.29430,0.09740,1.26530,0.10810,1.32480,0.16970,0.15190,1.31420,0.16520,0.30850,0.75430,1.32070,1.32590,0.18610,1.33470,1.32700,1.30060,0.14260,0.13090,1.43510,0.14090,0.25250,0.47300,1.33490,1.09650,0.16350,1.32770,1.33440,0.10580,0.11920,0.09550,1.32320,0.08690,0.18900,0.10450,1.34820,0.09520,0.13110,0.09860,1.35790,1.18260,0.08800,1.31560,0.09650,0.13700,0.10510,0.84860,0.10560,1.32390,0.09500,0.15140,0.10210,0.99630,0.52900,1.31540,0.83540,0.11800,0.23090,0.70760,0.13040,1.21250,0.65350,0.13230,0.16580,0.60980,0.42900,1.24650,0.61860,0.11340,0.18850,0.44050,0.11900,0.95760,0.49400,0.11050,0.14750,0.09540,0.27700,0.13540,0.41200,0.08780,0.14710,0.09440,0.09580,0.09610,0.31500,0.09030,0.11660
1:07:39,1.31800,0.09980,0.20840,0.09100,0.19280,0.09200,1.01290,0.09350,1.29020,0.09960,1.26310,0.11050,1.31970,0.17300,0.15530,1.30900,0.16930,0.31790,0.77560,1.31750,1.32730,0.19130,1.33120,1.32350,1.30300,0.14500,0.13340,1.42900,0.14330,0.25940,0.48730,1.33200,1.11500,0.16850,1.33010,1.32600,0.10600,0.11930,0.09640,1.32140,0.08810,0.19340,0.10620,1.34740,0.09720,0.13490,0.10080,1.35780,1.19370,0.08880,1.31220,0.09730,0.13950,0.10600,0.87090,0.10740,1.32670,0.09720,0.15550,0.10370,1.01550,0.54410,1.31360,0.85650,0.11990,0.23670,0.72770,0.13300,1.22350,0.67340,0.13570,0.16960,0.62530,0.44110,1.26030,0.63580,0.11460,0.19270,0.45340,0.12080,0.97870,0.50910,0.11270,0.14970,0.09560,0.28340,0.13210,0.42360,0.08840,0.14930,0.09500,0.09680,0.09690,0.32370,0.09110,0.11810
1:10:09,1.31330,0.10030,0.21290,0.09200,0.19760,0.09310,1.03280,0.09540,1.28660,0.10170,1.26100,0.11270,1.31480,0.17630,0.15860,1.30600,0.17310,0.32690,0.79710,1.31360,1.32930,0.19710,1.32790,1.31920,1.30400,0.14810,0.13590,1.42880,0.14560,0.26640,0.50100,1.32980,1.13200,0.17330,1.33170,1.32290,0.10600,0.12110,0.09730,1.31870,0.08930,0.19810,0.10790,1.34630,0.09910,0.13870,0.10290,1.35810,1.20530,0.08970,1.30800,0.09830,0.14190,0.10700,0.89280,0.10930,1.32730,0.09940,0.15960,0.10550,1.03460,0.55860,1.31190,0.87670,0.12190,0.24270,0.74650,0.13560,1.23260,0.69320,0.13920,0.17350,0.64170,0.45340,1.27180,0.65230,0.11580,0.19670,0.46620,0.12260,0.99860,0.52390,0.11480,0.15220,0.09550,0.29020,0.13090,0.43540,0.08900,0.15120,0.09550,0.09780,0.09740,0.33230,0.09150,0.11970
1:12:39,1.30940,0.10080,0.21750,0.09290,0.20240,0.09430,1.05210,0.09720,1.28250,0.10350,1.25860,0.11470,1.31060,0.17960,0.16230,1.30150,0.17680,0.33590,0.81720,1.31120,1.32970,0.20280,1.32520,1.31560,1.30420,0.15060,0.13840,1.43290,0.14810,0.27340,0.51510,1.32690,1.14750,0.17780,1.33210,1.31870,0.10590,0.12340,0.09830,1.31720,0.09060,0.20270,0.10950,1.34430,0.10100,0.14230,0.10490,1.35670,1.21510,0.09060,1.30420,0.09910,0.14440,0.10800,0.91390,0.11100,1.32890,0.10140,0.16360,0.10690,1.05170,0.57330,1.30960,0.89630,0.12380,0.24820,0.76580,0.13810,1.24020,0.71260,0.14250,0.17710,0.65720,0.46530,1.28160,0.66880,0.11700,0.20090,0.47870,0.12440,1.01700,0.53860,0.11690,0.15430,0.09550,0.29730,0.12910,0.44690,0.08980,0.15300,0.09700,0.09880,0.09800,0.34060,0.09190,0.12100
1:15:09,1.30560,0.10130,0.22220,0.09390,0.20690,0.09520,1.06950,0.09870,1.27770,0.10520,1.25600,0.11660,1.30610,0.18290,0.16630,1.29840,0.17950,0.34480,0.83730,1.30890,1.32930,0.20850,1.32110,1.31230,1.30410,0.15250,0.14100,1.42790,0.15040,0.28020,0.53150,1.32500,1.16130,0.18240,1.33120,1.32820,0.10540,0.12520,0.09920,1.31460,0.09180,0.20720,0.11110,1.34360,0.10260,0.14580,0.10670,1.35500,1.22330,0.09140,1.30070,0.09990,0.14690,0.10900,0.93430,0.11270,1.32720,0.10330,0.16740,0.10840,1.06840,0.58750,1.30750,0.91510,0.12580,0.25420,0.78450,0.14060,1.24580,0.73120,0.14560,0.18080,0.67260,0.47730,1.29020,0.68490,0.11820,0.20470,0.49140,0.12630,1.03450,0.55270,0.11900,0.15640,0.09550,0.30440,0.12720,0.45840,0.09060,0.15520,0.09640,0.10010,0.09880,0.34910,0.09210,0.12240
1:17:39,1.30050,0.10180,0.22640,0.09440,0.21100,0.09600,1.08560,0.09990,1.27390,0.10660,1.25430,0.11790,1.30180,0.18600,0.16890,1.29410,0.18230,0.35330,0.85590,1.30540,1.32900,0.21380,1.31830,1.30840,1.30350,0.15490,0.14350,1.43230,0.15270,0.28670,0.54740,1.32180,1.17320,0.18630,1.32950,1.32360,0.10550,0.12660,0.09980,1.31050,0.09280,0.21140,0.11240,1.34020,0.10410,0.14870,0.10820,1.35260,1.22900,0.09200,1.29690,0.10050,0.14920,0.10990,0.95280,0.11400,1.32650,0.10480,0.17080,0.10920,1.08380,0.60170,1.30440,0.93260,0.12760,0.25960,0.80130,0.14290,1.25160,0.74970,0.14840,0.18400,0.68800,0.48930,1.29760,0.70070,0.11930,0.20850,0.50370,0.12790,1.05090,0.56710,0.12090,0.15810,0.09550,0.31120,0.12600,0.46940,0.09130,0.15750,0.10060,0.10060,0.09950,0.35720,0.09230,0.12350
1:20:09,1.29710,0.10210,0.23060,0.09510,0.21530,0.09670,1.10080,0.10120,1.26990,0.10800,1.25190,0.11950,1.29800,0.18900,0.17190,1.29120,0.18510,0.36180,0.87430,1.30220,1.32750,0.21890,1.31480,1.30440,1.30330,0.15780,0.14590,1.28520,0.15480,0.29350,0.55810,1.31880,1.18420,0.19030,1.32800,1.32020,0.10460,0.12770,0.10060,1.30730,0.09400,0.21580,0.11370,1.33870,0.10540,0.15170,0.10970,1.35000,1.23400,0.09260,1.29360,0.10140,0.15150,0.11080,0.97050,0.11550,1.32490,0.10640,0.17430,0.11040,1.09770,0.61520,1.30210,0.95000,0.12950,0.26510,0.81970,0.14510,1.25530,0.76760,0.15120,0.18750,0.70280,0.50080,1.30360,0.71610,0.12040,0.21310,0.51590,0.12970,1.06670,0.58090,0.12280,0.16030,0.09550,0.31810,0.12510,0.48030,0.09120,0.16000,0.09770,0.10150,0.10040,0.36520,0.09250,0.12480
1:22:39,1.29320,0.10260,0.23510,0.09600,0.21970,0.09770,1.11460,0.10260,1.26660,0.10950,1.24990,0.12120,1.29280,0.19200,0.17540,1.28700,0.18840,0.37050,0.89270,1.29960,1.32510,0.22380,1.31160,1.30200,1.30170,0.16020,0.14860,1.27900,0.15710,0.29990,0.58970,1.31650,1.19460,0.19450,1.32640,1.31740,0.10150,0.12860,0.10150,1.30500,0.09500,0.22000,0.11520,1.33620,0.10700,0.15460,0.11120,1.34750,1.23900,0.09330,1.29060,0.10230,0.15390,0.11170,0.98880,0.11700,1.32310,0.10790,0.17770,0.11150,1.11150,0.62870,1.29890,0.96680,0.13140,0.27050,0.83670,0.14770,1.25850,0.78480,0.15410,0.19080,0.71700,0.51240,1.30820,0.73110,0.12160,0.21820,0.52770,0.13150,1.08120,0.59460,0.12470,0.16230,0.09560,0.32490,0.12340,0.49110,0.09180,0.16350,0.09790,0.10300,0.10120,0.37330,0.09290,0.12610
1:25:09,1.28930,0.10370,0.24010,0.09760,0.22470,0.09940,1.12840,0.10480,1.26550,0.11160,1.24890,0.12320,1.28930,0.19540,0.18000,1.28480,0.19250,0.37950,0.91000,1.29700,1.32360,0.22940,1.30920,1.29920,1.29890,0.16280,0.15170,1.27630,0.15970,0.30680,0.58760,1.31490,1.20340,0.19880,1.32540,1.31520,0.09940,0.13030,0.10270,1.30210,0.09660,0.22480,0.11700,1.33460,0.10880,0.15810,0.11310,1.34540,1.24340,0.09430,1.28840,0.10350,0.15680,0.11300,1.00630,0.11900,1.32200,0.11000,0.18180,0.11320,1.12380,0.64290,1.29610,0.98240,0.13390,0.27650,0.85260,0.15060,1.26060,0.80270,0.15740,0.19460,0.73130,0.52390,1.31300,0.74630,0.12320,0.22310,0.54010,0.13400,1.09490,0.60890,0.12700,0.16500,0.09570,0.33150,0.12230,0.50190,0.09240,0.16830,0.09860,0.10390,0.10240,0.38180,0.09370,0.12780
1:27:39,1.28510,0.10450,0.24490,0.09900,0.22980,0.10110,1.14070,0.10680,1.26270,0.11350,1.24680,0.12520,1.28670,0.19890,0.18360,1.28250,0.19650,0.38830,0.92730,1.29530,1.32260,0.23490,1.30660,1.29700,1.29520,0.16530,0.15460,1.27360,0.16240,0.31360,0.61240,1.31290,1.21180,0.20310,1.32360,1.31360,0.09930,0.13200,0.10390,1.30000,0.09810,0.22930,0.11870,1.33240,0.11070,0.16150,0.11500,1.34350,1.24580,0.09520,1.28550,0.10460,0.15980,0.11430,1.02320,0.12080,1.32010,0.11190,0.18540,0.11460,1.13520,0.65610,1.29300,0.99800,0.13640,0.28240,0.86990,0.15370,1.26370,0.81950,0.16050,0.19840,0.74500,0.53540,1.31640,0.76070,0.12470,0.22750,0.55220,0.13640,1.10800,0.62300,0.12930,0.16770,0.09590,0.33820,0.12070,0.51260,0.09320,0.16770,0.10320,0.10500,0.10350,0.39040,0.09430,0.12940
1:30:09,1.28150,0.10530,0.24970,0.10030,0.23460,0.10250,1.15260,0.10860,1.26090,0.12220,1.24580,0.12680,1.28370,0.20210,0.18680,1.28020,0.20050,0.39710,0.94390,1.29380,1.32080,0.23990,1.30400,1.29370,1.29220,0.16900,0.15740,1.27140,0.16520,0.32050,0.62460,1.31160,1.21860,0.20740,1.32210,1.31120,0.09980,0.13400,0.10500,1.29810,0.09960,0.23390,0.12030,1.33070,0.11230,0.16490,0.11680,1.34110,1.24790,0.09620,1.28280,0.10580,0.16270,0.11570,1.03890,0.12270,1.31830,0.11370,0.18900,0.11610,1.14600,0.66960,1.29070,1.01280,0.13880,0.28820,0.88620,0.15660,1.26440,0.83640,0.16330,0.20190,0.75880,0.54690,1.31890,0.77520,0.12620,0.23180,0.56410,0.13880,1.11980,0.63660,0.13140,0.17030,0.09600,0.34520,0.11930,0.52320,0.09410,0.16870,0.10090,0.10640,0.10460,0.39900,0.09950,0.13110
1:32:39,1.27740,0.10610,0.25440,0.10140,0.23920,0.10370,1.16240,0.11040,1.25750,0.12400,1.24380,0.12840,1.28180,0.20520,0.19050,1.27810,0.20430,0.40570,0.95960,1.29150,1.31840,0.24480,1.30130,1.29170,1.28890,0.17210,0.16000,1.26890,0.16770,0.32690,0.63460,1.30950,1.22470,0.21130,1.31950,1.30900,0.10020,0.13580,0.10620,1.29460,0.10090,0.23820,0.12180,1.32880,0.11390,0.16780,0.11830,1.33820,1.25020,0.09700,1.28050,0.10690,0.16560,0.11700,1.05390,0.12440,1.31530,0.11530,0.19250,0.11700,1.15560,0.68240,1.28790,1.02680,0.14130,0.29390,0.90090,0.15930,1.26510,0.85260,0.16610,0.20530,0.77240,0.55810,1.32060,0.78860,0.12770,0.23630,0.57580,0.14100,1.13100,0.64990,0.13350,0.17230,0.09630,0.35200,0.11720,0.53360,0.09470,0.17090,0.10190,0.10780,0.10550,0.40740,0.09990,0.13260
1:35:09,1.27370,0.10670,0.25870,0.10220,0.24360,0.10470,1.17160,0.11160,1.25390,0.12550,1.24160,0.12950,1.27900,0.20820,0.19430,1.27480,0.20780,0.41380,0.97490,1.28920,1.31630,0.24940,1.29860,1.28810,1.28650,0.17430,0.16240,1.26560,0.17000,0.33340,0.64090,1.30780,1.23000,0.21500,1.31770,1.30640,0.10050,0.13770,0.10720,1.29210,0.10210,0.24240,0.12290,1.32660,0.11510,0.17050,0.11950,1.33600,1.25020,0.09780,1.27800,0.10790,0.16830,0.11810,1.06820,0.12580,1.31350,0.11670,0.19570,0.11820,1.16460,0.69590,1.28500,1.03990,0.14340,0.29950,0.91550,0.16180,1.26560,0.86780,0.16860,0.20850,0.78480,0.56940,1.32210,0.80240,0.12900,0.24040,0.58730,0.14300,1.14110,0.66260,0.13530,0.17430,0.09610,0.35850,0.11600,0.54390,0.09560,0.17390,0.10320,0.10830,0.10620,0.41560,0.10000,0.13400
1:37:39,1.26940,0.10700,0.26290,0.10320,0.24780,0.10570,1.18060,0.11280,1.25140,0.12680,1.24020,0.13070,1.27650,0.21080,0.19830,1.27270,0.21100,0.42200,0.98980,1.28660,1.31360,0.25420,1.29560,1.28550,1.28220,0.17670,0.16450,1.26360,0.17210,0.33950,0.66720,1.30480,1.23430,0.21840,1.31500,1.30400,0.10070,0.13930,0.10810,1.29070,0.10330,0.24640,0.12410,1.32390,0.11630,0.17310,0.12070,1.33280,1.25100,0.09830,1.27610,0.10880,0.17090,0.11910,1.08170,0.12710,1.31070,0.11800,0.19880,0.11900,1.17210,0.70770,1.28240,1.05240,0.14560,0.30500,0.93060,0.16430,1.26510,0.88260,0.17120,0.21170,0.79780,0.58010,1.32290,0.81610,0.13030,0.24450,0.59840,0.14490,1.15050,0.67570,0.13710,0.17620,0.09640,0.36490,0.11600,0.55420,0.09630,0.17650,0.10340,0.10920,0.10680,0.42420,0.10020,0.13520
1:40:09,1.26580,0.10760,0.26670,0.10400,0.25210,0.10650,1.18810,0.11410,1.24850,0.12800,1.23880,0.13180,1.27340,0.21350,0.20110,1.26910,0.21420,0.43010,1.00390,1.28390,1.31120,0.25940,1.29340,1.28270,1.27980,0.17920,0.16650,1.26140,0.17430,0.34560,0.67010,1.30310,1.23800,0.22190,1.31290,1.30160,0.10090,0.14110,0.10890,1.28840,0.10440,0.25040,0.12520,1.32230,0.11750,0.17550,0.12180,1.32970,1.25110,0.09880,1.27320,0.10960,0.17330,0.12000,1.09440,0.12850,1.30760,0.11920,0.20180,0.11980,1.17960,0.71980,1.27930,1.06440,0.14760,0.31030,0.94390,0.16660,1.26400,0.89740,0.17350,0.21480,0.81010,0.59060,1.32350,0.82850,0.13150,0.24840,0.60940,0.14670,1.15900,0.68820,0.13880,0.17820,0.09650,0.37140,0.11510,0.56390,0.09720,0.17960,0.10690,0.11010,0.10740,0.43260,0.10030,0.13650
1:42:39,1.26310,0.10810,0.27130,0.10500,0.25660,0.10770,1.19550,0.11560,1.24590,0.12970,1.23680,0.13340,1.27100,0.21660,0.20390,1.26730,0.21780,0.43840,1.01810,1.28220,1.30960,0.26590,1.29100,1.28130,1.27660,0.18210,0.16880,1.25810,0.17670,0.35190,0.69180,1.30120,1.24110,0.22560,1.31080,1.29990,0.10120,0.14280,0.10990,1.28570,0.10550,0.25470,0.12660,1.32000,0.11890,0.17840,0.12320,1.32790,1.25180,0.09950,1.27140,0.11060,0.17600,0.12100,1.10650,0.12990,1.30620,0.11880,0.20500,0.12110,1.18630,0.73210,1.27680,1.07550,0.14980,0.31590,0.95650,0.16940,1.26430,0.91140,0.17610,0.21820,0.82190,0.60120,1.32280,0.84110,0.13300,0.25270,0.62030,0.14870,1.16700,0.70080,0.14080,0.18040,0.09660,0.37780,0.17290,0.57400,0.09840,0.18210,0.10480,0.11140,0.10830,0.44100,0.10090,0.13790
1:45:09,1.25990,0.10900,0.27570,0.10620,0.26110,0.10910,1.20210,0.11720,1.24420,0.13120,1.23580,0.13480,1.26790,0.21990,0.20720,1.26510,0.22140,0.44670,1.03100,1.28100,1.30720,0.27080,1.28850,1.27780,1.27360,0.18540,0.17120,1.25690,0.17920,0.35820,0.69350,1.30020,1.24390,0.22940,1.30800,1.29780,0.10180,0.14480,0.11100,1.28400,0.10690,0.25900,0.12780,1.31840,0.12040,0.18100,0.12460,1.32530,1.25140,0.10020,1.26960,0.11180,0.17880,0.12230,1.11870,0.13150,1.30420,0.12030,0.20830,0.12210,1.19220,0.74460,1.27460,1.08660,0.15200,0.32160,0.96910,0.17200,1.26270,0.92590,0.17880,0.22140,0.83390,0.61230,1.32270,0.85340,0.13440,0.25680,0.63140,0.15100,1.17470,0.71290,0.14280,0.18290,0.09680,0.38420,0.17130,0.58390,0.09930,0.18500,0.10570,0.11270,0.10900,0.44930,0.10150,0.13950
1:47:39,1.25620,0.10960,0.28010,0.10700,0.26550,0.11000,1.20750,0.11860,1.24220,0.13260,1.23440,0.13600,1.26530,0.22270,0.21110,1.26300,0.22470,0.45440,1.04420,1.27890,1.30510,0.27400,1.28650,1.27670,1.27090,0.18800,0.17350,1.25410,0.18150,0.36410,0.71370,1.29780,1.24580,0.23270,1.30630,1.29550,0.10240,0.14640,0.11190,1.28130,0.10790,0.26280,0.12900,1.31620,0.12160,0.18350,0.12590,1.32290,1.25020,0.10080,1.26700,0.11260,0.18130,0.12320,1.12970,0.13270,1.30240,0.12140,0.21140,0.12300,1.19730,0.75570,1.27190,1.09640,0.15410,0.32680,0.98150,0.17450,1.26190,0.93920,0.18130,0.22460,0.84510,0.62230,1.32220,0.86520,0.13560,0.26100,0.64210,0.15280,1.18110,0.72520,0.14460,0.18520,0.09680,0.39090,0.16960,0.59360,0.09930,0.18760,0.10850,0.11380,0.10970,0.45730,0.10200,0.14090
1:50:09,1.25280,0.11020,0.28400,0.10790,0.26960,0.11100,1.21200,0.11970,1.23990,0.13400,1.23270,0.13710,1.26220,0.22570,0.21470,1.26080,0.22810,0.46220,1.05540,1.27710,1.30250,0.27700,1.28380,1.27310,1.26730,0.19080,0.17570,1.25170,0.18370,0.37000,0.71650,1.29610,1.24720,0.23620,1.30380,1.29330,0.10570,0.14810,0.11280,1.27900,0.10900,0.26690,0.12990,1.31460,0.12290,0.18610,0.12690,1.32090,1.24920,0.10130,1.26450,0.11360,0.18380,0.12430,1.13890,0.13410,1.29910,0.12250,0.21440,0.12380,1.20200,0.76760,1.26870,1.10610,0.15600,0.33210,0.99460,0.17690,1.26030,0.95260,0.18370,0.22780,0.85670,0.63290,1.32090,0.87680,0.13700,0.26520,0.65270,0.15560,1.18700,0.73680,0.14630,0.18720,0.09690,0.39710,0.16740,0.60320,0.10040,0.19010,0.10730,0.11490,0.11020,0.46500,0.10230,0.14220
1:52:39,1.25040,0.11060,0.28830,0.10880,0.27380,0.11180,1.21670,0.12080,1.23800,0.13530,1.23150,0.13840,1.25970,0.22860,0.21830,1.25880,0.23120,0.46990,1.06660,1.27430,1.30030,0.28110,1.28180,1.27150,1.26530,0.19340,0.17790,1.25020,0.18610,0.37590,0.73540,1.29490,1.24860,0.23950,1.30190,1.29130,0.10590,0.14990,0.11370,1.27690,0.11000,0.27070,0.13100,1.31200,0.12410,0.18830,0.12800,1.31750,1.24980,0.10190,1.26340,0.11450,0.18640,0.12530,1.14910,0.13520,1.29670,0.12340,0.21740,0.12460,1.20630,0.77850,1.26700,1.11510,0.15810,0.33750,1.00520,0.17930,1.25900,0.96470,0.18610,0.23080,0.86710,0.64300,1.31980,0.88770,0.13840,0.26950,0.66330,0.15520,1.19270,0.74860,0.14800,0.18910,0.09690,0.40340,0.16270,0.61250,0.10080,0.19260,0.10820,0.11650,0.11080,0.47290,0.10270,0.14360
1:55:09,1.24700,0.11120,0.29240,0.10970,0.27780,0.11270,1.22000,0.12200,1.23580,0.13640,1.23000,0.13930,1.25670,0.23140,0.22140,1.25650,0.23430,0.47750,1.07730,1.27260,1.29890,0.28510,1.27980,1.26810,1.26150,0.19620,0.17990,1.24740,0.18810,0.38170,0.73720,1.29260,1.24910,0.24270,1.29900,1.28940,0.10560,0.15160,0.11430,1.27480,0.11100,0.27460,0.13200,1.31040,0.12520,0.19070,0.12910,1.31530,1.24660,0.10260,1.26030,0.11550,0.18870,0.12630,1.15760,0.13630,1.29490,0.12460,0.22030,0.12540,1.21000,0.79010,1.26500,1.12360,0.16000,0.34260,1.01600,0.18170,1.25660,0.97730,0.18830,0.23370,0.87760,0.65290,1.31870,0.89890,0.13970,0.27390,0.67370,0.15690,1.19760,0.76010,0.14960,0.19130,0.09710,0.40970,0.16030,0.62180,0.10140,0.19520,0.10900,0.11720,0.11130,0.48040,0.10310,0.14490
1:57:39,1.24380,0.11190,0.29660,0.11070,0.28220,0.11380,1.22410,0.12330,1.23380,0.13780,1.22910,0.14080,1.25400,0.23440,0.22430,1.25460,0.23750,0.48520,1.08820,1.27060,1.29630,0.28930,1.27790,1.26680,1.25990,0.19860,0.18220,1.24520,0.19080,0.38760,0.75660,1.29110,1.25020,0.24630,1.29780,1.28700,0.10700,0.15330,0.11540,1.27310,0.11200,0.27860,0.13320,1.30850,0.12650,0.19310,0.13040,1.31380,1.24520,0.10350,1.25820,0.11640,0.19130,0.12730,1.16680,0.13760,1.29300,0.12570,0.22330,0.12630,1.21310,0.80140,1.26300,1.13160,0.16210,0.34800,1.02660,0.18440,1.25560,0.98930,0.19080,0.23700,0.88810,0.66270,1.31760,0.90950,0.14130,0.27830,0.68390,0.15910,1.20260,0.77160,0.15140,0.19370,0.09730,0.41630,0.15710,0.63110,0.10110,0.19780,0.11010,0.11850,0.11210,0.48820,0.10380,0.14650
2:00:09,1.24090,0.11380,0.30090,0.11170,0.28640,0.11490,1.22650,0.12470,1.23190,0.13930,1.22800,0.14200,1.25070,0.23750,0.22710,1.25270,0.24090,0.49300,1.09840,1.26900,1.29460,0.29330,1.27660,1.26480,1.25710,0.20080,0.18450,1.24320,0.19300,0.39330,0.75650,1.29000,1.25030,0.24980,1.29620,1.28550,0.10970,0.15520,0.11630,1.27070,0.11330,0.28250,0.13430,1.30700,0.12780,0.19560,0.13180,1.31150,1.24310,0.10440,1.25630,0.11750,0.19380,0.12850,1.17420,0.13910,1.29020,0.12700,0.22640,0.12750,1.21610,0.81150,1.26100,1.13930,0.16410,0.35330,1.03700,0.18680,1.25360,1.00080,0.19330,0.24000,0.89810,0.67270,1.31580,0.92000,0.14270,0.28250,0.69420,0.16070,1.20900,0.78280,0.15320,0.19620,0.09730,0.42260,0.15550,0.64040,0.10120,0.20050,0.11080,0.12030,0.11260,0.49570,0.10450,0.14800
2:02:39,1.23830,0.11470,0.30500,0.11240,0.29070,0.11590,1.22930,0.12600,1.23080,0.14060,1.22650,0.14320,1.24850,0.24050,0.22970,1.25100,0.24410,0.50060,1.10890,1.26740,1.29260,0.29750,1.27450,1.26250,1.25590,0.20300,0.18670,1.24100,0.19530,0.39940,0.77800,1.28800,1.25010,0.25310,1.29340,1.27950,0.11330,0.15670,0.11720,1.27020,0.11420,0.28630,0.13540,1.30590,0.12900,0.19810,0.13290,1.30940,1.24130,0.10510,1.25400,0.11840,0.19640,0.12950,1.18220,0.14000,1.28820,0.12790,0.22930,0.12820,1.21840,0.82220,1.25920,1.14620,0.16630,0.35860,1.04700,0.18930,1.25200,1.01220,0.19560,0.24330,0.90800,0.68250,1.31390,0.93000,0.14410,0.28680,0.70400,0.16260,1.21310,0.79400,0.15480,0.19840,0.09750,0.42870,0.15290,0.64960,0.10210,0.20320,0.11620,0.12120,0.11320,0.50320,0.10530,0.14960
2:05:09,1.23410,0.11560,0.30920,0.11350,0.29480,0.11690,1.23090,0.12720,1.22900,0.14190,1.22520,0.14450,1.24670,0.24350,0.23230,1.24920,0.24730,0.50810,1.11770,1.26570,1.29060,0.30120,1.27240,1.26000,1.25310,0.20570,0.18900,1.24000,0.19760,0.40500,0.77710,1.28620,1.25010,0.25640,1.29180,1.27810,0.11190,0.15830,0.11810,1.26780,0.11530,0.29020,0.13630,1.30360,0.13010,0.20050,0.13410,1.30740,1.23960,0.10610,1.25210,0.11930,0.19890,0.13060,1.18940,0.14130,1.28630,0.12900,0.23220,0.12920,1.22060,0.83270,1.25690,1.15280,0.16830,0.36380,1.05680,0.19180,1.25010,1.02390,0.19790,0.24640,0.91740,0.69190,1.31260,0.93980,0.14550,0.29100,0.71380,0.16430,1.21690,0.80450,0.15650,0.20080,0.09770,0.43520,0.15160,0.65840,0.10290,0.20570,0.11590,0.12250,0.11370,0.51020,0.10590,0.15110
2:07:39,1.23200,0.11630,0.31330,0.11410,0.29900,0.11780,1.23220,0.12840,1.22680,0.14320,1.22420,0.14540,1.24380,0.24660,0.23630,1.24770,0.25040,0.51530,1.12680,1.26410,1.28870,0.30500,1.27050,1.25820,1.25060,0.20850,0.19140,1.23790,0.19980,0.41070,0.79760,1.28500,1.25000,0.25950,1.29000,1.27580,0.10720,0.15980,0.11890,1.26450,0.11630,0.29400,0.13730,1.30220,0.13120,0.20260,0.13510,1.30520,1.23800,0.10690,1.25000,0.12020,0.20130,0.13150,1.19580,0.14240,1.28460,0.12990,0.23500,0.12990,1.22240,0.84280,1.25570,1.15910,0.17030,0.36910,1.06600,0.19410,1.24870,1.03400,0.20010,0.24930,0.92690,0.70180,1.31070,0.94860,0.14680,0.29500,0.72330,0.16610,1.21980,0.81520,0.15820,0.20290,0.09770,0.44170,0.15020,0.66730,0.10380,0.20840,0.11360,0.12380,0.11430,0.51760,0.10650,0.15240
2:10:09,1.22930,0.11720,0.31750,0.11510,0.30300,0.11890,1.23360,0.12960,1.22550,0.14420,1.22300,0.14660,1.24150,0.24960,0.24050,1.24640,0.25350,0.52270,1.13480,1.26250,1.28690,0.30950,1.26820,1.25610,1.24790,0.21130,0.19370,1.23670,0.20170,0.41650,0.79880,1.28400,1.24900,0.26300,1.28840,1.27380,0.10570,0.16180,0.11990,1.26280,0.11730,0.29780,0.13820,1.30070,0.13240,0.20500,0.13740,1.30310,1.23500,0.12310,1.24800,0.12120,0.20360,0.13260,1.20100,0.14350,1.28200,0.13100,0.23790,0.13070,1.22330,0.85270,1.25430,1.16490,0.17230,0.37420,1.07590,0.19660,1.24700,1.04420,0.20240,0.25220,0.93580,0.71090,1.30900,0.95780,0.14830,0.29910,0.73310,0.16790,1.22240,0.82550,0.15980,0.20530,0.09790,0.44790,0.14840,0.67600,0.10470,0.21090,0.11430,0.12540,0.11480,0.52470,0.10700,0.15390
2:12:39,1.22610,0.11810,0.32170,0.11590,0.30730,0.11980,1.23580,0.13090,1.22420,0.14560,1.22220,0.14780,1.23940,0.25280,0.24410,1.24570,0.25680,0.53010,1.14350,1.26120,1.28570,0.31400,1.26730,1.25400,1.24510,0.21460,0.19600,1.23560,0.20420,0.42200,0.81770,1.28170,1.24860,0.26620,1.28670,1.27100,0.10560,0.16380,0.12080,1.26100,0.11830,0.30130,0.13930,1.29910,0.13350,0.20730,0.13850,1.30150,1.23340,0.12350,1.24680,0.12220,0.20620,0.13360,1.20800,0.14490,1.28120,0.13220,0.24080,0.13160,1.22470,0.86290,1.25190,1.17030,0.17420,0.37920,1.08540,0.19900,1.24550,1.05430,0.20470,0.25510,0.94450,0.72030,1.30710,0.96700,0.14960,0.30310,0.74220,0.16950,1.22450,0.83600,0.16150,0.20760,0.09800,0.45400,0.14760,0.68480,0.10560,0.21380,0.11520,0.12640,0.11550,0.53190,0.10770,0.15530
2:15:09,1.22380,0.11870,0.32560,0.11670,0.31120,0.12070,1.23630,0.13190,1.22210,0.14660,1.22080,0.14880,1.23710,0.25550,0.24670,1.24330,0.25980,0.53710,1.15030,1.25910,1.28370,0.31840,1.26580,1.25260,1.24240,0.21820,0.19820,1.23320,0.20610,0.42790,0.81610,1.28090,1.24790,0.26940,1.28400,1.26960,0.10550,0.16560,0.12170,1.25940,0.11920,0.30510,0.14000,1.29750,0.13450,0.20960,0.13960,1.29960,1.23070,0.12370,1.24500,0.12300,0.20830,0.13460,1.21290,0.14700,1.27870,0.13310,0.24350,0.13240,1.22540,0.87250,1.24970,1.17530,0.17620,0.38440,1.09400,0.20120,1.24350,1.06420,0.20690,0.25820,0.95300,0.72940,1.30480,0.97550,0.15090,0.30710,0.75130,0.17120,1.22650,0.84560,0.16300,0.20970,0.09790,0.46010,0.14590,0.69330,0.10650,0.21760,0.11600,0.12770,0.11600,0.53890,0.10820,0.15670
2:17:39,1.22130,0.11930,0.32960,0.11720,0.31520,0.12150,1.23740,0.14700,1.22110,0.14750,1.21990,0.14980,1.23490,0.25830,0.24890,1.24130,0.26280,0.54400,1.15870,1.25740,1.28130,0.32220,1.26370,1.25030,1.23950,0.22050,0.20030,1.23190,0.20820,0.43290,0.83720,1.27890,1.24660,0.27210,1.28270,1.26730,0.10570,0.16740,0.12240,1.25700,0.12010,0.30870,0.14080,1.29600,0.13570,0.21170,0.14050,1.29790,1.22850,0.12390,1.24340,0.12370,0.21060,0.13540,1.21750,0.14700,1.27670,0.13390,0.24620,0.13290,1.22560,0.88180,1.24840,1.17950,0.17790,0.38910,1.10220,0.20340,1.24180,1.07290,0.20900,0.26100,0.96130,0.73840,1.30320,0.98350,0.15220,0.31090,0.76020,0.17290,1.22780,0.85530,0.16440,0.21170,0.09810,0.46630,0.14480,0.70150,0.10750,0.21810,0.11950,0.12920,0.11660,0.54580,0.10880,0.15800
2:20:09,1.21840,0.11990,0.33330,0.11780,0.31890,0.12220,1.23810,0.14740,1.21880,0.14830,1.21840,0.15080,1.23370,0.26120,0.25150,1.23980,0.26560,0.55120,1.16510,1.25540,1.27930,0.32580,1.26150,1.24900,1.23840,0.22220,0.20240,1.23010,0.21020,0.43830,0.83600,1.27760,1.24570,0.27530,1.28080,1.26540,0.10600,0.16890,0.12310,1.25530,0.12090,0.31220,0.14160,1.29370,0.13650,0.21360,0.14140,1.29550,1.22600,0.12380,1.24160,0.12450,0.21270,0.13630,1.22090,0.14770,1.27480,0.13490,0.24870,0.13370,1.22570,0.89040,1.24590,1.18340,0.17970,0.39420,1.10930,0.20550,1.24060,1.08180,0.21080,0.26380,0.96890,0.74700,1.30100,0.99090,0.15340,0.31460,0.76880,0.17430,1.22910,0.86480,0.16560,0.21370,0.09810,0.47210,0.14210,0.70960,0.10820,0.22010,0.12150,0.12990,0.11710,0.55260,0.10910,0.15930
2:22:39,1.21530,0.12040,0.33690,0.11840,0.32270,0.12300,1.23780,0.14790,1.21700,0.14930,1.21780,0.15160,1.23080,0.26380,0.25460,1.23760,0.26830,0.55780,1.17110,1.25340,1.27810,0.32950,1.26040,1.24570,1.23580,0.22550,0.20460,1.22880,0.21190,0.44380,0.85610,1.27610,1.24400,0.27830,1.27900,1.26320,0.10640,0.17040,0.12390,1.25400,0.12180,0.31550,0.14230,1.29240,0.13750,0.21550,0.14230,1.29340,1.22410,0.12400,1.23970,0.12520,0.21480,0.13710,1.22580,0.14870,1.27270,0.13560,0.25140,0.13440,1.22580,0.89990,1.24460,1.18710,0.18150,0.39890,1.11620,0.20750,1.23810,1.09040,0.21300,0.26660,0.97620,0.75600,1.29870,0.99840,0.15460,0.31850,0.77760,0.17610,1.22950,0.87420,0.16720,0.21570,0.09830,0.47800,0.14120,0.71770,0.10880,0.22230,0.11820,0.13100,0.11750,0.55960,0.10960,0.16050
2:25:09,1.21420,0.12110,0.34100,0.11900,0.32670,0.12380,1.23770,0.14880,1.21620,0.15070,1.21700,0.15280,1.22930,0.26680,0.25840,1.23590,0.27110,0.56450,1.17740,1.25210,1.27550,0.33350,1.25840,1.24410,1.23350,0.22820,0.20680,1.22670,0.21390,0.44890,0.85610,1.27430,1.24300,0.28160,1.27730,1.26120,0.10680,0.17190,0.12470,1.25180,0.12260,0.31910,0.14320,1.29060,0.13850,0.21780,0.14330,1.29140,1.22210,0.12410,1.23790,0.12600,0.21700,0.13790,1.22970,0.15050,1.27110,0.13660,0.25410,0.13510,1.22530,0.90820,1.24170,1.19020,0.18320,0.40370,1.12280,0.20980,1.23660,1.11280,0.21500,0.26940,0.98330,0.76440,1.29690,1.00530,0.15590,0.32220,0.78600,0.17770,1.23020,0.88330,0.16870,0.21790,0.09840,0.48360,0.13930,0.72570,0.10980,0.22450,0.11870,0.13240,0.11810,0.56640,0.11000,0.16180
2:27:39,1.21130,0.12170,0.34480,0.11980,0.33050,0.12470,1.23860,0.14930,1.21460,0.15130,1.21570,0.15390,1.22640,0.26980,0.26220,1.23480,0.27400,0.57140,1.18370,1.25110,1.27460,0.33710,1.25680,1.24290,1.23120,0.23050,0.20890,1.22500,0.21600,0.45400,0.86770,1.27280,1.24170,0.28440,1.27550,1.26040,0.10720,0.17370,0.12540,1.24950,0.12350,0.32260,0.14400,1.28930,0.13960,0.21980,0.14450,1.28980,1.21870,0.12440,1.23640,0.12670,0.21930,0.13880,1.23200,0.15120,1.26930,0.13740,0.25680,0.13590,1.22570,0.91720,1.24080,1.19370,0.18510,0.40840,1.12920,0.21190,1.23450,1.12010,0.21720,0.27230,0.99120,0.77300,1.29480,1.01270,0.15690,0.32600,0.79410,0.17930,1.23010,0.89260,0.17020,0.21990,0.09840,0.48930,0.14000,0.73360,0.11020,0.22690,0.11950,0.13350,0.11850,0.57340,0.11060,0.16300
2:30:09,1.20850,0.12230,0.34870,0.12040,0.33420,0.12550,1.23800,0.15030,1.21280,0.15240,1.21460,0.15460,1.22430,0.27250,0.26510,1.23240,0.27700,0.57790,1.18870,1.24870,1.27230,0.34080,1.25560,1.24060,1.22850,0.23290,0.21090,1.22390,0.21780,0.45940,0.88230,1.27150,1.24040,0.28720,1.27360,1.25790,0.10760,0.17520,0.12610,1.24810,0.12430,0.32590,0.14470,1.28800,0.14050,0.22200,0.14550,1.28800,1.21750,0.12480,1.23470,0.12750,0.22130,0.13960,1.23610,0.15180,1.26800,0.13830,0.25920,0.13650,1.22510,0.92520,1.23880,1.19660,0.18670,0.41340,1.13490,0.21400,1.23320,1.12770,0.21920,0.27510,0.99810,0.78110,1.29270,1.01930,0.15830,0.32970,0.80240,0.18090,1.23010,0.90130,0.17150,0.22200,0.09850,0.49520,0.13760,0.74120,0.11160,0.22880,0.12010,0.13460,0.11310,0.57990,0.11100,0.16450

