Corrected [600]
	1	2	3	4	5	6	7	8	9	10	11	12
A	0.61804	0.08172	0.30062	0.08107	0.30860	0.07969	0.26484	0.08124	0.32444	0.08075	0.30235	0.07893	Corrected [600]
B	0.34924	0.34320	0.22799	0.32275	0.22437	0.34801	0.19121	0.27983	0.22599	0.32779	0.18812	0.27043	Corrected [600]
C	0.17914	0.25314	0.13758	0.25067	0.14701	0.23332	0.13603	0.19627	0.13305	0.22103	0.12627	0.20954	Corrected [600]
D	0.08283	0.14123	0.08020	0.13981	0.08184	0.14610	0.07909	0.13505	0.08152	0.13925	0.07955	0.13155	Corrected [600]
E	0.35931	0.07964	0.34095	0.08020	0.33255	0.08206	0.30376	0.08134	0.26871	0.08146	0.26432	0.08057	Corrected [600]
F	0.26526	0.33232	0.26493	0.34762	0.23262	0.33537	0.20587	0.29062	0.19295	0.26859	0.19872	0.38073	Corrected [600]
G	0.15587	0.23391	0.16225	0.23633	0.14442	0.23230	0.13808	0.20814	0.13057	0.20260	0.13283	0.27903	Corrected [600]
H	0.08229	0.12952	0.07908	0.13349	0.08020	0.14375	0.08002	0.13638	0.07878	0.13226	0.08068	0.15713	Corrected [600]

