Corrected [600]
	1	2	3	4	5	6	7	8	9	10	11	12
A	0.30443	0.07982	0.39719	0.07819	0.32676	0.07772	0.40352	0.07797	0.19844	0.07864	0.29016	0.07887	Corrected [600]
B	0.28910	0.20795	0.33118	0.36082	0.25682	0.36000	0.30245	0.23913	0.14549	0.23109	0.20065	0.38819	Corrected [600]
C	0.20000	0.14086	0.20661	0.24175	0.16077	0.25044	0.19945	0.12645	0.10222	0.17034	0.13554	0.27668	Corrected [600]
D	0.07821	0.09983	0.07703	0.15315	0.07902	0.14898	0.08023	0.10659	0.07720	0.11596	0.07778	0.17231	Corrected [600]
E	0.37652	0.07786	0.23392	0.07775	0.30893	0.07856	0.31437	0.07786	0.36986	0.07717	0.28405	0.07935	Corrected [600]
F	0.26306	0.34047	0.18159	0.36640	0.22942	0.37254	0.21765	0.32875	0.27357	0.33205	0.20888	0.37787	Corrected [600]
G	0.17186	0.23065	0.12475	0.24372	0.15571	0.26980	0.13465	0.23157	0.17188	0.23514	0.14479	0.27209	Corrected [600]
H	0.07742	0.13935	0.07788	0.13318	0.07891	0.17122	0.07919	0.15629	0.07805	0.15094	0.07752	0.17068	Corrected [600]

