Corrected [600]
	1	2	3	4	5	6	7	8	9	10	11	12
A	0.39228	0.08114	0.38328	0.07896	0.41883	0.07731	0.41489	0.07871	0.36527	0.07681	0.41574	0.04912	Corrected [600]
B	0.28040	0.43200	0.32108	0.43366	0.31261	0.42545	0.29491	0.41890	0.27517	0.39825	0.30566	0.44075	Corrected [600]
C	0.18640	0.34066	0.22273	0.34659	0.20692	0.33966	0.20011	0.32844	0.19160	0.35788	0.20980	0.34338	Corrected [600]
D	0.07714	0.21672	0.07717	0.22160	0.07678	0.22097	0.07667	0.20910	0.07690	0.22162	0.07638	0.21799	Corrected [600]
E	0.42259	0.07739	0.47165	0.07761	0.49571	0.07836	0.48356	0.07770	0.47830	0.07753	0.55600	0.07772	Corrected [600]
F	0.30942	0.52171	0.35895	0.52801	0.34400	0.46591	0.36148	0.46739	0.35148	0.45715	0.37730	0.35380	Corrected [600]
G	0.20611	0.36318	0.22328	0.37496	0.23679	0.36176	0.22907	0.36776	0.22289	0.36755	0.27988	0.28256	Corrected [600]
H	0.07750	0.21325	0.07632	0.22141	0.07709	0.21336	0.07787	0.21604	0.07657	0.22074	0.07624	0.17879	Corrected [600]

