420

Time,A1,A2,A3,A4,A5,A6,A7,A8,A9,A10,A11,A12,B1,B2,B3,B4,B5,B6,B7,B8,B9,B10,B11,B12,C1,C2,C3,C4,C5,C6,C7,C8,C9,C10,C11,C12,D1,D2,D3,D4,D5,D6,D7,D8,D9,D10,D11,D12,E1,E2,E3,E4,E5,E6,E7,E8,E9,E10,E11,E12,F1,F2,F3,F4,F5,F6,F7,F8,F9,F10,F11,F12,G1,G2,G3,G4,G5,G6,G7,G8,G9,G10,G11,G12,H1,H2,H3,H4,H5,H6,H7,H8,H9,H10,H11,H12
0:00:09,0.23760,0.07800,0.10270,0.07940,0.08110,0.07870,0.07990,0.07900,0.08430,0.07900,0.08200,0.07780,0.19270,0.09210,0.09570,0.07980,0.08690,0.08060,0.07910,0.08040,0.07980,0.07930,0.08080,0.08240,0.13500,0.08890,0.08790,0.08020,0.07880,0.08140,0.07920,0.07960,0.08090,0.07880,0.08030,0.08670,0.07710,0.08480,0.07750,0.07910,0.07810,0.08030,0.07790,0.07990,0.07790,0.07910,0.07780,0.08000,0.16590,0.07690,0.08800,0.07790,0.10390,0.07910,0.08180,0.07970,0.07980,0.07830,0.10640,0.07760,0.13730,0.08020,0.08530,0.17330,0.09820,0.07930,0.07950,0.07860,0.08230,0.08920,0.09880,0.07950,0.11190,0.07920,0.08170,0.14490,0.09000,0.08040,0.07900,0.07860,0.07860,0.08700,0.09160,0.07990,0.07780,0.07710,0.09270,0.11690,0.07810,0.07890,0.07820,0.07850,0.07860,0.08500,0.07820,0.07800
0:01:49,0.30580,0.07790,0.11160,0.07940,0.08050,0.07830,0.07990,0.07880,0.08460,0.07900,0.08290,0.07780,0.23550,0.09650,0.10030,0.07970,0.08690,0.08010,0.07900,0.08040,0.07960,0.07890,0.08160,0.08520,0.15560,0.09120,0.09050,0.08000,0.07870,0.08110,0.07910,0.07970,0.08070,0.07860,0.08060,0.08870,0.07700,0.08650,0.07760,0.07900,0.07810,0.08010,0.07790,0.07970,0.07770,0.07900,0.07780,0.08100,0.19870,0.07690,0.09100,0.07790,0.11300,0.07920,0.08230,0.07950,0.07970,0.07820,0.11910,0.07750,0.15860,0.08040,0.08720,0.21180,0.10530,0.07940,0.08020,0.07880,0.08240,0.09610,0.10950,0.07960,0.12230,0.07930,0.08250,0.16340,0.09340,0.08020,0.07930,0.07840,0.07860,0.09070,0.09650,0.07990,0.07780,0.07710,0.09090,0.12800,0.07800,0.07880,0.07810,0.07850,0.07850,0.08750,0.07800,0.07800
0:03:29,0.36780,0.07770,0.12080,0.07930,0.08040,0.07800,0.07980,0.07870,0.08470,0.07880,0.08410,0.07770,0.27900,0.10170,0.10470,0.07950,0.08660,0.08000,0.07880,0.08040,0.07980,0.07880,0.08260,0.08740,0.17790,0.09430,0.09330,0.07980,0.07860,0.08110,0.07900,0.07970,0.08060,0.07850,0.08100,0.09050,0.07690,0.08810,0.07750,0.07880,0.07790,0.07980,0.07780,0.07950,0.07750,0.07890,0.07770,0.08200,0.23220,0.07680,0.09400,0.07790,0.12260,0.07900,0.08290,0.07940,0.07990,0.07810,0.13200,0.07740,0.17950,0.08050,0.08910,0.24780,0.11120,0.07930,0.08050,0.07880,0.08230,0.10190,0.12070,0.08000,0.13320,0.07920,0.08360,0.18640,0.09700,0.08000,0.07950,0.07830,0.07860,0.09530,0.10190,0.08010,0.07770,0.07710,0.09140,0.13990,0.07790,0.07870,0.07800,0.07840,0.07830,0.09070,0.07800,0.07790
0:05:09,0.42230,0.07760,0.13070,0.07910,0.08030,0.07770,0.07960,0.07850,0.08490,0.07860,0.08560,0.07750,0.32240,0.10640,0.11010,0.07930,0.08640,0.07990,0.07860,0.08060,0.07990,0.07870,0.08340,0.08990,0.20160,0.09740,0.09660,0.07950,0.07850,0.08100,0.07890,0.07960,0.08050,0.07830,0.08130,0.09220,0.07670,0.08960,0.07740,0.07860,0.07780,0.07970,0.07760,0.07930,0.07730,0.07880,0.07750,0.08290,0.26120,0.07670,0.09670,0.07770,0.13250,0.07890,0.08360,0.07920,0.07990,0.07780,0.14720,0.07730,0.20010,0.08040,0.09080,0.28510,0.11770,0.07920,0.08100,0.07860,0.08230,0.10770,0.13180,0.08010,0.14380,0.07910,0.08450,0.20890,0.10070,0.07990,0.07960,0.07810,0.07840,0.10000,0.10750,0.08020,0.07750,0.07700,0.09110,0.15200,0.07780,0.07850,0.07790,0.07830,0.07810,0.09350,0.07780,0.07790
0:06:49,0.47220,0.07760,0.14050,0.07910,0.08030,0.07770,0.07960,0.07850,0.08550,0.07860,0.08740,0.07750,0.36450,0.11090,0.11630,0.07940,0.08640,0.07990,0.07870,0.08080,0.08010,0.07860,0.08450,0.09260,0.22300,0.10020,0.10000,0.07950,0.07840,0.08090,0.07900,0.07970,0.08060,0.07830,0.08190,0.09420,0.07680,0.09150,0.07740,0.07860,0.07790,0.07950,0.07770,0.07940,0.07720,0.07870,0.07750,0.08400,0.29060,0.07670,0.09960,0.07770,0.14400,0.07900,0.08420,0.07920,0.08030,0.07780,0.16130,0.07720,0.22100,0.08040,0.09270,0.32160,0.12630,0.07920,0.08170,0.07880,0.08250,0.11480,0.14330,0.08040,0.15480,0.07920,0.08560,0.23320,0.10490,0.07980,0.07990,0.07820,0.07850,0.10500,0.11370,0.08050,0.07750,0.07720,0.09060,0.16490,0.07780,0.07850,0.07790,0.07830,0.07720,0.09670,0.07780,0.07810
0:08:29,0.52200,0.07760,0.15010,0.07910,0.08030,0.07770,0.07960,0.07840,0.08600,0.07860,0.08910,0.07750,0.40610,0.11580,0.12260,0.07950,0.08610,0.07990,0.07870,0.08100,0.08030,0.07870,0.08570,0.09520,0.24510,0.10320,0.10320,0.07950,0.07830,0.08090,0.07900,0.07980,0.08070,0.07830,0.08240,0.09620,0.07680,0.09350,0.07740,0.07850,0.07780,0.07940,0.07760,0.07950,0.07720,0.07880,0.07750,0.08520,0.32200,0.07670,0.10270,0.07760,0.15580,0.07890,0.08490,0.07910,0.08080,0.07770,0.17680,0.07720,0.24360,0.08060,0.09480,0.35730,0.13470,0.07920,0.08220,0.07870,0.08260,0.12240,0.15490,0.08090,0.16620,0.07930,0.08680,0.25820,0.10940,0.07970,0.08030,0.07820,0.07860,0.11050,0.11960,0.08070,0.07750,0.07720,0.09100,0.17790,0.07780,0.07850,0.07790,0.07820,0.07710,0.10010,0.07780,0.07830
0:10:09,0.57300,0.07750,0.16000,0.07900,0.08030,0.07770,0.07970,0.07840,0.08640,0.07850,0.09100,0.07740,0.44660,0.12080,0.12910,0.07940,0.08590,0.07990,0.07870,0.08120,0.08050,0.07870,0.08690,0.09840,0.26860,0.10660,0.10640,0.07950,0.07830,0.08090,0.07910,0.07990,0.08090,0.07830,0.08290,0.09850,0.07690,0.09570,0.07730,0.07850,0.07780,0.07950,0.07760,0.07950,0.07710,0.07870,0.07740,0.08630,0.35500,0.07670,0.10590,0.07760,0.16790,0.07880,0.08570,0.07900,0.08110,0.07760,0.19330,0.07720,0.26680,0.08070,0.09690,0.39340,0.14360,0.07910,0.08280,0.07870,0.08290,0.13020,0.16700,0.08120,0.17750,0.07930,0.08790,0.28290,0.11400,0.07980,0.08050,0.07820,0.07870,0.11620,0.12590,0.08100,0.07750,0.07730,0.09100,0.19110,0.07780,0.07840,0.07780,0.07820,0.07710,0.10350,0.07780,0.07850
0:11:49,0.62340,0.07750,0.17020,0.07890,0.08020,0.07750,0.07970,0.07830,0.08690,0.07850,0.09300,0.07740,0.48700,0.12610,0.13580,0.07940,0.08600,0.08000,0.07880,0.08160,0.08080,0.07860,0.08820,0.10190,0.29300,0.11040,0.10980,0.07950,0.07820,0.08090,0.07900,0.08020,0.08110,0.07840,0.08340,0.10090,0.07680,0.09780,0.07730,0.07840,0.07760,0.07950,0.07750,0.07950,0.07710,0.07860,0.07740,0.08770,0.38930,0.07670,0.10900,0.07750,0.18000,0.07880,0.08660,0.07890,0.08150,0.07760,0.21060,0.07710,0.28920,0.08090,0.09910,0.42910,0.15260,0.07920,0.08350,0.07870,0.08300,0.13810,0.17960,0.08190,0.18910,0.07940,0.08900,0.30820,0.11860,0.07970,0.08080,0.07820,0.07880,0.12240,0.13260,0.08130,0.07740,0.07730,0.09100,0.20510,0.07770,0.07840,0.07780,0.07820,0.07700,0.10700,0.07780,0.07870
0:13:29,0.67320,0.07750,0.18080,0.07890,0.08020,0.07750,0.07970,0.07840,0.08750,0.07840,0.09500,0.07730,0.52690,0.13120,0.14280,0.07940,0.08600,0.08000,0.07890,0.08190,0.08110,0.07870,0.08950,0.10550,0.31740,0.11450,0.11340,0.07950,0.07820,0.08100,0.07900,0.08040,0.08130,0.07840,0.08410,0.10340,0.07680,0.09970,0.07730,0.07840,0.07760,0.07950,0.07750,0.07970,0.07700,0.07860,0.07740,0.08900,0.42350,0.07680,0.11230,0.07760,0.19210,0.07880,0.08770,0.07890,0.08190,0.07760,0.22820,0.07710,0.31090,0.08110,0.10120,0.46410,0.16160,0.07910,0.08410,0.07880,0.08330,0.14620,0.19190,0.08250,0.20090,0.07940,0.09030,0.33340,0.12330,0.07970,0.08110,0.07830,0.07900,0.12870,0.13940,0.08170,0.07740,0.07730,0.09090,0.21910,0.07770,0.07840,0.07790,0.07820,0.07700,0.11060,0.07760,0.07880
0:15:09,0.72030,0.07750,0.19140,0.07890,0.08020,0.07750,0.07980,0.07820,0.08800,0.07840,0.09690,0.07720,0.56570,0.13640,0.15010,0.07950,0.08570,0.08020,0.07900,0.08230,0.08140,0.07880,0.09080,0.10910,0.34060,0.11850,0.11710,0.07950,0.07820,0.08100,0.07910,0.08060,0.08130,0.07840,0.08500,0.10580,0.07680,0.10170,0.07720,0.07840,0.07750,0.07950,0.07740,0.07970,0.07700,0.07860,0.07730,0.09030,0.45710,0.07670,0.11540,0.07750,0.20440,0.07870,0.08880,0.07880,0.08220,0.07760,0.24560,0.07710,0.33270,0.08130,0.10320,0.49880,0.17050,0.07900,0.08470,0.07880,0.08350,0.15420,0.20410,0.08300,0.21280,0.07950,0.09150,0.35840,0.12780,0.07970,0.08150,0.07820,0.07910,0.13490,0.14650,0.08210,0.07730,0.07730,0.09050,0.23290,0.07770,0.07840,0.07780,0.07820,0.07690,0.11390,0.07770,0.07900
0:16:49,0.76360,0.07740,0.20210,0.07890,0.08020,0.07750,0.07990,0.07810,0.08860,0.07830,0.09870,0.07700,0.60300,0.14180,0.15720,0.07940,0.08580,0.08020,0.07900,0.08250,0.08170,0.07880,0.09210,0.11270,0.36250,0.12260,0.12090,0.07940,0.07820,0.08110,0.07890,0.08080,0.08000,0.07850,0.08560,0.10810,0.07690,0.10370,0.07720,0.07840,0.07750,0.07940,0.07740,0.07970,0.07690,0.07870,0.07730,0.09160,0.49010,0.07670,0.11870,0.07750,0.21680,0.07870,0.08980,0.07880,0.08250,0.07760,0.26320,0.07700,0.35460,0.08150,0.10510,0.53230,0.17920,0.07910,0.08530,0.07890,0.08380,0.16210,0.21640,0.08350,0.22460,0.07960,0.09270,0.38320,0.13240,0.07970,0.08170,0.07830,0.07910,0.14100,0.15380,0.08250,0.07720,0.07740,0.09060,0.24680,0.07760,0.07840,0.07780,0.07810,0.07690,0.11730,0.07770,0.07910
0:18:29,0.80400,0.07750,0.21270,0.07890,0.08030,0.07750,0.08010,0.07820,0.08930,0.07840,0.10070,0.07710,0.63810,0.14800,0.16450,0.07960,0.08560,0.08050,0.07910,0.08300,0.08220,0.07900,0.09370,0.11660,0.38350,0.12670,0.12460,0.07960,0.07830,0.08120,0.07920,0.08120,0.08030,0.07860,0.08660,0.11070,0.07700,0.10580,0.07730,0.07850,0.07760,0.07950,0.07750,0.08000,0.07700,0.07880,0.07740,0.09300,0.52210,0.07670,0.12190,0.07760,0.22900,0.07880,0.09090,0.07880,0.08310,0.07770,0.28060,0.07720,0.37610,0.08180,0.10710,0.56570,0.18810,0.07920,0.08610,0.07910,0.08630,0.17000,0.22850,0.08430,0.23660,0.07980,0.09410,0.40760,0.13720,0.07980,0.08220,0.07840,0.07940,0.14700,0.16120,0.08300,0.07730,0.07760,0.09070,0.26100,0.07770,0.07850,0.07790,0.07820,0.07700,0.12080,0.07770,0.07940
0:20:09,0.84070,0.07740,0.22290,0.07880,0.08030,0.07750,0.08020,0.07820,0.08970,0.07830,0.10260,0.07700,0.67060,0.15420,0.17140,0.07960,0.08570,0.08050,0.07910,0.08330,0.08260,0.07900,0.09510,0.12010,0.40330,0.13040,0.12810,0.07960,0.07820,0.08120,0.07910,0.08140,0.08050,0.07860,0.08720,0.11320,0.07700,0.10780,0.07720,0.07850,0.07760,0.07950,0.07740,0.08000,0.07690,0.07880,0.07730,0.09430,0.55200,0.07660,0.12510,0.07760,0.24120,0.07870,0.09180,0.07880,0.08330,0.07760,0.29780,0.07710,0.39690,0.08200,0.10900,0.59890,0.19720,0.07920,0.08670,0.07910,0.08660,0.17790,0.24060,0.08480,0.24810,0.07990,0.09530,0.43170,0.14180,0.07990,0.08250,0.07840,0.07940,0.15300,0.16820,0.08340,0.07720,0.07760,0.09090,0.27470,0.07770,0.07830,0.07780,0.07820,0.07690,0.12410,0.07770,0.07950
0:21:49,0.87410,0.07750,0.23330,0.07880,0.08040,0.07750,0.08020,0.07820,0.09020,0.07840,0.10460,0.07700,0.70050,0.16020,0.17830,0.07960,0.08550,0.08070,0.07920,0.08370,0.08300,0.07920,0.09650,0.12370,0.42340,0.13400,0.13170,0.07960,0.07820,0.08120,0.07910,0.08160,0.08080,0.07870,0.08800,0.11570,0.07690,0.10980,0.07720,0.07850,0.07760,0.07950,0.07740,0.08020,0.07690,0.07880,0.07740,0.09560,0.58000,0.07660,0.12830,0.07760,0.25340,0.07860,0.09280,0.07880,0.08380,0.07770,0.31510,0.07720,0.41740,0.08210,0.11120,0.63060,0.20630,0.07930,0.08730,0.07920,0.08690,0.18570,0.25250,0.08540,0.25980,0.08010,0.09650,0.45540,0.14660,0.08000,0.08290,0.07850,0.07960,0.15890,0.17530,0.08390,0.07710,0.07770,0.09060,0.28830,0.07770,0.07840,0.07780,0.07820,0.07700,0.12750,0.07770,0.07970
0:23:29,0.90480,0.07740,0.24360,0.07890,0.08040,0.07760,0.08050,0.07820,0.09100,0.07840,0.10660,0.07710,0.72860,0.16600,0.18520,0.07970,0.08580,0.08090,0.07930,0.08410,0.08340,0.07920,0.09780,0.12730,0.44450,0.13780,0.13550,0.07970,0.07820,0.08130,0.07920,0.08190,0.08100,0.07880,0.08870,0.11830,0.07690,0.11180,0.07720,0.07850,0.07760,0.07960,0.07750,0.08030,0.07690,0.07890,0.07750,0.09700,0.60660,0.07650,0.13150,0.07760,0.26570,0.07870,0.09380,0.07880,0.08420,0.07770,0.33190,0.07720,0.43740,0.08230,0.11340,0.66110,0.21540,0.07940,0.08800,0.07940,0.08720,0.19340,0.26430,0.08600,0.27110,0.08030,0.09770,0.47880,0.15120,0.08000,0.08320,0.07860,0.07970,0.16480,0.18230,0.08440,0.07680,0.07780,0.09070,0.30140,0.07770,0.07840,0.07780,0.07830,0.07700,0.13100,0.07780,0.08000
0:25:09,0.93380,0.07740,0.25370,0.07890,0.08040,0.07760,0.08060,0.07740,0.09140,0.07850,0.10860,0.07710,0.75690,0.17170,0.19210,0.07980,0.08570,0.08110,0.07940,0.08450,0.08380,0.07940,0.09910,0.13100,0.46580,0.14170,0.13930,0.07970,0.07830,0.08140,0.08020,0.08230,0.08120,0.07890,0.08950,0.12090,0.07690,0.11390,0.07720,0.07850,0.07760,0.07960,0.07750,0.08050,0.07690,0.07900,0.07770,0.09840,0.63270,0.07650,0.13470,0.07770,0.27800,0.07870,0.09480,0.07890,0.08460,0.07780,0.34850,0.07730,0.45710,0.08260,0.11560,0.69050,0.22440,0.07940,0.08870,0.07940,0.08750,0.20100,0.27630,0.08660,0.28220,0.08050,0.09900,0.50140,0.15600,0.08010,0.08360,0.07880,0.07990,0.17060,0.18930,0.08490,0.07680,0.07780,0.09030,0.31470,0.07780,0.07840,0.07780,0.07830,0.07710,0.13440,0.07790,0.08020
0:26:49,0.95990,0.07740,0.26360,0.07890,0.08040,0.07760,0.08070,0.07760,0.09220,0.07860,0.11060,0.07710,0.78360,0.17740,0.19930,0.07990,0.08570,0.08130,0.07950,0.08480,0.08420,0.07960,0.10050,0.13450,0.48780,0.14570,0.14310,0.07990,0.07840,0.08160,0.08020,0.08250,0.08150,0.07910,0.09030,0.12340,0.07680,0.11600,0.07720,0.07860,0.07760,0.07960,0.07750,0.08070,0.07690,0.07910,0.07780,0.09990,0.65810,0.07670,0.13780,0.07770,0.29030,0.07880,0.09580,0.07890,0.08500,0.07790,0.36500,0.07740,0.47630,0.08280,0.11780,0.71890,0.23330,0.07950,0.08940,0.07950,0.08780,0.20870,0.28780,0.08730,0.29320,0.08060,0.10030,0.52360,0.16070,0.08010,0.08400,0.07890,0.08030,0.17640,0.19620,0.08540,0.07670,0.07780,0.09030,0.32800,0.07770,0.07840,0.07800,0.07840,0.07720,0.13790,0.07800,0.08040
0:28:29,0.98600,0.07760,0.27370,0.07900,0.08050,0.07770,0.08100,0.07760,0.09280,0.07860,0.11260,0.07710,0.80760,0.18320,0.20630,0.08000,0.08600,0.08150,0.07980,0.08520,0.08460,0.07980,0.10200,0.13810,0.50720,0.14970,0.14680,0.07990,0.07840,0.08180,0.08030,0.08280,0.08170,0.07930,0.09110,0.12590,0.07690,0.11810,0.07730,0.07870,0.07770,0.07980,0.07770,0.08080,0.07700,0.07930,0.07800,0.10130,0.68280,0.07690,0.14100,0.07780,0.30300,0.07890,0.09680,0.07900,0.08550,0.07800,0.38130,0.07760,0.49540,0.08310,0.12010,0.74590,0.24210,0.07960,0.09020,0.07970,0.08820,0.21640,0.29950,0.08800,0.30410,0.08080,0.10150,0.54530,0.16550,0.08020,0.08440,0.07900,0.08070,0.18230,0.20310,0.08580,0.07670,0.07790,0.09030,0.34120,0.07780,0.07850,0.07800,0.07840,0.07710,0.14130,0.07810,0.08060
0:30:09,1.00860,0.07760,0.28350,0.07890,0.08050,0.07760,0.08110,0.07770,0.09330,0.07870,0.11450,0.07710,0.83040,0.18900,0.21310,0.08010,0.08580,0.08170,0.07990,0.08560,0.08490,0.08000,0.10340,0.14170,0.52500,0.15350,0.15060,0.08000,0.07830,0.08190,0.08040,0.08320,0.08190,0.07940,0.09190,0.12850,0.07680,0.12010,0.07730,0.07870,0.07770,0.07990,0.07760,0.08100,0.07700,0.07940,0.07820,0.10280,0.70690,0.07700,0.14420,0.07790,0.31510,0.07880,0.09790,0.07900,0.08590,0.07810,0.39690,0.07770,0.51420,0.08330,0.12220,0.77130,0.25090,0.07970,0.09080,0.07980,0.08850,0.22390,0.31110,0.08870,0.31470,0.08100,0.10270,0.56650,0.17020,0.08030,0.08480,0.07900,0.08090,0.18800,0.20990,0.08630,0.07670,0.07790,0.09050,0.35420,0.07780,0.07840,0.07800,0.07840,0.07720,0.14470,0.07820,0.08090
0:31:49,1.02780,0.07770,0.29340,0.07900,0.08050,0.07780,0.08130,0.07770,0.09380,0.07880,0.11660,0.07700,0.85310,0.19490,0.22010,0.08020,0.08590,0.08190,0.08010,0.08590,0.08520,0.08030,0.10490,0.14530,0.54280,0.15740,0.15430,0.08000,0.07850,0.08210,0.08050,0.08340,0.08220,0.07970,0.09280,0.13110,0.07680,0.12220,0.07740,0.07880,0.07770,0.07990,0.07780,0.08120,0.07710,0.07960,0.07850,0.10430,0.72990,0.07700,0.14740,0.07780,0.32710,0.07890,0.09900,0.07900,0.08640,0.07820,0.41270,0.07790,0.53290,0.08360,0.12450,0.79520,0.25970,0.07970,0.09150,0.08000,0.08880,0.23160,0.32270,0.08950,0.32540,0.08110,0.10410,0.58730,0.17490,0.08030,0.08520,0.07910,0.08130,0.19370,0.21660,0.08680,0.07670,0.07790,0.09030,0.36720,0.07780,0.07840,0.07810,0.07850,0.07720,0.14800,0.07820,0.08100
0:33:29,1.04420,0.07770,0.30330,0.07900,0.08060,0.07790,0.08140,0.07780,0.09440,0.07900,0.11860,0.07690,0.87290,0.20050,0.22680,0.08040,0.08600,0.08210,0.08030,0.08650,0.08570,0.08060,0.10650,0.14880,0.57220,0.16130,0.15810,0.08050,0.07860,0.08230,0.08070,0.08380,0.08240,0.08000,0.09370,0.13380,0.07690,0.12430,0.07740,0.07890,0.07780,0.08000,0.07780,0.08140,0.07730,0.07980,0.07870,0.10590,0.75220,0.07710,0.15070,0.07790,0.33910,0.07890,0.10000,0.07920,0.08680,0.07840,0.42820,0.07810,0.55120,0.08390,0.12670,0.81740,0.26830,0.07980,0.09230,0.08020,0.08920,0.23920,0.33410,0.09020,0.33620,0.08130,0.10550,0.60740,0.17960,0.08040,0.08560,0.07920,0.08160,0.19950,0.22360,0.08730,0.07680,0.07800,0.09040,0.38020,0.07780,0.07840,0.07800,0.07860,0.07740,0.15140,0.07830,0.08130
0:35:09,1.05770,0.07780,0.31310,0.07910,0.08080,0.07800,0.08170,0.07780,0.09510,0.07920,0.12080,0.07700,0.89250,0.20630,0.23370,0.08050,0.08600,0.08240,0.08060,0.08700,0.08630,0.08100,0.10810,0.15260,0.60360,0.16530,0.16190,0.08060,0.07890,0.08250,0.08090,0.08410,0.08300,0.08040,0.09480,0.13660,0.07690,0.12650,0.07750,0.07900,0.07790,0.08020,0.07800,0.08170,0.07760,0.08010,0.07910,0.10770,0.77320,0.07720,0.15390,0.07800,0.35110,0.07910,0.10110,0.07940,0.08740,0.07860,0.44340,0.07830,0.56880,0.08420,0.12910,0.83810,0.27700,0.08000,0.09310,0.08040,0.08970,0.25030,0.34560,0.09100,0.34690,0.08150,0.10660,0.62700,0.18430,0.08060,0.08600,0.07930,0.08210,0.20520,0.23060,0.08780,0.07680,0.07810,0.09040,0.39320,0.07790,0.07850,0.07810,0.07870,0.07750,0.15480,0.07840,0.08160
0:36:49,1.06160,0.07790,0.32300,0.07910,0.08100,0.07810,0.08190,0.07800,0.09570,0.07940,0.12300,0.07700,0.91470,0.21190,0.24070,0.08070,0.08610,0.08280,0.08080,0.08750,0.08690,0.08140,0.10970,0.15630,0.62790,0.16910,0.16570,0.08080,0.07910,0.08270,0.08110,0.08450,0.08360,0.08080,0.09580,0.13940,0.07700,0.12860,0.07760,0.07910,0.07810,0.08030,0.07810,0.08210,0.07800,0.08040,0.07950,0.10920,0.79260,0.07740,0.15700,0.07820,0.36260,0.07920,0.10220,0.07950,0.08790,0.07890,0.45870,0.07870,0.58640,0.08450,0.13140,0.85800,0.28570,0.08020,0.09390,0.08060,0.09010,0.25790,0.35690,0.09180,0.35750,0.08170,0.10800,0.64600,0.18900,0.08080,0.08650,0.07950,0.08250,0.21110,0.23750,0.08840,0.07680,0.07820,0.09030,0.40590,0.07790,0.07860,0.07830,0.07890,0.07770,0.15810,0.07870,0.08180
0:38:29,1.06130,0.07790,0.33260,0.07920,0.08100,0.07810,0.08210,0.07800,0.09620,0.07950,0.12500,0.07690,0.93130,0.21750,0.24740,0.08070,0.08610,0.08300,0.08110,0.08800,0.08740,0.08190,0.11140,0.16000,0.64990,0.17280,0.16930,0.08080,0.07900,0.08290,0.08130,0.08480,0.08400,0.08110,0.09680,0.14230,0.07700,0.13070,0.07760,0.07920,0.07800,0.08050,0.07820,0.08230,0.07830,0.08070,0.07990,0.11100,0.81180,0.07740,0.16010,0.07820,0.37420,0.07920,0.10320,0.07960,0.08840,0.07910,0.47380,0.07880,0.60320,0.08470,0.13370,0.87570,0.29420,0.08030,0.09470,0.08080,0.09060,0.26560,0.36800,0.09270,0.36820,0.08190,0.10920,0.66470,0.19360,0.08090,0.08680,0.07960,0.08280,0.21690,0.24440,0.08880,0.07670,0.07810,0.09020,0.41840,0.07790,0.07850,0.07830,0.07880,0.07770,0.16140,0.07860,0.08200
0:40:09,1.06470,0.07800,0.34220,0.07920,0.08110,0.07830,0.08240,0.07820,0.09700,0.07970,0.12720,0.07690,0.94650,0.22300,0.25390,0.08100,0.08650,0.08330,0.08140,0.08860,0.08820,0.08250,0.11320,0.16400,0.67040,0.17670,0.17310,0.08100,0.07920,0.08320,0.08150,0.08530,0.08470,0.08170,0.09810,0.14560,0.07700,0.13280,0.07770,0.07930,0.07810,0.08060,0.07840,0.08280,0.07870,0.08120,0.08050,0.11290,0.82970,0.07760,0.16320,0.07840,0.38590,0.07940,0.10430,0.07990,0.08900,0.07950,0.48830,0.07920,0.61990,0.08510,0.13590,0.89270,0.30270,0.08060,0.09550,0.08110,0.09090,0.27320,0.37920,0.09350,0.37870,0.08210,0.11060,0.68270,0.19830,0.08100,0.08730,0.07970,0.08320,0.22280,0.25130,0.08930,0.07670,0.07820,0.09010,0.43080,0.07790,0.07850,0.07830,0.07900,0.07790,0.16470,0.07890,0.08230
0:41:49,1.06790,0.07820,0.35190,0.07940,0.08130,0.07850,0.08270,0.07830,0.09780,0.08000,0.12940,0.07690,0.96200,0.22860,0.26070,0.08130,0.08660,0.08380,0.08190,0.08930,0.08900,0.08330,0.11510,0.16820,0.68980,0.18060,0.17690,0.08130,0.07940,0.08350,0.08190,0.08580,0.08530,0.08240,0.09960,0.14880,0.07720,0.13510,0.07790,0.07960,0.07830,0.08090,0.07860,0.08320,0.07920,0.08190,0.08130,0.11490,0.84630,0.07780,0.16650,0.07860,0.39720,0.07950,0.10540,0.08020,0.08960,0.08000,0.50310,0.07970,0.63600,0.08550,0.13820,0.90830,0.31130,0.08080,0.09640,0.08150,0.09160,0.28050,0.39010,0.09460,0.38900,0.08230,0.11200,0.70020,0.20300,0.08130,0.08780,0.07990,0.08380,0.22870,0.25830,0.09000,0.07670,0.07830,0.08990,0.44300,0.07810,0.07860,0.07850,0.07910,0.07830,0.16810,0.07910,0.08260
0:43:29,1.07010,0.07830,0.36110,0.07950,0.08150,0.07870,0.08300,0.07840,0.09840,0.08040,0.13170,0.07700,0.97550,0.23410,0.26740,0.08160,0.08680,0.08430,0.08230,0.09000,0.08980,0.08420,0.11720,0.17240,0.70790,0.18430,0.18060,0.08150,0.07960,0.08380,0.08230,0.08640,0.08600,0.08320,0.10110,0.15200,0.07730,0.13730,0.07790,0.07980,0.07850,0.08110,0.07900,0.08380,0.07970,0.08260,0.08220,0.11700,0.86180,0.07800,0.16970,0.07880,0.40860,0.07970,0.10660,0.08050,0.09030,0.08040,0.51690,0.08010,0.65130,0.08590,0.14050,0.92280,0.31990,0.08110,0.09740,0.08190,0.09210,0.28780,0.40110,0.09560,0.39950,0.08270,0.11340,0.71720,0.20770,0.08160,0.08820,0.08010,0.08430,0.23420,0.26530,0.09050,0.07670,0.07840,0.09020,0.45520,0.07820,0.07870,0.07850,0.07930,0.07850,0.17150,0.07930,0.08290
0:45:09,1.07130,0.07830,0.37060,0.07950,0.08160,0.07880,0.08330,0.07860,0.09910,0.08070,0.13400,0.07690,0.98710,0.23950,0.27390,0.08170,0.08710,0.08470,0.08290,0.09070,0.09070,0.08510,0.11920,0.17650,0.72490,0.18800,0.18430,0.08170,0.07970,0.08410,0.08270,0.08670,0.08670,0.08410,0.10270,0.15520,0.07740,0.13950,0.07800,0.07990,0.07860,0.08130,0.07920,0.08430,0.08030,0.08330,0.08300,0.11900,0.87610,0.07810,0.17280,0.07900,0.41960,0.07990,0.10770,0.08080,0.09090,0.08090,0.53110,0.08060,0.66610,0.08620,0.14270,0.93610,0.32830,0.08130,0.09820,0.08230,0.09270,0.29500,0.41190,0.09660,0.40980,0.08280,0.11460,0.73350,0.21230,0.08170,0.08860,0.08030,0.08480,0.23980,0.27190,0.09110,0.07670,0.07840,0.09020,0.46710,0.07810,0.07860,0.07870,0.07930,0.07870,0.17480,0.07940,0.08310
0:46:49,1.07120,0.07840,0.37980,0.07960,0.08170,0.07910,0.08360,0.07870,0.09980,0.08100,0.13640,0.07680,0.99670,0.24480,0.28050,0.08200,0.08720,0.08520,0.08340,0.09140,0.09150,0.08580,0.12120,0.18060,0.74130,0.19190,0.18800,0.08190,0.07990,0.08450,0.08320,0.08740,0.08750,0.08480,0.10430,0.15850,0.07750,0.14170,0.07810,0.08020,0.07870,0.08160,0.07960,0.08500,0.08120,0.08410,0.08390,0.12100,0.88980,0.07830,0.17600,0.07910,0.43060,0.08000,0.10890,0.08110,0.09160,0.08150,0.54510,0.08110,0.68110,0.08660,0.14500,0.94800,0.33660,0.08160,0.09920,0.08260,0.09320,0.30220,0.42290,0.09770,0.42000,0.08310,0.11590,0.74960,0.21700,0.08190,0.08910,0.08050,0.08530,0.24530,0.27900,0.09170,0.07660,0.07850,0.09000,0.47900,0.07820,0.07860,0.07870,0.07950,0.07900,0.17820,0.07970,0.08340
0:48:29,1.07130,0.07850,0.38870,0.07980,0.08190,0.07920,0.08400,0.07900,0.10020,0.08150,0.13890,0.07680,1.00550,0.25030,0.28730,0.08220,0.08730,0.08580,0.08410,0.09230,0.09250,0.08680,0.12320,0.18470,0.75750,0.19580,0.19170,0.08200,0.08010,0.08480,0.08360,0.08780,0.08840,0.08560,0.10570,0.16180,0.07760,0.14400,0.07830,0.08040,0.07890,0.08190,0.08000,0.08570,0.08200,0.08490,0.08470,0.12310,0.90280,0.07860,0.17920,0.07940,0.44160,0.08030,0.11000,0.08150,0.09240,0.08220,0.55830,0.08160,0.69510,0.08700,0.14730,0.95920,0.34500,0.08180,0.10020,0.08310,0.09380,0.30950,0.43350,0.09880,0.43020,0.08330,0.11740,0.76480,0.22180,0.08220,0.08950,0.08080,0.08590,0.25100,0.28580,0.09230,0.07670,0.07860,0.08990,0.49090,0.07830,0.07870,0.07880,0.07950,0.07930,0.18170,0.07990,0.08370
0:50:09,1.07120,0.07870,0.39770,0.07990,0.08210,0.07950,0.08440,0.07920,0.10100,0.08200,0.14140,0.07680,1.01230,0.25560,0.29360,0.08260,0.08770,0.08640,0.08490,0.09330,0.09350,0.08770,0.12530,0.18870,0.77250,0.19970,0.19540,0.08230,0.08040,0.08530,0.08440,0.08860,0.08950,0.08660,0.10740,0.16520,0.07780,0.14630,0.07850,0.08080,0.07920,0.08220,0.08050,0.08660,0.08290,0.08580,0.08560,0.12520,0.91520,0.07890,0.18240,0.07970,0.45270,0.08060,0.11140,0.08200,0.09330,0.08300,0.57190,0.08230,0.70880,0.08740,0.14950,0.96930,0.35330,0.08220,0.10130,0.08370,0.09440,0.31700,0.44420,0.10000,0.44040,0.08360,0.11870,0.77970,0.22640,0.08240,0.09010,0.08100,0.08650,0.25680,0.29270,0.09290,0.07660,0.07870,0.08990,0.50250,0.07830,0.07870,0.07890,0.07970,0.07960,0.18500,0.08020,0.08410
0:51:49,1.07020,0.07880,0.40680,0.08000,0.08230,0.08070,0.08490,0.07950,0.10180,0.08270,0.14420,0.07670,1.01930,0.26110,0.30020,0.08300,0.08810,0.08730,0.08590,0.09440,0.09480,0.08890,0.12760,0.19310,0.78730,0.20360,0.19920,0.08260,0.08070,0.08590,0.08520,0.08960,0.09080,0.08770,0.10930,0.16870,0.07800,0.14860,0.07860,0.08110,0.07940,0.08260,0.08120,0.08750,0.08390,0.08680,0.08670,0.12750,0.92670,0.07920,0.18560,0.08000,0.46340,0.08090,0.11260,0.08270,0.09440,0.08380,0.58510,0.08310,0.72260,0.08790,0.15190,0.97860,0.36170,0.08260,0.10230,0.08430,0.09520,0.32470,0.45510,0.10130,0.45040,0.08390,0.12010,0.79370,0.23110,0.08280,0.09060,0.08120,0.08720,0.26260,0.29970,0.09360,0.07660,0.07880,0.09020,0.51360,0.07840,0.07880,0.07910,0.07990,0.08010,0.18850,0.08050,0.08440
0:53:29,1.06870,0.07900,0.41560,0.08020,0.08250,0.08080,0.08540,0.07980,0.10250,0.08330,0.14690,0.07680,1.02520,0.26660,0.30660,0.08330,0.08860,0.08820,0.08690,0.09540,0.09590,0.09000,0.12990,0.19730,0.80160,0.20750,0.20290,0.08300,0.08100,0.08640,0.08620,0.09050,0.09190,0.08900,0.11110,0.17200,0.07820,0.15090,0.07890,0.08150,0.07980,0.08310,0.08200,0.08850,0.08500,0.08790,0.08790,0.12980,0.93770,0.07950,0.18880,0.08040,0.47420,0.08120,0.11410,0.08350,0.09550,0.08490,0.59850,0.08390,0.73580,0.08830,0.15420,0.98680,0.37000,0.08300,0.10350,0.08500,0.09600,0.33250,0.46600,0.10270,0.46030,0.08420,0.12160,0.80760,0.23590,0.08320,0.09120,0.08160,0.08810,0.26860,0.30670,0.09430,0.07660,0.07890,0.09010,0.52510,0.07850,0.07880,0.07930,0.08010,0.08060,0.19200,0.08090,0.08490
0:55:09,1.06710,0.07920,0.42450,0.08030,0.08270,0.08260,0.08600,0.08010,0.10320,0.08400,0.14960,0.07680,1.02960,0.27200,0.31300,0.08370,0.08890,0.08900,0.08790,0.09660,0.09700,0.09110,0.13230,0.20170,0.81540,0.21140,0.20660,0.08340,0.08140,0.08720,0.08710,0.09150,0.09300,0.09000,0.11300,0.17540,0.07840,0.15340,0.07900,0.08190,0.08010,0.08360,0.08290,0.08950,0.08600,0.08900,0.08900,0.13220,0.94820,0.07990,0.19210,0.08080,0.48480,0.08160,0.11550,0.08420,0.09660,0.08580,0.61180,0.08470,0.74860,0.08880,0.15650,0.99420,0.37820,0.08340,0.10470,0.08570,0.09670,0.34010,0.47650,0.10390,0.47010,0.08450,0.12300,0.82050,0.24060,0.08350,0.09170,0.08180,0.08880,0.27450,0.31360,0.09490,0.07670,0.07900,0.08990,0.53620,0.07860,0.07880,0.07950,0.08030,0.08090,0.19550,0.08120,0.08530
0:56:49,1.06580,0.07930,0.43330,0.08060,0.08300,0.08320,0.08670,0.08060,0.10400,0.08490,0.15260,0.07680,1.03350,0.27750,0.31940,0.08410,0.08940,0.09000,0.08900,0.09780,0.09840,0.09230,0.13470,0.20610,0.82820,0.21530,0.21030,0.08390,0.08180,0.08810,0.08810,0.09250,0.09440,0.09120,0.11490,0.17890,0.07850,0.15580,0.07920,0.08250,0.08040,0.08410,0.08380,0.09060,0.08720,0.09020,0.09020,0.13450,0.95810,0.08020,0.19540,0.08110,0.49530,0.08190,0.11690,0.08500,0.09770,0.08690,0.62520,0.08560,0.76070,0.08920,0.15890,1.00090,0.38640,0.08390,0.10590,0.08640,0.09760,0.34780,0.48730,0.10530,0.47980,0.08490,0.12440,0.83320,0.24530,0.08390,0.09220,0.08220,0.08960,0.28060,0.32070,0.09560,0.07660,0.07900,0.08980,0.54720,0.07880,0.07890,0.07960,0.08050,0.08140,0.19900,0.08150,0.08550
0:58:29,1.06430,0.07950,0.44200,0.08080,0.08320,0.08460,0.08730,0.08100,0.10480,0.08570,0.15540,0.07680,1.03750,0.28310,0.32600,0.08460,0.09000,0.09090,0.09010,0.09900,0.09970,0.09340,0.13720,0.21050,0.84110,0.21920,0.21410,0.08430,0.08230,0.08890,0.08910,0.09350,0.09560,0.09240,0.11680,0.18230,0.07880,0.15820,0.07950,0.08300,0.08090,0.08480,0.08460,0.09160,0.08830,0.09130,0.09140,0.13680,0.96680,0.08070,0.19860,0.08170,0.50590,0.08240,0.11840,0.08580,0.09890,0.08790,0.63840,0.08660,0.77310,0.08970,0.16120,1.00710,0.39460,0.08450,0.10730,0.08710,0.09850,0.35560,0.49780,0.10670,0.48920,0.08520,0.12580,0.84510,0.25000,0.08420,0.09280,0.08240,0.09040,0.28660,0.32770,0.09640,0.07660,0.07920,0.08980,0.55820,0.07890,0.07890,0.07970,0.08070,0.08190,0.20250,0.08190,0.08600
1:00:09,1.06290,0.07980,0.45100,0.08100,0.08350,0.08510,0.08810,0.08160,0.10580,0.08670,0.15830,0.07680,1.03990,0.28840,0.33230,0.08510,0.09060,0.09190,0.09130,0.10030,0.10110,0.09470,0.13970,0.21490,0.85290,0.22320,0.21800,0.08500,0.08280,0.08970,0.09010,0.09460,0.09700,0.09370,0.11880,0.18580,0.07900,0.16080,0.07980,0.08370,0.08130,0.08550,0.08570,0.09280,0.08950,0.09250,0.09280,0.13930,0.97490,0.08110,0.20190,0.08220,0.51630,0.08290,0.12000,0.08670,0.10020,0.08900,0.65080,0.08760,0.78500,0.09030,0.16370,1.01240,0.40280,0.08500,0.10870,0.08800,0.09950,0.36350,0.50840,0.10820,0.49880,0.08560,0.12720,0.85640,0.25480,0.08470,0.09330,0.08270,0.09130,0.29250,0.33460,0.09710,0.07660,0.07930,0.09000,0.56890,0.07900,0.07900,0.07990,0.08090,0.08240,0.20610,0.08230,0.08630

