Corrected [600]
	1	2	3	4	5	6	7	8	9	10	11	12
A	0.16886	0.07435	0.25328	0.07362	0.26306	0.07487	0.26734	0.07290	0.28888	0.07571	0.29286	0.07311	Corrected [600]
B	0.12918	0.35088	0.25022	0.24166	0.23941	0.36306	0.24455	0.43041	0.27153	0.35387	0.26234	0.31761	Corrected [600]
C	0.10759	0.24803	0.16516	0.19167	0.16887	0.28490	0.16615	0.34317	0.17664	0.28775	0.16584	0.27348	Corrected [600]
D	0.07301	0.19349	0.07141	0.13495	0.07413	0.18159	0.07275	0.21436	0.07167	0.17177	0.07285	0.17114	Corrected [600]
E	0.33947	0.07294	0.42266	0.07420	0.46596	0.07266	0.46843	0.07255	0.45531	0.07248	0.54688	0.07282	Corrected [600]
F	0.23110	0.44175	0.31008	0.43916	0.30342	0.41247	0.28847	0.45742	0.32303	0.44965	0.35021	0.18773	Corrected [600]
G	0.13782	0.27697	0.17244	0.28924	0.17405	0.28804	0.17137	0.30800	0.16687	0.30073	0.21526	0.14906	Corrected [600]
H	0.07189	0.14724	0.07387	0.16635	0.07518	0.14983	0.07182	0.14977	0.07281	0.16372	0.07316	0.12763	Corrected [600]

