Corrected [600]
	1	2	3	4	5	6	7	8	9	10	11	12
A	0.94526	0.07516	0.31733	0.07342	0.36426	0.07453	0.35939	0.07431	0.35480	0.07402	0.34422	0.07345	Corrected [600]
B	0.27000	0.41686	0.25260	0.40612	0.26665	0.39542	0.28200	0.39554	0.26930	0.39495	0.26372	0.34647	Corrected [600]
C	0.17473	0.32506	0.16630	0.29319	0.17357	0.30383	0.18739	0.30848	0.18259	0.31597	0.17494	0.27000	Corrected [600]
D	0.07442	0.20011	0.07322	0.17826	0.07345	0.19415	0.07538	0.20068	0.07330	0.19876	0.07331	0.17484	Corrected [600]
E	0.42711	0.07259	0.47128	0.07345	0.44805	0.07333	0.49839	0.07395	0.44868	0.07319	0.39401	0.07244	Corrected [600]
F	0.29583	0.55800	0.33722	0.52748	0.31164	0.49433	0.33341	0.46314	0.32090	0.42007	0.30913	0.38615	Corrected [600]
G	0.17886	0.43087	0.20569	0.37712	0.22748	0.37709	0.20724	0.32528	0.21808	0.34455	0.20617	0.27723	Corrected [600]
H	0.07398	0.22342	0.07315	0.19563	0.07461	0.19284	0.07437	0.18770	0.07399	0.18316	0.07296	0.19161	Corrected [600]

