Corrected [600]
	1	2	3	4	5	6	7	8	9	10	11	12
A	0.27619	0.07559	0.23994	0.07612	0.30371	0.07545	0.29092	0.07524	0.28720	0.07359	0.25641	0.07419	Corrected [600]
B	0.21752	0.28585	0.21675	0.28294	0.25854	0.29177	0.23934	0.32634	0.24117	0.28824	0.21160	0.29038	Corrected [600]
C	0.14215	0.22282	0.15138	0.21927	0.17368	0.22688	0.17287	0.26300	0.16233	0.23360	0.15706	0.21890	Corrected [600]
D	0.07652	0.15295	0.07363	0.14488	0.07654	0.15697	0.07426	0.17237	0.07477	0.15700	0.07509	0.14780	Corrected [600]
E	0.31722	0.07469	0.31089	0.07486	0.34333	0.07604	0.35556	0.07605	0.31904	0.07633	0.31657	0.07524	Corrected [600]
F	0.24884	0.33676	0.23338	0.30028	0.25638	0.31721	0.25720	0.29903	0.24107	0.30511	0.23574	0.28349	Corrected [600]
G	0.14434	0.24918	0.15401	0.21936	0.16050	0.23727	0.17256	0.21860	0.16061	0.22827	0.15928	0.22032	Corrected [600]
H	0.07541	0.15521	0.07524	0.14216	0.07627	0.15180	0.07579	0.13966	0.07503	0.14768	0.07571	0.15204	Corrected [600]

