Corrected [600]
	1	2	3	4	5	6	7	8	9	10	11	12
A	0.24783	0.10363	0.22911	0.08043	0.23143	0.08043	0.28133	0.07797	0.26160	0.07880	0.28362	0.07803	Corrected [600]
B	0.19284	0.20515	0.17730	0.24729	0.18369	0.25204	0.21092	0.25333	0.20064	0.24581	0.21993	0.23434	Corrected [600]
C	0.14228	0.15995	0.12783	0.19631	0.13200	0.19491	0.14699	0.20384	0.13646	0.20271	0.14714	0.18459	Corrected [600]
D	0.07944	0.11473	0.07783	0.12930	0.07797	0.13393	0.07966	0.13644	0.07731	0.13878	0.07697	0.12776	Corrected [600]
E	0.27208	0.07950	0.22033	0.07823	0.25677	0.07939	0.26659	0.07878	0.26786	0.07700	0.32290	0.07711	Corrected [600]
F	0.20380	0.23325	0.17030	0.21868	0.20929	0.26524	0.20529	0.33501	0.19775	0.24584	0.23589	0.23204	Corrected [600]
G	0.13864	0.17916	0.12290	0.17637	0.14078	0.19887	0.14082	0.25993	0.13388	0.20722	0.14828	0.17815	Corrected [600]
H	0.07914	0.12907	0.08126	0.12550	0.08002	0.13765	0.07952	0.15829	0.07781	0.13085	0.07737	0.12604	Corrected [600]

