420

Time,A1,A2,A3,A4,A5,A6,A7,A8,A9,A10,A11,A12,B1,B2,B3,B4,B5,B6,B7,B8,B9,B10,B11,B12,C1,C2,C3,C4,C5,C6,C7,C8,C9,C10,C11,C12,D1,D2,D3,D4,D5,D6,D7,D8,D9,D10,D11,D12,E1,E2,E3,E4,E5,E6,E7,E8,E9,E10,E11,E12,F1,F2,F3,F4,F5,F6,F7,F8,F9,F10,F11,F12,G1,G2,G3,G4,G5,G6,G7,G8,G9,G10,G11,G12,H1,H2,H3,H4,H5,H6,H7,H8,H9,H10,H11,H12
0:00:09,0.10410,0.46990,0.08730,0.08090,0.09850,0.08290,0.09770,0.08280,0.15580,0.51750,0.09990,0.07540,0.09010,0.09010,0.08340,0.08400,0.08350,0.09640,0.10460,0.16980,0.12680,0.09980,0.09570,0.09450,0.09280,0.09070,0.08400,0.08910,0.09390,0.08630,0.08750,0.13330,0.10810,0.09810,0.08550,0.09040,0.07680,0.08990,0.08120,0.08520,0.07880,0.09500,0.07960,0.11480,0.08520,0.08590,0.08950,0.08940,0.09150,0.08150,0.09200,0.08120,0.09080,0.08180,0.09600,0.08360,0.09540,0.08320,0.10270,0.09290,0.20140,0.09610,0.08470,0.09910,0.08830,0.08880,0.09100,0.10580,0.09040,0.10850,0.08820,0.10210,0.09460,0.09190,0.08360,0.08940,0.08290,0.08570,0.09370,0.08910,0.09400,0.09050,0.09190,0.10910,0.10660,0.08600,0.08010,0.08450,0.08110,0.08280,0.11420,0.08720,0.09530,0.09720,0.08280,0.08730
0:02:39,0.09310,0.45060,0.08390,0.08070,0.09050,0.08260,0.09300,0.08230,0.21210,0.51090,0.09260,0.07510,0.08830,0.08680,0.08210,0.08140,0.08250,0.09090,0.09870,0.23180,0.16690,0.09900,0.09140,0.08880,0.09090,0.08720,0.08260,0.08540,0.09290,0.08540,0.08520,0.17700,0.12570,0.09570,0.08410,0.08690,0.07650,0.08940,0.08110,0.08250,0.07860,0.09310,0.07930,0.13900,0.08500,0.08490,0.08890,0.08620,0.08710,0.08120,0.08790,0.08090,0.08680,0.08140,0.09210,0.08330,0.09140,0.08280,0.10030,0.09230,0.19670,0.09160,0.08290,0.09520,0.08570,0.08570,0.08850,0.09770,0.08750,0.10410,0.08850,0.09490,0.09320,0.08850,0.08260,0.08680,0.08170,0.08300,0.09110,0.08710,0.09080,0.08620,0.08900,0.10590,0.10340,0.08450,0.07970,0.08370,0.08080,0.08180,0.11340,0.08470,0.09470,0.09560,0.08250,0.08390
0:05:09,0.09110,0.44200,0.08300,0.08050,0.08730,0.08230,0.08910,0.08210,0.27370,0.51390,0.09020,0.07480,0.08770,0.08470,0.08160,0.07900,0.08210,0.08940,0.09590,0.30530,0.20930,0.09480,0.08910,0.08660,0.09010,0.08570,0.08200,0.08390,0.09220,0.08530,0.08430,0.22630,0.14530,0.09560,0.08360,0.08520,0.07620,0.08800,0.08080,0.08200,0.07850,0.09250,0.07910,0.16410,0.08460,0.08490,0.08850,0.08520,0.08620,0.08100,0.08640,0.08060,0.08470,0.08140,0.09040,0.08300,0.08920,0.08260,0.09880,0.07930,0.19160,0.08960,0.08210,0.09410,0.08490,0.08470,0.08740,0.09510,0.08590,0.10080,0.08860,0.09290,0.09300,0.08710,0.08190,0.08630,0.08130,0.08260,0.09020,0.08620,0.08980,0.08480,0.08940,0.10260,0.07780,0.08390,0.07960,0.08370,0.08060,0.08150,0.11320,0.08430,0.09400,0.09500,0.08230,0.08380
0:07:39,0.09030,0.43680,0.08240,0.08030,0.08630,0.08220,0.08700,0.08190,0.34050,0.50510,0.08930,0.07470,0.08740,0.08390,0.08130,0.07870,0.08180,0.08920,0.09530,0.38000,0.25470,0.09420,0.08830,0.08550,0.08960,0.08500,0.08170,0.08300,0.09190,0.08490,0.08390,0.27460,0.16510,0.09620,0.08350,0.08450,0.07620,0.08760,0.08070,0.08170,0.07820,0.09230,0.07890,0.19120,0.08430,0.08510,0.08830,0.08460,0.08570,0.08080,0.08550,0.08040,0.08400,0.08130,0.08950,0.08280,0.08830,0.08240,0.09890,0.07910,0.18840,0.08880,0.08170,0.09390,0.08460,0.08470,0.08690,0.09430,0.08530,0.09960,0.09020,0.09350,0.09270,0.08630,0.08170,0.08660,0.08110,0.08240,0.08930,0.08650,0.08920,0.08450,0.09000,0.09980,0.07760,0.08350,0.07940,0.08390,0.08040,0.08140,0.11120,0.08430,0.09390,0.09470,0.08220,0.08410
0:10:09,0.09020,0.42570,0.08220,0.08020,0.08590,0.08210,0.08530,0.08180,0.40960,0.49370,0.08830,0.07470,0.08760,0.08330,0.08120,0.07870,0.08160,0.08930,0.09410,0.45360,0.30110,0.09480,0.08840,0.08520,0.08960,0.08470,0.08150,0.08270,0.09170,0.08450,0.08360,0.32050,0.18500,0.09690,0.08350,0.08440,0.07610,0.08720,0.08060,0.08160,0.07820,0.09220,0.07880,0.22020,0.08420,0.08560,0.08800,0.08420,0.08540,0.08070,0.08520,0.08030,0.08360,0.08150,0.08890,0.08270,0.08800,0.08230,0.10070,0.07900,0.18440,0.08820,0.08150,0.09440,0.08450,0.08470,0.08660,0.09500,0.08480,0.09890,0.09210,0.09430,0.09250,0.08600,0.08160,0.08740,0.08100,0.08250,0.08890,0.08720,0.08870,0.08450,0.09080,0.09850,0.07760,0.08300,0.07940,0.08430,0.08020,0.08140,0.11010,0.08440,0.09340,0.09420,0.08200,0.08440
0:12:39,0.09020,0.42200,0.08210,0.08000,0.08560,0.08190,0.08460,0.08160,0.47520,0.48730,0.08850,0.07450,0.08780,0.08270,0.08100,0.07850,0.08140,0.08980,0.09390,0.52470,0.34330,0.09600,0.08850,0.08510,0.08960,0.08450,0.08130,0.08250,0.09190,0.08430,0.08340,0.36740,0.20530,0.09820,0.08340,0.08430,0.07600,0.08680,0.08050,0.08140,0.07800,0.09200,0.07860,0.25010,0.08370,0.08610,0.08760,0.08400,0.08520,0.08040,0.08490,0.08010,0.08360,0.08150,0.08850,0.08250,0.08770,0.08210,0.10320,0.07880,0.18240,0.08780,0.08130,0.09580,0.08430,0.08490,0.08640,0.09570,0.08450,0.09910,0.09410,0.09530,0.09210,0.08580,0.08140,0.08840,0.08090,0.08260,0.08850,0.08790,0.08810,0.08480,0.09190,0.09790,0.07740,0.08270,0.07920,0.08480,0.08000,0.08130,0.10910,0.08470,0.09300,0.09400,0.08190,0.08490
0:15:09,0.09070,0.41150,0.08220,0.08010,0.08550,0.08200,0.08420,0.08150,0.54060,0.47820,0.08900,0.07460,0.08810,0.08270,0.08120,0.07860,0.08150,0.09040,0.09310,0.59580,0.38570,0.09800,0.08890,0.08510,0.08950,0.08440,0.08120,0.08240,0.09220,0.08440,0.08340,0.41730,0.22670,0.09890,0.08350,0.08440,0.07610,0.08680,0.08050,0.08150,0.07790,0.09210,0.07870,0.27910,0.08370,0.08690,0.08750,0.08380,0.08510,0.08040,0.08500,0.08010,0.08380,0.08150,0.08850,0.08240,0.08780,0.08200,0.10680,0.07890,0.17880,0.08770,0.08140,0.09770,0.08430,0.08540,0.08650,0.09680,0.08450,0.09840,0.09690,0.09760,0.09190,0.08580,0.08150,0.08980,0.08100,0.08290,0.08850,0.08890,0.08800,0.08540,0.09320,0.09900,0.07750,0.08270,0.07930,0.08540,0.08010,0.08150,0.10870,0.08520,0.09260,0.09380,0.08190,0.08570
0:17:39,0.09110,0.39750,0.08220,0.07990,0.08530,0.08180,0.08360,0.08140,0.60450,0.47210,0.08920,0.07450,0.08840,0.08260,0.08100,0.07850,0.08140,0.09110,0.09260,0.66770,0.42540,0.09980,0.08910,0.08490,0.08950,0.08430,0.08120,0.08240,0.09230,0.08440,0.08330,0.47050,0.24840,0.10000,0.08350,0.08430,0.07590,0.08650,0.08030,0.08150,0.07760,0.09210,0.07860,0.30770,0.08340,0.08740,0.08730,0.08360,0.08510,0.08030,0.08490,0.08000,0.08380,0.08160,0.08830,0.08220,0.08760,0.08190,0.11070,0.07870,0.17600,0.08770,0.08130,0.09940,0.08420,0.08580,0.08630,0.09810,0.08440,0.09940,0.09940,0.10000,0.09160,0.08570,0.08150,0.09100,0.08090,0.08300,0.08790,0.08970,0.08750,0.08610,0.09420,0.10070,0.07740,0.08240,0.07920,0.08600,0.08000,0.08140,0.10640,0.08570,0.09230,0.09380,0.08180,0.08650
0:20:09,0.09160,0.38890,0.08230,0.07990,0.08530,0.08170,0.08340,0.08140,0.67030,0.46280,0.08970,0.07440,0.08860,0.08270,0.08110,0.07700,0.08130,0.09170,0.09200,0.74320,0.46870,0.10200,0.08940,0.08480,0.08930,0.08420,0.08110,0.08240,0.09240,0.08440,0.08320,0.52020,0.27000,0.10110,0.08350,0.08430,0.07590,0.08640,0.08030,0.08150,0.07790,0.09220,0.07850,0.33780,0.08040,0.08820,0.08700,0.08340,0.08500,0.08020,0.08500,0.07980,0.08380,0.08130,0.08810,0.08210,0.08760,0.08180,0.11500,0.07870,0.17390,0.08780,0.08130,0.10120,0.08420,0.08630,0.08630,0.09910,0.08430,0.10000,0.10220,0.10270,0.09130,0.08560,0.08140,0.09230,0.08090,0.08330,0.08790,0.09060,0.08720,0.08660,0.09550,0.10250,0.07730,0.08300,0.07910,0.08660,0.07990,0.08150,0.10680,0.08620,0.09180,0.09440,0.08180,0.08740
0:22:39,0.09210,0.38380,0.08250,0.08000,0.08550,0.08170,0.08370,0.08140,0.73560,0.45770,0.09050,0.07440,0.08900,0.08290,0.08120,0.07720,0.08130,0.09250,0.09190,0.81170,0.51590,0.10440,0.08990,0.08500,0.08930,0.08420,0.08110,0.08240,0.09260,0.08460,0.08310,0.57070,0.29350,0.10260,0.08370,0.08430,0.07580,0.08660,0.08030,0.08160,0.07790,0.09230,0.07860,0.37040,0.08050,0.08890,0.08710,0.08340,0.08510,0.08020,0.08520,0.07980,0.08400,0.08130,0.08820,0.08210,0.08760,0.08180,0.11860,0.07870,0.17140,0.08800,0.08130,0.10320,0.08420,0.08680,0.08630,0.10060,0.08440,0.10100,0.10500,0.10430,0.09120,0.08560,0.08160,0.09370,0.08100,0.08360,0.08750,0.09150,0.08680,0.08740,0.09660,0.10480,0.07730,0.08220,0.07910,0.08730,0.08000,0.08160,0.10490,0.08660,0.09130,0.09440,0.08180,0.08830
0:25:09,0.09270,0.37060,0.08260,0.08000,0.08580,0.08160,0.08400,0.08140,0.80110,0.44880,0.09120,0.07450,0.08950,0.08300,0.08130,0.07730,0.08130,0.09350,0.09130,0.87510,0.56470,0.10710,0.09010,0.08520,0.08940,0.08420,0.08110,0.08260,0.09270,0.08470,0.08320,0.62540,0.31660,0.10400,0.08390,0.08420,0.07580,0.08650,0.08030,0.08160,0.07730,0.09250,0.07860,0.40360,0.08060,0.08970,0.08690,0.08330,0.08520,0.08020,0.08540,0.07990,0.08400,0.08130,0.08800,0.08210,0.08780,0.08170,0.12200,0.07880,0.16910,0.08800,0.08140,0.10530,0.08430,0.08730,0.08640,0.10220,0.08430,0.10150,0.10770,0.10630,0.09100,0.08570,0.08170,0.09510,0.08110,0.08390,0.08760,0.09250,0.08670,0.08810,0.09790,0.10730,0.07730,0.08200,0.07910,0.08800,0.08000,0.08170,0.10450,0.08710,0.09100,0.09370,0.08180,0.08920
0:27:39,0.09350,0.36290,0.08280,0.08000,0.08620,0.08160,0.08440,0.08140,0.86320,0.44480,0.09190,0.07450,0.08980,0.08310,0.08150,0.07730,0.08140,0.09430,0.09090,0.94190,0.61180,0.10970,0.09040,0.08550,0.08930,0.08410,0.08110,0.08270,0.09280,0.08480,0.08320,0.68190,0.34010,0.10540,0.08400,0.08430,0.07580,0.08680,0.08020,0.08160,0.07780,0.09260,0.07850,0.43510,0.08050,0.09040,0.08690,0.08340,0.08520,0.08020,0.08550,0.07980,0.08430,0.08140,0.08800,0.08210,0.08750,0.08160,0.12660,0.07880,0.16690,0.08820,0.08130,0.10740,0.08430,0.08790,0.08640,0.10340,0.08420,0.10220,0.11030,0.10870,0.09070,0.08570,0.08190,0.09640,0.08120,0.08410,0.08720,0.09350,0.08650,0.08880,0.09920,0.10880,0.07730,0.08220,0.07920,0.08870,0.08000,0.08180,0.10280,0.08770,0.09090,0.09360,0.08180,0.09000
0:30:09,0.09420,0.35870,0.08300,0.07990,0.08640,0.08170,0.08470,0.08160,0.91760,0.43550,0.09240,0.07450,0.09030,0.08330,0.08170,0.07740,0.08200,0.09520,0.09050,1.00180,0.65990,0.11230,0.09090,0.08550,0.08950,0.08410,0.08110,0.08280,0.09290,0.08500,0.08320,0.73570,0.36120,0.10670,0.08430,0.08460,0.07570,0.08670,0.08030,0.08160,0.07720,0.09280,0.07860,0.46580,0.08050,0.09110,0.08690,0.08350,0.08520,0.08010,0.08580,0.07990,0.08440,0.08140,0.08810,0.08220,0.08770,0.08170,0.13120,0.07880,0.16500,0.08830,0.08130,0.10960,0.08440,0.08840,0.08630,0.10470,0.08430,0.10280,0.11310,0.11100,0.09040,0.08580,0.08200,0.09790,0.08120,0.08450,0.08720,0.09440,0.08640,0.08960,0.10070,0.11030,0.07730,0.08180,0.07920,0.08940,0.08010,0.08180,0.10170,0.08820,0.09380,0.09350,0.08190,0.09070
0:32:39,0.09500,0.34440,0.08330,0.08010,0.08660,0.08180,0.08490,0.08160,0.96860,0.42800,0.09290,0.07460,0.09070,0.08350,0.08190,0.07750,0.08220,0.09640,0.09060,1.05510,0.70890,0.11480,0.09150,0.08580,0.08970,0.08420,0.08120,0.08310,0.09310,0.08520,0.08330,0.78510,0.38170,0.10840,0.08470,0.08500,0.07580,0.08670,0.08030,0.08170,0.07740,0.09320,0.07860,0.49870,0.08060,0.09200,0.08700,0.08360,0.08540,0.08010,0.08630,0.07990,0.08470,0.08160,0.08830,0.08210,0.08770,0.08180,0.13530,0.07890,0.16310,0.08850,0.08140,0.11170,0.08450,0.08910,0.08640,0.10610,0.08440,0.10410,0.11620,0.11310,0.09010,0.08600,0.08220,0.09940,0.08140,0.08490,0.08710,0.09550,0.08650,0.09040,0.10230,0.11190,0.07730,0.08180,0.07930,0.09010,0.08010,0.08210,0.10160,0.08900,0.09330,0.09380,0.08200,0.09160
0:35:09,0.09570,0.33570,0.08360,0.08000,0.08690,0.08170,0.08510,0.08160,1.02510,0.41720,0.09300,0.07460,0.09110,0.08370,0.08200,0.07760,0.08160,0.09740,0.08990,1.10000,0.75570,0.11700,0.09200,0.08600,0.08980,0.08410,0.08120,0.08330,0.09320,0.08530,0.08340,0.83320,0.40760,0.10980,0.08490,0.08520,0.07570,0.08670,0.08040,0.08190,0.07700,0.09330,0.07860,0.53070,0.08060,0.09290,0.08690,0.08360,0.08510,0.08010,0.08660,0.07990,0.08490,0.08160,0.08840,0.08210,0.08770,0.08190,0.13870,0.07890,0.16060,0.08860,0.08150,0.11390,0.08460,0.08980,0.08650,0.10740,0.08470,0.10420,0.11930,0.11520,0.08980,0.08610,0.08220,0.10100,0.08150,0.08520,0.08720,0.09640,0.08640,0.09110,0.10400,0.11410,0.07720,0.08170,0.07920,0.09090,0.08020,0.08220,0.10060,0.08960,0.09270,0.09390,0.08190,0.09260
0:37:39,0.09660,0.32310,0.08380,0.08020,0.08720,0.08190,0.08550,0.08180,1.07560,0.41140,0.09400,0.07470,0.09150,0.08400,0.08220,0.07790,0.08180,0.09840,0.09010,1.13780,0.79960,0.11940,0.09280,0.08620,0.09000,0.08420,0.08140,0.08360,0.09340,0.08570,0.08370,0.87420,0.43660,0.11130,0.08520,0.08540,0.07580,0.08690,0.08050,0.08210,0.07740,0.09370,0.07870,0.56070,0.08060,0.09390,0.08700,0.08400,0.08530,0.08010,0.08690,0.08000,0.08540,0.08170,0.08860,0.08230,0.08790,0.08200,0.14340,0.07900,0.15830,0.08870,0.08180,0.11610,0.08490,0.09060,0.08670,0.10860,0.08500,0.10540,0.12260,0.11780,0.08970,0.08630,0.08230,0.10260,0.08160,0.08560,0.08710,0.09780,0.08630,0.09200,0.10550,0.11490,0.07720,0.08170,0.07930,0.09180,0.08020,0.08240,0.10090,0.09450,0.09240,0.09430,0.08210,0.09370
0:40:09,0.09740,0.31930,0.08410,0.08040,0.08760,0.08190,0.08570,0.08190,1.11820,0.40380,0.09490,0.07480,0.09200,0.08410,0.08230,0.07800,0.08190,0.09940,0.08990,1.16950,0.84020,0.12220,0.09340,0.08650,0.09000,0.08420,0.08150,0.08380,0.09360,0.08600,0.08380,0.91180,0.46140,0.11300,0.08550,0.08550,0.07580,0.08700,0.08060,0.08220,0.07750,0.09400,0.07880,0.59100,0.08080,0.09490,0.08700,0.08410,0.08540,0.08010,0.08710,0.08000,0.08590,0.08180,0.08880,0.08240,0.08810,0.08200,0.14790,0.07900,0.15550,0.08900,0.08180,0.11850,0.08510,0.09140,0.08680,0.10960,0.08530,0.10660,0.12560,0.12040,0.08960,0.08640,0.08250,0.10420,0.08180,0.08590,0.08700,0.09900,0.08640,0.09290,0.10700,0.11780,0.07750,0.08160,0.07940,0.09260,0.08020,0.08250,0.09910,0.09510,0.09190,0.09450,0.08220,0.09480
0:42:39,0.09830,0.30710,0.08430,0.08050,0.08800,0.08210,0.08620,0.08220,1.15220,0.39430,0.09600,0.07500,0.09250,0.08430,0.08270,0.07820,0.08210,0.10050,0.08990,1.19730,0.87780,0.12510,0.09440,0.08680,0.09030,0.08440,0.08180,0.08400,0.09380,0.08630,0.08410,0.94750,0.48520,0.11470,0.08600,0.08600,0.07590,0.08710,0.08060,0.08240,0.07760,0.09440,0.07890,0.61970,0.08100,0.09590,0.08740,0.08460,0.08570,0.08020,0.08740,0.08030,0.08640,0.08190,0.08900,0.08270,0.08850,0.08230,0.15250,0.07930,0.15360,0.08920,0.08200,0.12090,0.08540,0.09210,0.08700,0.11100,0.08560,0.10760,0.12870,0.12280,0.08940,0.08650,0.08270,0.10570,0.08200,0.08640,0.08710,0.10020,0.08640,0.09390,0.10870,0.12000,0.07780,0.08170,0.07950,0.09330,0.08040,0.08270,0.09870,0.09590,0.09150,0.09480,0.08240,0.09600
0:45:09,0.09920,0.30020,0.08470,0.08070,0.08840,0.08230,0.08670,0.08240,1.17960,0.38510,0.09740,0.07540,0.09290,0.08450,0.08290,0.07850,0.08230,0.10150,0.09010,1.22110,0.91260,0.12800,0.09540,0.08730,0.09040,0.08450,0.08230,0.08430,0.09400,0.08670,0.08450,0.98100,0.50760,0.11660,0.08640,0.08650,0.07590,0.08730,0.08080,0.08260,0.07750,0.09490,0.07910,0.64720,0.08110,0.09700,0.08780,0.08530,0.08560,0.08020,0.08790,0.08040,0.08680,0.08220,0.08930,0.08290,0.08880,0.08250,0.15720,0.07940,0.15150,0.08950,0.08220,0.12320,0.08560,0.09290,0.08720,0.11270,0.08590,0.10860,0.13180,0.12520,0.08930,0.08660,0.08280,0.10730,0.08220,0.08690,0.08730,0.10150,0.08650,0.09490,0.11070,0.12230,0.07800,0.08170,0.07960,0.09410,0.08050,0.08290,0.09840,0.09670,0.09120,0.09500,0.08270,0.09710
0:47:39,0.10010,0.29250,0.08510,0.08090,0.08890,0.08250,0.08710,0.08260,1.20210,0.38040,0.09870,0.07570,0.09350,0.08480,0.08320,0.07880,0.08270,0.10290,0.09030,1.24120,0.94540,0.13080,0.09640,0.08780,0.09060,0.08460,0.08270,0.08470,0.09430,0.08720,0.08490,1.01260,0.52960,0.11850,0.08700,0.08700,0.07600,0.08740,0.08100,0.08280,0.07790,0.09540,0.07940,0.67400,0.08150,0.09810,0.08860,0.08610,0.08570,0.08020,0.08830,0.08060,0.08730,0.08230,0.08970,0.08330,0.08910,0.08280,0.16190,0.07960,0.15050,0.08980,0.08240,0.12540,0.08600,0.09370,0.08750,0.11460,0.08640,0.11000,0.13490,0.12770,0.08920,0.08680,0.08310,0.10880,0.08250,0.08730,0.08730,0.10280,0.08660,0.09590,0.11230,0.12430,0.07800,0.08160,0.07970,0.09490,0.08060,0.08320,0.09770,0.09720,0.09090,0.09580,0.08300,0.09830
0:50:09,0.10100,0.28370,0.08550,0.08110,0.08930,0.08270,0.08750,0.08300,1.22120,0.37140,0.10000,0.07600,0.09400,0.08520,0.08350,0.07910,0.08300,0.10420,0.09040,1.25730,0.97600,0.13370,0.10430,0.08820,0.09090,0.08490,0.08300,0.08510,0.09470,0.08770,0.08540,1.04160,0.55110,0.12060,0.08760,0.08760,0.07610,0.08770,0.08110,0.08320,0.07800,0.09600,0.07970,0.70030,0.07730,0.09930,0.08920,0.08690,0.08580,0.08040,0.08860,0.08080,0.08780,0.08260,0.09010,0.08370,0.08960,0.08310,0.16670,0.07990,0.14920,0.09000,0.08270,0.12780,0.08630,0.09450,0.08780,0.11640,0.08680,0.11100,0.13810,0.13040,0.08910,0.08700,0.08330,0.11030,0.08280,0.08760,0.08760,0.10410,0.08700,0.09700,0.11420,0.12650,0.07800,0.08170,0.07980,0.09570,0.08070,0.08330,0.09730,0.09790,0.09050,0.09600,0.08320,0.09950
0:52:39,0.10190,0.27470,0.08600,0.08120,0.08980,0.08300,0.08800,0.08330,1.23710,0.36310,0.10120,0.07610,0.09440,0.08560,0.08390,0.07940,0.08340,0.10540,0.09070,1.27080,1.00420,0.13650,0.10480,0.08870,0.09100,0.08510,0.08310,0.08540,0.09500,0.08820,0.08590,1.06850,0.57220,0.12230,0.08820,0.08810,0.07610,0.08800,0.08130,0.08360,0.07820,0.09660,0.08000,0.72560,0.07760,0.10040,0.09000,0.08750,0.08580,0.08040,0.08910,0.08100,0.08830,0.08280,0.09050,0.08430,0.09000,0.08360,0.17140,0.08000,0.14740,0.09040,0.08300,0.13010,0.08680,0.09530,0.08810,0.11820,0.08720,0.11260,0.14120,0.13290,0.08890,0.08720,0.08350,0.11190,0.08310,0.08810,0.08790,0.10540,0.08710,0.09810,0.11600,0.12860,0.07800,0.08170,0.07990,0.09650,0.08090,0.08350,0.09640,0.09870,0.09050,0.09620,0.08340,0.10090
0:55:09,0.10290,0.26630,0.08640,0.08150,0.09030,0.08320,0.08850,0.08370,1.25080,0.35580,0.10280,0.07630,0.09500,0.08590,0.08430,0.07970,0.08380,0.10670,0.09110,1.28060,1.03040,0.13930,0.10590,0.09070,0.09130,0.08540,0.08320,0.08590,0.09540,0.08870,0.08650,1.09280,0.59260,0.12420,0.08870,0.08850,0.07630,0.08820,0.08160,0.08400,0.07840,0.09720,0.08030,0.75040,0.07800,0.10150,0.09070,0.08840,0.08600,0.08060,0.08950,0.08130,0.08880,0.08300,0.09090,0.08480,0.09060,0.08400,0.17600,0.08030,0.14600,0.09080,0.08330,0.13250,0.08720,0.09620,0.08850,0.12010,0.08770,0.11370,0.14440,0.13550,0.08890,0.08750,0.08380,0.11340,0.08340,0.08860,0.08810,0.10670,0.08750,0.09920,0.11790,0.13080,0.07790,0.08180,0.08010,0.09740,0.08110,0.08380,0.09600,0.09950,0.09020,0.09660,0.08390,0.10220
0:57:39,0.10380,0.26090,0.08680,0.08180,0.09090,0.08350,0.08900,0.08410,1.26120,0.34750,0.10450,0.07660,0.09550,0.08620,0.08460,0.08000,0.08420,0.10790,0.09170,1.28930,1.05530,0.14210,0.10700,0.09130,0.09150,0.08570,0.08340,0.08620,0.09590,0.08940,0.08710,1.11510,0.61310,0.12620,0.08940,0.08920,0.07620,0.08860,0.08180,0.08440,0.07880,0.09790,0.08070,0.77450,0.07840,0.10270,0.09170,0.08920,0.08620,0.08060,0.08990,0.08150,0.08930,0.08330,0.09140,0.08540,0.09110,0.08460,0.18080,0.08050,0.14440,0.09110,0.08350,0.13480,0.08760,0.09710,0.08880,0.12200,0.08830,0.11490,0.14750,0.13820,0.08880,0.08760,0.08420,0.11500,0.08370,0.08910,0.08840,0.10810,0.08780,0.10030,0.11980,0.13310,0.07780,0.08180,0.08020,0.09820,0.08130,0.08400,0.09520,0.10050,0.09010,0.09710,0.08410,0.10340
1:00:09,0.10480,0.24840,0.08780,0.08210,0.09140,0.08380,0.08970,0.08460,1.26920,0.33880,0.10660,0.07710,0.09600,0.08660,0.08510,0.08050,0.08470,0.10930,0.09240,1.29540,1.07880,0.14500,0.10840,0.09250,0.09180,0.08590,0.08360,0.08680,0.09630,0.09010,0.08800,1.13550,0.63310,0.12830,0.09010,0.08980,0.07630,0.08880,0.08210,0.08490,0.07900,0.09880,0.08120,0.79810,0.07900,0.10390,0.09290,0.09050,0.08630,0.08080,0.09050,0.08190,0.08990,0.08370,0.09200,0.08610,0.09180,0.08520,0.18550,0.08080,0.14250,0.09140,0.08380,0.13720,0.08820,0.09780,0.08920,0.12400,0.08890,0.11640,0.15090,0.14080,0.08880,0.08790,0.08440,0.11660,0.08410,0.08970,0.08880,0.10950,0.08840,0.10140,0.12180,0.13540,0.07760,0.08180,0.08040,0.09900,0.08160,0.08440,0.09520,0.10130,0.08990,0.09720,0.08460,0.10470
1:02:39,0.10570,0.24240,0.08880,0.08240,0.09200,0.08420,0.09020,0.08490,1.27560,0.33190,0.10850,0.07730,0.09660,0.08690,0.08550,0.08090,0.08520,0.11050,0.09270,1.30010,1.09950,0.14780,0.10980,0.09360,0.09210,0.08620,0.08380,0.08750,0.09680,0.09080,0.08860,1.15450,0.65270,0.13040,0.09080,0.09040,0.07640,0.08920,0.08240,0.08540,0.07920,0.09960,0.08170,0.82100,0.07940,0.10520,0.09410,0.09180,0.08640,0.08090,0.09110,0.08220,0.09040,0.08400,0.09260,0.08690,0.09240,0.08580,0.19020,0.08110,0.14100,0.09190,0.08410,0.13960,0.08870,0.09870,0.08970,0.12600,0.08940,0.11800,0.15410,0.14340,0.08870,0.08810,0.08460,0.11830,0.08440,0.09020,0.08910,0.11100,0.08860,0.10250,0.12370,0.13780,0.07750,0.08190,0.08070,0.09980,0.08170,0.08460,0.09460,0.10050,0.08980,0.09800,0.08490,0.10600
1:05:09,0.10670,0.23350,0.08940,0.08280,0.09260,0.08460,0.09110,0.08560,1.28020,0.32290,0.11090,0.07800,0.09720,0.08730,0.08590,0.08130,0.08580,0.11190,0.09360,1.30330,1.11930,0.15090,0.11170,0.09400,0.09240,0.08660,0.08410,0.08840,0.09740,0.09150,0.08970,1.17120,0.67240,0.13300,0.09170,0.09130,0.07650,0.08940,0.08270,0.08580,0.07970,0.10050,0.08230,0.84300,0.08020,0.10660,0.09550,0.09340,0.08660,0.08100,0.09160,0.08260,0.09100,0.08440,0.09320,0.08790,0.09320,0.08650,0.19520,0.08140,0.13880,0.09220,0.08450,0.14190,0.08930,0.09960,0.09010,0.12800,0.09000,0.11930,0.15750,0.14610,0.08880,0.08830,0.08500,0.11980,0.08480,0.09080,0.08950,0.11230,0.08910,0.10370,0.12580,0.14030,0.07740,0.08200,0.08080,0.10070,0.08200,0.08490,0.09460,0.10130,0.08770,0.09820,0.08530,0.10720
1:07:39,0.10780,0.23000,0.09000,0.08330,0.09330,0.08520,0.09200,0.08620,1.28320,0.31550,0.11340,0.07870,0.09770,0.08770,0.08640,0.08190,0.08660,0.11350,0.09480,1.30620,1.13820,0.15450,0.11370,0.09330,0.09280,0.08700,0.08450,0.08900,0.09820,0.09250,0.09090,1.18630,0.69150,0.13600,0.09270,0.09260,0.07660,0.09000,0.08310,0.08650,0.08000,0.10160,0.08310,0.86480,0.08110,0.10830,0.09720,0.09530,0.08680,0.08120,0.09220,0.08310,0.09170,0.08490,0.09400,0.08920,0.09420,0.08760,0.20050,0.08190,0.13780,0.09270,0.08490,0.14440,0.09000,0.10070,0.09080,0.13040,0.09100,0.12140,0.16120,0.14900,0.08880,0.08860,0.08540,0.12160,0.08530,0.09160,0.09000,0.11400,0.08970,0.10500,0.12800,0.14300,0.07740,0.08200,0.08110,0.10160,0.08230,0.08530,0.09430,0.09890,0.08780,0.09890,0.08600,0.10870
1:10:09,0.10890,0.22120,0.09050,0.08380,0.09420,0.08590,0.09340,0.08730,1.28510,0.31340,0.11600,0.07970,0.09830,0.08820,0.08700,0.08260,0.08760,0.11520,0.09620,1.30820,1.15530,0.15830,0.11590,0.09430,0.09320,0.08750,0.08490,0.08970,0.09900,0.09280,0.09240,1.19980,0.71070,0.13930,0.09400,0.09420,0.07670,0.09030,0.08370,0.08700,0.08060,0.10290,0.08420,0.88590,0.08220,0.11020,0.09890,0.09750,0.08700,0.08140,0.09300,0.08380,0.09250,0.08540,0.09490,0.09070,0.09540,0.08890,0.20590,0.08230,0.13610,0.09310,0.08540,0.14690,0.09070,0.10160,0.09140,0.13270,0.09260,0.12330,0.16500,0.15180,0.08890,0.08890,0.08580,0.12330,0.08580,0.09220,0.09060,0.11570,0.09050,0.10640,0.13030,0.14570,0.07750,0.08220,0.08140,0.10250,0.08270,0.08560,0.09380,0.09980,0.08790,0.09960,0.08660,0.11020
1:12:39,0.11010,0.21140,0.09090,0.08440,0.09520,0.08660,0.09490,0.08880,1.28620,0.30570,0.11860,0.08100,0.09900,0.08880,0.08780,0.08340,0.08870,0.11700,0.09780,1.30960,1.17130,0.16210,0.11820,0.09610,0.09360,0.08800,0.08550,0.09040,0.10010,0.09400,0.09400,1.21240,0.72960,0.14280,0.09560,0.09610,0.07690,0.09070,0.08430,0.08770,0.08130,0.10440,0.08560,0.90670,0.08340,0.11230,0.10070,0.09960,0.08730,0.08170,0.09390,0.08450,0.09350,0.08610,0.09600,0.09220,0.09670,0.09030,0.21160,0.08280,0.13490,0.09370,0.08600,0.14960,0.09160,0.10280,0.09230,0.13540,0.09860,0.12540,0.16910,0.15480,0.08900,0.08920,0.08620,0.12510,0.08650,0.09300,0.09120,0.11740,0.09120,0.10780,0.13270,0.14870,0.07760,0.08240,0.08160,0.10340,0.08310,0.08600,0.09340,0.10110,0.08810,0.10040,0.08720,0.11170
1:15:09,0.11110,0.20480,0.09120,0.08500,0.09610,0.08720,0.09610,0.08990,1.28590,0.30080,0.12110,0.08220,0.09950,0.08930,0.08840,0.08410,0.08960,0.11860,0.09950,1.31010,1.18560,0.16580,0.12040,0.09770,0.09400,0.08850,0.08600,0.09100,0.10090,0.09490,0.09530,1.22270,0.74780,0.14580,0.09720,0.09760,0.07690,0.09120,0.08480,0.08840,0.08190,0.10560,0.08660,0.92640,0.08440,0.11420,0.10260,0.10170,0.08750,0.08200,0.09450,0.08500,0.09420,0.08670,0.09710,0.09360,0.09790,0.09150,0.21700,0.08320,0.13340,0.09410,0.08650,0.15200,0.09240,0.10370,0.09300,0.13810,0.10250,0.12740,0.17280,0.15780,0.08900,0.08940,0.08670,0.12670,0.08700,0.09360,0.09190,0.11900,0.09210,0.10930,0.13520,0.15150,0.07750,0.08240,0.08180,0.10430,0.08350,0.08640,0.09370,0.10210,0.08820,0.10100,0.08790,0.11330
1:17:39,0.11240,0.19730,0.09160,0.08580,0.09700,0.08810,0.09750,0.09120,1.28520,0.29390,0.12360,0.08370,0.10020,0.09000,0.08910,0.08500,0.09080,0.12050,0.10130,1.31030,1.19910,0.16970,0.12280,0.09960,0.09440,0.08910,0.08660,0.09190,0.10200,0.09640,0.09690,1.23300,0.76570,0.14930,0.09900,0.09940,0.07710,0.09160,0.08560,0.08930,0.08270,0.10730,0.08800,0.94570,0.08570,0.11650,0.10450,0.10390,0.08770,0.08230,0.09540,0.08580,0.09530,0.08740,0.09840,0.09520,0.09950,0.09310,0.22280,0.08380,0.13240,0.09470,0.08710,0.15460,0.09330,0.10490,0.09390,0.14090,0.10420,0.12960,0.17700,0.16110,0.08920,0.08980,0.08710,0.12860,0.08770,0.09440,0.09270,0.12090,0.09300,0.11090,0.13770,0.15450,0.07770,0.08260,0.08210,0.10520,0.08390,0.08680,0.09360,0.10340,0.08850,0.10200,0.08890,0.11500
1:20:09,0.11350,0.19270,0.09210,0.08650,0.09800,0.08890,0.09900,0.09240,1.28420,0.29060,0.12610,0.08550,0.10090,0.09060,0.08990,0.08590,0.09190,0.12240,0.10320,1.30970,1.21100,0.17370,0.12510,0.10150,0.09490,0.08960,0.08730,0.09280,0.10310,0.09770,0.09860,1.24100,0.78320,0.15260,0.10100,0.10140,0.07730,0.09230,0.08620,0.09000,0.08350,0.10880,0.08920,0.96420,0.08700,0.11870,0.10640,0.10600,0.08790,0.08250,0.09620,0.08650,0.09630,0.08810,0.09970,0.09680,0.10110,0.09470,0.22840,0.08420,0.13080,0.09530,0.08770,0.15720,0.09430,0.10590,0.09480,0.14370,0.10520,0.13180,0.18120,0.16430,0.08930,0.09010,0.08760,0.13040,0.08840,0.09520,0.09350,0.12270,0.09410,0.11250,0.14030,0.15750,0.07770,0.08270,0.08240,0.10610,0.08430,0.08720,0.09390,0.10430,0.08870,0.10270,0.08960,0.11670
1:22:39,0.11470,0.18560,0.09260,0.08730,0.09920,0.09010,0.10080,0.09400,1.28310,0.28480,0.12860,0.08720,0.10160,0.09130,0.09080,0.08700,0.09340,0.12460,0.10550,1.30980,1.22180,0.17780,0.12750,0.10360,0.09540,0.09030,0.08810,0.09390,0.10440,0.09920,0.10040,1.24840,0.80050,0.15610,0.10300,0.10340,0.07750,0.09290,0.08700,0.09100,0.08460,0.11070,0.09070,0.98210,0.08850,0.12110,0.10830,0.10810,0.08820,0.08290,0.09730,0.08750,0.09750,0.08900,0.10120,0.09870,0.10290,0.09640,0.23410,0.08490,0.12980,0.09590,0.08840,0.16000,0.09540,0.10730,0.09580,0.14660,0.10620,0.13430,0.18550,0.16760,0.08960,0.09050,0.08820,0.13220,0.08920,0.09600,0.09430,0.12480,0.09510,0.11410,0.14300,0.16080,0.07790,0.08290,0.08270,0.10710,0.08500,0.08780,0.09370,0.10580,0.08920,0.10370,0.09060,0.11860
1:25:09,0.11590,0.18140,0.09310,0.08810,0.10030,0.09100,0.10230,0.09530,1.28160,0.27740,0.13110,0.08860,0.10230,0.09190,0.09160,0.08800,0.09470,0.12660,0.10750,1.30890,1.23140,0.18180,0.12970,0.10570,0.09580,0.09090,0.08880,0.09500,0.10570,0.10070,0.10210,1.25480,0.81720,0.15940,0.10490,0.10520,0.07770,0.09350,0.08780,0.09190,0.08550,0.11240,0.09210,0.99900,0.08990,0.12350,0.11010,0.11020,0.08840,0.08330,0.09820,0.08830,0.09870,0.08980,0.10260,0.10050,0.10450,0.09790,0.23980,0.08540,0.12820,0.09640,0.08910,0.16260,0.09650,0.10850,0.09670,0.14940,0.10690,0.13670,0.18960,0.17090,0.08970,0.09090,0.08880,0.13400,0.08990,0.09690,0.09530,0.12670,0.09620,0.11580,0.14570,0.16380,0.07790,0.08310,0.08310,0.10810,0.08540,0.08810,0.09390,0.10700,0.08950,0.10470,0.09160,0.12030
1:27:39,0.11710,0.17260,0.09370,0.08890,0.10140,0.09200,0.10390,0.09680,1.27980,0.27200,0.13330,0.09010,0.10300,0.09260,0.09250,0.08910,0.09620,0.12880,0.10980,1.30780,1.23980,0.18580,0.13210,0.10770,0.09640,0.09160,0.08950,0.09610,0.10700,0.10220,0.10390,1.26000,0.83350,0.16290,0.10720,0.10720,0.07790,0.09430,0.08860,0.09280,0.08630,0.11420,0.09360,1.01540,0.09120,0.12600,0.11210,0.11220,0.08880,0.08370,0.09920,0.08930,0.09990,0.09080,0.10420,0.10240,0.10630,0.09960,0.24530,0.08610,0.12730,0.09710,0.08970,0.16540,0.09770,0.10980,0.09790,0.15220,0.10800,0.13910,0.19370,0.17420,0.08990,0.09120,0.08930,0.13580,0.09080,0.09780,0.09630,0.12870,0.09740,0.11760,0.14840,0.16700,0.07800,0.08320,0.08350,0.10910,0.08600,0.08860,0.09430,0.10840,0.09000,0.10580,0.09260,0.12220
1:30:09,0.11820,0.16770,0.09430,0.08970,0.10250,0.09280,0.10530,0.09810,1.27750,0.26560,0.13540,0.09110,0.10370,0.09310,0.09330,0.09010,0.09750,0.13080,0.11160,1.30660,1.24740,0.18960,0.13420,0.10960,0.09680,0.09210,0.09020,0.09720,0.10830,0.10360,0.10550,1.26460,0.84930,0.16610,0.10900,0.10880,0.07810,0.09470,0.08940,0.09370,0.08740,0.11590,0.09500,1.03110,0.09260,0.12830,0.11370,0.11420,0.08900,0.08400,0.10020,0.09020,0.10100,0.09170,0.10550,0.10420,0.10790,0.10110,0.25080,0.08670,0.12590,0.09770,0.09050,0.16810,0.09890,0.11120,0.09880,0.15510,0.10930,0.14140,0.19790,0.17750,0.09010,0.09160,0.08990,0.13760,0.09150,0.09860,0.09730,0.13060,0.09860,0.11940,0.15110,0.17000,0.07820,0.08340,0.08380,0.11000,0.08650,0.09030,0.09410,0.10960,0.09040,0.10670,0.09360,0.12400
1:32:39,0.11930,0.16200,0.09490,0.09040,0.10360,0.09370,0.10680,0.09950,1.27520,0.27220,0.13750,0.09220,0.10440,0.09370,0.09420,0.09120,0.09880,0.13280,0.11360,1.30520,1.25400,0.19340,0.13630,0.11140,0.09730,0.09280,0.09090,0.09830,0.10960,0.10490,0.10700,1.26830,0.86460,0.16950,0.11090,0.11040,0.07830,0.09540,0.09020,0.09470,0.08820,0.11760,0.09630,1.04630,0.09390,0.13060,0.11530,0.11590,0.08930,0.08450,0.10130,0.09110,0.10230,0.09270,0.10690,0.10580,0.10950,0.10260,0.25620,0.08730,0.12460,0.09830,0.09120,0.17070,0.10000,0.11240,0.09990,0.15790,0.11070,0.14380,0.20190,0.18070,0.09020,0.09200,0.09040,0.13950,0.09230,0.09950,0.09830,0.13250,0.09970,0.12110,0.15380,0.17310,0.07830,0.08360,0.08410,0.11100,0.08690,0.09070,0.09450,0.11100,0.09080,0.10790,0.09460,0.12580
1:35:09,0.12040,0.15820,0.09540,0.09100,0.10450,0.09450,0.10810,0.10080,1.27230,0.27010,0.13940,0.09320,0.10500,0.09420,0.09500,0.09210,0.10000,0.13470,0.11510,1.30340,1.25970,0.19700,0.13810,0.11300,0.09770,0.09320,0.09160,0.09930,0.11070,0.10630,0.10840,1.27110,0.87950,0.17240,0.11270,0.11190,0.07840,0.09600,0.09100,0.09570,0.08910,0.11910,0.09760,1.06040,0.09510,0.13270,0.11680,0.11760,0.08950,0.08470,0.10230,0.09190,0.10350,0.09350,0.10820,0.10730,0.11100,0.10390,0.26140,0.08780,0.12340,0.09880,0.09190,0.17350,0.10120,0.11370,0.10080,0.16050,0.11100,0.14590,0.20570,0.18360,0.09040,0.09230,0.09090,0.14120,0.09310,0.10030,0.09900,0.13440,0.10090,0.12270,0.15610,0.17590,0.07830,0.08370,0.08440,0.11190,0.08740,0.09100,0.09460,0.11210,0.09110,0.10870,0.09540,0.12740
1:37:39,0.12150,0.15200,0.09600,0.09170,0.10540,0.09530,0.10940,0.10210,1.27030,0.26860,0.14140,0.09440,0.10560,0.09480,0.09580,0.09310,0.10120,0.13670,0.11680,1.30200,1.26470,0.20080,0.14000,0.11460,0.09820,0.09380,0.09240,0.10040,0.11190,0.10760,0.11000,1.27390,0.89380,0.17580,0.11460,0.11360,0.07860,0.09650,0.09190,0.09670,0.09020,0.12070,0.09900,1.07390,0.09650,0.13500,0.11840,0.11920,0.08990,0.08510,0.10330,0.09290,0.10460,0.09440,0.10970,0.10900,0.11260,0.10540,0.26670,0.08870,0.12350,0.09940,0.09260,0.17620,0.10230,0.11500,0.10180,0.16330,0.11280,0.14830,0.20960,0.18680,0.09060,0.09260,0.09150,0.14300,0.09400,0.10130,0.10010,0.13640,0.10200,0.12450,0.15870,0.17890,0.07850,0.08390,0.08470,0.11290,0.08790,0.09150,0.09500,0.11340,0.09170,0.10970,0.09630,0.12910
1:40:09,0.12260,0.14930,0.09670,0.09230,0.10640,0.09610,0.11070,0.10330,1.26770,0.26130,0.14320,0.09530,0.10620,0.09520,0.09670,0.09400,0.10240,0.13850,0.11840,1.30020,1.26870,0.20440,0.14190,0.11620,0.09860,0.09430,0.09310,0.10140,0.11300,0.10890,0.11130,1.27570,0.90740,0.17850,0.11640,0.11500,0.07880,0.09710,0.09260,0.09760,0.09100,0.12230,0.10020,1.08660,0.09760,0.13710,0.11980,0.12090,0.09010,0.08540,0.10430,0.09370,0.10580,0.09520,0.11090,0.11030,0.11390,0.10670,0.27180,0.08920,0.12200,0.09990,0.09330,0.17880,0.10340,0.11620,0.10280,0.16590,0.11400,0.15030,0.21340,0.18990,0.09080,0.09290,0.09190,0.14470,0.09470,0.10200,0.10100,0.13820,0.10300,0.12610,0.16120,0.18170,0.07850,0.08410,0.08500,0.11380,0.08830,0.09180,0.09520,0.11460,0.09220,0.11060,0.09720,0.13070
1:42:39,0.12380,0.14530,0.09730,0.09300,0.10740,0.09680,0.11190,0.10440,1.26510,0.25850,0.14520,0.09620,0.10690,0.09580,0.09750,0.09510,0.10350,0.14030,0.11980,1.29850,1.27230,0.20780,0.14360,0.11750,0.09900,0.09490,0.09380,0.10250,0.11420,0.11010,0.11280,1.27730,0.92090,0.18170,0.11820,0.11650,0.07890,0.09770,0.09350,0.09850,0.09190,0.12370,0.10140,1.09890,0.09880,0.13920,0.12120,0.12230,0.09030,0.08580,0.10530,0.09450,0.10700,0.09610,0.11220,0.11180,0.11530,0.10800,0.27690,0.08990,0.12100,0.10050,0.09400,0.18150,0.10450,0.11740,0.10380,0.16850,0.11500,0.15250,0.21720,0.19300,0.09080,0.09330,0.09240,0.14650,0.09550,0.10290,0.10190,0.14010,0.10390,0.12770,0.16360,0.18450,0.07860,0.08450,0.08520,0.11470,0.08880,0.09220,0.09540,0.11580,0.09260,0.11170,0.09810,0.13240
1:45:09,0.12490,0.14000,0.09790,0.09360,0.10830,0.09760,0.11320,0.10570,1.26290,0.25580,0.14690,0.09740,0.10740,0.09630,0.09830,0.09600,0.10460,0.14210,0.12130,1.29670,1.27520,0.21140,0.14540,0.11920,0.09940,0.09540,0.09450,0.10340,0.11530,0.11140,0.11410,1.27820,0.93400,0.18460,0.11990,0.11790,0.07900,0.09820,0.09430,0.09940,0.09290,0.12520,0.10260,1.11020,0.09990,0.14130,0.12250,0.12370,0.09050,0.08610,0.10630,0.09540,0.10820,0.09700,0.11340,0.11320,0.11660,0.10920,0.28180,0.09060,0.11990,0.10090,0.09470,0.18420,0.10560,0.11860,0.10470,0.17110,0.11650,0.15460,0.22090,0.19600,0.09100,0.09350,0.09290,0.14830,0.09630,0.10380,0.10290,0.14200,0.10480,0.12930,0.16600,0.18740,0.07860,0.08500,0.08550,0.11560,0.08930,0.09260,0.09580,0.11710,0.08480,0.11260,0.09900,0.13410
1:47:39,0.12600,0.13600,0.09850,0.09440,0.10930,0.09850,0.11430,0.10700,1.26060,0.25460,0.14880,0.09870,0.10820,0.09700,0.09910,0.09700,0.10580,0.14400,0.12300,1.29490,1.27710,0.21490,0.14720,0.12070,0.09990,0.09600,0.09540,0.10460,0.11640,0.11260,0.11540,1.27870,0.94660,0.18760,0.12170,0.11940,0.07930,0.09900,0.09520,0.10030,0.09390,0.12670,0.10390,1.12100,0.10110,0.14340,0.12400,0.12500,0.09080,0.08650,0.10730,0.09630,0.10940,0.09790,0.11470,0.11460,0.11800,0.11050,0.28680,0.09140,0.11910,0.10160,0.09550,0.18690,0.10680,0.12000,0.10560,0.17370,0.11730,0.15680,0.22470,0.19910,0.09120,0.09390,0.09350,0.15010,0.09710,0.10470,0.10380,0.14400,0.10600,0.13100,0.16840,0.19020,0.07880,0.08560,0.08580,0.11660,0.08980,0.09300,0.09610,0.11850,0.08540,0.11370,0.09990,0.13570
1:50:09,0.12710,0.13170,0.09920,0.09500,0.11020,0.09920,0.11560,0.10800,1.25810,0.24740,0.15050,0.09960,0.10870,0.09740,0.09980,0.09790,0.10690,0.14580,0.12430,1.29310,1.27900,0.21830,0.14880,0.12230,0.10030,0.09660,0.09610,0.10550,0.11750,0.11380,0.11660,1.27940,0.95880,0.19040,0.12320,0.12060,0.07940,0.09960,0.09600,0.10120,0.09480,0.12800,0.10490,1.13140,0.10220,0.14540,0.12520,0.12640,0.09090,0.08680,0.10850,0.09700,0.11050,0.09870,0.11590,0.11580,0.11930,0.11170,0.29160,0.09210,0.11810,0.10220,0.09620,0.18950,0.10780,0.12120,0.10660,0.17630,0.11790,0.15870,0.22830,0.20200,0.09130,0.09420,0.09410,0.15190,0.09780,0.10550,0.10460,0.14590,0.10700,0.13260,0.17100,0.19300,0.07890,0.08580,0.08610,0.11750,0.09030,0.09340,0.09650,0.11980,0.08590,0.11470,0.10080,0.13720
1:52:39,0.12830,0.12780,0.09980,0.09580,0.11130,0.10020,0.11680,0.10930,1.25620,0.24270,0.15240,0.10090,0.10940,0.09810,0.10080,0.09900,0.10810,0.14770,0.12590,1.29130,1.28050,0.22170,0.15070,0.12380,0.10080,0.09730,0.09690,0.10660,0.11850,0.11510,0.11800,1.27940,0.97060,0.19340,0.12500,0.12210,0.07970,0.10020,0.09690,0.10220,0.09590,0.12950,0.10630,1.14090,0.10340,0.14750,0.12670,0.12770,0.09120,0.08730,0.10950,0.09800,0.11180,0.09970,0.11720,0.11730,0.12080,0.11300,0.29660,0.09300,0.11740,0.10280,0.09700,0.19220,0.10900,0.12250,0.10760,0.17890,0.11890,0.16090,0.23210,0.20510,0.09140,0.09460,0.09470,0.15380,0.09870,0.10660,0.10560,0.14790,0.10810,0.13470,0.17340,0.19570,0.07910,0.08600,0.08650,0.11850,0.09090,0.09390,0.09700,0.12120,0.08660,0.11590,0.10180,0.13900
1:55:09,0.12960,0.12540,0.10060,0.09660,0.11230,0.10120,0.11810,0.11060,1.25390,0.23890,0.15400,0.10220,0.11000,0.09880,0.10170,0.10010,0.10920,0.14960,0.12750,1.28930,1.28150,0.22500,0.15220,0.12540,0.10120,0.09790,0.09770,0.10770,0.11970,0.11630,0.11930,1.27920,0.98190,0.19620,0.12660,0.12350,0.07990,0.10090,0.09780,0.10320,0.09690,0.13090,0.10750,1.15020,0.10450,0.14940,0.12770,0.12900,0.09150,0.08770,0.11070,0.09890,0.11300,0.10060,0.11840,0.11860,0.12210,0.11410,0.30140,0.09400,0.11650,0.10330,0.09770,0.19500,0.11020,0.12380,0.10870,0.18130,0.12040,0.16290,0.23570,0.20820,0.09160,0.09500,0.09530,0.15560,0.09950,0.10750,0.10650,0.14990,0.10940,0.13630,0.17580,0.19850,0.07930,0.08620,0.08680,0.11950,0.09140,0.09440,0.09730,0.12250,0.08720,0.11690,0.10270,0.14060
1:57:39,0.13060,0.12090,0.10120,0.09720,0.11330,0.10200,0.11920,0.11170,1.25200,0.23600,0.15570,0.10320,0.11060,0.09940,0.10250,0.10100,0.11030,0.15140,0.12900,1.28770,1.28230,0.22830,0.15380,0.12670,0.10160,0.09850,0.09840,0.10870,0.12070,0.11740,0.12050,1.27880,0.99290,0.19910,0.12820,0.12470,0.08000,0.10140,0.09860,0.10410,0.09780,0.13220,0.10860,1.15850,0.10540,0.15130,0.12910,0.13010,0.09180,0.08810,0.11180,0.09970,0.11410,0.10140,0.11960,0.11980,0.12320,0.11520,0.30610,0.09480,0.11570,0.10390,0.09840,0.19760,0.11120,0.12500,0.10960,0.18370,0.12170,0.16500,0.23920,0.21120,0.09170,0.09520,0.09580,0.15740,0.10020,0.10840,0.10740,0.15170,0.11030,0.13780,0.17810,0.20130,0.07930,0.08620,0.08700,0.12030,0.09200,0.09480,0.09770,0.12370,0.08780,0.11780,0.10360,0.14220
2:00:09,0.13180,0.11860,0.10180,0.09790,0.11430,0.10290,0.12040,0.11310,1.24990,0.22850,0.15740,0.10430,0.11120,0.10000,0.10330,0.10190,0.11140,0.15310,0.13030,1.28580,1.28300,0.23160,0.15540,0.12800,0.10200,0.09920,0.09920,0.10980,0.12170,0.11850,0.12170,1.27860,1.00350,0.20170,0.12960,0.12600,0.08020,0.10230,0.09940,0.10500,0.09880,0.13370,0.10980,1.16650,0.10650,0.15320,0.13020,0.13130,0.09190,0.08860,0.11280,0.10050,0.11530,0.10240,0.12080,0.12100,0.12460,0.11640,0.31090,0.09570,0.11470,0.10450,0.09920,0.20030,0.11230,0.12630,0.11060,0.18620,0.12330,0.16690,0.24270,0.21410,0.09190,0.09550,0.09640,0.15930,0.10100,0.10930,0.10830,0.15360,0.11110,0.13950,0.18050,0.20390,0.07950,0.08620,0.08740,0.12130,0.09250,0.09540,0.09810,0.12510,0.08830,0.11890,0.10440,0.14370
2:02:39,0.13320,0.11570,0.10260,0.09870,0.11520,0.10380,0.12160,0.11430,1.24790,0.22700,0.15890,0.10560,0.11190,0.10070,0.10420,0.10290,0.11260,0.15500,0.13180,1.28410,1.28290,0.23490,0.15700,0.12940,0.10240,0.09980,0.10000,0.11080,0.12270,0.11970,0.12290,1.27790,1.01360,0.20470,0.13130,0.12730,0.08030,0.10300,0.10030,0.10600,0.09990,0.13490,0.11090,1.17400,0.10750,0.15520,0.13150,0.13250,0.09210,0.08900,0.11390,0.10140,0.11640,0.10320,0.12200,0.12240,0.12600,0.11750,0.31550,0.09660,0.11400,0.10510,0.09990,0.20290,0.11340,0.12750,0.11160,0.18860,0.12470,0.16900,0.24630,0.21710,0.09200,0.09590,0.09700,0.16110,0.10190,0.11020,0.10910,0.15560,0.11200,0.14110,0.18290,0.20660,0.07960,0.08610,0.08780,0.12230,0.09310,0.09590,0.09850,0.12640,0.08900,0.12000,0.10530,0.14530
2:05:09,0.13470,0.11270,0.10330,0.09940,0.11630,0.10470,0.12270,0.11550,1.24630,0.22260,0.16070,0.10670,0.11250,0.10140,0.10510,0.10390,0.11360,0.15680,0.13320,1.28240,1.28280,0.23810,0.15860,0.13080,0.10280,0.10050,0.10080,0.11180,0.12380,0.12090,0.12410,1.27700,1.02340,0.20740,0.13270,0.12850,0.08060,0.10350,0.10120,0.10690,0.10100,0.13620,0.11200,1.18100,0.10870,0.15720,0.13270,0.13370,0.09240,0.08960,0.11500,0.10210,0.11770,0.10410,0.12320,0.12370,0.12710,0.11870,0.32020,0.09760,0.11330,0.10580,0.10080,0.20560,0.11460,0.12890,0.11250,0.19090,0.12580,0.17100,0.24990,0.22010,0.09220,0.09620,0.09770,0.16300,0.10280,0.11120,0.11010,0.15750,0.11320,0.14270,0.18520,0.20930,0.07960,0.08610,0.08810,0.12330,0.09380,0.09640,0.09890,0.12770,0.08960,0.12100,0.10620,0.14690
2:07:39,0.13580,0.11030,0.10400,0.10010,0.11730,0.10560,0.12380,0.11490,1.24440,0.22010,0.16230,0.10790,0.11310,0.10200,0.10590,0.10480,0.11470,0.15850,0.13440,1.28070,1.28230,0.24140,0.15990,0.13210,0.10320,0.10120,0.10160,0.11280,0.12470,0.12200,0.12530,1.27650,1.03310,0.21020,0.13430,0.12980,0.08070,0.10420,0.10200,0.10790,0.10200,0.13750,0.11320,1.18750,0.10970,0.15900,0.13370,0.13470,0.09260,0.09000,0.11610,0.10280,0.11880,0.10490,0.12410,0.12490,0.12820,0.11970,0.32470,0.09850,0.11250,0.10630,0.10140,0.20820,0.11560,0.13000,0.11340,0.19320,0.12630,0.17280,0.25330,0.22310,0.09230,0.09650,0.09820,0.16480,0.10360,0.11220,0.11090,0.15940,0.11390,0.14430,0.18740,0.21190,0.07980,0.08600,0.08840,0.12420,0.09420,0.09690,0.09940,0.12900,0.09020,0.12210,0.10710,0.14850
2:10:09,0.13700,0.10800,0.10470,0.10090,0.11830,0.10650,0.12490,0.11610,1.24230,0.21640,0.16390,0.10910,0.11370,0.10270,0.10680,0.10570,0.11580,0.16030,0.13570,1.27900,1.28200,0.24450,0.16160,0.13350,0.10360,0.10190,0.10240,0.11380,0.12570,0.12310,0.12640,1.27520,1.04230,0.21300,0.13590,0.13120,0.08090,0.10500,0.10280,0.10880,0.10290,0.13870,0.11420,1.19360,0.11080,0.16120,0.13500,0.13600,0.09290,0.09050,0.11700,0.10370,0.12000,0.10580,0.12530,0.12610,0.12940,0.12080,0.32920,0.09960,0.11180,0.10700,0.10220,0.21090,0.11670,0.13130,0.11440,0.19550,0.12730,0.17480,0.25680,0.22600,0.09240,0.09680,0.09870,0.16670,0.10440,0.11310,0.11180,0.16140,0.11470,0.14590,0.18980,0.21450,0.07980,0.08600,0.08880,0.12520,0.09490,0.09750,0.10010,0.13040,0.09090,0.12330,0.10810,0.15010
2:12:39,0.13800,0.10600,0.10540,0.10160,0.11930,0.10740,0.12600,0.11730,1.24050,0.21260,0.16550,0.11030,0.11450,0.10350,0.10770,0.10680,0.11690,0.16210,0.13710,1.27770,1.28130,0.24790,0.16310,0.13480,0.10410,0.10270,0.10340,0.11480,0.12680,0.12430,0.12760,1.27430,1.05060,0.21580,0.13740,0.13260,0.08110,0.10590,0.10380,0.10970,0.10400,0.13990,0.11540,1.19930,0.11190,0.16310,0.13620,0.13700,0.09320,0.09110,0.11810,0.10450,0.12120,0.10670,0.12660,0.12730,0.13070,0.12190,0.33380,0.10070,0.11110,0.10770,0.10300,0.21350,0.11780,0.13250,0.11530,0.19780,0.12820,0.17670,0.26010,0.22900,0.09260,0.09720,0.09940,0.16860,0.10530,0.11410,0.11270,0.16320,0.11580,0.14750,0.19210,0.21720,0.08010,0.08600,0.08920,0.12620,0.09560,0.09810,0.10070,0.13170,0.09160,0.12420,0.10890,0.15180
2:15:09,0.13930,0.10460,0.10620,0.10240,0.12030,0.10840,0.12710,0.11850,1.23890,0.20940,0.16710,0.11160,0.11520,0.10410,0.10850,0.10790,0.11800,0.16390,0.13840,1.27620,1.28060,0.25100,0.16450,0.13600,0.10450,0.10340,0.10420,0.11580,0.12780,0.12550,0.12880,1.27320,1.05940,0.21840,0.13890,0.13370,0.08130,0.10650,0.10810,0.11070,0.10500,0.14100,0.11650,1.20460,0.11300,0.16500,0.13720,0.13830,0.09330,0.09160,0.11910,0.10530,0.12230,0.10760,0.12760,0.12840,0.13190,0.12300,0.33830,0.10180,0.11040,0.10840,0.10380,0.21620,0.11880,0.13380,0.11630,0.20020,0.12920,0.17860,0.26360,0.23200,0.09280,0.09760,0.10010,0.17050,0.10620,0.11510,0.11360,0.16530,0.11710,0.14900,0.19450,0.21990,0.08030,0.08620,0.08970,0.12740,0.09620,0.09870,0.10120,0.13320,0.09260,0.12550,0.10990,0.15340
2:17:39,0.14060,0.10230,0.10690,0.10320,0.12130,0.10930,0.12820,0.11970,1.23730,0.20710,0.16870,0.11260,0.11590,0.10500,0.10950,0.10890,0.11900,0.16560,0.13970,1.27460,1.27980,0.25420,0.16590,0.13730,0.10500,0.10420,0.10500,0.11680,0.12880,0.12650,0.12990,1.27210,1.06740,0.22120,0.14040,0.13500,0.08150,0.10740,0.10900,0.11160,0.10600,0.14210,0.11750,1.20950,0.11400,0.16690,0.13850,0.13950,0.09360,0.09220,0.12010,0.10610,0.12350,0.13500,0.12870,0.12970,0.13300,0.12400,0.34290,0.10290,0.10990,0.10910,0.10460,0.21880,0.11990,0.13500,0.11730,0.20250,0.13020,0.18070,0.26690,0.23500,0.09290,0.09810,0.10080,0.17240,0.10700,0.11610,0.11450,0.16710,0.11790,0.15060,0.19670,0.22250,0.08030,0.08620,0.09020,0.12840,0.09690,0.09930,0.09820,0.13450,0.09320,0.12650,0.11080,0.15490
2:20:09,0.14190,0.10070,0.10750,0.10390,0.12220,0.11010,0.12910,0.12070,1.23540,0.20250,0.17030,0.11360,0.11640,0.10560,0.11020,0.10980,0.12000,0.16730,0.14090,1.27300,1.27900,0.25720,0.16720,0.13830,0.10530,0.10490,0.10580,0.11770,0.12960,0.12760,0.13090,1.27100,1.07520,0.22370,0.14180,0.13610,0.08170,0.10800,0.10990,0.11240,0.10700,0.14310,0.11850,1.21390,0.11500,0.16870,0.13950,0.14050,0.09380,0.09270,0.12110,0.10690,0.12450,0.13540,0.12980,0.13060,0.13410,0.12500,0.34710,0.10310,0.10950,0.10980,0.10530,0.22130,0.12090,0.13630,0.11810,0.20470,0.13130,0.18250,0.27020,0.23790,0.09300,0.09840,0.10140,0.17430,0.10780,0.11710,0.11540,0.16890,0.11920,0.15220,0.19900,0.22490,0.08060,0.08650,0.09050,0.12940,0.09740,0.10000,0.09890,0.13570,0.09390,0.12750,0.11170,0.15640
2:22:39,0.14310,0.09940,0.10820,0.10460,0.12320,0.11090,0.13010,0.12180,1.23360,0.20140,0.17170,0.11470,0.11710,0.10630,0.11100,0.11080,0.12100,0.16900,0.14220,1.27160,1.27800,0.26010,0.16860,0.13960,0.10570,0.10560,0.10660,0.11880,0.13070,0.12860,0.13200,1.26960,1.08230,0.22640,0.14320,0.13710,0.08180,0.10880,0.11080,0.11330,0.10790,0.14420,0.11950,1.21810,0.11590,0.17050,0.14060,0.14160,0.09400,0.09330,0.12190,0.10910,0.12570,0.13520,0.13080,0.13180,0.13510,0.12590,0.35150,0.10400,0.10890,0.11050,0.10620,0.22400,0.12200,0.13750,0.11900,0.20690,0.13200,0.18430,0.27350,0.24060,0.09320,0.09880,0.10210,0.17620,0.10870,0.11810,0.11630,0.17080,0.12010,0.15370,0.20110,0.22740,0.08070,0.08700,0.09090,0.13040,0.09810,0.10050,0.09950,0.13700,0.09460,0.12850,0.11260,0.15790
2:25:09,0.14420,0.09760,0.10890,0.10520,0.12400,0.11170,0.13110,0.12280,1.23210,0.19630,0.17320,0.11570,0.11760,0.10700,0.11180,0.11180,0.12190,0.17070,0.14330,1.26980,1.27660,0.26300,0.17000,0.14070,0.10610,0.10640,0.10750,0.11960,0.13150,0.12970,0.13310,1.26870,1.08970,0.22900,0.14440,0.13820,0.08200,0.10960,0.11160,0.11410,0.10880,0.14530,0.12060,1.22190,0.11680,0.17230,0.20360,0.14250,0.09420,0.09390,0.12300,0.10980,0.12680,0.13530,0.13180,0.13280,0.13610,0.12690,0.35590,0.10490,0.10840,0.11130,0.10690,0.22660,0.12290,0.13860,0.11980,0.20910,0.13280,0.18610,0.27670,0.24340,0.09340,0.09930,0.10270,0.17810,0.10950,0.11890,0.11710,0.17250,0.12140,0.15520,0.20330,0.22990,0.08070,0.08730,0.09140,0.13140,0.09870,0.10100,0.10010,0.13810,0.09520,0.12960,0.11340,0.15940
2:27:39,0.14540,0.09690,0.10950,0.10580,0.12490,0.11250,0.13200,0.12380,1.23000,0.19350,0.17450,0.11670,0.11820,0.10750,0.11240,0.11250,0.12290,0.17230,0.14440,1.26830,1.27530,0.26590,0.17110,0.14180,0.10640,0.10700,0.10810,0.12050,0.13220,0.13070,0.13410,1.26740,1.09640,0.23130,0.14570,0.13910,0.08210,0.11020,0.11240,0.11490,0.10970,0.14630,0.12160,1.22530,0.11780,0.17390,0.20260,0.14350,0.09430,0.09440,0.12380,0.11060,0.12770,0.13520,0.13290,0.13380,0.13720,0.12780,0.36020,0.10580,0.10780,0.11190,0.10770,0.22910,0.12380,0.13980,0.12060,0.21120,0.13400,0.18790,0.27990,0.24610,0.09340,0.09950,0.10320,0.17990,0.11020,0.11990,0.11780,0.17430,0.12220,0.15640,0.20540,0.23220,0.08060,0.08720,0.09180,0.13240,0.09920,0.10160,0.10070,0.13940,0.09580,0.13050,0.11420,0.16080
2:30:09,0.14660,0.09530,0.11020,0.10650,0.12570,0.11330,0.13290,0.12480,1.22860,0.19250,0.17600,0.11770,0.11880,0.10810,0.11320,0.11330,0.12380,0.17390,0.14560,1.26660,1.27400,0.26870,0.17240,0.14280,0.10680,0.10770,0.10890,0.12140,0.13320,0.13190,0.13510,1.26600,1.10270,0.23380,0.14700,0.14010,0.08230,0.11090,0.11320,0.11570,0.11060,0.14740,0.12240,1.22820,0.11870,0.17560,0.20230,0.14430,0.09450,0.09490,0.12470,0.11130,0.12880,0.13520,0.13380,0.13480,0.13800,0.12890,0.36430,0.10660,0.10720,0.11250,0.10830,0.23160,0.12480,0.14080,0.12140,0.21330,0.13480,0.18960,0.28310,0.24880,0.09350,0.09990,0.10380,0.18170,0.11090,0.12080,0.11850,0.17600,0.12350,0.15790,0.20740,0.23470,0.08050,0.08720,0.09210,0.13330,0.09980,0.10210,0.10130,0.14050,0.09640,0.13140,0.11480,0.16230

