Corrected [600]
	1	2	3	4	5	6	7	8	9	10	11	12
A	0.35832	0.07378	0.33459	0.07380	0.35901	0.07398	0.39264	0.07508	0.33860	0.07477	0.32499	0.07441	Corrected [600]
B	0.26862	0.37324	0.28964	0.36514	0.28981	0.39425	0.29109	0.37726	0.27668	0.36888	0.25655	0.32400	Corrected [600]
C	0.15071	0.26570	0.18330	0.28007	0.18823	0.29715	0.20141	0.28444	0.19261	0.28837	0.17595	0.25568	Corrected [600]
D	0.07484	0.19329	0.07233	0.19705	0.07376	0.18943	0.07280	0.18422	0.07329	0.18928	0.07281	0.17576	Corrected [600]
E	0.33267	0.07322	0.40313	0.07348	0.43521	0.07329	0.39407	0.07281	0.38363	0.07285	0.36934	0.07281	Corrected [600]
F	0.30212	0.40872	0.31398	0.39549	0.31100	0.43191	0.30216	0.41824	0.27880	0.38468	0.29396	0.35715	Corrected [600]
G	0.19427	0.30405	0.19106	0.29805	0.20922	0.31859	0.19769	0.30388	0.19343	0.29027	0.19726	0.28115	Corrected [600]
H	0.07336	0.18480	0.07329	0.17139	0.07303	0.20064	0.07248	0.19411	0.07255	0.18734	0.07226	0.18422	Corrected [600]

