420

Time,A1,A2,A3,A4,A5,A6,A7,A8,A9,A10,A11,A12,B1,B2,B3,B4,B5,B6,B7,B8,B9,B10,B11,B12,C1,C2,C3,C4,C5,C6,C7,C8,C9,C10,C11,C12,D1,D2,D3,D4,D5,D6,D7,D8,D9,D10,D11,D12,E1,E2,E3,E4,E5,E6,E7,E8,E9,E10,E11,E12,F1,F2,F3,F4,F5,F6,F7,F8,F9,F10,F11,F12,G1,G2,G3,G4,G5,G6,G7,G8,G9,G10,G11,G12,H1,H2,H3,H4,H5,H6,H7,H8,H9,H10,H11,H12
0:00:34,0.07950,0.08120,0.07830,0.07910,0.07950,0.07750,0.07970,0.07900,0.07930,0.07890,0.07990,0.07810,0.07910,0.08430,0.07690,0.08460,0.07880,0.10250,0.07760,0.13590,0.07880,0.08050,0.07920,0.08090,0.07780,0.08190,0.07760,0.08220,0.08070,0.09670,0.07800,0.12480,0.07810,0.07990,0.07920,0.08050,0.07720,0.08100,0.07720,0.08030,0.07840,0.08910,0.07750,0.10370,0.07760,0.08010,0.07830,0.08000,0.07990,0.07920,0.07870,0.07690,0.08060,0.07800,0.07910,0.07880,0.08090,0.07960,0.08000,0.07750,0.07920,0.08000,0.07790,0.07860,0.07990,0.08030,0.07880,0.08060,0.07930,0.08010,0.07930,0.07950,0.07870,0.07990,0.07760,0.07810,0.08040,0.07900,0.07850,0.07990,0.07870,0.08030,0.07920,0.08000,0.07770,0.07970,0.07760,0.07810,0.07820,0.07920,0.07790,0.07870,0.07750,0.07950,0.07770,0.08030
0:10:34,0.08160,0.08060,0.08170,0.07860,0.07880,0.07700,0.07760,0.07840,0.07860,0.07800,0.07830,0.07740,0.07990,0.09440,0.07650,0.10410,0.07790,0.19790,0.07670,0.36270,0.07880,0.08420,0.07740,0.09070,0.07830,0.08760,0.07690,0.09390,0.07950,0.16420,0.07740,0.30740,0.07750,0.08140,0.07820,0.08630,0.07660,0.08360,0.07670,0.08610,0.07770,0.12550,0.07690,0.19260,0.07700,0.08040,0.07790,0.08210,0.08390,0.07870,0.07850,0.07640,0.07930,0.07740,0.07800,0.07830,0.08110,0.07860,0.08420,0.07700,0.08130,0.07950,0.07750,0.07890,0.07880,0.08440,0.07800,0.08610,0.07960,0.07910,0.08290,0.07970,0.07940,0.07930,0.07700,0.07830,0.07920,0.08140,0.07750,0.08300,0.07860,0.07880,0.08080,0.08010,0.07700,0.07940,0.07720,0.07830,0.07740,0.08020,0.07740,0.08000,0.07710,0.07850,0.07720,0.07950
0:20:34,0.08470,0.08050,0.08160,0.07860,0.07880,0.07670,0.07760,0.07820,0.08010,0.07770,0.07870,0.07710,0.08150,0.10750,0.07670,0.12950,0.07790,0.30920,0.07690,0.59230,0.07940,0.08910,0.07750,0.10430,0.07920,0.09510,0.07680,0.11060,0.07920,0.24190,0.07720,0.49940,0.07780,0.08470,0.07820,0.09430,0.07650,0.08710,0.07660,0.09420,0.07740,0.16820,0.07660,0.30200,0.07680,0.08210,0.07770,0.08660,0.08960,0.07860,0.07880,0.07630,0.07920,0.07710,0.07820,0.07800,0.08330,0.07830,0.09140,0.07680,0.08470,0.07960,0.07790,0.07990,0.07870,0.09010,0.07800,0.09340,0.08090,0.07920,0.08800,0.08150,0.08110,0.07920,0.07720,0.07920,0.07880,0.08560,0.07720,0.08750,0.07910,0.07870,0.08370,0.08110,0.07690,0.07920,0.07700,0.07840,0.07710,0.08200,0.07720,0.08240,0.07700,0.07830,0.07720,0.07970
0:30:34,0.08790,0.08060,0.07840,0.07860,0.07920,0.07680,0.07810,0.07840,0.08150,0.07800,0.07910,0.07720,0.08350,0.12080,0.07710,0.15870,0.07810,0.41870,0.07720,0.77780,0.08050,0.09510,0.07780,0.11890,0.08010,0.10300,0.07690,0.12950,0.07930,0.32320,0.07740,0.67490,0.07840,0.08900,0.07840,0.10360,0.07660,0.09090,0.07660,0.10320,0.07750,0.21370,0.07680,0.41590,0.07700,0.08430,0.07780,0.09170,0.09570,0.07860,0.07960,0.07640,0.07950,0.07720,0.07850,0.07810,0.08590,0.07860,0.10020,0.07670,0.08860,0.08030,0.07840,0.08180,0.07880,0.09640,0.07830,0.10080,0.08260,0.07970,0.09370,0.08360,0.08290,0.07940,0.07750,0.08040,0.07890,0.09030,0.07750,0.09230,0.08000,0.07920,0.08670,0.08250,0.07680,0.07940,0.07680,0.07800,0.07700,0.08420,0.07710,0.08490,0.07710,0.07840,0.07710,0.07990
0:40:34,0.09110,0.08120,0.07880,0.07920,0.07990,0.07750,0.07910,0.07900,0.08390,0.07910,0.07980,0.07750,0.08560,0.13490,0.07790,0.18750,0.07930,0.52390,0.07820,0.92370,0.08270,0.10290,0.07890,0.13510,0.08120,0.11150,0.07730,0.14950,0.07990,0.40370,0.07810,0.81810,0.07980,0.09480,0.07930,0.11400,0.07660,0.09530,0.07700,0.11310,0.07830,0.26030,0.07740,0.53080,0.07770,0.08760,0.07880,0.09810,0.10180,0.07910,0.08080,0.07680,0.08050,0.07770,0.07980,0.07890,0.08980,0.07960,0.11100,0.07680,0.09250,0.08120,0.07960,0.08430,0.07960,0.10350,0.07920,0.10900,0.08490,0.08130,0.10030,0.08610,0.08490,0.08000,0.07810,0.08230,0.07960,0.09560,0.07830,0.09790,0.08110,0.08040,0.09070,0.08410,0.07670,0.07960,0.07690,0.07880,0.07720,0.08650,0.07730,0.08770,0.07740,0.07890,0.07730,0.08040
0:50:34,0.09430,0.08200,0.07940,0.08030,0.08110,0.07880,0.08060,0.07990,0.08680,0.08080,0.08060,0.07790,0.08780,0.14930,0.07960,0.21690,0.08130,0.61930,0.07990,1.01380,0.08560,0.11130,0.08090,0.15200,0.08220,0.12050,0.07840,0.17000,0.08130,0.48190,0.07980,0.92480,0.08240,0.10120,0.08110,0.12500,0.07670,0.10030,0.07820,0.12380,0.08020,0.30680,0.07900,0.63420,0.07970,0.09230,0.08100,0.10420,0.10810,0.08010,0.08260,0.07770,0.08250,0.07920,0.08190,0.08070,0.09490,0.08190,0.12200,0.07690,0.09640,0.08270,0.08140,0.08730,0.08130,0.11170,0.08110,0.11810,0.08750,0.08390,0.10780,0.08900,0.08680,0.08110,0.07930,0.08460,0.08080,0.10170,0.07980,0.10440,0.08240,0.08230,0.09560,0.08600,0.07670,0.07980,0.07730,0.07970,0.07760,0.08920,0.07770,0.09070,0.07780,0.07980,0.07750,0.08090
1:00:34,0.09750,0.08270,0.08000,0.08090,0.08190,0.07970,0.08150,0.08070,0.08880,0.08150,0.08140,0.07780,0.08980,0.16310,0.08050,0.24450,0.08250,0.70270,0.08110,1.05500,0.08750,0.11850,0.08240,0.16780,0.08320,0.12920,0.07940,0.18910,0.08230,0.55380,0.08090,0.99240,0.08430,0.10640,0.08260,0.13610,0.07680,0.10490,0.07910,0.13380,0.08140,0.35150,0.08030,0.71980,0.08120,0.09590,0.08260,0.10920,0.11430,0.08100,0.08430,0.07860,0.08380,0.08040,0.08340,0.08200,0.09900,0.08340,0.13170,0.07670,0.10010,0.08370,0.08290,0.09010,0.08250,0.11950,0.08240,0.12680,0.08980,0.08560,0.11450,0.09180,0.08870,0.08190,0.08030,0.08650,0.08170,0.10720,0.08090,0.11070,0.08360,0.08370,0.09980,0.08770,0.07670,0.08000,0.07750,0.08040,0.07780,0.09170,0.07810,0.09370,0.07820,0.08030,0.07760,0.08150
1:10:34,0.10070,0.08360,0.08070,0.08180,0.08300,0.08080,0.08270,0.08160,0.09120,0.08300,0.08270,0.07850,0.09180,0.17670,0.08180,0.27070,0.08380,0.77620,0.08240,1.06850,0.08980,0.12580,0.08390,0.18280,0.08420,0.13790,0.08050,0.20760,0.08360,0.62020,0.08230,1.03190,0.08620,0.11180,0.08410,0.14710,0.07670,0.10980,0.08020,0.14360,0.08290,0.39420,0.08180,0.79050,0.08290,0.09950,0.08400,0.11390,0.12040,0.08210,0.08620,0.07960,0.08530,0.08170,0.08500,0.08340,0.10310,0.08490,0.14120,0.07660,0.10390,0.08480,0.08440,0.09290,0.08380,0.12720,0.08380,0.13550,0.09220,0.08740,0.12100,0.09480,0.09060,0.08280,0.08140,0.08840,0.08270,0.11250,0.08210,0.11700,0.08520,0.08520,0.10400,0.08990,0.07660,0.08030,0.07790,0.08130,0.07830,0.09440,0.07870,0.09690,0.07890,0.08120,0.07790,0.08220
1:20:34,0.10380,0.08490,0.08180,0.08310,0.08430,0.08200,0.08410,0.08280,0.09390,0.08480,0.08410,0.07970,0.09400,0.19040,0.08340,0.29780,0.08540,0.83710,0.08390,1.06970,0.09220,0.13330,0.08550,0.19780,0.08520,0.14680,0.08190,0.22840,0.08500,0.68080,0.08380,1.05180,0.08830,0.11760,0.08570,0.15760,0.07680,0.11480,0.08160,0.15370,0.08440,0.43510,0.08320,0.85190,0.08460,0.10340,0.08570,0.11900,0.12670,0.08340,0.08830,0.08090,0.08700,0.08320,0.08670,0.08490,0.10740,0.08660,0.15060,0.07650,0.10770,0.08620,0.08620,0.09570,0.08540,0.13490,0.08540,0.14440,0.09460,0.08930,0.12760,0.09780,0.09260,0.08400,0.08290,0.09080,0.08410,0.11800,0.08350,0.12330,0.08690,0.08680,0.10810,0.09180,0.07650,0.08070,0.07850,0.08220,0.07890,0.09720,0.07940,0.10030,0.07990,0.08230,0.07820,0.08290
1:30:34,0.10690,0.08610,0.08280,0.08420,0.08560,0.08330,0.08550,0.08390,0.09660,0.08660,0.08510,0.08080,0.09630,0.20400,0.08500,0.32460,0.08730,0.88720,0.08560,1.06570,0.09470,0.14060,0.08700,0.21290,0.08640,0.15560,0.08320,0.24730,0.08660,0.73500,0.08550,1.05910,0.09060,0.12340,0.08710,0.16820,0.07710,0.11980,0.08290,0.16380,0.08620,0.47410,0.08490,0.90260,0.08660,0.10750,0.08740,0.12450,0.13320,0.08470,0.09030,0.08210,0.08860,0.08470,0.08840,0.08650,0.11170,0.08840,0.16020,0.07660,0.11160,0.08750,0.08790,0.09860,0.08690,0.14250,0.08690,0.15290,0.09680,0.09110,0.13430,0.10060,0.09460,0.08520,0.08440,0.09310,0.08540,0.12350,0.08480,0.12950,0.08860,0.08830,0.11200,0.09390,0.07650,0.08140,0.07920,0.08340,0.07980,0.10020,0.08030,0.10370,0.08080,0.08340,0.07860,0.08360
1:40:34,0.10980,0.08690,0.08370,0.08500,0.08660,0.08420,0.08640,0.08460,0.09880,0.08790,0.08600,0.08160,0.09850,0.21700,0.08600,0.34980,0.08850,0.92510,0.08670,1.05840,0.09660,0.14740,0.08820,0.22750,0.08750,0.16390,0.08420,0.26600,0.08770,0.78230,0.08660,1.05910,0.09220,0.12850,0.08820,0.17870,0.07730,0.12430,0.08390,0.17340,0.08750,0.51120,0.08600,0.94170,0.08790,0.11100,0.08860,0.13020,0.13940,0.08560,0.09190,0.08300,0.08990,0.08580,0.08970,0.08760,0.11540,0.08960,0.16900,0.07660,0.11550,0.08850,0.08930,0.10110,0.08790,0.14940,0.08810,0.16080,0.09900,0.09260,0.14020,0.10310,0.09660,0.08600,0.08540,0.09500,0.08630,0.12850,0.08580,0.13520,0.09010,0.08940,0.11560,0.09580,0.07650,0.08190,0.07970,0.08440,0.08040,0.10290,0.08090,0.10680,0.08150,0.08420,0.07910,0.08420
1:50:34,0.11270,0.08800,0.08480,0.08600,0.08770,0.08520,0.08780,0.08570,0.10120,0.08990,0.08730,0.08280,0.10090,0.22990,0.08710,0.37440,0.08980,0.95550,0.08780,1.05220,0.09860,0.15430,0.08970,0.24220,0.08870,0.17220,0.08520,0.28310,0.08870,0.82550,0.08760,1.05550,0.09380,0.13380,0.08930,0.18910,0.07770,0.12890,0.08480,0.18270,0.08860,0.54710,0.08700,0.97100,0.08910,0.11650,0.08990,0.13620,0.14580,0.08640,0.09350,0.08390,0.09110,0.08680,0.09090,0.08860,0.11920,0.09100,0.17790,0.07650,0.11940,0.08950,0.09070,0.10360,0.08900,0.15640,0.08920,0.16880,0.10110,0.09410,0.14620,0.10580,0.09870,0.08680,0.08650,0.09700,0.08720,0.13360,0.08680,0.14090,0.09180,0.09060,0.11930,0.09790,0.07650,0.08250,0.08050,0.08550,0.08110,0.10570,0.08170,0.11000,0.08240,0.08510,0.07960,0.08480
2:00:34,0.11580,0.08910,0.08580,0.08740,0.08900,0.08660,0.08930,0.08690,0.10430,0.09240,0.08860,0.08420,0.10340,0.24300,0.08850,0.39860,0.09170,0.97640,0.08950,1.04700,0.10110,0.16180,0.09160,0.25700,0.09010,0.18060,0.08630,0.30090,0.09020,0.86260,0.08930,1.05140,0.09600,0.13970,0.09110,0.19940,0.07820,0.13360,0.08590,0.19250,0.09050,0.58090,0.08840,0.99420,0.09090,0.12130,0.09170,0.14250,0.15210,0.08750,0.09530,0.08500,0.09270,0.08830,0.09250,0.09010,0.12340,0.09290,0.18740,0.07670,0.12360,0.09080,0.09230,0.10640,0.09050,0.16360,0.09060,0.17690,0.10340,0.09610,0.15270,0.10840,0.10100,0.08790,0.08780,0.09910,0.08840,0.13900,0.08810,0.14680,0.09340,0.09220,0.12310,0.09980,0.07660,0.08320,0.08120,0.08680,0.08190,0.10850,0.08260,0.11340,0.08340,0.08620,0.08030,0.08550
2:10:34,0.11870,0.09010,0.08670,0.08850,0.09020,0.08770,0.09050,0.08780,0.10730,0.09460,0.08970,0.08540,0.10580,0.25560,0.08970,0.42260,0.09360,0.99440,0.09110,1.04050,0.10360,0.16900,0.09340,0.27130,0.09150,0.18890,0.08740,0.31780,0.09150,0.89540,0.09060,1.04730,0.09810,0.14560,0.09230,0.20920,0.07860,0.13820,0.08690,0.20190,0.09210,0.61410,0.08980,1.00960,0.09270,0.12520,0.09330,0.14810,0.15820,0.08840,0.09700,0.08590,0.09430,0.08950,0.09390,0.09140,0.12740,0.09450,0.19660,0.07670,0.12770,0.09190,0.09370,0.10900,0.09170,0.17060,0.09180,0.18470,0.10520,0.09780,0.15910,0.11080,0.10320,0.08890,0.08890,0.10110,0.08930,0.14430,0.08910,0.15240,0.09460,0.09340,0.12690,0.10150,0.07650,0.08370,0.08180,0.08770,0.08250,0.11120,0.08320,0.11640,0.08400,0.08700,0.08070,0.08600
2:20:34,0.12170,0.09110,0.08760,0.08990,0.09150,0.08880,0.09170,0.08880,0.11040,0.09670,0.09100,0.08670,0.10830,0.26820,0.09090,0.44590,0.09550,1.00630,0.09280,1.03680,0.10600,0.17630,0.09510,0.28520,0.09310,0.19700,0.08840,0.33520,0.09290,0.92300,0.09210,1.04330,0.10040,0.15150,0.09380,0.21930,0.07930,0.14280,0.08800,0.21150,0.09380,0.64500,0.09130,1.02110,0.09470,0.12860,0.09490,0.15400,0.16450,0.08940,0.09860,0.08690,0.09580,0.09090,0.09540,0.09290,0.13140,0.09630,0.20590,0.07680,0.13180,0.09300,0.09520,0.11180,0.09310,0.17770,0.09310,0.19250,0.10700,0.09960,0.16520,0.11300,0.10540,0.08990,0.08990,0.10310,0.09040,0.14970,0.09040,0.15800,0.09600,0.09480,0.13050,0.10340,0.07660,0.08430,0.08230,0.08890,0.08320,0.11400,0.08410,0.11950,0.08480,0.08800,0.08110,0.08660
2:30:34,0.12470,0.09220,0.08860,0.09130,0.09290,0.09020,0.09320,0.09000,0.11370,0.09930,0.09260,0.08890,0.11070,0.28060,0.09220,0.46850,0.09750,1.01270,0.09470,1.03280,0.10880,0.18380,0.09700,0.29880,0.09470,0.20550,0.08970,0.35170,0.09450,0.94600,0.09380,1.03880,0.10290,0.15770,0.09530,0.22910,0.08000,0.14760,0.08920,0.22110,0.09570,0.67380,0.09310,1.02760,0.09700,0.13200,0.09700,0.15970,0.17060,0.09060,0.10040,0.08800,0.09760,0.09250,0.09730,0.09470,0.13570,0.09840,0.21550,0.07690,0.13600,0.09440,0.09690,0.11480,0.09460,0.18490,0.09480,0.20040,0.10910,0.10170,0.17190,0.11540,0.10780,0.09110,0.09120,0.10520,0.09160,0.15520,0.09170,0.16380,0.09740,0.09630,0.13440,0.10520,0.07660,0.08490,0.08290,0.09010,0.08410,0.11690,0.08510,0.12280,0.08570,0.08910,0.08180,0.08730
2:40:34,0.12760,0.09350,0.08960,0.09290,0.09450,0.09190,0.09490,0.09140,0.11710,0.10190,0.09450,0.09180,0.11310,0.29310,0.09380,0.49060,0.09960,1.01690,0.09690,1.03040,0.11170,0.19160,0.09940,0.31250,0.09630,0.21370,0.09100,0.36860,0.09620,0.96600,0.09580,1.03580,0.10570,0.16420,0.09720,0.23860,0.08060,0.15240,0.09060,0.23070,0.09770,0.70260,0.09510,1.03340,0.09930,0.13600,0.09950,0.16510,0.17660,0.09190,0.10230,0.08930,0.09950,0.09430,0.09930,0.09670,0.14030,0.10090,0.22530,0.07700,0.14000,0.09580,0.09870,0.11790,0.09630,0.19220,0.09670,0.20840,0.11100,0.10410,0.17880,0.11770,0.11020,0.09240,0.09240,0.10750,0.09300,0.16080,0.09320,0.16950,0.09870,0.09820,0.13850,0.10700,0.07670,0.08550,0.08360,0.09120,0.08490,0.11980,0.08610,0.12610,0.08670,0.09040,0.08230,0.08790
2:50:34,0.13050,0.09480,0.09050,0.09450,0.09600,0.09350,0.09660,0.09270,0.12040,0.10440,0.09610,0.09400,0.11550,0.30520,0.09530,0.51210,0.10170,1.02110,0.09900,1.02690,0.11460,0.19920,0.10180,0.32530,0.09790,0.22200,0.09240,0.38490,0.09790,0.98210,0.09780,1.03290,0.10840,0.17050,0.09920,0.24780,0.08120,0.15710,0.09190,0.24030,0.09970,0.72940,0.09710,1.03520,0.10180,0.14070,0.10210,0.17040,0.18260,0.09320,0.10420,0.09050,0.10140,0.09600,0.10130,0.09870,0.14500,0.10320,0.23480,0.07710,0.14390,0.09720,0.10040,0.12090,0.09790,0.19950,0.09850,0.21650,0.11270,0.10650,0.18560,0.12000,0.11260,0.09370,0.09380,0.10980,0.09440,0.16630,0.09480,0.17530,0.09990,0.09990,0.14260,0.10870,0.07680,0.08600,0.08430,0.09230,0.08570,0.12270,0.08720,0.12940,0.08770,0.09170,0.08260,0.08850
3:00:34,0.13340,0.09580,0.09130,0.09590,0.09730,0.09470,0.09790,0.09380,0.12340,0.10660,0.09750,0.09610,0.11760,0.31690,0.09650,0.53270,0.10370,1.02110,0.10080,1.02470,0.11720,0.20650,0.10390,0.33800,0.09910,0.22970,0.09350,0.40090,0.09940,0.99410,0.09940,1.03080,0.11080,0.17630,0.10080,0.25690,0.08160,0.16180,0.09300,0.24940,0.10140,0.75450,0.09870,1.03660,0.10370,0.14490,0.10420,0.17580,0.18820,0.09420,0.10570,0.09160,0.10300,0.09740,0.10300,0.10040,0.14930,0.10530,0.24390,0.07720,0.14770,0.09840,0.10190,0.12370,0.09940,0.20640,0.10000,0.22420,0.11440,0.10860,0.19200,0.12220,0.11470,0.09470,0.09490,0.11190,0.09550,0.17150,0.09610,0.18100,0.10110,0.10150,0.14640,0.11040,0.07680,0.08650,0.08460,0.09320,0.08640,0.12550,0.08780,0.13250,0.08850,0.09280,0.08300,0.08910
3:10:34,0.13610,0.09670,0.09200,0.09710,0.09850,0.09590,0.09910,0.09500,0.12640,0.10880,0.09910,0.09860,0.11980,0.32850,0.09760,0.55270,0.10550,1.02200,0.10250,1.02260,0.11960,0.21350,0.10600,0.35040,0.10040,0.23730,0.09450,0.41650,0.10070,1.00480,0.10090,1.02800,0.11310,0.18210,0.10250,0.26570,0.08200,0.16620,0.09400,0.25830,0.10310,0.77740,0.10020,1.03640,0.10560,0.14900,0.10630,0.18080,0.19370,0.09520,0.10730,0.09240,0.10440,0.09870,0.10460,0.10200,0.15350,0.10730,0.25280,0.07720,0.15130,0.09940,0.10330,0.12620,0.10070,0.21320,0.10140,0.23180,0.11600,0.11050,0.19830,0.12430,0.11680,0.09560,0.09580,0.11380,0.09650,0.17650,0.09740,0.18640,0.10220,0.10300,0.15010,0.11200,0.07680,0.08690,0.08510,0.09410,0.08700,0.12810,0.08860,0.13560,0.08930,0.09380,0.08330,0.08970
3:20:34,0.13900,0.09770,0.09280,0.09830,0.09970,0.09710,0.10050,0.09620,0.12940,0.11090,0.10080,0.10130,0.12190,0.33970,0.09880,0.57200,0.10740,1.02150,0.10420,1.01990,0.12210,0.22050,0.10800,0.36270,0.10170,0.24510,0.09560,0.43190,0.10200,1.01250,0.10250,1.02540,0.11540,0.18770,0.10410,0.27450,0.08250,0.17070,0.09500,0.26720,0.10470,0.79930,0.10170,1.03580,0.10750,0.15310,0.10830,0.18590,0.19930,0.09610,0.10880,0.09340,0.10590,0.10010,0.10620,0.10360,0.15780,0.10920,0.26170,0.07730,0.15500,0.10040,0.10470,0.12890,0.10210,0.21990,0.10280,0.23950,0.11770,0.11240,0.20450,0.12640,0.11890,0.09650,0.09690,0.11570,0.09760,0.18160,0.09870,0.19200,0.10330,0.10440,0.15380,0.11350,0.07680,0.08730,0.08560,0.09510,0.08770,0.13090,0.08910,0.13860,0.09000,0.09480,0.08350,0.09030
3:30:34,0.14180,0.09850,0.09350,0.09930,0.10080,0.09810,0.10170,0.09720,0.13210,0.11280,0.10240,0.10380,0.12390,0.35090,0.09980,0.59070,0.10910,1.01950,0.10590,1.01760,0.12440,0.22720,0.10990,0.37450,0.10290,0.25250,0.09650,0.44690,0.10330,1.01860,0.10400,1.02320,0.11750,0.19310,0.10560,0.28290,0.08280,0.17520,0.09610,0.27600,0.10620,0.81900,0.10320,1.03490,0.10930,0.15690,0.11020,0.19070,0.20480,0.09710,0.11030,0.09420,0.10730,0.10140,0.10760,0.10510,0.16180,0.11090,0.27020,0.07750,0.15850,0.10150,0.10610,0.13150,0.10330,0.22650,0.10410,0.24690,0.11940,0.11420,0.21070,0.12840,0.12080,0.09740,0.09790,0.11760,0.09850,0.18660,0.09980,0.19730,0.10450,0.10590,0.15730,0.11500,0.07690,0.08770,0.08610,0.09610,0.08830,0.13360,0.09010,0.14170,0.09080,0.09590,0.08390,0.09090
3:40:34,0.14460,0.09930,0.09440,0.10040,0.10200,0.09920,0.10280,0.09820,0.13480,0.11470,0.10400,0.10650,0.12610,0.36180,0.10080,0.60870,0.11080,1.01850,0.10760,1.01560,0.12680,0.23390,0.11170,0.38640,0.10420,0.25990,0.09760,0.46140,0.10470,1.02300,0.10550,1.02050,0.11960,0.19860,0.10710,0.29180,0.08320,0.17950,0.09720,0.28440,0.10780,0.83830,0.10460,1.03330,0.11110,0.16080,0.11200,0.19590,0.21020,0.09800,0.11170,0.09510,0.10870,0.10270,0.10910,0.10650,0.16580,0.11270,0.27880,0.07760,0.16220,0.10240,0.10740,0.13410,0.10450,0.23310,0.10540,0.25440,0.12090,0.11600,0.21680,0.13040,0.12280,0.09820,0.09900,0.11940,0.09950,0.19150,0.10090,0.20270,0.10560,0.10720,0.16090,0.11650,0.07700,0.08800,0.08660,0.09700,0.08900,0.13610,0.09050,0.14460,0.09150,0.09670,0.08410,0.09150
3:50:34,0.14740,0.10030,0.09530,0.10160,0.10330,0.10050,0.10420,0.09960,0.13760,0.11680,0.10610,0.10960,0.12820,0.37290,0.10210,0.62630,0.11270,1.01570,0.10940,1.01340,0.12920,0.24060,0.11370,0.39790,0.10560,0.26730,0.09880,0.47560,0.10620,1.02610,0.10720,1.01960,0.12180,0.20410,0.10900,0.29990,0.08370,0.18410,0.09860,0.29320,0.10940,0.85580,0.10620,1.03200,0.11290,0.16470,0.11400,0.20080,0.21570,0.09910,0.11340,0.09610,0.11030,0.10410,0.11070,0.10810,0.16980,0.11470,0.28720,0.07770,0.16580,0.10360,0.10890,0.13680,0.10590,0.23950,0.10680,0.26190,0.12250,0.11790,0.22290,0.13260,0.12470,0.09930,0.10010,0.12140,0.10070,0.19640,0.10220,0.20820,0.10670,0.10890,0.16460,0.11820,0.07700,0.08860,0.08730,0.09810,0.08980,0.13910,0.09140,0.14780,0.09260,0.09790,0.08450,0.09210
4:00:34,0.15010,0.10130,0.09610,0.10280,0.10460,0.10170,0.10550,0.10090,0.14020,0.11880,0.10800,0.11260,0.13020,0.38360,0.10330,0.64310,0.11440,1.01500,0.11110,1.01170,0.13150,0.24730,0.11560,0.40940,0.10680,0.27470,0.09990,0.48870,0.10760,1.02870,0.10870,1.01810,0.12410,0.20940,0.11060,0.30840,0.08410,0.18850,0.09990,0.30190,0.11090,0.87150,0.10780,1.03050,0.11470,0.16860,0.11580,0.20550,0.22100,0.10020,0.11500,0.09710,0.11170,0.10550,0.11230,0.10970,0.17390,0.11650,0.29580,0.07780,0.16940,0.10470,0.11040,0.13950,0.10730,0.24620,0.10820,0.26940,0.12420,0.11980,0.22900,0.13460,0.12670,0.10030,0.10130,0.12330,0.10180,0.20140,0.10350,0.21370,0.10790,0.11040,0.16830,0.11960,0.07710,0.08910,0.08800,0.09910,0.09060,0.14190,0.09210,0.15110,0.09360,0.09910,0.08480,0.09270
4:10:34,0.15280,0.10220,0.09690,0.10400,0.10580,0.10280,0.10680,0.10220,0.14290,0.12090,0.11000,0.11550,0.13220,0.39420,0.10450,0.65940,0.11610,1.01300,0.11290,1.00980,0.13390,0.25390,0.11770,0.42060,0.10800,0.28210,0.10110,0.50420,0.10900,1.02980,0.11040,1.01590,0.12620,0.21480,0.11220,0.31660,0.08440,0.19290,0.10130,0.31050,0.11240,0.88590,0.10940,1.02860,0.11650,0.17230,0.11770,0.21030,0.22620,0.10120,0.11660,0.09810,0.11320,0.10680,0.11380,0.11130,0.17800,0.11830,0.30400,0.07780,0.17280,0.10590,0.11190,0.14220,0.10870,0.25270,0.10950,0.27690,0.12570,0.12170,0.23500,0.13650,0.12860,0.10120,0.10240,0.12530,0.10300,0.20630,0.10480,0.21920,0.10890,0.11200,0.17190,0.12120,0.07720,0.08950,0.08860,0.10010,0.09140,0.14460,0.09300,0.15420,0.09460,0.10040,0.08500,0.09330
4:20:34,0.15540,0.10310,0.09750,0.10500,0.10700,0.10380,0.10800,0.10330,0.14530,0.12260,0.11180,0.11820,0.13410,0.40440,0.10560,0.67510,0.11770,1.01070,0.11440,1.00760,0.13610,0.26030,0.11940,0.43110,0.10900,0.28910,0.10210,0.51670,0.11030,1.03030,0.11180,1.01350,0.12820,0.21990,0.11360,0.32440,0.08450,0.19710,0.10240,0.31880,0.11380,0.89990,0.11080,1.02670,0.11820,0.17600,0.11940,0.21490,0.23100,0.10220,0.11790,0.09890,0.11460,0.10810,0.11520,0.11270,0.18170,0.12000,0.31200,0.07780,0.17600,0.10690,0.11320,0.14470,0.10990,0.25900,0.11080,0.28420,0.12700,0.12340,0.24080,0.13830,0.13020,0.10210,0.10330,0.12710,0.10390,0.21100,0.10580,0.22440,0.10980,0.11330,0.17530,0.12250,0.07710,0.08960,0.08900,0.10090,0.09190,0.14700,0.09360,0.15700,0.09530,0.10130,0.08510,0.09380
4:30:34,0.15800,0.10360,0.09780,0.10580,0.10800,0.10470,0.10900,0.10420,0.14780,0.12420,0.11330,0.12070,0.13590,0.41440,0.10650,0.68990,0.11920,1.00870,0.11590,1.00570,0.13810,0.26650,0.12110,0.44170,0.10990,0.29580,0.10300,0.53000,0.11140,1.03000,0.11320,1.01270,0.13010,0.22480,0.11490,0.33230,0.08470,0.20120,0.10340,0.32700,0.11500,0.91270,0.11210,1.02530,0.11970,0.17940,0.12090,0.21960,0.23600,0.10290,0.11920,0.09960,0.11580,0.10920,0.11650,0.11400,0.18540,0.12130,0.32000,0.07790,0.17910,0.10770,0.11430,0.14710,0.11090,0.26520,0.11190,0.29130,0.12830,0.12490,0.24640,0.14010,0.13200,0.10280,0.10410,0.12870,0.10480,0.21560,0.10680,0.22940,0.11070,0.11460,0.17850,0.12390,0.07720,0.08980,0.08930,0.10160,0.09250,0.14950,0.09410,0.15990,0.09590,0.10210,0.08520,0.09440
4:40:34,0.16070,0.10440,0.09840,0.10680,0.10900,0.10570,0.11000,0.10530,0.15020,0.12580,0.11500,0.12340,0.13790,0.42420,0.10740,0.70410,0.12070,1.00750,0.11730,1.00470,0.14020,0.27290,0.12270,0.45250,0.11110,0.30290,0.10390,0.54400,0.11260,1.03000,0.11450,1.01040,0.13190,0.22960,0.11620,0.34030,0.08500,0.20520,0.10440,0.33500,0.11620,0.92410,0.11330,1.02310,0.12120,0.18290,0.12250,0.22420,0.24090,0.10370,0.12040,0.10040,0.11700,0.11030,0.11780,0.11530,0.18910,0.12280,0.32790,0.07800,0.18240,0.10850,0.11540,0.14940,0.11200,0.27130,0.11300,0.29840,0.13000,0.12650,0.25210,0.14200,0.13380,0.10350,0.10480,0.13040,0.10550,0.22020,0.10780,0.23430,0.11170,0.11580,0.18170,0.12540,0.07730,0.09000,0.08960,0.10240,0.09290,0.15200,0.09470,0.16250,0.09640,0.10290,0.08540,0.09500
4:50:34,0.16320,0.10490,0.09890,0.10760,0.11000,0.10670,0.11110,0.10610,0.15260,0.12740,0.11680,0.12590,0.13970,0.43370,0.10840,0.71820,0.12200,1.00350,0.11870,1.00350,0.14220,0.27900,0.12440,0.46310,0.11220,0.30950,0.10470,0.55570,0.11380,1.02900,0.11580,1.00860,0.13370,0.23440,0.11760,0.34790,0.08530,0.20920,0.10540,0.34310,0.11740,0.93270,0.11460,1.02130,0.12280,0.18630,0.12410,0.22870,0.24590,0.10450,0.12170,0.10110,0.11820,0.11140,0.11910,0.11670,0.19270,0.12430,0.33550,0.07820,0.18570,0.10950,0.11660,0.15180,0.11300,0.27730,0.11400,0.30530,0.13140,0.12810,0.25760,0.14390,0.13560,0.10420,0.10560,0.13200,0.10640,0.22460,0.10880,0.23920,0.11260,0.11700,0.18490,0.12680,0.07730,0.09040,0.09000,0.10320,0.09340,0.15440,0.09530,0.16520,0.09710,0.10370,0.08570,0.09550
5:00:34,0.16580,0.10550,0.09940,0.10830,0.11100,0.10760,0.11210,0.10720,0.15500,0.12900,0.11870,0.12860,0.14160,0.44320,0.10930,0.73110,0.12350,1.00260,0.12020,1.00100,0.14430,0.28510,0.12620,0.47360,0.11330,0.31630,0.10560,0.56790,0.11500,1.02800,0.11720,1.00690,0.13560,0.23920,0.11900,0.35600,0.08560,0.21330,0.10650,0.35110,0.11860,0.94210,0.11590,1.01910,0.12420,0.18970,0.12570,0.23340,0.25090,0.10530,0.12310,0.10190,0.11950,0.11250,0.12030,0.11800,0.19640,0.12580,0.34320,0.07820,0.18900,0.11030,0.11780,0.15420,0.11410,0.28340,0.11520,0.31230,0.13300,0.12980,0.26320,0.14580,0.13740,0.10500,0.10650,0.13370,0.10740,0.22910,0.10980,0.24420,0.11360,0.11830,0.18820,0.12820,0.07740,0.09070,0.09050,0.10420,0.09400,0.15670,0.09600,0.16810,0.09780,0.10470,0.08590,0.09610
5:10:34,0.16840,0.10630,0.10030,0.10940,0.11220,0.10860,0.11340,0.10830,0.15760,0.13070,0.12080,0.13120,0.14370,0.45290,0.11040,0.74410,0.12510,1.00200,0.12180,0.99920,0.14650,0.29090,0.12800,0.48370,0.11460,0.32320,0.10680,0.58100,0.11640,1.02750,0.11880,1.00540,0.13760,0.24410,0.12070,0.36410,0.08610,0.21750,0.10760,0.35900,0.12000,0.95130,0.11730,1.01840,0.12580,0.19310,0.12740,0.23790,0.25600,0.10640,0.12460,0.10290,0.12080,0.11390,0.12190,0.11950,0.20010,0.12740,0.35080,0.07840,0.19260,0.11150,0.11920,0.15680,0.11540,0.28960,0.11650,0.31950,0.13470,0.13150,0.26880,0.14780,0.13940,0.10590,0.10760,0.13560,0.10840,0.23380,0.11110,0.24940,0.11480,0.11980,0.19160,0.12980,0.07760,0.09130,0.09130,0.10530,0.09480,0.15940,0.09680,0.17120,0.09880,0.10580,0.08620,0.09670
5:20:34,0.17090,0.10710,0.10110,0.11020,0.11330,0.10970,0.11450,0.10950,0.16000,0.13220,0.12270,0.13350,0.14540,0.46250,0.11160,0.75660,0.12650,1.00050,0.12320,0.99810,0.14870,0.29700,0.12980,0.49370,0.11570,0.32990,0.10780,0.59290,0.11770,1.02650,0.12020,1.00410,0.13950,0.24890,0.12220,0.37150,0.08630,0.22170,0.10870,0.36700,0.12130,0.95780,0.11890,1.01650,0.12740,0.19660,0.12910,0.24220,0.26090,0.10740,0.12610,0.10390,0.12210,0.11510,0.12320,0.12100,0.20380,0.12910,0.35870,0.07840,0.19570,0.11240,0.12060,0.15920,0.11660,0.29550,0.11770,0.32650,0.13600,0.13310,0.27440,0.14960,0.14100,0.10680,0.10860,0.13740,0.10940,0.23830,0.11210,0.25450,0.11570,0.12120,0.19500,0.13110,0.07760,0.09170,0.09180,0.10620,0.09560,0.16200,0.09750,0.17420,0.09970,0.10690,0.08640,0.09720
5:30:34,0.17350,0.10770,0.10170,0.11110,0.11440,0.11060,0.11560,0.11060,0.16240,0.13370,0.12450,0.13590,0.14730,0.47170,0.11260,0.76830,0.12790,0.99770,0.12470,0.99570,0.15070,0.30310,0.13140,0.50300,0.11670,0.33630,0.10890,0.60390,0.11890,1.02590,0.12170,1.00250,0.14130,0.25360,0.12360,0.37870,0.08650,0.22570,0.10980,0.37480,0.12250,0.96450,0.12010,1.01500,0.12880,0.19990,0.13060,0.24670,0.26560,0.10830,0.12750,0.10480,0.12330,0.11620,0.12460,0.12240,0.20740,0.13090,0.36620,0.07850,0.19880,0.11340,0.12190,0.16160,0.11780,0.30160,0.11890,0.33340,0.13740,0.13470,0.28000,0.15140,0.14280,0.10770,0.10960,0.13920,0.11040,0.24280,0.11330,0.25950,0.11670,0.12250,0.19830,0.13260,0.07770,0.09200,0.09230,0.10710,0.09620,0.16460,0.09830,0.17710,0.10060,0.10800,0.08660,0.09780
5:40:34,0.17590,0.10830,0.10210,0.11200,0.11530,0.11150,0.11660,0.11180,0.16460,0.13520,0.12630,0.13810,0.14900,0.48080,0.11370,0.77920,0.12930,0.99670,0.12600,0.99460,0.15260,0.30880,0.13300,0.51240,0.11770,0.34290,0.10980,0.61560,0.12010,1.02380,0.12300,1.00100,0.14290,0.25820,0.12500,0.38600,0.08670,0.22970,0.11070,0.38240,0.12360,0.97020,0.12120,1.01340,0.13030,0.20310,0.13200,0.25070,0.27010,0.10910,0.12880,0.11050,0.12440,0.11730,0.12580,0.12370,0.21090,0.13230,0.37360,0.07860,0.20180,0.11430,0.12300,0.16400,0.11880,0.30730,0.11990,0.34000,0.13870,0.13620,0.28540,0.15330,0.14450,0.10840,0.11050,0.14080,0.11130,0.24710,0.11420,0.26430,0.11760,0.12370,0.20150,0.13390,0.07770,0.09220,0.09270,0.10790,0.09680,0.16790,0.09900,0.17990,0.10140,0.10890,0.08670,0.09830
5:50:34,0.17840,0.10900,0.10270,0.11280,0.11640,0.11250,0.11770,0.11300,0.16690,0.13670,0.12820,0.14040,0.15080,0.48950,0.11460,0.78990,0.13070,0.99520,0.12740,0.99310,0.15450,0.31460,0.13460,0.52190,0.11880,0.34910,0.11080,0.62700,0.12140,1.02230,0.12440,0.99960,0.14470,0.26270,0.12650,0.39340,0.08700,0.23360,0.11170,0.38990,0.12480,0.97510,0.12250,1.01200,0.13170,0.20620,0.13340,0.25550,0.27470,0.11000,0.13020,0.11120,0.12560,0.11840,0.12700,0.12500,0.21440,0.13350,0.38090,0.07860,0.20490,0.11520,0.12420,0.16630,0.12000,0.31320,0.12110,0.34670,0.14020,0.13780,0.29080,0.15510,0.14610,0.10930,0.11140,0.14260,0.11220,0.25140,0.11520,0.26930,0.11850,0.12500,0.20470,0.13530,0.07770,0.09240,0.09320,0.10870,0.09740,0.17080,0.09970,0.18270,0.10230,0.10990,0.08690,0.09900
6:00:34,0.18080,0.10950,0.10300,0.11360,0.11730,0.11330,0.11860,0.11400,0.16890,0.13790,0.12990,0.14260,0.15250,0.49800,0.11550,0.79970,0.13200,0.99360,0.12880,0.99120,0.15640,0.32040,0.13620,0.53080,0.11970,0.35560,0.11160,0.63660,0.12240,1.02120,0.12560,0.99780,0.14640,0.26700,0.12780,0.40020,0.08720,0.23750,0.11260,0.39720,0.12580,0.97970,0.12370,1.01000,0.13300,0.20920,0.13470,0.25930,0.27920,0.11080,0.13150,0.11210,0.12670,0.11940,0.12830,0.12610,0.21780,0.13470,0.38800,0.07870,0.20780,0.11610,0.12540,0.16850,0.12090,0.31890,0.12210,0.35320,0.14150,0.13920,0.29600,0.15680,0.14770,0.11000,0.11220,0.14420,0.11300,0.25570,0.11620,0.27400,0.11940,0.12620,0.20780,0.13660,0.07780,0.09260,0.09350,0.10940,0.09800,0.17360,0.10040,0.18540,0.10300,0.11080,0.08700,0.09940
6:10:34,0.18330,0.11020,0.10360,0.11440,0.11820,0.11420,0.11960,0.11490,0.17120,0.13930,0.13180,0.14480,0.15430,0.50670,0.11660,0.80940,0.13330,0.99110,0.13010,0.99000,0.15840,0.32590,0.13770,0.53960,0.12070,0.36190,0.11250,0.64730,0.12360,1.01930,0.12700,0.99650,0.14810,0.27150,0.12930,0.40740,0.08740,0.24140,0.11360,0.40470,0.12700,0.98450,0.12490,1.00870,0.13440,0.21220,0.13610,0.26400,0.28370,0.11160,0.13280,0.11290,0.12800,0.12050,0.12950,0.12740,0.22120,0.13600,0.39490,0.07900,0.21100,0.11700,0.12650,0.17080,0.12190,0.32470,0.12340,0.35990,0.14300,0.14060,0.30130,0.15850,0.14940,0.11080,0.11300,0.14590,0.11390,0.26000,0.11710,0.27900,0.12050,0.12750,0.21100,0.13800,0.07790,0.09300,0.09390,0.11020,0.09850,0.17660,0.10100,0.18830,0.10380,0.11170,0.08730,0.10000
6:20:34,0.18580,0.11100,0.10440,0.11550,0.11940,0.11520,0.12080,0.11600,0.17330,0.14070,0.13380,0.14710,0.15630,0.51540,0.11770,0.81870,0.13470,0.99040,0.13150,0.98830,0.16050,0.33160,0.13940,0.54880,0.12210,0.36810,0.11370,0.65840,0.12490,1.01840,0.12840,0.99500,0.14990,0.27590,0.13080,0.41480,0.08800,0.24540,0.11460,0.41200,0.12830,0.98840,0.12650,1.00730,0.13580,0.21530,0.13760,0.26870,0.28850,0.11260,0.13420,0.11390,0.12930,0.12160,0.13070,0.12880,0.22470,0.13740,0.40240,0.07920,0.21430,0.11810,0.12780,0.17320,0.12300,0.33040,0.12450,0.36650,0.14480,0.14220,0.30670,0.16060,0.15130,0.11190,0.11400,0.14780,0.11490,0.26440,0.11820,0.28400,0.12170,0.12890,0.21430,0.13960,0.07800,0.09360,0.09450,0.11120,0.09930,0.17990,0.10190,0.19130,0.10490,0.11290,0.08770,0.10060
6:30:34,0.18820,0.11180,0.10540,0.11640,0.12060,0.11630,0.12200,0.11740,0.17560,0.14210,0.13570,0.14940,0.15820,0.52420,0.11890,0.82750,0.13620,0.98910,0.13290,0.98680,0.16250,0.33730,0.14120,0.55810,0.12330,0.37440,0.11480,0.66740,0.12620,1.01720,0.12990,0.99390,0.15180,0.28040,0.13230,0.42200,0.08840,0.24940,0.11580,0.41970,0.12960,0.99010,0.12780,1.00610,0.13740,0.21840,0.13910,0.27300,0.29320,0.11360,0.13580,0.11490,0.13060,0.12290,0.13200,0.13020,0.22830,0.13910,0.40940,0.07930,0.21750,0.11940,0.12920,0.17550,0.12420,0.33620,0.12570,0.37330,0.14640,0.14390,0.31210,0.16260,0.15310,0.11300,0.11520,0.14970,0.11600,0.26870,0.11950,0.28910,0.12280,0.13030,0.21770,0.14120,0.07820,0.09420,0.09530,0.11240,0.10020,0.18450,0.10290,0.19430,0.10600,0.11400,0.08820,0.10110
6:40:34,0.19050,0.11290,0.10650,0.11750,0.12190,0.11750,0.12330,0.11860,0.17790,0.14370,0.13770,0.15180,0.16020,0.53280,0.12030,0.83610,0.13780,0.98670,0.13440,0.98520,0.16450,0.34320,0.14300,0.56740,0.12470,0.38100,0.11610,0.67700,0.12770,1.01540,0.13140,0.99250,0.15380,0.28490,0.13410,0.42940,0.08880,0.25360,0.11710,0.42710,0.13100,0.99280,0.12900,1.00470,0.13890,0.22220,0.14070,0.27740,0.29810,0.11480,0.13740,0.11600,0.13210,0.12420,0.13350,0.13170,0.23190,0.14090,0.41660,0.07940,0.22080,0.12060,0.13070,0.17800,0.12550,0.34220,0.12710,0.38020,0.14800,0.14560,0.31760,0.16460,0.15500,0.11410,0.11660,0.15170,0.11720,0.27330,0.12080,0.29420,0.12400,0.13190,0.22130,0.14270,0.07830,0.09490,0.09620,0.11370,0.10120,0.18860,0.10390,0.19750,0.10720,0.11540,0.08850,0.10170
6:50:34,0.19290,0.11400,0.10790,0.11880,0.12330,0.11880,0.12470,0.12030,0.18030,0.14540,0.13980,0.15410,0.16220,0.54130,0.12190,0.84400,0.13940,0.98620,0.13600,0.98400,0.16680,0.34890,0.14490,0.57660,0.12600,0.38770,0.11760,0.68680,0.12930,1.01410,0.13310,0.99210,0.15580,0.28950,0.13590,0.43690,0.08940,0.25780,0.11840,0.43440,0.13250,0.99510,0.13070,1.00380,0.14060,0.22500,0.14240,0.28200,0.30290,0.11610,0.13930,0.11720,0.13360,0.12560,0.13500,0.13330,0.23570,0.14280,0.42380,0.07970,0.22410,0.12200,0.13230,0.18060,0.12690,0.34810,0.12850,0.38710,0.14970,0.14730,0.32300,0.16680,0.15680,0.11540,0.11790,0.15380,0.11850,0.27780,0.12220,0.29960,0.12520,0.13360,0.22490,0.14440,0.07850,0.09570,0.09720,0.11510,0.10230,0.19130,0.10510,0.20080,0.10860,0.11670,0.08900,0.10220
7:00:34,0.19510,0.11500,0.10900,0.11960,0.12450,0.11980,0.12590,0.12160,0.18250,0.14670,0.14170,0.15640,0.16390,0.54960,0.12320,0.85170,0.14080,0.98510,0.13750,0.98340,0.16890,0.35440,0.14670,0.58520,0.12700,0.39400,0.11880,0.69710,0.13070,1.01370,0.13460,0.99080,0.15780,0.29400,0.13750,0.44400,0.08960,0.26180,0.11960,0.44190,0.13380,0.99720,0.13230,1.00230,0.14210,0.22800,0.14380,0.28630,0.30750,0.11720,0.14090,0.11830,0.13510,0.12690,0.13640,0.13470,0.23920,0.14450,0.43060,0.07980,0.22730,0.12330,0.13380,0.18300,0.12810,0.35380,0.12980,0.39370,0.15100,0.14900,0.32830,0.16860,0.15850,0.11660,0.11920,0.15580,0.11960,0.28220,0.12340,0.30470,0.12620,0.13510,0.22840,0.14570,0.07850,0.09620,0.09800,0.11630,0.10320,0.19390,0.10600,0.20390,0.10980,0.11800,0.08930,0.10270
7:10:34,0.19750,0.11610,0.11010,0.12090,0.12590,0.12110,0.12740,0.12290,0.18480,0.14820,0.14370,0.15870,0.16580,0.55800,0.12470,0.85870,0.14230,0.98380,0.13920,0.98170,0.17110,0.35980,0.14850,0.59370,0.12830,0.40050,0.12030,0.70640,0.13240,1.01220,0.13630,0.98950,0.15980,0.29840,0.13920,0.45090,0.09000,0.26600,0.12090,0.44900,0.13520,0.99930,0.13360,1.00060,0.14360,0.23120,0.14550,0.29060,0.31220,0.11850,0.14260,0.11970,0.13660,0.12840,0.13790,0.13630,0.24280,0.14620,0.43750,0.08000,0.23030,0.12470,0.13530,0.18560,0.12950,0.35960,0.13120,0.40040,0.15260,0.15070,0.33370,0.17060,0.16020,0.11790,0.12070,0.15800,0.12100,0.28680,0.12480,0.31000,0.12730,0.13660,0.23200,0.14740,0.07870,0.09700,0.09910,0.11770,0.10430,0.19680,0.10730,0.20730,0.11110,0.11940,0.08970,0.10330
7:20:34,0.19970,0.11710,0.11120,0.12180,0.12710,0.12230,0.12860,0.12430,0.18690,0.14950,0.14550,0.16110,0.16760,0.56580,0.12610,0.86560,0.14370,0.98300,0.14060,0.98070,0.17310,0.36560,0.15010,0.60270,0.12960,0.40680,0.12160,0.71420,0.13380,1.01070,0.13780,0.98820,0.16190,0.30250,0.14080,0.45790,0.09040,0.26990,0.12210,0.45610,0.13650,1.00030,0.13510,1.00040,0.14510,0.23420,0.14700,0.29470,0.31670,0.11960,0.14440,0.12100,0.13810,0.12970,0.13930,0.13780,0.24620,0.14760,0.44450,0.08010,0.23340,0.12600,0.13680,0.18810,0.13070,0.36530,0.13240,0.40700,0.15400,0.15240,0.33890,0.17230,0.16180,0.11900,0.12190,0.15990,0.12210,0.29120,0.12600,0.31490,0.12830,0.13810,0.23550,0.14870,0.07870,0.09750,0.09990,0.11890,0.10520,0.19970,0.10830,0.21030,0.11230,0.12070,0.09000,0.10380
7:30:34,0.20200,0.11800,0.11680,0.12290,0.12830,0.12320,0.12970,0.12540,0.18890,0.15070,0.14720,0.16290,0.16920,0.57380,0.12730,0.87170,0.14500,0.98210,0.14200,0.97890,0.17510,0.37080,0.15150,0.61030,0.13060,0.41290,0.12270,0.72300,0.13510,1.00950,0.13910,0.98730,0.16340,0.30670,0.14230,0.46430,0.09050,0.27390,0.12320,0.46320,0.13760,1.00240,0.13640,0.99920,0.14650,0.23700,0.14830,0.29850,0.32090,0.12060,0.14590,0.12180,0.13950,0.13080,0.14060,0.13910,0.24960,0.14890,0.45070,0.08020,0.23620,0.12710,0.13810,0.19030,0.13190,0.37090,0.13360,0.41340,0.15520,0.15390,0.34400,0.17400,0.16340,0.12010,0.12310,0.16170,0.12320,0.29540,0.12730,0.31980,0.12910,0.13950,0.23880,0.14990,0.07880,0.09790,0.10060,0.11990,0.10600,0.20230,0.10920,0.21330,0.11340,0.12180,0.09010,0.10430
7:40:34,0.20420,0.11880,0.11770,0.12370,0.12960,0.12430,0.13080,0.12670,0.19100,0.15200,0.14890,0.16490,0.17100,0.58160,0.12860,0.87780,0.14630,0.98070,0.14340,0.97790,0.17700,0.37600,0.15310,0.61800,0.13160,0.41850,0.12390,0.73020,0.13640,1.00870,0.14060,0.98640,0.16510,0.31080,0.14380,0.47060,0.09090,0.27770,0.12440,0.47000,0.13890,1.00170,0.13750,0.99780,0.14790,0.23990,0.14980,0.30260,0.32520,0.12160,0.14740,0.12290,0.14070,0.13210,0.14190,0.14050,0.25300,0.15010,0.45730,0.08030,0.23920,0.12830,0.13950,0.19260,0.13300,0.37640,0.13500,0.41960,0.15660,0.15520,0.34900,0.17570,0.16500,0.12120,0.12420,0.16360,0.12430,0.29970,0.12850,0.32480,0.13010,0.14090,0.24210,0.15120,0.07890,0.09820,0.10130,0.12100,0.10690,0.20500,0.11020,0.21630,0.11450,0.12300,0.09030,0.10480
7:50:34,0.20660,0.11980,0.11850,0.12480,0.13090,0.12550,0.13200,0.12800,0.19320,0.15340,0.15070,0.16700,0.17280,0.58920,0.12980,0.88330,0.14770,0.97910,0.14490,0.97670,0.17910,0.38130,0.15480,0.62550,0.13280,0.42480,0.12520,0.73940,0.13790,1.00750,0.14210,0.98540,0.16700,0.31500,0.14530,0.47710,0.09140,0.28160,0.12550,0.47670,0.14010,1.00370,0.13910,0.99660,0.14940,0.24290,0.15120,0.30680,0.32970,0.12280,0.14900,0.12410,0.14210,0.13330,0.14320,0.14180,0.25630,0.15120,0.46390,0.08060,0.24230,0.12950,0.14090,0.19500,0.13440,0.38220,0.13610,0.42620,0.15820,0.15690,0.35400,0.17760,0.16680,0.12240,0.12560,0.16550,0.12550,0.30400,0.12980,0.32960,0.13120,0.14230,0.24540,0.15260,0.07910,0.09880,0.10220,0.12210,0.10780,0.20770,0.11120,0.21940,0.11570,0.12420,0.09070,0.10550
8:00:34,0.20870,0.12060,0.11920,0.12560,0.13210,0.12650,0.13320,0.12890,0.19510,0.15460,0.15230,0.16890,0.17440,0.59630,0.13090,0.88830,0.14890,0.97760,0.14620,0.97530,0.18090,0.38650,0.15620,0.63280,0.13370,0.43080,0.12630,0.74660,0.13920,1.00620,0.14350,0.98360,0.16860,0.31880,0.14670,0.48350,0.09160,0.28530,0.12660,0.48340,0.14130,1.00380,0.14020,0.99550,0.15070,0.24560,0.15250,0.31090,0.33390,0.12370,0.15050,0.12500,0.14340,0.13450,0.14450,0.14310,0.25960,0.15240,0.47020,0.08060,0.24510,0.13060,0.14220,0.19730,0.13550,0.38760,0.13730,0.43240,0.15960,0.15820,0.35890,0.17950,0.16840,0.12340,0.12670,0.16730,0.12650,0.30810,0.13090,0.33440,0.13230,0.14360,0.24860,0.15400,0.07910,0.09920,0.10280,0.12310,0.10860,0.21020,0.11210,0.22240,0.11670,0.12530,0.09090,0.10590
8:10:34,0.21090,0.12130,0.12000,0.12650,0.13320,0.12770,0.13430,0.13010,0.19710,0.15590,0.15390,0.17090,0.17610,0.60370,0.13210,0.89310,0.15030,0.97720,0.14760,0.97440,0.18280,0.39190,0.15770,0.64010,0.13460,0.43670,0.12750,0.75280,0.14050,1.00520,0.14490,0.98230,0.17040,0.32290,0.14810,0.48970,0.09180,0.28910,0.12770,0.49020,0.14250,1.00410,0.14130,0.99450,0.15200,0.24840,0.15370,0.31480,0.33810,0.12480,0.15200,0.12610,0.14460,0.13560,0.14570,0.14430,0.26290,0.15350,0.47670,0.08080,0.24780,0.13170,0.14350,0.19950,0.13660,0.39300,0.13850,0.43870,0.16090,0.15980,0.36380,0.18120,0.16990,0.12460,0.12770,0.16910,0.12760,0.31230,0.13210,0.33910,0.13330,0.14510,0.25190,0.15520,0.07920,0.09950,0.10360,0.12420,0.10940,0.21280,0.11300,0.22520,0.11780,0.12640,0.09110,0.10650
8:20:34,0.21310,0.12210,0.12080,0.12730,0.13450,0.12890,0.13550,0.13110,0.19910,0.15700,0.15550,0.17280,0.17780,0.61050,0.13320,0.89750,0.15150,0.97590,0.14890,0.97340,0.18480,0.39700,0.15920,0.64730,0.13560,0.44280,0.12850,0.75980,0.14190,1.00400,0.14630,0.98100,0.17200,0.32660,0.14940,0.49600,0.09220,0.29280,0.12870,0.49650,0.14360,1.00380,0.14290,0.99270,0.15330,0.25120,0.15510,0.31860,0.34220,0.12560,0.15350,0.12710,0.14590,0.13690,0.14700,0.14560,0.26600,0.15480,0.48280,0.08080,0.25070,0.13270,0.14480,0.20180,0.13780,0.39840,0.13970,0.44470,0.16210,0.16110,0.36860,0.18280,0.17140,0.12560,0.12890,0.17080,0.12860,0.31640,0.13310,0.34390,0.13410,0.14630,0.25500,0.15640,0.07920,0.09990,0.10420,0.12530,0.11020,0.21540,0.11380,0.22810,0.11880,0.12750,0.09130,0.10700
8:30:34,0.21540,0.12260,0.12140,0.12800,0.13570,0.13010,0.13650,0.13210,0.20110,0.15800,0.15690,0.17460,0.17930,0.61740,0.13420,0.90170,0.15260,0.97440,0.15020,0.97170,0.18650,0.40210,0.16050,0.65410,0.13630,0.44810,0.12960,0.76660,0.14300,1.00300,0.14760,0.98010,0.17360,0.33050,0.15050,0.50170,0.09230,0.29630,0.12960,0.50300,0.14460,1.00360,0.14400,0.99210,0.15450,0.25380,0.15620,0.32210,0.34610,0.12650,0.15480,0.12790,0.14700,0.13780,0.14820,0.14670,0.26920,0.15590,0.48850,0.08080,0.25320,0.13370,0.14600,0.20380,0.13880,0.40370,0.14070,0.45060,0.16320,0.16240,0.37320,0.18430,0.17280,0.12660,0.12990,0.17250,0.12940,0.32040,0.13410,0.34850,0.13490,0.14760,0.25800,0.15760,0.07920,0.10010,0.10470,0.12610,0.11090,0.21730,0.11460,0.23080,0.11960,0.12840,0.09130,0.10750
8:40:34,0.21750,0.12340,0.12210,0.12880,0.13690,0.13100,0.13760,0.13290,0.20290,0.15900,0.15830,0.17610,0.18090,0.62420,0.13530,0.90540,0.15390,0.97280,0.15140,0.97050,0.18830,0.40690,0.16180,0.66070,0.13710,0.45380,0.13060,0.77370,0.14410,1.00150,0.14880,0.97890,0.17520,0.33430,0.15170,0.50710,0.09240,0.30000,0.13040,0.50920,0.14560,1.00350,0.14510,0.99070,0.15560,0.25610,0.15740,0.32540,0.34980,0.12730,0.15610,0.12880,0.14820,0.13870,0.14920,0.14770,0.27210,0.15680,0.49460,0.08090,0.25570,0.13460,0.14700,0.20590,0.13980,0.40880,0.14180,0.45640,0.16430,0.16370,0.37780,0.18560,0.17410,0.12750,0.13070,0.17400,0.13030,0.32440,0.13500,0.35280,0.13550,0.14870,0.26090,0.15860,0.07920,0.10020,0.10510,0.12680,0.11150,0.21950,0.11530,0.23350,0.12040,0.12920,0.09120,0.10800
8:50:34,0.21980,0.12400,0.12290,0.12950,0.13810,0.13220,0.13870,0.13410,0.20480,0.16000,0.15980,0.17780,0.18260,0.63050,0.13630,0.90950,0.15520,0.97220,0.15260,0.96880,0.19000,0.41150,0.16300,0.66690,0.13800,0.45910,0.13160,0.77970,0.14540,0.99990,0.15020,0.97780,0.17670,0.33790,0.15300,0.51280,0.09270,0.30340,0.13140,0.51530,0.14650,1.00340,0.14640,0.98920,0.15680,0.25870,0.15840,0.32920,0.35370,0.12810,0.15750,0.12960,0.14930,0.13970,0.15040,0.14880,0.27520,0.15770,0.50070,0.08100,0.25830,0.13560,0.14810,0.20790,0.14080,0.41410,0.14280,0.46230,0.16570,0.16490,0.38260,0.18700,0.17560,0.12840,0.13160,0.17560,0.13110,0.32830,0.13580,0.35730,0.13640,0.14980,0.26380,0.15980,0.07930,0.10030,0.10560,0.12760,0.11210,0.22050,0.11600,0.23610,0.12130,0.13010,0.09120,0.10850
9:00:34,0.22190,0.12460,0.12370,0.13010,0.13930,0.13320,0.13960,0.13500,0.20670,0.16100,0.16130,0.17960,0.18420,0.63680,0.13730,0.91280,0.15640,0.97020,0.15390,0.96790,0.19180,0.41650,0.16440,0.67250,0.13880,0.46430,0.13250,0.78540,0.14640,0.99930,0.15140,0.97610,0.17800,0.34170,0.15420,0.51820,0.09290,0.30690,0.13220,0.52140,0.14750,1.00310,0.14750,0.98790,0.15790,0.26120,0.15960,0.33290,0.35760,0.12890,0.15870,0.13050,0.15050,0.14080,0.15160,0.14980,0.27820,0.15870,0.50650,0.08130,0.26100,0.13640,0.14920,0.20990,0.14180,0.41920,0.14380,0.46790,0.16720,0.16610,0.38700,0.18870,0.17710,0.12920,0.13250,0.17720,0.13190,0.33220,0.13670,0.36170,0.13740,0.15100,0.26670,0.16110,0.07940,0.10050,0.10600,0.12830,0.11280,0.22080,0.11670,0.23880,0.12210,0.13100,0.09150,0.10910
9:10:34,0.22420,0.12510,0.12440,0.13090,0.14060,0.13410,0.14050,0.13600,0.20850,0.16200,0.16280,0.18110,0.18580,0.64300,0.13840,0.91530,0.15760,0.96920,0.15510,0.96720,0.19340,0.42140,0.16570,0.67890,0.13970,0.46980,0.13350,0.79190,0.14760,0.99830,0.15270,0.97460,0.17960,0.34520,0.15520,0.52340,0.09320,0.31030,0.13310,0.52740,0.14850,1.00170,0.14820,0.98660,0.15920,0.26510,0.16070,0.33650,0.36140,0.12970,0.16000,0.13110,0.15170,0.14160,0.15270,0.15090,0.28130,0.15980,0.51250,0.08140,0.26370,0.13750,0.15030,0.21190,0.14280,0.42430,0.14480,0.47370,0.16870,0.16740,0.39160,0.19030,0.17860,0.13010,0.13330,0.17870,0.13270,0.33600,0.13760,0.36610,0.13850,0.15210,0.26960,0.16240,0.07950,0.10070,0.10650,0.12920,0.11340,0.22150,0.11740,0.24150,0.12290,0.13190,0.09160,0.10950
9:20:34,0.22650,0.12560,0.12520,0.13150,0.14180,0.13520,0.14140,0.13700,0.21040,0.16290,0.16420,0.18260,0.18730,0.64900,0.13930,0.91820,0.15870,0.96840,0.15630,0.96560,0.19510,0.42610,0.16690,0.68450,0.14040,0.47510,0.13440,0.79860,0.14880,0.99650,0.15390,0.97370,0.18110,0.34880,0.15630,0.52860,0.09340,0.31380,0.13390,0.53330,0.14940,1.00100,0.14940,0.98500,0.16030,0.26800,0.16170,0.33990,0.36520,0.13040,0.16140,0.13190,0.15300,0.14260,0.15380,0.15190,0.28430,0.16090,0.51820,0.08140,0.26620,0.13840,0.15150,0.21390,0.14380,0.42930,0.14600,0.47960,0.16980,0.16870,0.39620,0.19190,0.17990,0.13090,0.13420,0.18020,0.13360,0.33990,0.13840,0.37050,0.13940,0.15320,0.27240,0.16350,0.07950,0.10080,0.10690,0.12990,0.11400,0.22290,0.11800,0.24410,0.12360,0.13260,0.09170,0.11000
9:30:34,0.22860,0.12610,0.12580,0.13210,0.14290,0.13600,0.14230,0.13800,0.21210,0.16370,0.16540,0.18410,0.18880,0.65480,0.14020,0.92050,0.15980,0.96730,0.15740,0.96440,0.19670,0.43070,0.16790,0.69000,0.14100,0.48000,0.13520,0.80400,0.14980,0.99530,0.15490,0.97260,0.18230,0.35240,0.15730,0.53340,0.09330,0.31700,0.13460,0.53910,0.15020,1.00080,0.15050,0.98380,0.16120,0.26900,0.16260,0.34300,0.36900,0.13100,0.16260,0.13260,0.15400,0.14330,0.15500,0.15280,0.28730,0.16170,0.52350,0.08160,0.26860,0.13940,0.15250,0.21590,0.14470,0.43440,0.14700,0.48510,0.17090,0.17000,0.40070,0.19320,0.18110,0.13160,0.13490,0.18170,0.13420,0.34360,0.13930,0.37480,0.14020,0.15420,0.27510,0.16450,0.07950,0.10090,0.10720,0.13050,0.11450,0.22470,0.11870,0.24660,0.12430,0.13330,0.09160,0.11050
9:40:34,0.23090,0.12660,0.12660,0.13250,0.14400,0.13670,0.14330,0.13890,0.21410,0.16440,0.16680,0.18550,0.19050,0.66050,0.14110,0.92370,0.16100,0.96790,0.15870,0.96260,0.19840,0.43510,0.16910,0.69540,0.14180,0.48540,0.13610,0.80950,0.15080,0.99440,0.15610,0.97160,0.18370,0.35610,0.15830,0.53840,0.09350,0.32040,0.13540,0.54490,0.15110,0.99940,0.15120,0.98260,0.16230,0.27090,0.16360,0.34640,0.37250,0.13170,0.16390,0.13330,0.15520,0.14420,0.15610,0.15380,0.29040,0.16240,0.52930,0.08160,0.27100,0.14030,0.15350,0.21780,0.14570,0.43940,0.14790,0.49100,0.17230,0.17110,0.40510,0.19470,0.18250,0.13230,0.13570,0.18310,0.13490,0.34720,0.14010,0.37900,0.14110,0.15520,0.27790,0.16560,0.07950,0.10100,0.10750,0.13120,0.11490,0.22670,0.11920,0.24910,0.12490,0.13400,0.09170,0.11110
9:50:34,0.23310,0.12700,0.12740,0.13310,0.14490,0.13730,0.14410,0.13980,0.21580,0.16530,0.16820,0.18700,0.19190,0.66630,0.14200,0.92560,0.16210,0.96750,0.16000,0.96100,0.20010,0.43950,0.17020,0.70100,0.14270,0.49040,0.13690,0.81490,0.15190,0.99320,0.15720,0.97050,0.18510,0.35960,0.15940,0.54350,0.09370,0.32380,0.13620,0.55060,0.15180,0.99840,0.15250,0.98100,0.16340,0.27330,0.16470,0.35010,0.37630,0.13240,0.16510,0.13400,0.15630,0.14510,0.15730,0.15470,0.29330,0.16310,0.53520,0.08180,0.27360,0.14110,0.15450,0.21970,0.14660,0.44400,0.14890,0.49650,0.17380,0.17240,0.40960,0.19630,0.18390,0.13310,0.13640,0.18450,0.13570,0.35100,0.14090,0.38330,0.14220,0.15620,0.28070,0.16690,0.07960,0.10110,0.10780,0.13180,0.11540,0.22840,0.11980,0.25160,0.12560,0.13480,0.09170,0.11160
10:00:34,0.23530,0.12750,0.12820,0.13380,0.14590,0.13800,0.14510,0.14070,0.21770,0.16620,0.16970,0.18850,0.19360,0.67150,0.14290,0.92740,0.16330,0.96600,0.16130,0.96060,0.20180,0.44450,0.17140,0.70600,0.14360,0.49510,0.13780,0.81950,0.15290,0.99250,0.15840,0.96920,0.18640,0.36310,0.16050,0.54830,0.09400,0.32700,0.13690,0.55620,0.15280,0.99730,0.15350,0.97990,0.16440,0.27570,0.16570,0.35340,0.38000,0.13310,0.16640,0.13470,0.15750,0.14610,0.15860,0.15570,0.29620,0.16390,0.54060,0.08220,0.27620,0.14200,0.15550,0.22170,0.14760,0.44920,0.15010,0.50220,0.17530,0.17360,0.41420,0.19800,0.18540,0.13380,0.13720,0.18600,0.13650,0.35450,0.14170,0.38770,0.14330,0.15720,0.28340,0.16810,0.07960,0.10120,0.10820,0.13250,0.11600,0.23020,0.12050,0.25420,0.12640,0.13550,0.09200,0.11210

