Corrected [600]
	1	2	3	4	5	6	7	8	9	10	11	12
A	0.23407	0.07320	0.21579	0.07297	0.25951	0.07230	0.25122	0.07211	0.26261	0.07123	0.25728	0.07130	Corrected [600]
B	0.18243	0.31328	0.21439	0.30094	0.26689	0.32162	0.22646	0.33556	0.21506	0.34027	0.29854	0.23426	Corrected [600]
C	0.13720	0.25372	0.15387	0.26596	0.17627	0.25543	0.16374	0.25068	0.16662	0.28289	0.16767	0.19977	Corrected [600]
D	0.07233	0.17200	0.07204	0.16177	0.07200	0.17515	0.07193	0.14805	0.07127	0.16568	0.07104	0.13794	Corrected [600]
E	0.21892	0.07270	0.35347	0.07330	0.35132	0.07098	0.31489	0.07141	0.33097	0.07148	0.30809	0.07160	Corrected [600]
F	0.18635	0.28051	0.25261	0.32968	0.28491	0.34035	0.22779	0.40027	0.26386	0.33708	0.22789	0.24284	Corrected [600]
G	0.13294	0.21650	0.16463	0.23132	0.17672	0.22950	0.16278	0.25603	0.15584	0.24326	0.15149	0.18934	Corrected [600]
H	0.07418	0.15393	0.07259	0.14682	0.07352	0.14027	0.07207	0.15693	0.07119	0.14824	0.07182	0.15263	Corrected [600]

