Corrected [600]
	1	2	3	4	5	6	7	8	9	10	11	12
A	0.36039	0.07039	0.30430	0.07181	0.33408	0.07264	0.34914	0.07178	0.24616	0.07085	0.36350	0.07002	Corrected [600]
B	0.39585	0.35083	0.26492	0.36863	0.26920	0.36644	0.27010	0.40500	0.17363	0.38044	0.28552	0.33486	Corrected [600]
C	0.17790	0.25799	0.16032	0.25849	0.17668	0.28545	0.16960	0.28715	0.09806	0.26859	0.18313	0.24434	Corrected [600]
D	0.07111	0.16788	0.07144	0.17049	0.07219	0.18098	0.07234	0.18992	0.07155	0.17902	0.07009	0.15600	Corrected [600]
E	0.33220	0.07215	0.36483	0.07174	0.35747	0.07241	0.36611	0.07238	0.38745	0.07122	0.38385	0.07178	Corrected [600]
F	0.23701	0.32400	0.25525	0.33706	0.23029	0.39664	0.26699	0.38870	0.28114	0.35026	0.27060	0.36411	Corrected [600]
G	0.15745	0.24247	0.15689	0.24575	0.16246	0.27403	0.17299	0.28317	0.17631	0.24178	0.16985	0.26460	Corrected [600]
H	0.07118	0.14925	0.07130	0.16115	0.07085	0.16413	0.07178	0.17004	0.07234	0.13944	0.07181	0.17556	Corrected [600]

