420

Time,A1,A2,A3,A4,A5,A6,A7,A8,A9,A10,A11,A12,B1,B2,B3,B4,B5,B6,B7,B8,B9,B10,B11,B12,C1,C2,C3,C4,C5,C6,C7,C8,C9,C10,C11,C12,D1,D2,D3,D4,D5,D6,D7,D8,D9,D10,D11,D12,E1,E2,E3,E4,E5,E6,E7,E8,E9,E10,E11,E12,F1,F2,F3,F4,F5,F6,F7,F8,F9,F10,F11,F12,G1,G2,G3,G4,G5,G6,G7,G8,G9,G10,G11,G12,H1,H2,H3,H4,H5,H6,H7,H8,H9,H10,H11,H12
0:00:09,0.33160,0.09480,0.09970,0.08210,0.08590,0.08780,0.10080,0.08240,0.14220,0.08200,0.13890,0.08230,0.27010,0.09220,0.08800,0.33530,0.08800,0.09530,0.09960,0.22750,0.13290,0.08410,0.13250,0.14320,0.19500,0.09660,0.08440,0.24470,0.08520,0.10130,0.09380,0.18560,0.11180,0.08790,0.11920,0.14850,0.09450,0.10780,0.09680,0.20400,0.10130,0.09000,0.09360,0.14700,0.09170,0.08690,0.08400,0.12120,0.16580,0.08630,0.22700,0.08430,0.08790,0.08870,0.10550,0.08240,0.15730,0.08350,0.09620,0.08260,0.14630,0.12630,0.22700,0.12120,0.08810,0.10290,0.10080,0.08900,0.13960,0.09900,0.08830,0.09180,0.11750,0.10380,0.14170,0.16030,0.08820,0.14220,0.09280,0.08630,0.12680,0.09300,0.09100,0.09390,0.08460,0.09340,0.08310,0.09980,0.08170,0.08630,0.08190,0.08550,0.09800,0.08900,0.13300,0.10010
0:01:49,0.42820,0.09440,0.10040,0.08180,0.08680,0.08750,0.11190,0.08200,0.18300,0.08170,0.20200,0.08190,0.34530,0.09270,0.08800,0.43380,0.08790,0.09620,0.11010,0.31270,0.16980,0.08450,0.19560,0.22040,0.23750,0.09720,0.08420,0.31390,0.08510,0.10400,0.09840,0.26140,0.13210,0.08650,0.14400,0.20610,0.09430,0.10720,0.09670,0.24340,0.10060,0.09070,0.09340,0.19230,0.09250,0.08750,0.08360,0.15720,0.19390,0.08570,0.27900,0.08410,0.08750,0.08830,0.11370,0.08150,0.18600,0.08330,0.09240,0.08240,0.16180,0.12920,0.26040,0.13300,0.08800,0.10380,0.10900,0.08880,0.16430,0.10220,0.09180,0.08940,0.12590,0.10800,0.16320,0.16890,0.08800,0.14300,0.09660,0.08570,0.14220,0.09640,0.09040,0.09400,0.08440,0.09600,0.08270,0.10430,0.08150,0.08660,0.08340,0.08530,0.09750,0.09060,0.13390,0.14460
0:03:29,0.50150,0.09440,0.10170,0.08180,0.08780,0.08730,0.12460,0.08180,0.22340,0.08160,0.25840,0.08190,0.41980,0.09300,0.08900,0.53410,0.08850,0.09940,0.11960,0.40600,0.20770,0.08540,0.24540,0.28690,0.27900,0.09720,0.08420,0.37540,0.08550,0.09940,0.10360,0.32500,0.15110,0.08690,0.17390,0.27350,0.09420,0.10700,0.09630,0.28220,0.10010,0.09180,0.09340,0.23400,0.09810,0.08780,0.08350,0.19780,0.21930,0.08570,0.33310,0.08400,0.08790,0.08830,0.12510,0.08190,0.22520,0.08320,0.09260,0.08240,0.17940,0.13680,0.30240,0.14800,0.08830,0.10460,0.11650,0.08950,0.19160,0.10810,0.09220,0.08980,0.13680,0.11280,0.18740,0.17700,0.08820,0.14370,0.10150,0.08600,0.15770,0.10130,0.09030,0.09380,0.08440,0.09840,0.08270,0.10940,0.08150,0.08710,0.08150,0.08500,0.09730,0.09270,0.13300,0.11440
0:05:09,0.59290,0.09430,0.10300,0.08160,0.08900,0.08710,0.13780,0.08160,0.26790,0.08150,0.32030,0.08170,0.48070,0.09370,0.08970,0.62310,0.08910,0.10280,0.12840,0.48940,0.24580,0.08590,0.29830,0.36350,0.31950,0.09780,0.08450,0.44080,0.08580,0.09790,0.10860,0.38670,0.16850,0.08760,0.20690,0.33580,0.09400,0.10660,0.09600,0.32790,0.09950,0.09300,0.09310,0.27330,0.09180,0.08810,0.08330,0.24110,0.24170,0.08530,0.40040,0.08380,0.08840,0.08810,0.13780,0.08160,0.26270,0.08310,0.09290,0.08210,0.19680,0.14150,0.34590,0.16010,0.08790,0.10640,0.12500,0.08970,0.21670,0.11570,0.09240,0.09040,0.14670,0.11730,0.21310,0.18710,0.08830,0.14480,0.10670,0.08580,0.17470,0.10600,0.09010,0.09390,0.08420,0.10110,0.08260,0.11490,0.08130,0.08770,0.08120,0.08510,0.09700,0.09550,0.13080,0.11490
0:06:49,0.66760,0.09420,0.10410,0.08150,0.09060,0.08690,0.15360,0.08140,0.31920,0.08130,0.39030,0.08160,0.53810,0.09480,0.09040,0.70300,0.08970,0.10600,0.13720,0.56420,0.28920,0.08680,0.35330,0.43650,0.35580,0.09810,0.08490,0.50300,0.08600,0.09980,0.11410,0.44600,0.18850,0.08850,0.24880,0.40460,0.09400,0.10630,0.09590,0.37100,0.09940,0.09410,0.09310,0.31260,0.09820,0.08840,0.08320,0.28740,0.26770,0.08510,0.46470,0.08370,0.08880,0.08800,0.15140,0.08130,0.29940,0.08290,0.09370,0.08200,0.21680,0.14890,0.38820,0.17290,0.08800,0.10850,0.13510,0.08980,0.24300,0.12340,0.09220,0.09120,0.15800,0.12230,0.23860,0.19640,0.08830,0.14480,0.11210,0.08620,0.19000,0.11180,0.09010,0.09450,0.08410,0.10400,0.08240,0.12010,0.08110,0.08840,0.08100,0.08510,0.09680,0.09860,0.13230,0.11480
0:08:29,0.75490,0.09400,0.10590,0.08130,0.09200,0.08670,0.17110,0.08140,0.36450,0.08120,0.47550,0.08150,0.59980,0.09580,0.09110,0.77630,0.09050,0.10970,0.14750,0.66210,0.32860,0.08780,0.40610,0.52990,0.38950,0.09890,0.08550,0.56350,0.08630,0.10150,0.12120,0.50980,0.20690,0.08950,0.28850,0.47780,0.09380,0.10630,0.09580,0.41410,0.09910,0.09530,0.09300,0.35150,0.09120,0.08870,0.08300,0.33250,0.29240,0.08470,0.52410,0.08360,0.08920,0.08780,0.16530,0.08080,0.33850,0.08280,0.09430,0.08190,0.23520,0.15710,0.43300,0.18930,0.08830,0.11020,0.14680,0.09000,0.27840,0.13180,0.09280,0.09180,0.16960,0.12770,0.26620,0.20640,0.08830,0.14590,0.11780,0.08650,0.20540,0.11830,0.09000,0.09480,0.08390,0.10700,0.08230,0.12570,0.08110,0.08900,0.08100,0.08510,0.09650,0.10160,0.13050,0.11520
0:10:09,0.83850,0.09390,0.10750,0.08120,0.09330,0.08650,0.18780,0.08130,0.41630,0.08110,0.55260,0.08140,0.65910,0.09700,0.09180,0.84680,0.09150,0.11300,0.15850,0.75610,0.37020,0.08900,0.46340,0.62010,0.43040,0.09950,0.08590,0.62560,0.08660,0.10390,0.12850,0.57640,0.22580,0.09060,0.33190,0.55240,0.09380,0.10620,0.09550,0.45950,0.09820,0.09650,0.09280,0.39060,0.08510,0.08890,0.08290,0.37860,0.31980,0.08430,0.58230,0.08350,0.08980,0.08770,0.17990,0.08080,0.37990,0.08280,0.09480,0.08190,0.25670,0.16570,0.48230,0.20280,0.08860,0.11220,0.15820,0.09030,0.31340,0.13990,0.09310,0.09260,0.17930,0.13370,0.29290,0.21610,0.08840,0.14610,0.12420,0.08690,0.22200,0.12460,0.09020,0.09540,0.08380,0.11010,0.08220,0.13160,0.08100,0.08970,0.08080,0.08520,0.09610,0.10490,0.13100,0.11520
0:11:49,0.91890,0.09380,0.10940,0.08120,0.09520,0.08650,0.20450,0.08110,0.47020,0.08100,0.63840,0.08130,0.71790,0.09810,0.09260,0.91390,0.09220,0.11630,0.17020,0.84110,0.41180,0.09020,0.51970,0.69860,0.47390,0.10020,0.08660,0.68570,0.08690,0.10590,0.13590,0.64080,0.24640,0.09150,0.37260,0.62370,0.09370,0.10630,0.09530,0.50530,0.09780,0.09780,0.09280,0.42840,0.09070,0.08930,0.08290,0.42220,0.34840,0.08410,0.63930,0.08340,0.09040,0.08760,0.19390,0.08070,0.41980,0.08260,0.09570,0.08180,0.27530,0.17510,0.53180,0.21710,0.08910,0.11470,0.17070,0.09060,0.34690,0.14810,0.09340,0.09340,0.19100,0.13950,0.32050,0.22630,0.08840,0.14820,0.13000,0.08710,0.24080,0.13140,0.09030,0.09560,0.08370,0.11340,0.08210,0.13720,0.08110,0.09060,0.08080,0.08520,0.09610,0.10850,0.12780,0.11500
0:13:29,0.98790,0.09380,0.11120,0.08120,0.09630,0.08640,0.21990,0.08110,0.52470,0.08100,0.73020,0.08120,0.77670,0.09930,0.09360,0.97850,0.09320,0.11970,0.18310,0.91510,0.45490,0.09170,0.57510,0.76740,0.51700,0.10120,0.08700,0.74600,0.08740,0.10880,0.14290,0.70310,0.26600,0.09260,0.41190,0.69050,0.09370,0.10640,0.09510,0.55180,0.09740,0.09880,0.09270,0.47330,0.09540,0.08970,0.08280,0.46890,0.37810,0.08530,0.68740,0.08330,0.09100,0.08760,0.20980,0.08070,0.46230,0.08260,0.09590,0.08170,0.29350,0.18520,0.58030,0.23260,0.08960,0.11720,0.18390,0.09120,0.37970,0.15590,0.09410,0.09440,0.20270,0.14550,0.34640,0.23760,0.08860,0.14920,0.13590,0.08750,0.25940,0.13770,0.09060,0.09630,0.08370,0.11660,0.08200,0.14330,0.08120,0.09140,0.08070,0.08530,0.09570,0.11200,0.12760,0.11490
0:15:09,1.05440,0.09380,0.11280,0.08110,0.09800,0.08640,0.23750,0.08100,0.57100,0.08090,0.80040,0.08120,0.83300,0.10050,0.09470,1.04120,0.09440,0.12340,0.19510,0.98730,0.49200,0.09320,0.63050,0.83540,0.55730,0.10180,0.08760,0.80370,0.08780,0.11150,0.15060,0.76030,0.28720,0.09330,0.44980,0.75440,0.09370,0.10640,0.09510,0.59870,0.09700,0.10010,0.09270,0.51550,0.09590,0.09020,0.08280,0.51460,0.40840,0.08410,0.73870,0.08330,0.09200,0.08750,0.22420,0.08060,0.50020,0.08250,0.09710,0.08170,0.31280,0.19450,0.62800,0.24830,0.09020,0.12010,0.19630,0.09190,0.41340,0.16520,0.09460,0.09500,0.21310,0.15190,0.37210,0.24840,0.08870,0.14960,0.14120,0.08770,0.27540,0.14440,0.09100,0.09680,0.08360,0.12010,0.08200,0.14910,0.08110,0.09220,0.08070,0.08550,0.09530,0.11550,0.12520,0.11500
0:16:49,1.10690,0.09380,0.11470,0.08120,0.09950,0.08620,0.25700,0.08100,0.62230,0.08100,0.86500,0.08130,0.88940,0.10170,0.09600,1.09670,0.09570,0.12710,0.20670,1.03980,0.53440,0.09460,0.68980,0.90800,0.59680,0.10270,0.08830,0.86360,0.08820,0.11410,0.15830,0.81420,0.30900,0.09460,0.48870,0.81990,0.09370,0.10650,0.09480,0.64620,0.09680,0.10140,0.09280,0.55630,0.09520,0.09090,0.08280,0.56020,0.43790,0.08350,0.79590,0.08330,0.09250,0.08750,0.23730,0.08060,0.54400,0.08250,0.09770,0.08180,0.33320,0.20370,0.67380,0.26300,0.09080,0.12260,0.20860,0.09270,0.44750,0.17340,0.09510,0.09590,0.22420,0.15830,0.39760,0.25940,0.08900,0.15050,0.14720,0.08810,0.29470,0.15140,0.09120,0.09720,0.08360,0.12360,0.08200,0.15510,0.08110,0.09310,0.08070,0.08580,0.09510,0.11960,0.12640,0.11550
0:18:29,1.15820,0.09380,0.11660,0.08120,0.10140,0.08630,0.27780,0.08100,0.67690,0.08090,0.92880,0.08140,0.94580,0.10320,0.09740,1.15190,0.09680,0.13090,0.21850,1.09670,0.57810,0.09610,0.75050,0.97850,0.63510,0.10370,0.08910,0.91990,0.08880,0.11680,0.16540,0.87120,0.33260,0.09570,0.53650,0.88540,0.09370,0.10670,0.09450,0.68240,0.09650,0.10300,0.09270,0.60120,0.09350,0.09170,0.08280,0.60170,0.46680,0.08340,0.84090,0.08320,0.09310,0.08760,0.24890,0.08060,0.58480,0.08260,0.09850,0.08180,0.35330,0.21270,0.71850,0.27570,0.09140,0.12530,0.22000,0.09340,0.47860,0.18300,0.09570,0.09710,0.23500,0.16490,0.42330,0.27030,0.08920,0.15230,0.15400,0.08850,0.31230,0.15860,0.09130,0.09780,0.08360,0.12700,0.08200,0.16100,0.08130,0.09390,0.08070,0.08600,0.09490,0.12370,0.12630,0.11540
0:20:09,1.20490,0.09380,0.11830,0.08110,0.10290,0.08620,0.29750,0.08090,0.72790,0.08080,0.98910,0.08120,0.99690,0.10460,0.09880,1.20100,0.09770,0.13460,0.23050,1.15060,0.61560,0.09740,0.80880,1.04400,0.67290,0.10470,0.08960,0.97280,0.08910,0.11920,0.17370,0.91760,0.35620,0.09680,0.57200,0.94620,0.09360,0.10670,0.09410,0.73000,0.09610,0.10440,0.09260,0.64170,0.08970,0.09220,0.08270,0.64410,0.49570,0.08310,0.89450,0.08310,0.09390,0.08740,0.26200,0.08050,0.62200,0.08240,0.09930,0.08170,0.37290,0.22140,0.76050,0.29230,0.09190,0.12760,0.23270,0.09430,0.51030,0.19280,0.09610,0.09860,0.24570,0.17150,0.44680,0.27950,0.08920,0.15300,0.16180,0.08900,0.33350,0.16520,0.09150,0.09850,0.08350,0.13040,0.08190,0.16670,0.08120,0.09470,0.08060,0.08610,0.09450,0.12760,0.12450,0.11580
0:21:49,1.24640,0.09390,0.12030,0.08110,0.10440,0.08620,0.31720,0.08100,0.77870,0.08090,1.04580,0.08130,1.04420,0.10610,0.10030,1.24580,0.09880,0.13840,0.24350,1.19020,0.65880,0.09930,0.86760,1.10540,0.71370,0.10560,0.09020,1.02250,0.08990,0.12190,0.18110,0.96850,0.38130,0.09820,0.60350,0.98430,0.09370,0.10680,0.09400,0.77330,0.09590,0.10600,0.09270,0.68180,0.08970,0.09280,0.08270,0.68550,0.52360,0.08300,0.93350,0.08320,0.09450,0.08740,0.27680,0.08070,0.66100,0.08250,0.10020,0.08170,0.39120,0.23020,0.79920,0.30950,0.09260,0.13030,0.24570,0.09510,0.53860,0.20320,0.09690,0.09970,0.25630,0.17790,0.47080,0.29150,0.08960,0.15440,0.16830,0.08950,0.35150,0.17190,0.09190,0.09900,0.08350,0.13410,0.08190,0.17260,0.08130,0.09580,0.08070,0.08650,0.09450,0.13150,0.12410,0.11600
0:23:29,1.28060,0.09390,0.12230,0.08110,0.10640,0.08700,0.33440,0.08090,0.82850,0.08080,1.10060,0.08120,1.08770,0.10750,0.10160,1.28220,0.10010,0.14240,0.25810,1.23170,0.69980,0.10140,0.91720,1.15780,0.75170,0.10640,0.09080,1.06690,0.09050,0.12470,0.18850,1.01450,0.40580,0.09940,0.63440,1.03230,0.09360,0.10690,0.09360,0.81350,0.09550,0.10770,0.09270,0.72050,0.08360,0.09320,0.08270,0.72620,0.55160,0.08290,0.98180,0.08310,0.09510,0.08740,0.28970,0.08050,0.69910,0.08240,0.10110,0.08170,0.41070,0.22170,0.83840,0.32660,0.09300,0.13250,0.25920,0.09570,0.56680,0.21390,0.09740,0.10080,0.26700,0.18410,0.49410,0.30070,0.08990,0.15520,0.17430,0.09000,0.36730,0.17880,0.09210,0.09970,0.08340,0.13760,0.08190,0.17820,0.08130,0.09670,0.08070,0.08670,0.09410,0.13550,0.12260,0.11590
0:25:09,1.31000,0.09380,0.12430,0.08120,0.10840,0.08940,0.35310,0.08090,0.87800,0.08090,1.14960,0.08120,1.12720,0.10890,0.10280,1.31080,0.10140,0.14650,0.27240,1.26450,0.73520,0.10310,0.96310,1.20440,0.78830,0.10740,0.09150,1.10750,0.09130,0.12750,0.19620,1.05350,0.42960,0.10210,0.66840,1.08160,0.09370,0.10710,0.09340,0.85250,0.09530,0.10960,0.09280,0.75870,0.09180,0.09330,0.08270,0.76800,0.57810,0.08260,1.02590,0.08310,0.09580,0.08740,0.30320,0.08050,0.73430,0.08250,0.10220,0.08180,0.43360,0.23600,0.87590,0.34390,0.09360,0.13470,0.27250,0.09640,0.59490,0.22390,0.09800,0.10190,0.27830,0.19080,0.51820,0.31100,0.09000,0.15740,0.18080,0.09060,0.38800,0.18600,0.09240,0.10010,0.08310,0.14120,0.08190,0.18440,0.08120,0.09770,0.08160,0.08710,0.09400,0.13940,0.12170,0.11560
0:26:49,1.33480,0.09390,0.12630,0.08120,0.11020,0.08950,0.37240,0.08080,0.92250,0.08090,1.19590,0.08120,1.16310,0.11040,0.10400,1.33230,0.10260,0.15050,0.28480,1.29060,0.77090,0.10530,1.00930,1.24370,0.82190,0.10840,0.09220,1.14560,0.09180,0.13040,0.20350,1.09370,0.45310,0.10260,0.70330,1.12830,0.09410,0.10710,0.09290,0.88810,0.09510,0.11140,0.09270,0.79630,0.08920,0.09370,0.08270,0.80820,0.60410,0.08250,1.06390,0.08310,0.09670,0.08730,0.32070,0.08050,0.76810,0.08250,0.10310,0.08170,0.45300,0.25320,0.91040,0.36010,0.09430,0.13700,0.28610,0.09720,0.62700,0.23490,0.09850,0.10280,0.29050,0.19740,0.54140,0.28150,0.09020,0.15830,0.18850,0.09110,0.40760,0.19390,0.09270,0.10070,0.08300,0.14480,0.08190,0.19120,0.08110,0.09890,0.08270,0.08730,0.09380,0.14330,0.12070,0.11580
0:28:29,1.35340,0.09400,0.12860,0.08130,0.11230,0.08960,0.39450,0.08100,0.96550,0.08110,1.23590,0.08130,1.19520,0.11210,0.10530,1.34860,0.10410,0.15460,0.29680,1.31400,0.80540,0.10680,1.05060,1.27590,0.85460,0.10960,0.09300,1.18170,0.09250,0.13420,0.21160,1.13590,0.47780,0.10320,0.73980,1.16570,0.09420,0.10750,0.09300,0.92320,0.09480,0.11330,0.09290,0.83250,0.09460,0.09460,0.08280,0.85000,0.62900,0.08260,1.10190,0.08330,0.09760,0.08750,0.33930,0.08080,0.80120,0.08260,0.10430,0.08190,0.47320,0.24750,0.94440,0.37610,0.09500,0.13980,0.29920,0.09810,0.66120,0.24770,0.09930,0.10420,0.30270,0.20440,0.56470,0.29240,0.09060,0.16040,0.19690,0.09180,0.42670,0.19980,0.09320,0.10190,0.08320,0.14850,0.08200,0.19820,0.08110,0.10030,0.08110,0.08780,0.09390,0.14750,0.11940,0.11640
0:30:09,1.36400,0.09410,0.13070,0.08130,0.11420,0.08970,0.41680,0.08090,1.00290,0.08120,1.26950,0.08140,1.22380,0.11370,0.10660,1.36180,0.10530,0.15860,0.31100,1.33120,0.83880,0.10880,1.08920,1.30210,0.88630,0.11060,0.09360,1.21370,0.09320,0.13740,0.21920,1.17340,0.50220,0.10440,0.77520,1.19770,0.09390,0.10770,0.09260,0.95530,0.09460,0.11500,0.09300,0.86520,0.08940,0.09550,0.08280,0.88950,0.65360,0.08260,1.13550,0.08320,0.09810,0.09540,0.35770,0.08070,0.83460,0.08260,0.10520,0.08210,0.49370,0.26410,0.97470,0.39220,0.09560,0.14260,0.31210,0.09910,0.69340,0.26110,0.09990,0.10550,0.31480,0.21140,0.58900,0.30430,0.09080,0.16130,0.20470,0.09220,0.44560,0.20780,0.09360,0.10220,0.08190,0.15210,0.08190,0.20500,0.08100,0.10120,0.08070,0.08810,0.09370,0.15140,0.11990,0.11630
0:31:49,1.37400,0.09420,0.13290,0.08140,0.11640,0.08970,0.43880,0.08090,1.03830,0.08140,1.29850,0.08160,1.24630,0.11530,0.10800,1.37100,0.10670,0.16280,0.32690,1.34440,0.87140,0.10970,1.12220,1.32240,0.91650,0.11170,0.09430,1.24070,0.09400,0.13990,0.22720,1.20430,0.52760,0.10630,0.80860,1.22520,0.09380,0.10800,0.09250,0.98520,0.09450,0.11680,0.09300,0.89630,0.09570,0.09650,0.08300,0.92440,0.67840,0.08250,1.16670,0.08330,0.09900,0.08310,0.37530,0.08100,0.86900,0.08280,0.10640,0.08230,0.51200,0.28050,1.00470,0.40800,0.09620,0.14530,0.32460,0.10020,0.72270,0.27230,0.10070,0.10670,0.32650,0.21850,0.61420,0.31580,0.09100,0.16310,0.21240,0.09290,0.46310,0.21630,0.09400,0.10290,0.07700,0.15590,0.08200,0.21160,0.08110,0.10220,0.08080,0.08850,0.09350,0.15530,0.11850,0.11670
0:33:29,1.37870,0.09440,0.13490,0.08150,0.11890,0.08970,0.45910,0.08100,1.06960,0.08150,1.32140,0.08160,1.26440,0.11670,0.10930,1.37700,0.10800,0.16720,0.34300,1.35210,0.90290,0.11150,1.15130,1.33720,0.94610,0.11270,0.09500,1.26190,0.09470,0.14250,0.23560,1.22930,0.55250,0.10930,0.84020,1.24960,0.09390,0.10830,0.09210,1.01400,0.09430,0.11860,0.09300,0.92840,0.08910,0.09790,0.08320,0.95690,0.70220,0.08230,1.19340,0.08330,0.09990,0.08260,0.39310,0.08130,0.90060,0.08290,0.10750,0.08250,0.53010,0.27480,1.03340,0.42340,0.09680,0.14810,0.33760,0.10080,0.75090,0.28550,0.10130,0.10800,0.33790,0.22540,0.63940,0.32690,0.09140,0.16440,0.22000,0.09380,0.48060,0.22540,0.09440,0.10370,0.07700,0.15930,0.08190,0.21820,0.08100,0.10320,0.08080,0.08890,0.09340,0.15920,0.11740,0.11630
0:35:09,1.38280,0.09460,0.13710,0.08150,0.12100,0.08980,0.47740,0.08100,1.10020,0.08170,1.33820,0.08180,1.28010,0.11830,0.11070,1.37990,0.10940,0.17210,0.35830,1.35680,0.93360,0.11290,1.17810,1.34660,0.97400,0.11380,0.09570,1.27900,0.09540,0.14550,0.23520,1.25040,0.57570,0.10880,0.87060,1.26910,0.09380,0.10850,0.09200,1.04010,0.09430,0.12050,0.09320,0.95810,0.09520,0.09880,0.08340,0.98700,0.72560,0.08230,1.21500,0.08340,0.10080,0.08330,0.41020,0.08160,0.93070,0.08300,0.10860,0.08280,0.54810,0.29160,1.06030,0.43860,0.09740,0.15090,0.35080,0.10180,0.77860,0.29600,0.10230,0.10900,0.34910,0.23250,0.66380,0.33840,0.09180,0.16570,0.22740,0.09520,0.49900,0.23240,0.09490,0.10440,0.07700,0.16290,0.08190,0.22470,0.08120,0.10410,0.08080,0.08930,0.09330,0.16330,0.11620,0.11620
0:36:49,1.38260,0.09490,0.13930,0.08170,0.12290,0.08980,0.49430,0.08120,1.12710,0.08200,1.34670,0.08200,1.29270,0.11980,0.11200,1.38010,0.11070,0.17720,0.37240,1.35710,0.96190,0.11460,1.20190,1.34930,1.00070,0.11490,0.09640,1.29210,0.09620,0.14870,0.23930,1.26730,0.60020,0.11030,0.89980,1.28530,0.09380,0.10890,0.09190,1.06710,0.09420,0.12230,0.09330,0.98710,0.08940,0.09970,0.08360,1.01630,0.74890,0.08240,1.23480,0.08350,0.10180,0.08800,0.42590,0.08200,0.96010,0.08320,0.11000,0.08300,0.56620,0.30720,1.08700,0.45390,0.09810,0.15370,0.36400,0.10280,0.80530,0.30670,0.10300,0.11060,0.36030,0.23940,0.68780,0.34950,0.09210,0.16700,0.23460,0.09690,0.51580,0.24100,0.09860,0.10510,0.07700,0.16660,0.08210,0.23120,0.08130,0.10530,0.08090,0.08970,0.09320,0.16820,0.11640,0.11670
0:38:29,1.38030,0.09490,0.14140,0.08170,0.12490,0.08970,0.50990,0.08120,1.15080,0.08210,1.35030,0.08200,1.30310,0.12110,0.11330,1.37680,0.11200,0.18180,0.38600,1.35420,0.98900,0.11620,1.22280,1.35060,1.02570,0.11600,0.09720,1.30190,0.09690,0.15190,0.24660,1.28230,0.62390,0.11180,0.92740,1.29820,0.09390,0.10920,0.09190,1.09330,0.09410,0.12410,0.09350,1.01290,0.08790,0.10050,0.08370,1.04280,0.77150,0.08230,1.25130,0.08350,0.10260,0.08810,0.44110,0.08240,0.98690,0.08330,0.11110,0.08320,0.58410,0.30150,1.11100,0.46920,0.09880,0.15660,0.37660,0.10360,0.83150,0.31670,0.10390,0.11140,0.37110,0.24600,0.71030,0.36080,0.09250,0.16880,0.24170,0.09790,0.53290,0.24880,0.09570,0.10550,0.07700,0.17010,0.08200,0.23750,0.08130,0.10640,0.08100,0.09010,0.09290,0.17250,0.11580,0.11590
0:40:09,1.37830,0.09500,0.14380,0.08190,0.12710,0.09000,0.52760,0.08130,1.17080,0.08240,1.35260,0.08220,1.31140,0.12270,0.11470,1.37300,0.11340,0.18670,0.39950,1.35130,1.01430,0.11800,1.24110,1.35180,1.04970,0.11710,0.09840,1.30910,0.09780,0.15510,0.25460,1.29440,0.64510,0.11350,0.95420,1.30980,0.09400,0.10950,0.09170,1.11660,0.09410,0.12600,0.09370,1.03770,0.08960,0.10150,0.08420,1.06840,0.79430,0.08250,1.26470,0.08360,0.10360,0.09610,0.45630,0.08280,1.01330,0.08360,0.11240,0.08370,0.60220,0.31840,1.13440,0.48440,0.09960,0.15940,0.38890,0.10440,0.85650,0.32780,0.10470,0.11280,0.38250,0.25270,0.73210,0.37200,0.09280,0.17060,0.24880,0.09870,0.55040,0.25670,0.09080,0.10640,0.07700,0.17370,0.08210,0.24400,0.08150,0.10740,0.08110,0.09050,0.09310,0.17670,0.11400,0.11610
0:41:49,1.37460,0.09510,0.14600,0.08190,0.12890,0.09000,0.54700,0.08130,1.18870,0.08260,1.35400,0.08240,1.31730,0.12410,0.11600,1.36770,0.11480,0.19130,0.41210,1.34750,1.03790,0.11960,1.25670,1.35170,1.07230,0.11810,0.09960,1.31460,0.09860,0.15830,0.26240,1.30370,0.66550,0.11500,0.97930,1.31860,0.09400,0.10990,0.09150,1.13950,0.09420,0.12780,0.09390,1.06020,0.09580,0.10230,0.08450,1.09210,0.81550,0.08250,1.27600,0.08370,0.10450,0.08380,0.47120,0.08300,1.03800,0.08380,0.11370,0.08400,0.61940,0.33360,1.15500,0.49940,0.10040,0.16250,0.40100,0.10540,0.88060,0.33850,0.10570,0.11380,0.39360,0.25900,0.75270,0.38320,0.09320,0.17190,0.25590,0.09930,0.56750,0.26420,0.09690,0.10710,0.07710,0.17730,0.08210,0.25030,0.08150,0.10850,0.08120,0.09100,0.09300,0.18090,0.11370,0.11590
0:43:29,1.37040,0.09520,0.14820,0.08210,0.13080,0.09000,0.56480,0.08130,1.20430,0.08290,1.35520,0.08230,1.32210,0.12550,0.11740,1.36280,0.11620,0.19590,0.42390,1.34470,1.05980,0.12150,1.27000,1.35100,1.09320,0.11910,0.10090,1.31860,0.09940,0.16140,0.27010,1.31130,0.68560,0.11660,1.00390,1.32590,0.09410,0.11060,0.09150,1.15920,0.09430,0.13710,0.09410,1.08080,0.09030,0.10330,0.08490,1.11480,0.83660,0.08260,1.28600,0.08390,0.10550,0.08350,0.48610,0.08340,1.06070,0.08400,0.11520,0.08440,0.63680,0.33700,1.17520,0.51430,0.10130,0.16520,0.41330,0.10650,0.89490,0.34930,0.10660,0.11510,0.40460,0.26550,0.77350,0.39400,0.09340,0.17350,0.26290,0.09980,0.58470,0.27180,0.09190,0.10770,0.07710,0.18080,0.08220,0.25670,0.08160,0.10950,0.08120,0.09140,0.09290,0.18500,0.11260,0.11590
0:45:09,1.36630,0.09530,0.15040,0.08220,0.13280,0.08990,0.58210,0.08140,1.21870,0.08310,1.35570,0.08260,1.32560,0.12710,0.11880,1.35730,0.11760,0.20050,0.43490,1.34100,1.08020,0.12410,1.28190,1.34950,1.11320,0.12020,0.10200,1.32100,0.10030,0.16480,0.27780,1.31810,0.70580,0.11820,1.02770,1.33110,0.09420,0.11080,0.09130,1.17840,0.09440,0.13970,0.09430,1.10010,0.09650,0.10440,0.08540,1.13560,0.85750,0.08280,1.29510,0.08400,0.10660,0.08430,0.50080,0.08370,1.08250,0.08430,0.11690,0.08490,0.65360,0.35120,1.19310,0.52890,0.10210,0.16820,0.42540,0.10760,0.92750,0.35990,0.10770,0.11620,0.41560,0.27220,0.79400,0.40530,0.09370,0.17500,0.27000,0.10050,0.60190,0.27940,0.09810,0.10840,0.07710,0.18460,0.08220,0.26300,0.08190,0.11070,0.08140,0.09180,0.09280,0.18910,0.11290,0.11590
0:46:49,1.36050,0.09540,0.15240,0.08240,0.13460,0.08990,0.59850,0.08150,1.23080,0.08360,1.35570,0.08280,1.32800,0.12850,0.12010,1.35280,0.11900,0.20510,0.44590,1.33820,1.09910,0.12610,1.29150,1.34720,1.13180,0.12120,0.10290,1.32200,0.10130,0.16810,0.28560,1.32210,0.72560,0.12010,1.05040,1.33560,0.09420,0.11120,0.09130,1.19600,0.09450,0.14220,0.09460,1.11940,0.09110,0.10550,0.08620,1.15510,0.87740,0.08280,1.30180,0.08410,0.10770,0.08920,0.51540,0.08430,1.10380,0.08470,0.11820,0.08550,0.67060,0.35480,1.20910,0.54340,0.10290,0.17120,0.43760,0.10870,0.93870,0.37060,0.10870,0.11740,0.42630,0.27880,0.81440,0.41640,0.09390,0.17660,0.27700,0.10110,0.61810,0.28700,0.09320,0.10910,0.07700,0.18820,0.08220,0.26930,0.08210,0.11180,0.08140,0.09230,0.09250,0.19330,0.11160,0.11580
0:48:29,1.35520,0.09560,0.15490,0.08270,0.13660,0.09020,0.61550,0.08170,1.24200,0.08450,1.35540,0.08330,1.32970,0.13020,0.12160,1.34770,0.12070,0.20990,0.45770,1.33440,1.11780,0.12870,1.30070,1.34420,1.14910,0.12240,0.10400,1.32180,0.10240,0.17180,0.29370,1.32530,0.74580,0.12250,1.07260,1.33930,0.09430,0.11170,0.09130,1.21170,0.09490,0.14460,0.09530,1.13740,0.09860,0.10730,0.08760,1.17330,0.89730,0.08320,1.30730,0.08440,0.10880,0.09770,0.53020,0.08530,1.12240,0.08540,0.12030,0.08660,0.68710,0.36880,1.22390,0.55780,0.10380,0.17430,0.45000,0.11020,0.97100,0.38150,0.11030,0.11880,0.43710,0.28530,0.83410,0.42690,0.09420,0.17870,0.28420,0.10190,0.63420,0.29470,0.09970,0.10960,0.07710,0.19190,0.08230,0.27550,0.08230,0.11310,0.08170,0.09300,0.09270,0.19760,0.11140,0.11620
0:50:09,1.34900,0.09600,0.15740,0.08310,0.13870,0.09040,0.63200,0.08200,1.25140,0.08570,1.35430,0.08390,1.33020,0.13200,0.12320,1.34380,0.12260,0.21490,0.47000,1.33170,1.13550,0.13150,1.30860,1.34130,1.16560,0.12360,0.10480,1.32150,0.10390,0.17550,0.30200,1.32730,0.76590,0.12510,1.09390,1.34220,0.09450,0.11250,0.09140,1.22620,0.09550,0.14710,0.09600,1.15530,0.09360,0.10940,0.08930,1.19060,0.91630,0.08340,1.31120,0.08470,0.11030,0.08580,0.54490,0.08640,1.14020,0.08640,0.12220,0.08770,0.70330,0.37280,1.23810,0.57220,0.10480,0.17760,0.46230,0.11190,0.98040,0.39230,0.11190,0.12030,0.44790,0.29200,0.85370,0.43800,0.09460,0.18010,0.29140,0.10280,0.65040,0.30250,0.09520,0.11060,0.07710,0.19570,0.08240,0.28200,0.08250,0.11430,0.08190,0.09390,0.09300,0.20210,0.11150,0.11610
0:51:49,1.34390,0.09630,0.15990,0.08340,0.14070,0.09070,0.64860,0.08220,1.25980,0.08660,1.35320,0.08470,1.33050,0.13380,0.12480,1.34010,0.12440,0.21980,0.48250,1.32810,1.15210,0.13420,1.31490,1.33870,1.18030,0.12480,0.10520,1.31980,0.10520,0.17920,0.31030,1.32830,0.78550,0.12760,1.11410,1.34440,0.09460,0.11300,0.09150,1.24030,0.09610,0.14960,0.09660,1.17050,0.10120,0.11130,0.09070,1.20630,0.93450,0.08370,1.31480,0.08500,0.11150,0.08560,0.55930,0.08750,1.15820,0.08740,0.12460,0.08900,0.71930,0.38660,1.25090,0.58660,0.10590,0.18080,0.47460,0.11350,1.01160,0.40310,0.11350,0.12180,0.45850,0.29860,0.87210,0.44920,0.09500,0.18180,0.29860,0.10390,0.66640,0.31020,0.10180,0.11120,0.07710,0.19940,0.08260,0.28830,0.08260,0.11560,0.08220,0.09460,0.09320,0.20650,0.11170,0.11610
0:53:29,1.33900,0.09680,0.16250,0.08400,0.14280,0.09090,0.66490,0.08270,1.26720,0.08830,1.35230,0.08610,1.32960,0.13560,0.12650,1.33610,0.12670,0.22520,0.49530,1.32530,1.16730,0.13730,1.32050,1.33500,1.19440,0.12610,0.10590,1.31920,0.10710,0.18340,0.31900,1.32830,0.80500,0.13060,1.13360,1.34590,0.09480,0.11370,0.09180,1.25220,0.09720,0.15270,0.09800,1.18550,0.09690,0.11390,0.09280,1.22120,0.95290,0.08420,1.31730,0.08570,0.11320,0.08710,0.57410,0.08930,1.17440,0.08890,0.12720,0.09090,0.73490,0.39070,1.26240,0.60070,0.10710,0.18430,0.48700,0.11570,1.01870,0.41450,0.11990,0.12340,0.46920,0.30530,0.89060,0.46000,0.09550,0.18400,0.30600,0.10520,0.68260,0.31830,0.09790,0.11200,0.07720,0.20310,0.08260,0.29470,0.08290,0.11690,0.08260,0.09570,0.09360,0.21110,0.11160,0.11590
0:55:09,1.33440,0.09730,0.16490,0.08450,0.14490,0.09120,0.68110,0.08290,1.27440,0.09010,1.35140,0.08750,1.32840,0.13750,0.12830,1.33220,0.12890,0.23050,0.50810,1.32160,1.18200,0.14070,1.32510,1.33210,1.20720,0.12740,0.10640,1.31870,0.10890,0.18750,0.32770,1.32890,0.82420,0.13530,1.15210,1.34660,0.09490,0.11440,0.09200,1.26290,0.09820,0.15620,0.09940,1.19890,0.10510,0.11660,0.09490,1.23480,0.97010,0.08460,1.31800,0.08620,0.11480,0.09290,0.58870,0.09090,1.18900,0.09050,0.13000,0.09270,0.75060,0.40410,1.27220,0.61450,0.10820,0.18770,0.49920,0.11780,1.04970,0.42570,0.11810,0.12500,0.47960,0.31190,0.90810,0.47080,0.09590,0.18590,0.31310,0.10670,0.69790,0.32600,0.10450,0.11250,0.07720,0.20670,0.08270,0.30100,0.08310,0.11820,0.08290,0.09660,0.09390,0.21540,0.11070,0.11570
0:56:49,1.33000,0.09780,0.16730,0.08490,0.14700,0.09150,0.69680,0.08340,1.27860,0.09170,1.34990,0.08870,1.32700,0.13940,0.13000,1.32880,0.13090,0.23570,0.52060,1.31870,1.19500,0.14390,1.32850,1.32870,1.21890,0.12890,0.10740,1.31740,0.11060,0.19170,0.33620,1.32770,0.84270,0.13840,1.16950,1.34700,0.09510,0.11540,0.09220,1.27240,0.09930,0.15900,0.10080,1.21180,0.10080,0.11930,0.09680,1.24700,0.98680,0.08530,1.31930,0.08690,0.11660,0.10230,0.60350,0.09250,1.20340,0.09200,0.13250,0.09430,0.76560,0.40860,1.28150,0.62840,0.10960,0.19120,0.51150,0.12010,1.05500,0.43690,0.11800,0.12660,0.49010,0.31860,0.92510,0.48130,0.09640,0.18770,0.32030,0.10820,0.71340,0.33390,0.10090,0.11350,0.07720,0.21040,0.08280,0.30730,0.08330,0.11960,0.08320,0.09770,0.09450,0.22000,0.11000,0.11580
0:58:29,1.32630,0.09830,0.16960,0.08540,0.14910,0.09180,0.71180,0.08370,1.28180,0.09310,1.34800,0.08930,1.32440,0.14120,0.13160,1.32490,0.13290,0.24080,0.53290,1.31540,1.20730,0.14690,1.33110,1.32540,1.22940,0.13020,0.10830,1.31560,0.11220,0.19580,0.34460,1.32730,0.86070,0.14110,1.18550,1.34620,0.09530,0.11610,0.09250,1.28060,0.10030,0.16170,0.10190,1.22330,0.10900,0.12160,0.09850,1.25760,1.00370,0.08580,1.31970,0.08750,0.11820,0.09080,0.61780,0.09390,1.21630,0.09320,0.13490,0.09560,0.78060,0.42190,1.28930,0.64200,0.11080,0.19470,0.52360,0.12210,1.08460,0.44710,0.12230,0.12770,0.50060,0.32520,0.94140,0.49180,0.09670,0.18960,0.32750,0.10960,0.72840,0.34150,0.10730,0.11400,0.07720,0.21400,0.08290,0.31350,0.08350,0.12100,0.08360,0.09860,0.09480,0.22440,0.10960,0.11530
1:00:09,1.32370,0.09880,0.17190,0.08600,0.15120,0.09210,0.72650,0.08410,1.28490,0.09440,1.34600,0.09010,1.32250,0.14320,0.13340,1.32080,0.13500,0.24590,0.54500,1.31210,1.21800,0.14980,1.33250,1.32240,1.23920,0.13180,0.10960,1.31400,0.11400,0.19990,0.35290,1.32550,0.87840,0.14390,1.20000,1.34550,0.09560,0.11700,0.09280,1.28860,0.10150,0.16450,0.10310,1.23350,0.10430,0.12360,0.10000,1.26730,1.01960,0.08650,1.31930,0.08830,0.12000,0.09040,0.63190,0.09530,1.22710,0.09450,0.13710,0.09680,0.79540,0.42620,1.29600,0.65540,0.11220,0.19830,0.53570,0.12410,1.10010,0.45860,0.12830,0.12910,0.51110,0.33200,0.95750,0.50220,0.09730,0.19180,0.33470,0.11110,0.74350,0.34930,0.10350,0.11490,0.07730,0.21770,0.08310,0.31970,0.08390,0.12240,0.08400,0.09960,0.09510,0.22880,0.10940,0.11540

