420

Time,A1,A2,A3,A4,A5,A6,A7,A8,A9,A10,A11,A12,B1,B2,B3,B4,B5,B6,B7,B8,B9,B10,B11,B12,C1,C2,C3,C4,C5,C6,C7,C8,C9,C10,C11,C12,D1,D2,D3,D4,D5,D6,D7,D8,D9,D10,D11,D12,E1,E2,E3,E4,E5,E6,E7,E8,E9,E10,E11,E12,F1,F2,F3,F4,F5,F6,F7,F8,F9,F10,F11,F12,G1,G2,G3,G4,G5,G6,G7,G8,G9,G10,G11,G12,H1,H2,H3,H4,H5,H6,H7,H8,H9,H10,H11,H12
0:00:34,0.10570,0.07670,0.08070,0.07660,0.07820,0.07730,0.07890,0.07720,0.07880,0.07840,0.07910,0.07690,0.09110,0.07900,0.08000,0.07790,0.07790,0.07820,0.07860,0.07790,0.07870,0.07840,0.07880,0.08090,0.08450,0.07810,0.07830,0.07810,0.07950,0.07830,0.07760,0.07820,0.07720,0.07820,0.07740,0.08090,0.07620,0.07710,0.07720,0.07740,0.07760,0.07730,0.07650,0.07680,0.07640,0.07760,0.07740,0.08140,0.08590,0.07620,0.07850,0.07760,0.08230,0.07770,0.07850,0.07650,0.07790,0.07670,0.08530,0.07670,0.08320,0.07750,0.07840,0.09800,0.08020,0.07880,0.07880,0.07740,0.07780,0.08150,0.08180,0.07970,0.08090,0.07760,0.07860,0.09410,0.08040,0.07780,0.07820,0.07810,0.07730,0.08080,0.08070,0.08010,0.07670,0.07680,0.07660,0.08870,0.07710,0.07760,0.07730,0.07700,0.07710,0.07960,0.07830,0.07890
0:10:33,0.15910,0.07620,0.08690,0.07600,0.07750,0.07680,0.07750,0.07680,0.07850,0.07790,0.08000,0.07640,0.12350,0.08050,0.08350,0.07740,0.07740,0.07790,0.07780,0.07790,0.07850,0.07830,0.07950,0.08220,0.10060,0.07880,0.07990,0.07710,0.07930,0.07820,0.07700,0.07830,0.07690,0.07800,0.07760,0.08180,0.07580,0.07720,0.07680,0.07670,0.07690,0.07720,0.07590,0.07660,0.07600,0.07730,0.07690,0.08080,0.10390,0.07570,0.07890,0.07700,0.09160,0.07730,0.07860,0.07610,0.07760,0.07630,0.11300,0.07630,0.09530,0.07710,0.07870,0.15020,0.08630,0.07820,0.07840,0.07730,0.07760,0.09900,0.10250,0.08490,0.08690,0.07720,0.07860,0.12950,0.08300,0.07760,0.07780,0.07790,0.07700,0.09010,0.09030,0.08280,0.07630,0.07640,0.07610,0.10860,0.07630,0.07720,0.07660,0.07650,0.07660,0.08550,0.07770,0.07960
0:20:34,0.21920,0.07610,0.09450,0.07600,0.07770,0.07680,0.07790,0.07670,0.07940,0.07790,0.08280,0.07630,0.16160,0.08280,0.08920,0.07760,0.07710,0.07840,0.07770,0.07880,0.07870,0.07900,0.08140,0.08670,0.11950,0.08040,0.08250,0.07740,0.07920,0.07840,0.07700,0.07890,0.07690,0.07790,0.07860,0.08400,0.07560,0.07790,0.07670,0.07690,0.07670,0.07720,0.07570,0.07670,0.07610,0.07740,0.07680,0.08180,0.12620,0.07560,0.08090,0.07680,0.10340,0.07710,0.07950,0.07590,0.07840,0.07630,0.14580,0.07610,0.10970,0.07830,0.07990,0.21150,0.09440,0.07850,0.07890,0.07790,0.07800,0.11940,0.12810,0.08980,0.09450,0.07710,0.07970,0.16960,0.08720,0.07750,0.07800,0.07800,0.07720,0.10420,0.10180,0.08680,0.07610,0.07660,0.07590,0.13080,0.07610,0.07700,0.07640,0.07670,0.07640,0.09270,0.07760,0.08110
0:30:34,0.28150,0.07620,0.10240,0.07600,0.07840,0.07650,0.07880,0.07630,0.08030,0.07830,0.08600,0.07640,0.20120,0.08590,0.09470,0.07830,0.07730,0.07930,0.07780,0.07990,0.07920,0.07980,0.08350,0.09410,0.13960,0.08220,0.08540,0.07780,0.07940,0.07900,0.07740,0.07990,0.07730,0.07850,0.07970,0.08790,0.07610,0.07910,0.07670,0.07690,0.07670,0.07720,0.07610,0.07730,0.07690,0.07760,0.07720,0.08390,0.14840,0.07580,0.08270,0.07690,0.11620,0.07710,0.08040,0.07610,0.07950,0.07650,0.18100,0.07630,0.12450,0.07870,0.08140,0.27370,0.10230,0.07880,0.07910,0.07820,0.07850,0.14290,0.15380,0.09520,0.10280,0.07740,0.08060,0.21060,0.09160,0.07780,0.07820,0.07830,0.07760,0.11840,0.11450,0.09160,0.07610,0.07660,0.07600,0.15460,0.07610,0.07700,0.07630,0.07660,0.08240,0.10100,0.07780,0.08280
0:40:34,0.34290,0.07660,0.11160,0.07650,0.07910,0.07710,0.07970,0.07690,0.08210,0.08000,0.09190,0.07620,0.24090,0.08920,0.10140,0.07950,0.07850,0.08080,0.07910,0.08220,0.08110,0.08150,0.08710,0.10440,0.16050,0.08450,0.08930,0.07880,0.08000,0.08000,0.07830,0.08170,0.07880,0.08050,0.08190,0.09380,0.07790,0.08050,0.07760,0.07780,0.07760,0.07810,0.07670,0.07880,0.07900,0.07920,0.07880,0.08870,0.17180,0.07680,0.08560,0.07790,0.12990,0.07790,0.08120,0.07720,0.08170,0.07790,0.21930,0.07760,0.13970,0.07990,0.08400,0.33430,0.11030,0.07970,0.07950,0.07950,0.08020,0.16690,0.18130,0.10140,0.11110,0.07830,0.08180,0.25290,0.09610,0.07870,0.07830,0.07930,0.07900,0.13370,0.12910,0.09710,0.07590,0.07700,0.07640,0.18000,0.07650,0.07750,0.07620,0.07730,0.08260,0.10920,0.07810,0.08490
0:50:34,0.40430,0.07800,0.12170,0.07800,0.08120,0.07880,0.08220,0.07880,0.08540,0.08350,0.09850,0.07620,0.28090,0.09350,0.10960,0.08240,0.08100,0.08410,0.08210,0.08600,0.08470,0.08480,0.09270,0.11440,0.18300,0.08780,0.09470,0.08140,0.08200,0.08280,0.08100,0.08540,0.08210,0.08380,0.08600,0.10030,0.08130,0.08290,0.07990,0.08080,0.08000,0.08050,0.07890,0.08200,0.08200,0.08270,0.08160,0.09520,0.19480,0.07910,0.09000,0.08080,0.14520,0.08030,0.08210,0.07980,0.08540,0.08130,0.25920,0.08040,0.15510,0.08190,0.08780,0.39500,0.11890,0.08180,0.08030,0.08240,0.08340,0.19340,0.20990,0.10870,0.11960,0.08010,0.08440,0.29640,0.10120,0.08090,0.07860,0.08150,0.08200,0.14930,0.14500,0.10300,0.07590,0.07790,0.07780,0.20620,0.07760,0.07880,0.07640,0.07870,0.08310,0.11740,0.07870,0.08680
1:00:34,0.45940,0.08000,0.13200,0.08020,0.08400,0.08140,0.08520,0.08090,0.08900,0.08710,0.10460,0.07630,0.31910,0.09820,0.11830,0.08580,0.08410,0.08750,0.08530,0.08990,0.08860,0.08790,0.09740,0.12440,0.20490,0.09170,0.10080,0.08450,0.08490,0.08590,0.08410,0.08920,0.08560,0.08680,0.08990,0.10660,0.08480,0.08590,0.08270,0.08430,0.08300,0.08350,0.08180,0.08560,0.08460,0.08610,0.08380,0.09890,0.21720,0.08170,0.09460,0.08450,0.16090,0.08330,0.08360,0.08260,0.08910,0.08470,0.29670,0.08260,0.17060,0.08430,0.09190,0.45290,0.12760,0.08450,0.08130,0.08530,0.08660,0.21960,0.23660,0.11580,0.12780,0.08240,0.08760,0.33900,0.10700,0.08330,0.07920,0.08380,0.08480,0.16450,0.15980,0.10810,0.07580,0.07920,0.07960,0.23170,0.07930,0.08050,0.07670,0.08040,0.08410,0.12560,0.07930,0.08890
1:10:34,0.51160,0.08230,0.14170,0.08240,0.08640,0.08380,0.08820,0.08310,0.09270,0.09140,0.11210,0.07630,0.35630,0.10260,0.12610,0.08870,0.08690,0.09060,0.08820,0.09370,0.09230,0.09090,0.10220,0.13360,0.22600,0.09530,0.10630,0.08710,0.08750,0.08880,0.08690,0.09280,0.08890,0.08950,0.09340,0.11270,0.08740,0.08880,0.08510,0.08710,0.08560,0.08610,0.08440,0.08870,0.08740,0.08910,0.08560,0.10380,0.23930,0.08390,0.09870,0.08740,0.17560,0.08580,0.08520,0.08510,0.09250,0.08730,0.33310,0.08460,0.18560,0.08630,0.09560,0.50710,0.13610,0.08680,0.08250,0.08780,0.08930,0.24380,0.26220,0.12270,0.13570,0.08430,0.09030,0.37920,0.11270,0.08530,0.07980,0.08580,0.08720,0.17970,0.17410,0.11370,0.07580,0.08040,0.08140,0.25630,0.08080,0.08200,0.07710,0.08190,0.08520,0.13380,0.08010,0.09090
1:20:34,0.56160,0.08390,0.15090,0.08390,0.08830,0.08570,0.09050,0.08480,0.09600,0.09470,0.11830,0.07630,0.39200,0.10650,0.13330,0.09100,0.08920,0.09330,0.09060,0.09690,0.09550,0.09350,0.10640,0.14360,0.24590,0.09850,0.11110,0.08930,0.08950,0.09120,0.08920,0.09600,0.09160,0.09220,0.09680,0.11900,0.08950,0.09110,0.08700,0.08940,0.08770,0.08820,0.08660,0.09140,0.08910,0.09190,0.08700,0.10830,0.26080,0.08580,0.10240,0.08990,0.18960,0.08780,0.08700,0.08730,0.09530,0.08970,0.36770,0.08610,0.20040,0.08790,0.09890,0.55750,0.14480,0.08880,0.08400,0.08990,0.09160,0.26680,0.28740,0.12910,0.14340,0.08600,0.09250,0.41710,0.11840,0.08720,0.08060,0.08750,0.08920,0.19470,0.18760,0.11840,0.07580,0.08160,0.08280,0.27970,0.08210,0.08340,0.07750,0.08330,0.08610,0.14190,0.08080,0.09280
1:30:34,0.60760,0.08550,0.15990,0.08520,0.09010,0.08740,0.09250,0.08640,0.09890,0.09810,0.12390,0.07640,0.42630,0.11030,0.14030,0.09320,0.09140,0.09560,0.09270,0.10000,0.09820,0.09590,0.11060,0.15300,0.26500,0.10140,0.11560,0.09120,0.09130,0.09330,0.09130,0.09900,0.09410,0.09480,0.09980,0.12470,0.09130,0.09320,0.08880,0.09150,0.08950,0.09010,0.08840,0.09410,0.09060,0.09420,0.08810,0.11310,0.28190,0.08740,0.10590,0.09190,0.20310,0.08960,0.08860,0.08930,0.09830,0.09160,0.40080,0.08730,0.21470,0.08960,0.10200,0.60360,0.15330,0.09040,0.08550,0.09180,0.09350,0.28900,0.31150,0.13530,0.15100,0.08740,0.09460,0.45300,0.12390,0.08870,0.08140,0.08900,0.09090,0.20910,0.20060,0.12250,0.07570,0.08250,0.08410,0.30240,0.08330,0.08460,0.07800,0.08440,0.08690,0.14990,0.08130,0.09460
1:40:34,0.64980,0.08730,0.16900,0.08670,0.09230,0.08930,0.09480,0.08820,0.10180,0.10200,0.12960,0.07670,0.45930,0.11380,0.14720,0.09630,0.09390,0.09820,0.09520,0.10370,0.10120,0.09810,0.11450,0.16210,0.28360,0.10430,0.12010,0.09290,0.09320,0.09540,0.09350,0.10230,0.09650,0.09700,0.10270,0.13060,0.09310,0.09520,0.09060,0.09370,0.09120,0.09190,0.09000,0.09700,0.09200,0.09630,0.08910,0.11810,0.30230,0.08910,0.10920,0.09370,0.21600,0.09140,0.09020,0.09140,0.10110,0.09340,0.43230,0.08830,0.22910,0.09130,0.10500,0.64680,0.16150,0.09190,0.08680,0.09360,0.09530,0.31060,0.33490,0.14150,0.15860,0.08870,0.09660,0.48690,0.12920,0.09010,0.08240,0.09050,0.09250,0.22330,0.21310,0.12670,0.07570,0.08340,0.08520,0.32440,0.08420,0.08570,0.07850,0.08560,0.08770,0.15780,0.08170,0.09630
1:50:34,0.68880,0.08910,0.17810,0.08810,0.09450,0.09120,0.09710,0.09030,0.10480,0.10600,0.13600,0.07700,0.49070,0.11740,0.15370,0.09790,0.09640,0.10080,0.09780,0.10720,0.10450,0.10030,0.11840,0.16970,0.30130,0.10710,0.12470,0.09480,0.09510,0.09760,0.09580,0.10570,0.09920,0.09910,0.10540,0.13730,0.09480,0.09720,0.09240,0.09590,0.09300,0.09380,0.09180,0.09990,0.09280,0.09850,0.09040,0.12300,0.32220,0.09070,0.11270,0.09550,0.22890,0.09320,0.09170,0.09370,0.10320,0.09540,0.46340,0.08940,0.24310,0.09270,0.10800,0.68710,0.16970,0.09340,0.08810,0.09560,0.09730,0.33170,0.35810,0.14750,0.16630,0.08990,0.09870,0.51960,0.13410,0.09150,0.08330,0.09210,0.09430,0.23690,0.22560,0.13080,0.07580,0.08440,0.08630,0.34600,0.08530,0.08680,0.07930,0.08680,0.08830,0.16570,0.08230,0.09810
2:00:34,0.72480,0.09100,0.18720,0.08970,0.09670,0.09330,0.09980,0.09270,0.10820,0.10980,0.14230,0.07740,0.52100,0.12090,0.16010,0.10020,0.09890,0.10340,0.10050,0.11070,0.10790,0.10270,0.12220,0.17850,0.31870,0.11000,0.12920,0.09670,0.09690,0.09990,0.09830,0.10900,0.10200,0.10140,0.10800,0.14390,0.09670,0.09920,0.09430,0.09820,0.09490,0.09570,0.09360,0.10260,0.09410,0.10100,0.09140,0.12790,0.34190,0.09240,0.11610,0.09720,0.24160,0.09510,0.09310,0.09580,0.10560,0.09750,0.49330,0.09050,0.25630,0.09420,0.11110,0.72430,0.17770,0.09500,0.08930,0.09770,0.09930,0.35230,0.38090,0.15330,0.17380,0.09120,0.10080,0.55080,0.13900,0.09300,0.08410,0.09350,0.09620,0.25030,0.23770,0.13480,0.07570,0.08520,0.08740,0.36690,0.08630,0.08790,0.07970,0.08810,0.08900,0.17340,0.08280,0.09970
2:10:34,0.75730,0.09280,0.19630,0.09120,0.09880,0.09540,0.10230,0.09460,0.11130,0.11320,0.14820,0.07780,0.54990,0.12430,0.16640,0.10230,0.10120,0.10590,0.10300,0.11390,0.11090,0.10510,0.12610,0.18690,0.33560,0.11280,0.13380,0.09850,0.09870,0.10210,0.10060,0.11200,0.10460,0.10380,0.11060,0.15030,0.09810,0.10110,0.09600,0.10020,0.09670,0.09760,0.09530,0.10520,0.09470,0.10340,0.09230,0.13240,0.36080,0.09390,0.11940,0.09910,0.25420,0.09690,0.09420,0.09770,0.10820,0.09960,0.52220,0.09150,0.26910,0.09550,0.11400,0.75860,0.18540,0.09640,0.09020,0.09970,0.10130,0.37250,0.40310,0.15890,0.18120,0.09230,0.10270,0.58080,0.14370,0.09440,0.08470,0.09520,0.09810,0.26260,0.24950,0.13860,0.07570,0.08590,0.08850,0.38730,0.08710,0.08880,0.08000,0.08930,0.08940,0.18090,0.08310,0.10150
2:20:34,0.78780,0.09460,0.20520,0.09280,0.10080,0.09750,0.10490,0.09670,0.11440,0.11660,0.15400,0.07820,0.57770,0.12770,0.17280,0.10440,0.10350,0.10830,0.10540,0.11730,0.11390,0.10760,0.13010,0.19540,0.35250,0.11570,0.13830,0.10040,0.10050,0.10440,0.10280,0.11490,0.10720,0.10630,0.11340,0.15660,0.09910,0.10300,0.09780,0.10220,0.09860,0.09940,0.09710,0.10760,0.09580,0.10590,0.09330,0.13700,0.37930,0.09540,0.12280,0.10110,0.26670,0.09870,0.09560,0.09970,0.11080,0.10170,0.55010,0.09270,0.28200,0.09690,0.11690,0.79020,0.19330,0.09810,0.09130,0.10170,0.10340,0.39220,0.42490,0.16480,0.18860,0.09360,0.10480,0.60940,0.14830,0.09580,0.08540,0.09680,0.10000,0.27520,0.26140,0.14250,0.07570,0.08680,0.08950,0.40730,0.08800,0.08990,0.08050,0.09060,0.09000,0.18850,0.08360,0.10330
2:30:34,0.81520,0.09590,0.21390,0.09410,0.10250,0.09930,0.10700,0.09850,0.11720,0.11990,0.15930,0.07860,0.60390,0.13090,0.17880,0.10610,0.10560,0.11050,0.10770,0.12030,0.11670,0.10990,0.13380,0.20350,0.36890,0.11840,0.14260,0.10210,0.10230,0.10640,0.10490,0.11770,0.10960,0.10860,0.11600,0.16270,0.09960,0.10490,0.09930,0.10410,0.10030,0.10110,0.09890,0.11000,0.09650,0.10840,0.09410,0.14140,0.39740,0.09670,0.12590,0.10300,0.27890,0.10040,0.09670,0.10150,0.11330,0.10380,0.57670,0.09370,0.29460,0.09830,0.11970,0.81900,0.20090,0.09950,0.09230,0.10360,0.10540,0.41150,0.44630,0.17050,0.19590,0.09470,0.10670,0.63690,0.15290,0.09720,0.08600,0.09830,0.10180,0.28750,0.27290,0.14610,0.07570,0.08760,0.09060,0.42670,0.08890,0.09090,0.08080,0.09180,0.09040,0.19570,0.08380,0.10500
2:40:34,0.83960,0.09700,0.22230,0.09520,0.10410,0.10100,0.10920,0.10030,0.11980,0.12260,0.16430,0.07870,0.62920,0.13400,0.18470,0.10780,0.10740,0.11270,0.10980,0.12330,0.11920,0.11200,0.13730,0.21120,0.38500,0.12100,0.14670,0.10370,0.10370,0.10820,0.10690,0.12040,0.11180,0.11070,0.11860,0.16850,0.09990,0.10660,0.10080,0.10580,0.10180,0.10270,0.10050,0.11230,0.09720,0.11060,0.09490,0.14560,0.41500,0.09800,0.12890,0.10480,0.29090,0.10190,0.09780,0.10320,0.11550,0.10560,0.60220,0.09470,0.30680,0.09940,0.12230,0.84520,0.20840,0.10090,0.09300,0.10530,0.10710,0.43040,0.46700,0.17600,0.20310,0.09570,0.10850,0.66290,0.15740,0.09840,0.08650,0.09960,0.10340,0.29950,0.28420,0.14970,0.07580,0.08830,0.09160,0.44550,0.08960,0.09180,0.08100,0.09290,0.09080,0.20290,0.08410,0.10670
2:50:34,0.86170,0.09800,0.23080,0.09630,0.10580,0.10270,0.11110,0.10200,0.12250,0.12530,0.16940,0.07920,0.65340,0.13700,0.19060,0.10940,0.10940,0.11480,0.11190,0.12610,0.12160,0.11400,0.14090,0.21870,0.40060,0.12360,0.15080,0.10530,0.10520,0.11000,0.10870,0.12290,0.11400,0.11290,0.12110,0.17420,0.10020,0.10830,0.10220,0.10740,0.10340,0.10430,0.10250,0.11450,0.09760,0.11270,0.09550,0.14970,0.43220,0.10000,0.13180,0.10650,0.30260,0.10340,0.09880,0.10490,0.11760,0.10730,0.62680,0.09560,0.31880,0.10070,0.12480,0.86890,0.21570,0.10220,0.09390,0.10690,0.10880,0.44860,0.48680,0.18150,0.21020,0.09670,0.11010,0.68740,0.16170,0.09960,0.08700,0.10080,0.10480,0.31140,0.29530,0.15330,0.07570,0.08890,0.09260,0.46390,0.09030,0.09260,0.08130,0.09390,0.09110,0.21010,0.08430,0.10840
3:00:34,0.88160,0.09900,0.23920,0.09750,0.10730,0.10450,0.11310,0.10370,0.12510,0.12790,0.17410,0.07930,0.67630,0.13990,0.19640,0.11110,0.11130,0.11680,0.11400,0.12900,0.12400,0.11610,0.14440,0.22600,0.41600,0.12610,0.15480,0.10690,0.10680,0.11180,0.11070,0.12550,0.11610,0.11490,0.12360,0.17990,0.10060,0.11000,0.10360,0.10900,0.10500,0.10590,0.10440,0.11670,0.09830,0.11480,0.09620,0.15360,0.44900,0.10120,0.13470,0.10830,0.31430,0.10490,0.09990,0.10640,0.11970,0.10910,0.65010,0.09660,0.33070,0.10180,0.12730,0.88990,0.22300,0.10350,0.09470,0.10850,0.11050,0.46660,0.50640,0.18700,0.21720,0.09770,0.11190,0.71090,0.16610,0.10080,0.08750,0.10210,0.10620,0.32310,0.30630,0.15700,0.07570,0.08960,0.09360,0.48170,0.09110,0.09350,0.08150,0.09490,0.09160,0.21700,0.08450,0.11010
3:10:34,0.89960,0.10000,0.24750,0.09870,0.10900,0.10640,0.11530,0.10560,0.12800,0.13060,0.17900,0.08000,0.69830,0.14300,0.20240,0.11270,0.11320,0.11880,0.11620,0.13190,0.12650,0.11820,0.14800,0.23330,0.43120,0.12870,0.15890,0.10850,0.10830,0.11370,0.11270,0.12810,0.11830,0.11700,0.12620,0.18560,0.10090,0.11170,0.10500,0.11070,0.10650,0.10750,0.10610,0.11890,0.09880,0.11690,0.09700,0.15760,0.46540,0.10250,0.13770,0.11010,0.32580,0.10640,0.10090,0.10820,0.12190,0.11090,0.67250,0.09760,0.34240,0.10310,0.12990,0.90890,0.23030,0.10490,0.09550,0.11020,0.11220,0.48440,0.52550,0.19230,0.22430,0.09870,0.11360,0.73320,0.17050,0.10200,0.08800,0.10340,0.10770,0.33460,0.31710,0.16070,0.07570,0.09030,0.09450,0.49930,0.09200,0.09450,0.08180,0.09600,0.09200,0.22400,0.08480,0.11180
3:20:34,0.91450,0.10090,0.25560,0.09980,0.11050,0.10800,0.11730,0.10740,0.13050,0.13310,0.18370,0.08020,0.71940,0.14580,0.20800,0.11420,0.11490,0.12070,0.11820,0.13460,0.12860,0.12010,0.15140,0.24030,0.44600,0.13120,0.16290,0.11000,0.10980,0.11540,0.11440,0.13050,0.12020,0.11910,0.12850,0.19120,0.10120,0.11330,0.10630,0.11220,0.10800,0.10900,0.10740,0.12120,0.09930,0.11890,0.09760,0.16150,0.48150,0.10350,0.14050,0.11160,0.33710,0.10780,0.10190,0.10980,0.12390,0.11260,0.69440,0.09840,0.35380,0.10420,0.13240,0.92570,0.23740,0.10610,0.09630,0.11180,0.11380,0.50170,0.54410,0.19750,0.23120,0.09960,0.11530,0.75420,0.17470,0.10300,0.08850,0.10460,0.10920,0.34590,0.32790,0.16430,0.07580,0.09090,0.09540,0.51630,0.09280,0.09530,0.08210,0.09700,0.09230,0.23090,0.08500,0.11350
3:30:34,0.92820,0.10170,0.26380,0.10070,0.11180,0.10940,0.11910,0.10890,0.13290,0.13540,0.18820,0.08040,0.73900,0.14860,0.21350,0.11560,0.11650,0.12250,0.12000,0.13700,0.13080,0.12190,0.15470,0.24720,0.46020,0.13360,0.16670,0.11140,0.11130,0.11710,0.11610,0.13280,0.12230,0.12090,0.13100,0.19660,0.10130,0.11480,0.10760,0.11370,0.10940,0.11030,0.10860,0.12300,0.09970,0.12070,0.09820,0.16520,0.49720,0.10460,0.14320,0.11300,0.34810,0.10910,0.10290,0.11110,0.12590,0.11420,0.71470,0.09920,0.36510,0.10530,0.13470,0.94050,0.24450,0.10720,0.09700,0.11320,0.11530,0.51870,0.56210,0.20290,0.23790,0.10040,0.11680,0.77400,0.17890,0.10400,0.08890,0.10570,0.11060,0.35700,0.33840,0.16790,0.07580,0.09150,0.09620,0.53290,0.09340,0.09600,0.08230,0.09790,0.09260,0.23770,0.08510,0.11510
3:40:34,0.93920,0.10250,0.27180,0.10170,0.11320,0.11100,0.12090,0.11050,0.13540,0.13760,0.19260,0.08090,0.75800,0.15150,0.21900,0.11700,0.11820,0.12420,0.12190,0.13950,0.13280,0.12370,0.15790,0.25390,0.47440,0.13600,0.17050,0.11280,0.11260,0.11870,0.11780,0.13490,0.12410,0.12280,0.13330,0.20180,0.10160,0.11650,0.10890,0.11520,0.11080,0.11170,0.10970,0.12500,0.10020,0.12240,0.09880,0.16880,0.51240,0.10560,0.14600,0.11450,0.35910,0.11040,0.10390,0.11270,0.12760,0.11580,0.73460,0.10000,0.37620,0.10630,0.13720,0.95360,0.25150,0.10840,0.09770,0.11460,0.11680,0.53490,0.57980,0.20800,0.24460,0.10120,0.11840,0.79260,0.18310,0.10510,0.08930,0.10690,0.11180,0.36800,0.34860,0.17140,0.07580,0.09210,0.09710,0.54880,0.09410,0.09680,0.08240,0.09890,0.09300,0.24440,0.08540,0.11670
3:50:34,0.94940,0.10340,0.27960,0.10270,0.11460,0.11250,0.12270,0.11210,0.13780,0.13980,0.19690,0.08130,0.77600,0.15440,0.22450,0.11850,0.11970,0.12600,0.12380,0.14200,0.13500,0.12560,0.16110,0.26040,0.48810,0.13850,0.17440,0.11420,0.11400,0.12040,0.11940,0.13710,0.12610,0.12470,0.13570,0.20700,0.10200,0.11800,0.11020,0.11660,0.11230,0.11310,0.11110,0.12690,0.10060,0.12440,0.09950,0.17240,0.52730,0.10660,0.14880,0.11600,0.37000,0.11180,0.10490,0.11410,0.12960,0.11740,0.75310,0.10090,0.38730,0.10720,0.13960,0.96510,0.25840,0.10960,0.09850,0.11620,0.11840,0.55110,0.59680,0.21320,0.25140,0.10200,0.12000,0.81010,0.18730,0.10620,0.08980,0.10810,0.11310,0.37900,0.35900,0.17500,0.07580,0.09270,0.09790,0.56460,0.09490,0.09760,0.08270,0.09980,0.09350,0.25110,0.08550,0.11840
4:00:34,0.95810,0.10430,0.28740,0.10400,0.11600,0.11420,0.12450,0.11380,0.14030,0.14200,0.20210,0.08200,0.79310,0.15730,0.23000,0.12000,0.12130,0.12780,0.12580,0.14450,0.13710,0.12750,0.16430,0.26690,0.50180,0.14100,0.17820,0.11570,0.11550,0.12210,0.12110,0.13940,0.12810,0.12680,0.13810,0.21220,0.10230,0.11970,0.11140,0.11810,0.11380,0.11450,0.11230,0.12890,0.10120,0.12620,0.10020,0.17590,0.54190,0.10770,0.15150,0.11750,0.38070,0.11320,0.10590,0.11570,0.13160,0.11900,0.77110,0.10190,0.39800,0.10840,0.14200,0.97500,0.26530,0.11090,0.09930,0.11770,0.12000,0.56710,0.61360,0.21840,0.25800,0.10290,0.12170,0.82650,0.19150,0.10740,0.09030,0.10930,0.11460,0.38970,0.36920,0.17850,0.07580,0.09330,0.09870,0.57980,0.09570,0.09840,0.08300,0.10080,0.09390,0.25780,0.08590,0.12010
4:10:34,0.96560,0.10510,0.29510,0.10500,0.11730,0.11580,0.12630,0.11540,0.14250,0.14410,0.20570,0.08240,0.80890,0.16010,0.23540,0.12130,0.12280,0.12950,0.12770,0.14680,0.13910,0.12930,0.16740,0.27320,0.51510,0.14340,0.18200,0.11710,0.11690,0.12370,0.12270,0.14150,0.12990,0.12860,0.14040,0.21730,0.10260,0.12110,0.11270,0.11950,0.11520,0.11590,0.11360,0.13070,0.10160,0.12810,0.10090,0.17950,0.55610,0.10870,0.15420,0.11890,0.39140,0.11460,0.10690,0.11700,0.13350,0.12070,0.78820,0.10270,0.40870,0.10920,0.14440,0.98350,0.27210,0.11210,0.10010,0.11920,0.12160,0.58250,0.62980,0.22350,0.26440,0.10370,0.12330,0.84190,0.19560,0.10840,0.09080,0.11060,0.11590,0.40020,0.37910,0.18210,0.07590,0.09390,0.09960,0.59480,0.09640,0.09920,0.08320,0.10180,0.09430,0.26450,0.08610,0.12170
4:20:34,0.97120,0.10590,0.30270,0.10600,0.11860,0.11720,0.12780,0.11690,0.14480,0.14600,0.20970,0.08280,0.82390,0.16280,0.24060,0.12250,0.12420,0.13130,0.12940,0.14920,0.14110,0.13120,0.17050,0.27950,0.52790,0.14570,0.18570,0.11840,0.11830,0.12520,0.12430,0.14350,0.13180,0.13070,0.14260,0.22210,0.10280,0.12260,0.11390,0.12080,0.11650,0.11720,0.11450,0.13250,0.10210,0.12990,0.10160,0.18280,0.56990,0.10970,0.15690,0.12030,0.40190,0.11580,0.10770,0.11830,0.13540,0.12230,0.80410,0.10350,0.41910,0.11030,0.14670,0.99070,0.27870,0.11330,0.10070,0.12060,0.12310,0.59740,0.64540,0.22850,0.27090,0.10450,0.12480,0.85620,0.19970,0.10940,0.09110,0.11160,0.11730,0.41050,0.38890,0.18550,0.07580,0.09440,0.10040,0.60910,0.09700,0.09990,0.08330,0.10270,0.09470,0.27080,0.08630,0.12330
4:30:34,0.97700,0.10680,0.31040,0.10710,0.11990,0.11880,0.12960,0.11850,0.14700,0.14810,0.21390,0.08410,0.83810,0.16570,0.24590,0.12370,0.12580,0.13300,0.13130,0.15150,0.14310,0.13290,0.17370,0.28570,0.54070,0.14820,0.18950,0.11980,0.11970,0.12680,0.12580,0.14560,0.13370,0.13260,0.14490,0.22710,0.10320,0.12420,0.11520,0.12210,0.11790,0.11860,0.11560,0.13430,0.10260,0.13170,0.10240,0.18620,0.58340,0.11080,0.15960,0.12170,0.41230,0.11720,0.10880,0.11970,0.13740,0.12390,0.81980,0.10440,0.42950,0.11170,0.14910,0.99700,0.28550,0.11460,0.10140,0.12200,0.12470,0.61210,0.66080,0.23350,0.27730,0.10530,0.12640,0.86950,0.20390,0.11060,0.09160,0.11290,0.11870,0.42080,0.39870,0.18900,0.07590,0.09510,0.10130,0.62310,0.09780,0.10070,0.08360,0.10380,0.09520,0.27730,0.08660,0.12490
4:40:34,0.98020,0.10780,0.31790,0.10830,0.12120,0.12030,0.13120,0.12010,0.14910,0.15000,0.21790,0.08440,0.85190,0.16860,0.25130,0.12490,0.12720,0.13460,0.13300,0.15380,0.14500,0.13470,0.17670,0.29180,0.55370,0.15060,0.19330,0.12130,0.12120,0.12840,0.12740,0.14750,0.13540,0.13450,0.14720,0.23190,0.10360,0.12580,0.11650,0.12350,0.11930,0.12000,0.11670,0.13610,0.10320,0.13340,0.10310,0.18950,0.59680,0.11190,0.16230,0.12320,0.42260,0.11840,0.10970,0.12110,0.13920,0.12550,0.83430,0.10540,0.43980,0.11280,0.15140,1.00230,0.29210,0.11590,0.10230,0.12360,0.12630,0.62640,0.67580,0.23840,0.28370,0.10620,0.12810,0.88240,0.20810,0.11170,0.09200,0.11410,0.12010,0.43080,0.40830,0.19230,0.07600,0.09570,0.10210,0.63700,0.09860,0.10160,0.08380,0.10480,0.09570,0.28370,0.08670,0.12650
4:50:34,0.98270,0.10860,0.32530,0.10940,0.12240,0.12180,0.13280,0.12140,0.15130,0.15170,0.22170,0.08520,0.86470,0.17140,0.25650,0.12610,0.12860,0.13620,0.13480,0.15600,0.14680,0.13640,0.17960,0.29770,0.56640,0.15300,0.19700,0.12260,0.12250,0.12990,0.12870,0.14950,0.13710,0.13640,0.14950,0.23660,0.10390,0.12740,0.11770,0.12480,0.12060,0.12140,0.11750,0.13780,0.10360,0.13510,0.10380,0.19280,0.60940,0.11290,0.16490,0.12460,0.43290,0.11980,0.11070,0.12230,0.14110,0.12700,0.84800,0.10620,0.44980,0.11390,0.15380,1.00670,0.29870,0.11720,0.10300,0.12500,0.12790,0.64040,0.68990,0.24330,0.28980,0.10700,0.12970,0.89370,0.21210,0.11280,0.09250,0.11520,0.12150,0.44070,0.41770,0.19580,0.07600,0.09640,0.10300,0.65010,0.09930,0.10250,0.08410,0.10590,0.09610,0.29000,0.08700,0.12810
5:00:34,0.98510,0.10950,0.33250,0.11040,0.12350,0.12320,0.13440,0.12290,0.15330,0.15350,0.22560,0.08580,0.87700,0.17420,0.26170,0.12710,0.12990,0.13770,0.13630,0.15800,0.14850,0.13810,0.18250,0.30360,0.57890,0.15540,0.20070,0.12390,0.12380,0.13150,0.13010,0.15130,0.13870,0.13820,0.15160,0.24140,0.10430,0.12890,0.11900,0.12600,0.12200,0.12370,0.11880,0.13960,0.10420,0.13670,0.10460,0.19590,0.62210,0.11400,0.16760,0.12610,0.44300,0.12100,0.11170,0.12370,0.14290,0.12860,0.86090,0.10710,0.45970,0.11480,0.15620,1.01010,0.30510,0.11850,0.10370,0.12640,0.12950,0.65410,0.70390,0.24820,0.29600,0.10790,0.13140,0.90470,0.21630,0.11390,0.09280,0.11640,0.12280,0.45070,0.42710,0.19910,0.07600,0.09700,0.10390,0.66280,0.10010,0.10330,0.08430,0.10680,0.09670,0.29620,0.08720,0.12960
5:10:34,0.98640,0.11030,0.33980,0.11140,0.12470,0.12470,0.13580,0.12420,0.15540,0.15500,0.22930,0.08680,0.88840,0.17690,0.26690,0.12830,0.13130,0.13920,0.13800,0.16020,0.15040,0.13970,0.18550,0.30940,0.59100,0.15770,0.20430,0.12530,0.12520,0.13280,0.13140,0.15320,0.14040,0.13990,0.15380,0.24600,0.10450,0.13040,0.12010,0.12720,0.12330,0.12510,0.12010,0.14110,0.10470,0.13830,0.10520,0.19920,0.63400,0.11490,0.17020,0.12740,0.45280,0.12230,0.11270,0.12490,0.14460,0.13000,0.87330,0.10790,0.46930,0.11610,0.15840,1.01330,0.31150,0.11980,0.10440,0.12770,0.13090,0.66720,0.71760,0.25300,0.30200,0.10870,0.13300,0.91450,0.22030,0.11490,0.09320,0.11750,0.12410,0.46010,0.43610,0.20250,0.07600,0.09760,0.10470,0.67530,0.10090,0.10430,0.08440,0.10780,0.09700,0.30220,0.08730,0.13120
5:20:34,0.98730,0.11100,0.34680,0.11230,0.12570,0.12600,0.13720,0.12550,0.15730,0.15650,0.23290,0.08720,0.89880,0.17950,0.27190,0.12920,0.13260,0.14060,0.13940,0.16220,0.15200,0.14120,0.18810,0.31500,0.60280,0.16000,0.20790,0.12650,0.12630,0.13420,0.13260,0.15500,0.14200,0.14140,0.15580,0.25040,0.10460,0.13190,0.12120,0.12830,0.12450,0.12630,0.12120,0.14260,0.10500,0.13970,0.10570,0.20210,0.64580,0.11580,0.17270,0.12860,0.46250,0.12340,0.11340,0.12600,0.14620,0.13140,0.88480,0.10860,0.47850,0.11690,0.16060,1.01540,0.31780,0.12090,0.10490,0.12890,0.13220,0.68010,0.73070,0.25770,0.30810,0.10960,0.13440,0.92340,0.22410,0.11580,0.09350,0.11850,0.12530,0.46940,0.44500,0.20570,0.07600,0.09800,0.10550,0.68700,0.10150,0.10490,0.08450,0.10870,0.09730,0.30830,0.08750,0.13270
5:30:34,0.98750,0.11180,0.35390,0.11320,0.12670,0.12730,0.13850,0.12670,0.15910,0.15810,0.23660,0.08780,0.90890,0.18200,0.27670,0.13020,0.13370,0.14200,0.14070,0.16410,0.15350,0.14270,0.19080,0.32060,0.61430,0.16220,0.21140,0.12770,0.12750,0.13550,0.13390,0.15670,0.14350,0.14300,0.15790,0.25510,0.10480,0.13330,0.12220,0.12940,0.12570,0.12750,0.12240,0.14410,0.10540,0.14110,0.10630,0.20520,0.65710,0.11680,0.17520,0.12990,0.47200,0.12450,0.11440,0.12720,0.14800,0.13270,0.89560,0.10940,0.48810,0.11810,0.16280,1.01730,0.32410,0.12210,0.10560,0.13020,0.13360,0.69270,0.74300,0.26250,0.31400,0.11030,0.13590,0.93170,0.22800,0.11680,0.09390,0.11960,0.12640,0.47890,0.45370,0.20910,0.07610,0.09850,0.10630,0.69860,0.10210,0.10570,0.08480,0.10960,0.09770,0.31450,0.08770,0.13430
5:40:34,0.98760,0.11200,0.36030,0.11360,0.12730,0.12800,0.13940,0.12740,0.16050,0.15910,0.23950,0.08650,0.91710,0.18410,0.28110,0.13080,0.13450,0.14290,0.14160,0.16560,0.15460,0.14370,0.19290,0.32600,0.62530,0.16420,0.21460,0.12860,0.12830,0.13650,0.13480,0.15800,0.14460,0.14400,0.15960,0.25920,0.10460,0.13440,0.12300,0.13030,0.12660,0.12840,0.12330,0.14530,0.10520,0.14230,0.10640,0.20810,0.66770,0.11760,0.17740,0.13080,0.48110,0.12540,0.11500,0.12820,0.14950,0.13380,0.90520,0.10990,0.49680,0.11890,0.16470,1.01810,0.33010,0.12290,0.10610,0.13120,0.13480,0.70450,0.75530,0.26700,0.32000,0.11080,0.13730,0.93880,0.23160,0.11760,0.09420,0.12040,0.12740,0.48780,0.46220,0.21220,0.07610,0.09890,0.10680,0.70920,0.10260,0.10620,0.08480,0.11030,0.09790,0.32040,0.08770,0.13580
5:50:34,0.98690,0.11230,0.36690,0.11410,0.12800,0.12890,0.14020,0.12820,0.16200,0.16030,0.24270,0.08660,0.92510,0.18620,0.28570,0.13160,0.13540,0.14390,0.14270,0.16720,0.15580,0.14480,0.19530,0.33130,0.63610,0.16610,0.21780,0.12950,0.12920,0.13740,0.13580,0.15950,0.14580,0.14530,0.16140,0.26340,0.10440,0.13550,0.12380,0.13110,0.12740,0.12930,0.12400,0.14670,0.10530,0.14360,0.10670,0.21100,0.67850,0.11830,0.17970,0.13190,0.49020,0.12640,0.11580,0.12910,0.15070,0.13500,0.91490,0.11050,0.50600,0.11940,0.16680,1.01910,0.33630,0.12380,0.10670,0.13220,0.13600,0.71620,0.76680,0.27160,0.32590,0.11140,0.13860,0.94560,0.23530,0.11830,0.09460,0.12140,0.12850,0.49680,0.47040,0.21550,0.07620,0.09920,0.10730,0.71990,0.10310,0.10680,0.08500,0.11110,0.09810,0.32630,0.08790,0.13730
6:00:34,0.98550,0.11260,0.37340,0.11470,0.12860,0.12960,0.14110,0.12890,0.16340,0.16150,0.24570,0.08670,0.93200,0.18830,0.29010,0.13220,0.13620,0.14500,0.14370,0.16870,0.15700,0.14590,0.19760,0.33670,0.64620,0.16800,0.22090,0.13030,0.13000,0.13840,0.13660,0.16080,0.14690,0.14650,0.16290,0.26750,0.10440,0.13670,0.12460,0.13190,0.12830,0.13030,0.12480,0.14780,0.10520,0.14470,0.10690,0.21380,0.68890,0.11890,0.18190,0.13280,0.49900,0.12720,0.11670,0.13010,0.15210,0.13610,0.92400,0.11100,0.51480,0.12010,0.16870,1.01940,0.34250,0.12460,0.10730,0.13320,0.13720,0.72760,0.77820,0.27620,0.33170,0.11190,0.14000,0.95160,0.23910,0.11910,0.09490,0.12230,0.12960,0.50560,0.47860,0.21870,0.07620,0.09960,0.10790,0.73050,0.10350,0.10740,0.08510,0.11160,0.09830,0.33220,0.08800,0.13890
6:10:34,0.98460,0.11290,0.37980,0.11520,0.12930,0.13060,0.14210,0.12980,0.16480,0.16260,0.24900,0.08750,0.93950,0.19050,0.29460,0.13290,0.13710,0.14610,0.14480,0.17030,0.15820,0.14700,0.20010,0.34200,0.65670,0.17000,0.22420,0.13120,0.13090,0.13950,0.13760,0.16230,0.14820,0.14790,0.16470,0.27160,0.10450,0.13790,0.12540,0.13280,0.12920,0.13120,0.12570,0.14910,0.10550,0.14600,0.10740,0.21670,0.69920,0.11950,0.18420,0.13390,0.50780,0.12810,0.11760,0.13090,0.15360,0.13710,0.93200,0.11150,0.52350,0.12110,0.17080,1.01950,0.34850,0.12550,0.10790,0.13410,0.13830,0.73880,0.78920,0.28090,0.33750,0.11250,0.14120,0.95700,0.24300,0.11980,0.09520,0.12310,0.13050,0.51450,0.48660,0.22190,0.07620,0.10000,0.10840,0.74030,0.10400,0.10790,0.08520,0.11240,0.09870,0.33800,0.08820,0.14030
6:20:34,0.98320,0.11330,0.38620,0.11580,0.13010,0.13150,0.14290,0.13060,0.16630,0.16370,0.25200,0.08760,0.94540,0.19260,0.29910,0.13360,0.13810,0.14710,0.14580,0.17180,0.15950,0.14820,0.20230,0.34720,0.66660,0.17200,0.22740,0.13210,0.13190,0.14050,0.13860,0.16380,0.14940,0.14920,0.16640,0.27580,0.10460,0.13910,0.12630,0.13360,0.13010,0.13210,0.12640,0.15040,0.10570,0.14720,0.10770,0.21960,0.70910,0.12040,0.18650,0.13490,0.51670,0.12900,0.11840,0.13190,0.15500,0.13830,0.93970,0.11210,0.53210,0.12150,0.17280,1.01950,0.35470,0.12640,0.10860,0.13510,0.13950,0.74930,0.79980,0.28550,0.34330,0.11310,0.14260,0.96190,0.24670,0.12060,0.09560,0.12400,0.13160,0.52310,0.49470,0.22520,0.07640,0.10040,0.10910,0.75010,0.10450,0.10850,0.08530,0.11320,0.09910,0.34380,0.08860,0.14190
6:30:34,0.98160,0.11350,0.39250,0.11620,0.13060,0.13220,0.14370,0.13140,0.16770,0.16480,0.25510,0.08820,0.95120,0.19470,0.30330,0.13420,0.13890,0.14810,0.14660,0.17330,0.16060,0.14920,0.20460,0.35240,0.67630,0.17390,0.23050,0.13300,0.13250,0.14140,0.13930,0.16500,0.15050,0.15040,0.16810,0.27970,0.10460,0.14010,0.12710,0.13450,0.13100,0.13290,0.12700,0.15150,0.10590,0.14820,0.10800,0.22230,0.71870,0.12110,0.18860,0.13580,0.52520,0.12990,0.11920,0.13270,0.15640,0.13940,0.94670,0.11240,0.54050,0.12230,0.17460,1.01880,0.36060,0.12720,0.10930,0.13610,0.14050,0.75970,0.80990,0.29000,0.34900,0.11360,0.14380,0.96630,0.25050,0.12130,0.09600,0.12480,0.13260,0.53150,0.50260,0.22830,0.07640,0.10070,0.10960,0.75950,0.10490,0.10900,0.08550,0.11380,0.09930,0.34950,0.08860,0.14340
6:40:34,0.97980,0.11380,0.39880,0.11670,0.13130,0.13310,0.14450,0.13230,0.16920,0.16600,0.25820,0.08880,0.95680,0.19690,0.30770,0.13490,0.13970,0.14910,0.14770,0.17480,0.16180,0.15030,0.20680,0.35760,0.68610,0.17590,0.23370,0.13390,0.13340,0.14250,0.14020,0.16630,0.15170,0.15160,0.16980,0.28370,0.10460,0.14130,0.12790,0.13570,0.13180,0.13380,0.12790,0.15260,0.10610,0.14940,0.10850,0.22510,0.72770,0.12180,0.19080,0.13670,0.53370,0.13070,0.12000,0.13360,0.15770,0.14050,0.95330,0.11300,0.54870,0.12280,0.17660,1.01830,0.36660,0.12800,0.10990,0.13710,0.14170,0.76990,0.81960,0.29450,0.35460,0.11410,0.14520,0.97030,0.25430,0.12200,0.09640,0.12560,0.13360,0.54000,0.51030,0.23160,0.07640,0.10110,0.11020,0.76820,0.10550,0.10960,0.08570,0.11440,0.09970,0.35520,0.08890,0.14490
6:50:34,0.97790,0.11400,0.40480,0.11710,0.13190,0.13390,0.14530,0.13300,0.17050,0.16690,0.26120,0.08910,0.96170,0.19900,0.31190,0.13540,0.14050,0.15010,0.14850,0.17620,0.16290,0.15140,0.20910,0.36250,0.69530,0.17770,0.23670,0.13460,0.13410,0.14330,0.14100,0.16750,0.15260,0.15270,0.17140,0.28760,0.10460,0.14230,0.12850,0.13640,0.13250,0.13450,0.12860,0.15380,0.10620,0.15030,0.10880,0.22770,0.73670,0.12230,0.19290,0.13760,0.54200,0.13150,0.12070,0.13430,0.15900,0.14150,0.95910,0.11350,0.55670,0.12360,0.17840,1.01790,0.37240,0.12870,0.11040,0.13790,0.14270,0.77970,0.82890,0.29900,0.36010,0.11450,0.14640,0.97360,0.25790,0.12260,0.09660,0.12630,0.13450,0.54810,0.51800,0.23460,0.07640,0.10130,0.11050,0.77650,0.10580,0.11000,0.08570,0.11500,0.10000,0.36070,0.08900,0.14630
7:00:34,0.97600,0.11440,0.41100,0.11780,0.13270,0.13480,0.14610,0.13380,0.17200,0.16810,0.26440,0.09000,0.96600,0.20120,0.31630,0.13620,0.14140,0.15120,0.14950,0.17770,0.16420,0.15260,0.21150,0.36760,0.70480,0.17970,0.23990,0.13560,0.13500,0.14430,0.14200,0.16890,0.15370,0.15390,0.17320,0.29170,0.10490,0.14360,0.12940,0.13730,0.13340,0.13540,0.12940,0.15500,0.10680,0.15160,0.10940,0.23030,0.74580,0.12320,0.19520,0.13860,0.55030,0.13250,0.12180,0.13520,0.16040,0.14260,0.96490,0.11410,0.56490,0.12420,0.18030,1.01690,0.37840,0.12970,0.11120,0.13900,0.14390,0.78930,0.83830,0.30360,0.36570,0.11520,0.14780,0.97690,0.26190,0.12340,0.09710,0.12720,0.13560,0.55650,0.52560,0.23800,0.07650,0.10180,0.11120,0.78550,0.10640,0.11070,0.08610,0.11580,0.10050,0.36650,0.08940,0.14780
7:10:34,0.97400,0.11490,0.41740,0.11860,0.13350,0.13580,0.14710,0.13480,0.17350,0.16930,0.26770,0.09090,0.97010,0.20370,0.32080,0.13690,0.14240,0.15220,0.15060,0.17920,0.16550,0.15380,0.21390,0.37260,0.71400,0.18190,0.24320,0.13660,0.13600,0.14530,0.14290,0.17040,0.15500,0.15510,0.17490,0.29570,0.10530,0.14490,0.13020,0.13820,0.13440,0.13650,0.13020,0.15610,0.10730,0.15270,0.11010,0.23310,0.75440,0.12410,0.19750,0.13960,0.55870,0.13340,0.12280,0.13610,0.16200,0.14380,0.96990,0.11490,0.57280,0.12530,0.18240,1.01580,0.38430,0.13060,0.11200,0.14020,0.14520,0.79850,0.84710,0.30820,0.37140,0.11590,0.14920,0.97960,0.26580,0.12420,0.09750,0.12820,0.13680,0.56480,0.53330,0.24120,0.07660,0.10230,0.11210,0.79370,0.10710,0.11140,0.08630,0.11660,0.10120,0.37200,0.08960,0.14930
7:20:34,0.97180,0.11530,0.42340,0.11920,0.13430,0.13670,0.14800,0.13580,0.17510,0.17050,0.27090,0.09170,0.97440,0.20600,0.32510,0.13760,0.14330,0.15320,0.15170,0.18080,0.16680,0.15500,0.21630,0.37750,0.72290,0.18390,0.24640,0.13760,0.13690,0.14630,0.14390,0.17180,0.15620,0.15640,0.17670,0.29980,0.10560,0.14630,0.13110,0.13910,0.13530,0.13730,0.13110,0.15730,0.10770,0.15390,0.11090,0.23590,0.76220,0.12490,0.19980,0.14070,0.56690,0.13430,0.12380,0.13710,0.16340,0.14500,0.97500,0.11560,0.58070,0.12620,0.18440,1.01500,0.39010,0.13150,0.11260,0.14120,0.14640,0.80780,0.85550,0.31260,0.37680,0.11660,0.15070,0.98220,0.26970,0.12500,0.09800,0.12910,0.13780,0.57280,0.54080,0.24450,0.07670,0.10290,0.11270,0.80140,0.10780,0.11210,0.08650,0.11740,0.10180,0.37750,0.08990,0.15080
7:30:34,0.96920,0.11560,0.42920,0.11980,0.13500,0.13750,0.14870,0.13650,0.17640,0.17130,0.27380,0.09270,0.97740,0.20820,0.32940,0.13830,0.14400,0.15420,0.15250,0.18220,0.16790,0.15600,0.21850,0.38220,0.73130,0.18590,0.24940,0.13850,0.13770,0.14720,0.14480,0.17300,0.15730,0.15760,0.17850,0.30360,0.10580,0.14740,0.13180,0.13990,0.13600,0.13810,0.13180,0.15820,0.10800,0.15500,0.11150,0.23840,0.77030,0.12550,0.20200,0.14150,0.57480,0.13510,0.12450,0.13780,0.16470,0.14600,0.97960,0.11620,0.58800,0.12700,0.18620,1.01410,0.39570,0.13230,0.11320,0.14210,0.14760,0.81620,0.86380,0.31700,0.38220,0.11710,0.15200,0.98420,0.27340,0.12570,0.09820,0.12980,0.13870,0.58060,0.54800,0.24740,0.07670,0.10330,0.11330,0.80870,0.10830,0.11270,0.08660,0.11800,0.10230,0.38280,0.09000,0.15210
7:40:34,0.96730,0.11610,0.43530,0.12040,0.13580,0.13840,0.14960,0.13740,0.17790,0.17240,0.27690,0.09350,0.98040,0.21050,0.33380,0.13900,0.14500,0.15530,0.15350,0.18360,0.16910,0.15710,0.22080,0.38710,0.73980,0.18790,0.25260,0.13950,0.13860,0.14830,0.14580,0.17440,0.15850,0.15890,0.18030,0.30740,0.10620,0.14870,0.13270,0.14090,0.13700,0.13910,0.13280,0.15940,0.10860,0.15610,0.11220,0.24110,0.77780,0.12630,0.20410,0.14260,0.58280,0.13600,0.12550,0.13880,0.16630,0.14730,0.98370,0.11700,0.59540,0.12800,0.18820,1.01280,0.40130,0.13320,0.11390,0.14310,0.14880,0.82480,0.87170,0.32120,0.38770,0.11780,0.15340,0.98610,0.27730,0.12650,0.09850,0.13070,0.13980,0.58820,0.55540,0.25050,0.07670,0.10380,0.11400,0.81600,0.10910,0.11340,0.08690,0.11880,0.10280,0.38820,0.09020,0.15350
7:50:34,0.96400,0.11660,0.44110,0.12110,0.13660,0.13920,0.15050,0.13830,0.17940,0.17340,0.27990,0.09450,0.98350,0.21280,0.33810,0.13960,0.14590,0.15640,0.15450,0.18510,0.17040,0.15830,0.22310,0.39190,0.74800,0.19000,0.25580,0.14040,0.13950,0.14920,0.14650,0.17570,0.15950,0.16000,0.18200,0.31130,0.10640,0.15000,0.13350,0.14170,0.13790,0.14000,0.13360,0.16070,0.10890,0.15720,0.11280,0.24380,0.78520,0.12720,0.20630,0.14350,0.59060,0.13690,0.12630,0.13970,0.16760,0.14840,0.98760,0.11760,0.60260,0.12890,0.19020,1.01170,0.40700,0.13420,0.11450,0.14420,0.15010,0.83280,0.87940,0.32560,0.39290,0.11850,0.15480,0.98770,0.28090,0.12720,0.09900,0.13160,0.14090,0.59590,0.56270,0.25360,0.07680,0.10430,0.11470,0.82300,0.10970,0.11400,0.08700,0.11950,0.10330,0.39350,0.09040,0.15500
8:00:34,0.96160,0.11710,0.44710,0.12190,0.13730,0.14020,0.15150,0.13920,0.18090,0.17450,0.28290,0.09530,0.98590,0.21510,0.34250,0.14040,0.14690,0.15750,0.15550,0.18650,0.17170,0.15950,0.22550,0.39680,0.75590,0.19200,0.25900,0.14140,0.14050,0.15030,0.14740,0.17690,0.16070,0.16120,0.18380,0.31510,0.10670,0.15130,0.13430,0.14270,0.13880,0.14100,0.13440,0.16170,0.10940,0.15820,0.11340,0.24630,0.79200,0.12800,0.20860,0.14460,0.59840,0.13780,0.12720,0.14050,0.16900,0.14950,0.99110,0.11840,0.60950,0.13000,0.19220,1.01080,0.41250,0.13520,0.11510,0.14520,0.15130,0.84070,0.88660,0.33000,0.39800,0.11910,0.15620,0.98920,0.28470,0.12810,0.09930,0.13250,0.14200,0.60320,0.56980,0.25670,0.07690,0.10480,0.11540,0.82950,0.11040,0.11470,0.08720,0.12020,0.10380,0.39880,0.09060,0.15650
8:10:33,0.95900,0.11760,0.45300,0.12260,0.13810,0.14110,0.15230,0.14000,0.18240,0.17550,0.28590,0.09630,0.98810,0.21750,0.34680,0.14120,0.14770,0.15860,0.15650,0.18800,0.17290,0.16060,0.22790,0.40150,0.76410,0.19410,0.26210,0.14240,0.14140,0.15130,0.14840,0.17830,0.16180,0.16240,0.18560,0.31880,0.10690,0.15260,0.13510,0.14360,0.13970,0.14190,0.13530,0.16280,0.10980,0.15950,0.11410,0.24880,0.79890,0.12880,0.21090,0.14550,0.60640,0.13880,0.12820,0.14140,0.17040,0.15070,0.99400,0.11920,0.61620,0.13060,0.19420,1.00980,0.41800,0.13610,0.11590,0.14620,0.15250,0.84840,0.89360,0.33430,0.40330,0.11990,0.15770,0.99020,0.28840,0.12890,0.09970,0.13340,0.14300,0.61050,0.57670,0.25990,0.07700,0.10540,0.11620,0.83580,0.11110,0.11540,0.08740,0.12100,0.10430,0.40410,0.09090,0.15790
8:20:34,0.95660,0.11800,0.45870,0.12310,0.13880,0.14190,0.15310,0.14080,0.18370,0.17640,0.28880,0.09700,0.98980,0.21980,0.35080,0.14180,0.14860,0.15970,0.15750,0.18940,0.17410,0.16160,0.23000,0.40610,0.77130,0.19600,0.26510,0.14320,0.14230,0.15220,0.14920,0.17960,0.16270,0.16340,0.18740,0.32230,0.10710,0.15380,0.13590,0.14440,0.14060,0.14270,0.13610,0.16380,0.11020,0.16040,0.11470,0.25120,0.80540,0.12940,0.21310,0.14650,0.61430,0.13960,0.12890,0.14210,0.17160,0.15160,0.99720,0.11980,0.62300,0.13170,0.19610,1.00810,0.42340,0.13690,0.11650,0.14720,0.15370,0.85580,0.90010,0.33850,0.40820,0.12050,0.15900,0.99120,0.29200,0.12950,0.10000,0.13420,0.14400,0.61760,0.58360,0.26290,0.07710,0.10580,0.11680,0.84160,0.11170,0.11600,0.08750,0.12180,0.10480,0.40910,0.09120,0.15930
8:30:34,0.95410,0.11840,0.46410,0.12380,0.13940,0.14260,0.15390,0.14160,0.18510,0.17730,0.29160,0.09800,0.99130,0.22200,0.35510,0.14240,0.14940,0.16070,0.15840,0.19080,0.17520,0.16260,0.23230,0.41080,0.77870,0.19810,0.26820,0.14420,0.14310,0.15320,0.15000,0.18090,0.16370,0.16450,0.18910,0.32610,0.10730,0.15500,0.13660,0.14520,0.14140,0.14360,0.13690,0.16490,0.11050,0.16150,0.11540,0.25370,0.81140,0.13030,0.21530,0.14750,0.62210,0.14050,0.12980,0.14300,0.17290,0.15270,0.99940,0.12050,0.62970,0.13250,0.19800,1.00740,0.42880,0.13780,0.11710,0.14820,0.15480,0.86260,0.90610,0.34270,0.41330,0.12110,0.16040,0.99190,0.29560,0.13030,0.10030,0.13500,0.14500,0.62480,0.59000,0.26590,0.07710,0.10630,0.11750,0.84730,0.11240,0.11670,0.08770,0.12250,0.10520,0.41420,0.09130,0.16070
8:40:34,0.95150,0.11910,0.47000,0.12450,0.14040,0.14360,0.15490,0.14260,0.18670,0.17830,0.29450,0.09900,0.99300,0.22450,0.35950,0.14310,0.15030,0.16190,0.15950,0.19220,0.17650,0.16370,0.23450,0.41550,0.78600,0.20010,0.27130,0.14520,0.14400,0.15420,0.15080,0.18220,0.16500,0.16570,0.19090,0.32960,0.10760,0.15640,0.13740,0.14600,0.14230,0.14460,0.13780,0.16600,0.11100,0.16250,0.11620,0.25610,0.81760,0.13110,0.21760,0.14850,0.62960,0.14140,0.13080,0.14390,0.17440,0.15390,1.00170,0.12120,0.63610,0.13340,0.20000,1.00600,0.43420,0.13880,0.11780,0.14920,0.15600,0.86930,0.91270,0.34700,0.41830,0.12180,0.16190,0.99220,0.29930,0.13110,0.10080,0.13590,0.14610,0.63140,0.59690,0.26890,0.07720,0.10690,0.11830,0.85260,0.11310,0.11740,0.08790,0.12320,0.10590,0.41930,0.09160,0.16220
8:50:34,0.94900,0.11950,0.47540,0.12530,0.14100,0.14430,0.15570,0.14330,0.18800,0.17910,0.29730,0.09990,0.99420,0.22670,0.36350,0.14380,0.15100,0.16290,0.16030,0.19360,0.17750,0.16470,0.23660,0.41960,0.79260,0.20210,0.27430,0.14610,0.14480,0.15510,0.15160,0.18340,0.16590,0.16670,0.19240,0.33340,0.10780,0.15760,0.13820,0.14680,0.14310,0.14550,0.13850,0.16700,0.11130,0.16360,0.11670,0.25860,0.82320,0.13180,0.21970,0.14940,0.63660,0.14230,0.13160,0.14470,0.17560,0.15490,1.00400,0.12180,0.64250,0.13410,0.20190,1.00430,0.43940,0.13960,0.11840,0.15010,0.15720,0.87580,0.91830,0.35110,0.42320,0.12250,0.16320,0.99270,0.30280,0.13190,0.10100,0.13670,0.14710,0.63810,0.60320,0.27180,0.07730,0.10730,0.11890,0.85790,0.11370,0.11800,0.08800,0.12390,0.10630,0.42430,0.09160,0.16350
9:00:34,0.94670,0.12010,0.48080,0.12600,0.14180,0.14510,0.15660,0.14420,0.18940,0.18020,0.30000,0.10120,0.99540,0.22900,0.36780,0.14460,0.15200,0.16390,0.16140,0.19510,0.17880,0.16580,0.23890,0.42410,0.79940,0.20420,0.27740,0.14700,0.14580,0.15610,0.15260,0.18460,0.16700,0.16770,0.19430,0.33700,0.10810,0.15880,0.13900,0.14760,0.14400,0.14640,0.13940,0.16810,0.11180,0.16460,0.11740,0.26100,0.82870,0.13250,0.22190,0.15040,0.64450,0.14320,0.13250,0.14550,0.17690,0.15590,1.00570,0.12260,0.64890,0.13480,0.20390,1.00350,0.44480,0.14060,0.11910,0.15110,0.15840,0.88210,0.92390,0.35540,0.42830,0.12320,0.16470,0.99310,0.30640,0.13270,0.10150,0.13750,0.14810,0.64500,0.60950,0.27500,0.07740,0.10780,0.11950,0.86270,0.11440,0.11860,0.08820,0.12460,0.10670,0.42940,0.09200,0.16490
9:10:34,0.94430,0.12070,0.48650,0.12660,0.14250,0.14600,0.15740,0.14510,0.19090,0.18110,0.30290,0.10210,0.99570,0.23140,0.37190,0.14530,0.15290,0.16500,0.16230,0.19650,0.18000,0.16690,0.24110,0.42850,0.80610,0.20610,0.28040,0.14780,0.14660,0.15700,0.15340,0.18590,0.16810,0.16880,0.19580,0.34050,0.10840,0.16010,0.13980,0.14840,0.14490,0.14730,0.14010,0.16920,0.11230,0.16570,0.11810,0.26340,0.83400,0.13330,0.22400,0.15140,0.65200,0.14410,0.13340,0.14630,0.17820,0.15700,1.00740,0.12320,0.65480,0.13590,0.20580,1.00210,0.45000,0.14160,0.11980,0.15200,0.15950,0.88770,0.92900,0.35970,0.43320,0.12390,0.16600,0.99290,0.31000,0.13350,0.10190,0.13830,0.14910,0.65150,0.61590,0.27800,0.07750,0.10830,0.12030,0.86740,0.11510,0.11930,0.08850,0.12530,0.10730,0.43440,0.09230,0.16630
9:20:34,0.94130,0.12110,0.49190,0.12730,0.14310,0.14670,0.15820,0.14570,0.19220,0.18190,0.30550,0.10310,0.99680,0.23360,0.37590,0.14600,0.15360,0.16580,0.16320,0.19770,0.18120,0.16770,0.24320,0.43260,0.81260,0.20800,0.28340,0.14870,0.14740,0.15800,0.15420,0.18710,0.16900,0.16980,0.19760,0.34410,0.10850,0.16130,0.14040,0.14900,0.14570,0.14810,0.14080,0.17010,0.11290,0.16650,0.11870,0.26590,0.83900,0.13400,0.22620,0.15220,0.65940,0.14480,0.13430,0.14700,0.17940,0.15780,1.00860,0.12390,0.66050,0.13670,0.20770,1.00130,0.45500,0.14260,0.12040,0.15290,0.16070,0.89370,0.93390,0.36390,0.43770,0.12460,0.16730,0.99280,0.31360,0.13410,0.10220,0.13910,0.15010,0.65790,0.62210,0.28090,0.07760,0.10880,0.12090,0.87170,0.11580,0.11990,0.08860,0.12600,0.10770,0.43910,0.09250,0.16770
9:30:34,0.93890,0.12180,0.49730,0.12800,0.14380,0.14750,0.15910,0.14650,0.19350,0.18280,0.30830,0.10410,0.99730,0.23580,0.38010,0.14660,0.15450,0.16670,0.16420,0.19910,0.18230,0.16870,0.24540,0.43700,0.81870,0.21010,0.28640,0.14960,0.14820,0.15890,0.15500,0.18830,0.17010,0.17070,0.19930,0.34760,0.10880,0.16260,0.14110,0.15000,0.14650,0.14900,0.14150,0.17110,0.11350,0.16740,0.11940,0.26820,0.84360,0.13480,0.22820,0.15310,0.66630,0.14560,0.13520,0.14780,0.18060,0.15880,1.01010,0.12460,0.66650,0.13770,0.20960,0.99990,0.46000,0.14340,0.12110,0.15380,0.16190,0.89950,0.93890,0.36820,0.44260,0.12530,0.16870,0.99290,0.31720,0.13500,0.10250,0.13990,0.15110,0.66420,0.62810,0.28390,0.07770,0.10930,0.12160,0.87590,0.11650,0.12060,0.08880,0.12670,0.10830,0.44400,0.09270,0.16910
9:40:34,0.93670,0.12240,0.50250,0.12870,0.14460,0.14840,0.15990,0.14750,0.19490,0.18380,0.31110,0.10540,0.99800,0.23820,0.38420,0.14740,0.15530,0.16760,0.16520,0.20060,0.18350,0.16990,0.24770,0.44140,0.82450,0.21210,0.28940,0.15060,0.14890,0.15990,0.15590,0.18960,0.17120,0.17170,0.20100,0.35120,0.10930,0.16390,0.14200,0.15080,0.14740,0.14990,0.14250,0.17220,0.11440,0.16840,0.12020,0.27070,0.84840,0.13560,0.23010,0.15400,0.67340,0.14660,0.13620,0.14860,0.18200,0.15980,1.01110,0.12540,0.67220,0.13830,0.21160,0.99870,0.46530,0.14450,0.12190,0.15480,0.16310,0.90480,0.94350,0.37270,0.44740,0.12600,0.17010,0.99240,0.32080,0.13580,0.10300,0.14080,0.15220,0.67070,0.63420,0.28710,0.07770,0.10980,0.12230,0.87980,0.11720,0.12120,0.08910,0.12740,0.10890,0.44880,0.09320,0.17050
9:50:34,0.93400,0.12310,0.50810,0.12950,0.14530,0.14910,0.16060,0.14820,0.19630,0.18460,0.31380,0.10660,0.99810,0.24050,0.38830,0.15480,0.15610,0.16870,0.16580,0.20190,0.18450,0.17090,0.24970,0.44560,0.83040,0.21410,0.29230,0.15150,0.14970,0.16070,0.15670,0.19080,0.17220,0.17280,0.20270,0.35460,0.11000,0.16520,0.14270,0.15160,0.14810,0.15070,0.14330,0.17320,0.11510,0.16940,0.12110,0.27300,0.85290,0.13630,0.23230,0.15490,0.67990,0.14730,0.13710,0.14940,0.18320,0.16090,1.01180,0.12620,0.67800,0.13950,0.21350,0.99730,0.47030,0.14540,0.12260,0.15580,0.16420,0.90970,0.94780,0.37710,0.45190,0.12670,0.17150,0.99240,0.32440,0.13650,0.10330,0.14160,0.15310,0.67670,0.64020,0.29010,0.07780,0.11030,0.12300,0.88340,0.11790,0.12200,0.08930,0.12820,0.10950,0.45350,0.09350,0.17180
10:00:34,0.93190,0.12370,0.51330,0.13020,0.14610,0.14990,0.16160,0.14900,0.19760,0.18540,0.31650,0.10800,0.99830,0.24290,0.39230,0.15550,0.15690,0.16960,0.16670,0.20320,0.18570,0.17200,0.25200,0.44960,0.83580,0.21620,0.29530,0.15230,0.15060,0.16180,0.15760,0.19200,0.17320,0.17380,0.20440,0.35820,0.11070,0.16650,0.14340,0.15240,0.14900,0.15150,0.14410,0.17420,0.11620,0.17030,0.12190,0.27550,0.85710,0.13700,0.23440,0.15580,0.68650,0.14830,0.13800,0.15020,0.18440,0.16190,1.01270,0.12700,0.68310,0.14020,0.21550,0.99610,0.47520,0.14640,0.12320,0.15670,0.16540,0.91500,0.95190,0.38160,0.45640,0.12750,0.17290,0.99200,0.32800,0.13740,0.10370,0.14240,0.15420,0.68290,0.64570,0.29300,0.07800,0.11090,0.12380,0.88700,0.11860,0.12270,0.08960,0.12900,0.11020,0.45810,0.09370,0.17320

