Corrected [600]
	1	2	3	4	5	6	7	8	9	10	11	12
A	0.31441	0.07404	0.42999	0.07489	0.31653	0.07466	0.37914	0.07539	0.18944	0.07466	0.26099	0.07562	Corrected [600]
B	0.22181	0.23349	0.35470	0.38724	0.26535	0.36694	0.31215	0.24790	0.14678	0.23040	0.18769	0.30839	Corrected [600]
C	0.16332	0.14885	0.24067	0.27562	0.17596	0.26742	0.20090	0.13048	0.10283	0.16059	0.13495	0.22394	Corrected [600]
D	0.07450	0.10747	0.07525	0.16283	0.07644	0.15099	0.07558	0.10374	0.07558	0.11942	0.07396	0.15518	Corrected [600]
E	0.41261	0.07506	0.26698	0.07542	0.33688	0.07634	0.33548	0.07580	0.42518	0.07446	0.29623	0.07416	Corrected [600]
F	0.24231	0.42699	0.20628	0.43440	0.24618	0.39904	0.23959	0.35595	0.29053	0.33901	0.20974	0.29075	Corrected [600]
G	0.18116	0.28201	0.12995	0.26045	0.16052	0.27882	0.14541	0.24983	0.17960	0.23360	0.13936	0.20386	Corrected [600]
H	0.09439	0.15327	0.07392	0.12121	0.07436	0.15842	0.07528	0.14699	0.07516	0.13758	0.07455	0.13456	Corrected [600]

