420

Time,A1,A2,A3,A4,A5,A6,A7,A8,A9,A10,A11,A12,B1,B2,B3,B4,B5,B6,B7,B8,B9,B10,B11,B12,C1,C2,C3,C4,C5,C6,C7,C8,C9,C10,C11,C12,D1,D2,D3,D4,D5,D6,D7,D8,D9,D10,D11,D12,E1,E2,E3,E4,E5,E6,E7,E8,E9,E10,E11,E12,F1,F2,F3,F4,F5,F6,F7,F8,F9,F10,F11,F12,G1,G2,G3,G4,G5,G6,G7,G8,G9,G10,G11,G12,H1,H2,H3,H4,H5,H6,H7,H8,H9,H10,H11,H12
0:00:09,0.31800,0.07620,0.10390,0.08030,0.24050,0.08540,0.12380,0.08550,0.13630,0.08440,0.16270,0.07690,0.25760,0.09150,0.09860,0.09710,0.22380,0.23290,0.11500,0.15980,0.24690,0.14870,0.37950,0.08990,0.18390,0.10310,0.09730,0.09440,0.13300,0.16980,0.10560,0.15230,0.09050,0.13100,0.13520,0.08790,0.07650,0.08380,0.07760,0.09020,0.08790,0.17390,0.08670,0.13200,0.07720,0.11100,0.08460,0.08810,0.12160,0.07670,0.11490,0.07750,0.20930,0.07850,0.28310,0.07700,0.12660,0.08260,0.09450,0.08210,0.10640,0.10740,0.10280,0.15160,0.16770,0.23170,0.19010,0.24340,0.16010,0.10800,0.08680,0.10190,0.09240,0.10020,0.08910,0.13680,0.25850,0.22470,0.14440,0.18410,0.09720,0.08580,0.08640,0.12230,0.07650,0.08590,0.08320,0.13190,0.08220,0.14640,0.07750,0.15170,0.07510,0.08360,0.08170,0.08950
0:01:49,0.38950,0.07590,0.10320,0.08010,0.30780,0.08500,0.13610,0.08530,0.13210,0.07950,0.21900,0.07640,0.30290,0.09140,0.09770,0.09360,0.25960,0.28300,0.12220,0.18760,0.24540,0.18300,0.41660,0.08770,0.18850,0.10470,0.09640,0.09290,0.15690,0.21620,0.11060,0.17980,0.08890,0.15780,0.16610,0.08610,0.07630,0.08410,0.07720,0.08970,0.08740,0.21130,0.08550,0.15140,0.07690,0.12550,0.08440,0.08750,0.12530,0.07650,0.11370,0.07730,0.26360,0.07830,0.30100,0.07660,0.12550,0.08180,0.09100,0.07740,0.10930,0.11310,0.10280,0.15960,0.20180,0.29970,0.22040,0.32610,0.11050,0.10690,0.07940,0.09820,0.09360,0.10370,0.08990,0.14140,0.28540,0.28240,0.17130,0.23470,0.09530,0.08430,0.08510,0.11950,0.07620,0.08830,0.08300,0.13290,0.08190,0.17830,0.07740,0.19100,0.07490,0.08290,0.08150,0.08900
0:03:29,0.46830,0.07550,0.10280,0.07740,0.36380,0.08430,0.15020,0.08490,0.12930,0.07920,0.27770,0.07590,0.35850,0.09120,0.09770,0.09420,0.31280,0.35980,0.13400,0.24640,0.24170,0.22990,0.46500,0.08800,0.20480,0.10400,0.09610,0.09180,0.18360,0.27280,0.11710,0.21520,0.08830,0.18620,0.20230,0.08580,0.07600,0.08450,0.07690,0.08920,0.08700,0.24770,0.08470,0.17290,0.07660,0.14180,0.08390,0.08730,0.13020,0.07620,0.11470,0.07700,0.31870,0.07790,0.33180,0.07610,0.12180,0.08060,0.08950,0.07640,0.11150,0.11830,0.10370,0.16990,0.23420,0.36480,0.28200,0.41600,0.10890,0.10520,0.07780,0.09790,0.09500,0.10730,0.09070,0.14660,0.31660,0.33850,0.19980,0.28330,0.09390,0.08510,0.08490,0.11830,0.07590,0.09090,0.07800,0.13650,0.08140,0.20740,0.07600,0.22740,0.07470,0.08280,0.08110,0.08840
0:05:09,0.55190,0.07550,0.10270,0.07740,0.43010,0.08400,0.16770,0.08480,0.12780,0.07920,0.34490,0.07590,0.41710,0.09110,0.09770,0.09440,0.36920,0.42780,0.14550,0.28550,0.23730,0.27840,0.51840,0.08860,0.23790,0.10370,0.09630,0.09200,0.20920,0.32250,0.12410,0.24970,0.08830,0.21530,0.24030,0.08660,0.07600,0.08480,0.07690,0.08910,0.08610,0.28220,0.08490,0.19550,0.07660,0.16010,0.08400,0.08710,0.13620,0.07620,0.11690,0.07700,0.38560,0.07780,0.39470,0.07610,0.12080,0.08040,0.08890,0.07640,0.11520,0.12250,0.10510,0.17990,0.26720,0.43050,0.33330,0.50660,0.07860,0.10490,0.07820,0.09380,0.09710,0.11160,0.09160,0.15300,0.34750,0.39710,0.22920,0.32780,0.09350,0.08500,0.08470,0.11800,0.07580,0.09370,0.07800,0.14020,0.08150,0.22090,0.07590,0.26380,0.07470,0.08290,0.08110,0.08810
0:06:49,0.62620,0.07540,0.10270,0.07730,0.50090,0.08370,0.18690,0.08470,0.12600,0.07600,0.41340,0.07580,0.48120,0.09150,0.09790,0.09460,0.42870,0.50380,0.15860,0.33620,0.23680,0.32550,0.57320,0.08940,0.27160,0.10320,0.09630,0.09170,0.23630,0.37620,0.13120,0.28790,0.08820,0.24680,0.28070,0.08710,0.07600,0.08490,0.07690,0.08890,0.08620,0.31790,0.08520,0.21890,0.07640,0.17950,0.08390,0.08740,0.14130,0.07610,0.11880,0.07690,0.44430,0.07770,0.45540,0.07600,0.11990,0.07620,0.08840,0.07640,0.11930,0.12790,0.10160,0.19200,0.30020,0.50200,0.38230,0.59020,0.07870,0.10410,0.07850,0.09410,0.09910,0.11620,0.09280,0.15960,0.37930,0.46220,0.25960,0.38440,0.08550,0.08530,0.08450,0.11700,0.07570,0.09680,0.07790,0.14420,0.08170,0.25490,0.07570,0.30030,0.07460,0.08300,0.07960,0.08160
0:08:29,0.69810,0.07530,0.10280,0.07730,0.56770,0.08360,0.20560,0.08440,0.12550,0.07590,0.47970,0.07570,0.54060,0.09160,0.09810,0.09490,0.48810,0.57390,0.17210,0.38240,0.23430,0.37880,0.62790,0.09070,0.30550,0.10280,0.09630,0.09170,0.26390,0.42940,0.13890,0.32790,0.08800,0.27810,0.32110,0.08780,0.07600,0.08460,0.07680,0.08870,0.08340,0.35470,0.08520,0.24380,0.07640,0.19920,0.08380,0.08790,0.14740,0.07600,0.12130,0.07690,0.50740,0.07750,0.52440,0.07590,0.11850,0.07610,0.08800,0.07630,0.12330,0.13280,0.10340,0.20430,0.33460,0.57410,0.43660,0.67160,0.07880,0.10490,0.07860,0.09490,0.10120,0.12020,0.09390,0.16720,0.41160,0.52460,0.28990,0.44130,0.07910,0.08580,0.08420,0.11640,0.07560,0.09990,0.07780,0.14840,0.08160,0.28880,0.07560,0.33970,0.07450,0.08320,0.07950,0.08170
0:10:09,0.76980,0.07520,0.10270,0.07720,0.63340,0.08340,0.22440,0.08430,0.12430,0.07580,0.55070,0.07560,0.60500,0.09180,0.09810,0.09530,0.55270,0.64860,0.18570,0.43390,0.23220,0.42720,0.69010,0.09180,0.33900,0.10300,0.09650,0.09170,0.29250,0.48790,0.14650,0.37090,0.08800,0.31080,0.36460,0.08850,0.07580,0.08490,0.07670,0.08840,0.08300,0.39150,0.08530,0.26950,0.07620,0.21990,0.08360,0.08830,0.15410,0.07590,0.12480,0.07680,0.57240,0.07740,0.58530,0.07580,0.11770,0.07590,0.08770,0.07610,0.12800,0.13920,0.10520,0.21650,0.37020,0.64290,0.49120,0.75890,0.07890,0.10510,0.07860,0.09550,0.10330,0.12470,0.09510,0.17450,0.44420,0.59330,0.32110,0.49470,0.07910,0.08630,0.08390,0.11560,0.07560,0.10310,0.07780,0.15250,0.08140,0.32250,0.07560,0.37930,0.07440,0.08350,0.07950,0.08180
0:11:49,0.83410,0.07520,0.10280,0.07720,0.69330,0.08320,0.24350,0.08410,0.12240,0.07570,0.61840,0.07550,0.66770,0.09220,0.09860,0.09610,0.61430,0.72210,0.20170,0.48230,0.22990,0.47790,0.74730,0.09320,0.37270,0.10280,0.09670,0.09180,0.32270,0.54690,0.15460,0.41650,0.08800,0.34400,0.40710,0.08960,0.07570,0.08510,0.07660,0.08840,0.08300,0.42950,0.08540,0.29620,0.07630,0.24090,0.08340,0.08890,0.16080,0.07590,0.12830,0.07680,0.64030,0.07730,0.65020,0.07570,0.11730,0.07590,0.08780,0.07610,0.13270,0.14480,0.10730,0.22970,0.40730,0.70820,0.55210,0.84260,0.07910,0.10580,0.07850,0.08940,0.10570,0.13000,0.09650,0.18270,0.47770,0.65670,0.35340,0.55670,0.07900,0.08710,0.08370,0.11420,0.07560,0.10650,0.07770,0.15840,0.08130,0.35590,0.07560,0.42080,0.07430,0.08380,0.07930,0.07870
0:13:29,0.90000,0.07520,0.10310,0.07710,0.75910,0.08320,0.26280,0.08400,0.12280,0.07570,0.67540,0.07560,0.73140,0.09260,0.09910,0.09670,0.68020,0.79990,0.21680,0.53350,0.22840,0.53410,0.80370,0.09480,0.40580,0.10280,0.08760,0.09210,0.35250,0.60810,0.16320,0.46120,0.08820,0.37830,0.45220,0.09070,0.07570,0.08540,0.07660,0.08840,0.07690,0.46960,0.08560,0.32550,0.07610,0.24230,0.08340,0.08750,0.16760,0.07600,0.13130,0.07680,0.71080,0.07720,0.72220,0.07570,0.11610,0.07590,0.08790,0.07610,0.13720,0.15090,0.09500,0.24330,0.44610,0.78310,0.62590,0.92690,0.07960,0.08890,0.07840,0.09020,0.10830,0.13550,0.09800,0.19170,0.51200,0.71720,0.38700,0.61860,0.07900,0.08800,0.08260,0.11470,0.07550,0.11030,0.07770,0.16510,0.08120,0.38970,0.07550,0.46360,0.07450,0.08430,0.07920,0.07900
0:15:09,0.96070,0.07520,0.10330,0.07720,0.82660,0.08320,0.28340,0.08400,0.12200,0.07570,0.74070,0.07550,0.78910,0.09290,0.09950,0.09770,0.73520,0.87550,0.23450,0.59540,0.22490,0.58690,0.86150,0.09650,0.43840,0.10280,0.08790,0.09230,0.36750,0.66410,0.17260,0.50600,0.08850,0.41290,0.49800,0.09180,0.07570,0.08560,0.07660,0.08850,0.07670,0.50880,0.08570,0.35560,0.07620,0.26280,0.08330,0.08800,0.17470,0.07590,0.13480,0.07690,0.77480,0.07720,0.79100,0.07570,0.11550,0.07590,0.08770,0.07610,0.14180,0.15760,0.09760,0.25710,0.48580,0.84550,0.64340,1.00810,0.08000,0.08620,0.07830,0.09100,0.11100,0.14130,0.09960,0.20150,0.54690,0.77520,0.42130,0.67580,0.07900,0.08670,0.08240,0.11470,0.07560,0.11450,0.07760,0.17160,0.08120,0.42360,0.07550,0.46060,0.07430,0.08470,0.07920,0.07930
0:16:49,1.00440,0.07520,0.10340,0.07710,0.88950,0.08310,0.30370,0.08390,0.12160,0.07560,0.80170,0.07560,0.84700,0.09310,0.10000,0.09860,0.79040,0.94880,0.25070,0.65370,0.22270,0.64200,0.92020,0.09860,0.47010,0.10310,0.08820,0.09270,0.40150,0.71970,0.18140,0.54590,0.08860,0.44520,0.54180,0.09320,0.07560,0.08590,0.07660,0.08850,0.07660,0.54920,0.08530,0.39120,0.07630,0.27920,0.08330,0.08870,0.18170,0.07590,0.13780,0.07680,0.84500,0.07710,0.92480,0.07570,0.11450,0.07580,0.08750,0.07680,0.14640,0.16450,0.10030,0.27210,0.52600,0.90850,0.71940,1.08120,0.08060,0.08750,0.07820,0.09190,0.11170,0.14720,0.10120,0.21000,0.58100,0.83590,0.45440,0.75330,0.07920,0.08470,0.08250,0.11550,0.07560,0.11880,0.07760,0.17730,0.08120,0.45770,0.07550,0.46010,0.07430,0.08520,0.07910,0.07970
0:18:29,1.06130,0.07510,0.10350,0.07720,0.94300,0.08300,0.32230,0.08380,0.12140,0.07560,0.85980,0.07580,0.89870,0.09350,0.10050,0.09910,0.84880,1.00850,0.26470,0.70910,0.22040,0.69900,0.97780,0.10050,0.50030,0.10330,0.08830,0.09300,0.42940,0.77520,0.19090,0.58540,0.08880,0.47940,0.58630,0.09460,0.07560,0.08590,0.07660,0.08870,0.07650,0.58920,0.08630,0.43030,0.07620,0.29870,0.08320,0.08360,0.18910,0.07590,0.14040,0.07680,0.91110,0.07700,1.00800,0.07570,0.11370,0.07590,0.08820,0.07610,0.15080,0.17160,0.10300,0.28620,0.56590,0.96740,0.76560,1.13930,0.08120,0.08890,0.07840,0.09310,0.11440,0.15330,0.10260,0.21790,0.61920,0.89850,0.48690,0.83550,0.07930,0.08530,0.07940,0.09110,0.07560,0.12340,0.07760,0.18320,0.08120,0.49120,0.07540,0.49630,0.07430,0.08580,0.07910,0.08000
0:20:09,1.12180,0.07520,0.10390,0.07730,0.99250,0.08310,0.34400,0.08370,0.12150,0.07570,0.91600,0.07600,0.95200,0.09400,0.10100,0.09990,0.89940,1.06340,0.27900,0.75640,0.21780,0.74770,1.03620,0.10230,0.52940,0.10360,0.08850,0.09340,0.45840,0.83020,0.20050,0.62760,0.08900,0.51460,0.63470,0.09580,0.07570,0.08630,0.07660,0.08880,0.07650,0.62700,0.08680,0.42930,0.07630,0.31920,0.08320,0.08440,0.19640,0.07590,0.14340,0.07680,0.97230,0.07710,1.07480,0.07570,0.08500,0.07600,0.08880,0.07620,0.15520,0.17950,0.10570,0.30020,0.60460,1.02150,0.81680,1.19500,0.08170,0.09030,0.07870,0.09440,0.11710,0.16020,0.10390,0.22610,0.65900,0.96150,0.51940,0.89560,0.07950,0.08570,0.07830,0.09200,0.07560,0.12790,0.07770,0.18940,0.08120,0.52450,0.07550,0.53780,0.07420,0.08640,0.07920,0.08050
0:21:49,1.20500,0.07530,0.10400,0.07730,1.03370,0.08310,0.36900,0.08360,0.12190,0.07580,0.96710,0.07620,1.00710,0.09460,0.10140,0.10050,0.95540,1.11650,0.29470,0.80340,0.21430,0.79600,1.09070,0.10410,0.55810,0.10380,0.08860,0.09360,0.48820,0.88280,0.21010,0.67060,0.08910,0.55380,0.68080,0.09750,0.07560,0.08650,0.07660,0.08890,0.07610,0.66470,0.08730,0.45650,0.07640,0.33750,0.08330,0.08510,0.20370,0.07600,0.14600,0.07670,1.02950,0.07700,1.13680,0.07560,0.08480,0.07600,0.08880,0.07620,0.16000,0.18720,0.10810,0.31550,0.64070,1.07160,0.88020,1.24920,0.08190,0.09160,0.07890,0.09510,0.11970,0.16720,0.10550,0.23560,0.69620,1.02610,0.56000,0.94640,0.07980,0.08620,0.07850,0.08660,0.07560,0.13250,0.07770,0.19550,0.08120,0.55710,0.07550,0.57870,0.07420,0.08710,0.07930,0.08090
0:23:29,1.28050,0.07540,0.10430,0.07740,1.07930,0.08320,0.39590,0.08360,0.12280,0.07580,1.01690,0.07660,1.05980,0.09520,0.10210,0.10130,1.00790,1.17330,0.31150,0.85100,0.21190,0.84010,1.14260,0.10610,0.58620,0.10400,0.08880,0.09400,0.51840,0.93330,0.22000,0.71760,0.08940,0.59320,0.72360,0.09960,0.07570,0.08700,0.07660,0.08920,0.07610,0.69990,0.08580,0.49200,0.07640,0.36030,0.08330,0.08620,0.21080,0.07600,0.14890,0.07670,1.08550,0.07720,1.19450,0.07590,0.08570,0.07610,0.08870,0.07640,0.16570,0.19620,0.11040,0.32970,0.67400,1.03020,0.95190,1.30130,0.08210,0.09310,0.07910,0.09660,0.12240,0.17420,0.10710,0.24560,0.73350,1.08960,0.60780,0.99770,0.08000,0.08690,0.07870,0.08790,0.07560,0.13690,0.07780,0.20170,0.08130,0.58930,0.07550,0.61800,0.07430,0.08750,0.07940,0.08140
0:25:09,1.32370,0.07550,0.10490,0.07760,1.12600,0.08340,0.42220,0.08370,0.12290,0.07610,1.06220,0.07760,1.10980,0.09610,0.10280,0.10220,1.05530,1.22310,0.32850,0.90190,0.20960,0.88330,1.19170,0.10860,0.61420,0.10440,0.08900,0.09460,0.54720,0.98190,0.23030,0.76410,0.08970,0.63230,0.76500,0.10210,0.07570,0.08770,0.07660,0.08920,0.07620,0.73540,0.08580,0.52620,0.07650,0.38120,0.08360,0.08730,0.21780,0.07610,0.15290,0.07680,1.13810,0.07730,1.24770,0.07590,0.08650,0.07620,0.08930,0.07680,0.17180,0.20530,0.11270,0.34500,0.70720,1.07110,1.01760,1.34780,0.08230,0.09460,0.07930,0.09820,0.12520,0.18200,0.10860,0.25590,0.77080,1.14590,0.65660,1.04690,0.08030,0.08790,0.07900,0.08900,0.07580,0.14150,0.07790,0.16820,0.08140,0.62220,0.07570,0.65380,0.07440,0.08810,0.07960,0.08190
0:26:49,1.35880,0.07550,0.10510,0.07770,1.18170,0.08350,0.44750,0.08380,0.12380,0.07630,1.10630,0.07860,1.15580,0.09700,0.10350,0.10310,1.09930,1.26660,0.34380,0.95370,0.20760,0.92600,1.23660,0.11090,0.64140,0.10490,0.08920,0.09510,0.57570,1.04940,0.24130,0.80690,0.09030,0.66740,0.73720,0.10430,0.07580,0.08810,0.07660,0.08940,0.07610,0.77160,0.08580,0.55320,0.07640,0.37730,0.08390,0.08850,0.22610,0.07620,0.15660,0.07680,1.18560,0.07730,1.29840,0.07600,0.08710,0.07630,0.08990,0.07710,0.17780,0.21560,0.11480,0.36130,0.74060,1.11380,1.07850,1.38780,0.08260,0.09610,0.07950,0.09980,0.12810,0.18910,0.11020,0.26570,0.80930,1.19610,0.70270,1.09380,0.08060,0.08900,0.07930,0.09000,0.07580,0.14610,0.07790,0.16640,0.08140,0.65530,0.07570,0.68750,0.07450,0.08860,0.07970,0.08240
0:28:29,1.38760,0.07570,0.10590,0.07780,1.23530,0.08390,0.47210,0.08420,0.12390,0.07670,1.16190,0.08050,1.19660,0.09790,0.10420,0.10420,1.14040,1.30300,0.36220,1.00430,0.20530,0.96720,1.28000,0.11420,0.66930,0.10550,0.08320,0.09580,0.60440,1.12240,0.25230,0.84770,0.09110,0.70170,0.77440,0.10680,0.07580,0.08850,0.07660,0.08960,0.07620,0.81360,0.07830,0.58260,0.07670,0.38830,0.08450,0.08990,0.23560,0.07630,0.16030,0.07690,1.22800,0.07750,1.34420,0.07630,0.08790,0.07650,0.09080,0.07770,0.18350,0.22530,0.11710,0.37780,0.77350,1.15630,1.12940,1.41980,0.08310,0.09750,0.07990,0.10160,0.13140,0.19730,0.11200,0.27600,0.84510,1.24070,0.74510,1.14000,0.08080,0.09030,0.07980,0.09140,0.07590,0.15110,0.07810,0.17560,0.08150,0.68960,0.07580,0.72000,0.07460,0.08940,0.07990,0.08290
0:30:09,1.41260,0.07600,0.10730,0.07810,1.28260,0.08440,0.49730,0.08460,0.12530,0.07730,1.21500,0.08280,1.23260,0.09900,0.10510,0.10520,1.17890,1.33400,0.38130,1.05120,0.20260,1.00560,1.32300,0.11810,0.69690,0.10620,0.08360,0.08870,0.63440,1.16940,0.26360,0.88800,0.09220,0.73900,0.80930,0.10950,0.07590,0.08880,0.07660,0.09000,0.07630,0.85470,0.07810,0.61120,0.07700,0.41520,0.08530,0.09130,0.24580,0.07650,0.16420,0.07710,1.26560,0.07780,1.38350,0.07660,0.08870,0.07680,0.09170,0.07920,0.18930,0.23460,0.11930,0.39570,0.80720,1.19470,1.17220,1.44470,0.08370,0.09920,0.08050,0.10320,0.13480,0.20440,0.11410,0.28630,0.88030,1.28080,0.78340,1.18400,0.08130,0.09080,0.08030,0.09290,0.07600,0.15600,0.07820,0.18290,0.08020,0.72350,0.07600,0.75170,0.07480,0.08930,0.08030,0.08340
0:31:49,1.43200,0.07620,0.10860,0.07820,1.31870,0.08510,0.52160,0.08510,0.12580,0.07800,1.26070,0.08540,1.26500,0.10000,0.10600,0.10650,1.21440,1.36110,0.39830,1.09270,0.20130,1.04270,1.36150,0.12230,0.71980,0.10680,0.08420,0.08970,0.66340,1.21070,0.27490,0.92840,0.09310,0.78410,0.84330,0.11250,0.07610,0.08890,0.07670,0.09050,0.07640,0.89140,0.07830,0.63990,0.07740,0.43620,0.08650,0.09290,0.25530,0.07670,0.16830,0.07740,1.29940,0.07800,1.41810,0.07690,0.08930,0.07730,0.09500,0.07900,0.19480,0.24300,0.12110,0.41260,0.83950,1.23350,1.21330,1.46250,0.08420,0.10100,0.08110,0.10470,0.13850,0.21150,0.11640,0.29650,0.91480,1.31780,0.81980,1.22780,0.08170,0.09220,0.08090,0.09430,0.07620,0.16110,0.07850,0.18940,0.08020,0.75770,0.07610,0.78350,0.07490,0.09010,0.08050,0.08390
0:33:29,1.44650,0.07650,0.10990,0.07840,1.34650,0.08570,0.54650,0.08550,0.12690,0.07870,1.29260,0.08750,1.29260,0.10120,0.10680,0.10730,1.24640,1.38310,0.41510,1.12970,0.19990,1.07730,1.39890,0.12600,0.74160,0.09910,0.08490,0.09050,0.69050,1.24920,0.26100,0.96750,0.09410,0.83530,0.87580,0.11540,0.07620,0.08920,0.07680,0.09100,0.07660,0.93950,0.07820,0.66800,0.07770,0.45720,0.08780,0.09460,0.26450,0.07700,0.17230,0.07760,1.32980,0.07830,1.44640,0.07720,0.09020,0.07760,0.08700,0.07950,0.20060,0.25070,0.12300,0.42970,0.87110,1.26750,1.25120,1.47710,0.08480,0.10270,0.08150,0.10610,0.14230,0.22020,0.11860,0.30680,0.94790,1.35100,0.85440,1.27010,0.08210,0.09350,0.08140,0.09560,0.07630,0.16630,0.07870,0.19560,0.08040,0.79010,0.07630,0.81480,0.07510,0.09110,0.08080,0.08440
0:35:09,1.46050,0.07680,0.11110,0.07870,1.36770,0.08650,0.57240,0.08610,0.12790,0.07950,1.31990,0.08930,1.31770,0.10220,0.10780,0.10850,1.27560,1.40160,0.43140,1.16420,0.19790,1.10920,1.43210,0.12930,0.76960,0.10010,0.08550,0.09140,0.71670,1.28300,0.27390,1.00580,0.09530,0.88210,0.90630,0.11820,0.07640,0.09010,0.07690,0.09150,0.07680,0.88210,0.07780,0.69640,0.07820,0.47930,0.08910,0.09630,0.27330,0.07730,0.17630,0.07790,1.35630,0.07870,1.47030,0.07770,0.09100,0.07810,0.08760,0.08020,0.20610,0.25890,0.12560,0.44760,0.89900,1.29450,1.28550,1.48880,0.08540,0.10450,0.08210,0.10710,0.13530,0.22860,0.12090,0.31720,0.97910,1.38080,0.88730,1.31150,0.08260,0.09490,0.08200,0.09700,0.07650,0.17130,0.07900,0.20210,0.08050,0.82120,0.07660,0.84650,0.07560,0.09200,0.08120,0.08480
0:36:49,1.46840,0.07720,0.11240,0.07920,1.38440,0.08740,0.59810,0.08680,0.12930,0.08060,1.34240,0.09090,1.33990,0.10300,0.10870,0.10970,1.30070,1.41810,0.44800,1.19710,0.19760,1.13910,1.46090,0.13310,0.81420,0.10110,0.08620,0.09260,0.74280,1.31300,0.28640,1.04100,0.09650,0.92240,0.93680,0.12140,0.07660,0.09070,0.07700,0.09210,0.07720,0.92320,0.07850,0.72350,0.07880,0.50160,0.09070,0.09860,0.28200,0.07770,0.18040,0.07830,1.37930,0.07920,1.48970,0.07830,0.09210,0.07880,0.08890,0.08100,0.21170,0.26690,0.12990,0.46520,0.92360,1.31470,1.31590,1.49820,0.08620,0.10650,0.08290,0.10870,0.13850,0.23560,0.12300,0.32780,1.00880,1.40640,0.91880,1.34730,0.08320,0.09640,0.08280,0.09860,0.07670,0.17600,0.07940,0.20830,0.08080,0.84900,0.07690,0.87350,0.07560,0.09300,0.08160,0.08540
0:38:29,1.47340,0.07760,0.11390,0.07960,1.39720,0.08850,0.62180,0.08780,0.13010,0.08210,1.36340,0.09290,1.35860,0.10380,0.10970,0.11090,1.32390,1.43110,0.46450,1.22740,0.19790,1.16850,1.48690,0.13760,0.85570,0.10200,0.08710,0.09380,0.76770,1.34080,0.29710,1.07440,0.09830,0.95790,0.83410,0.12540,0.07680,0.09150,0.07700,0.09270,0.07750,0.96260,0.07960,0.75030,0.07990,0.52390,0.09280,0.10140,0.29070,0.07810,0.18450,0.07880,1.39890,0.07990,1.50690,0.07910,0.09340,0.07950,0.09070,0.08210,0.21740,0.27410,0.13470,0.48230,0.94480,1.33130,1.34390,1.50410,0.08710,0.10890,0.08360,0.11070,0.14170,0.24230,0.12520,0.33800,1.03830,1.42870,0.94910,1.37590,0.08390,0.09800,0.08370,0.10000,0.07680,0.18100,0.07970,0.21580,0.08090,0.87810,0.07710,0.90160,0.07590,0.09390,0.08220,0.08600
0:40:09,1.47930,0.07820,0.11550,0.08030,1.40770,0.09000,0.64520,0.08920,0.13190,0.08380,1.37930,0.09500,1.37590,0.10460,0.11090,0.11220,1.34620,1.44080,0.48070,1.25570,0.19700,1.19510,1.51130,0.14250,0.88640,0.10280,0.08570,0.09510,0.79410,1.36490,0.30830,1.10580,0.10010,0.98890,0.86450,0.12960,0.07700,0.09300,0.07720,0.09340,0.07800,0.99570,0.08090,0.77630,0.08120,0.54860,0.09510,0.10440,0.29950,0.07870,0.18880,0.07930,1.41530,0.08070,1.52060,0.08020,0.09480,0.08070,0.09300,0.08360,0.22310,0.27970,0.13840,0.49930,0.97620,1.34310,1.36800,1.50830,0.08820,0.11140,0.08480,0.11350,0.14620,0.24860,0.12730,0.34840,1.06570,1.44860,0.97840,1.39990,0.08470,0.09970,0.08470,0.10190,0.07720,0.18610,0.08010,0.22400,0.08130,0.90660,0.07750,0.92850,0.07620,0.09470,0.08220,0.08680
0:41:49,1.48100,0.07880,0.11700,0.08110,1.41630,0.09150,0.66610,0.09060,0.13350,0.08540,1.39400,0.09710,1.38920,0.10550,0.11190,0.11360,1.36400,1.44930,0.49730,1.28170,0.19670,1.21940,1.53150,0.14710,0.91220,0.10350,0.08650,0.09650,0.81960,1.38610,0.31890,1.13510,0.10220,1.01820,0.89160,0.13350,0.07730,0.09380,0.07730,0.08640,0.07860,0.99300,0.08240,0.80180,0.08250,0.57490,0.09730,0.10710,0.30810,0.07940,0.19310,0.08010,1.42850,0.08180,1.53080,0.08140,0.09640,0.08180,0.09510,0.08500,0.22880,0.28860,0.14190,0.51590,1.01350,1.35230,1.39010,1.51060,0.08940,0.11430,0.08620,0.11640,0.14940,0.25610,0.12970,0.35900,1.09150,1.46500,1.00660,1.42010,0.08560,0.10160,0.08580,0.10400,0.07750,0.19140,0.08050,0.23200,0.08180,0.93430,0.07800,0.95430,0.07670,0.09590,0.08280,0.08790
0:43:29,1.48190,0.07940,0.11850,0.08170,1.42240,0.09290,0.68600,0.09190,0.13520,0.08690,1.40520,0.09880,1.40020,0.10610,0.11310,0.11510,1.38020,1.45550,0.51350,1.30500,0.19610,1.24030,1.55020,0.15130,0.93630,0.10420,0.08740,0.09800,0.84370,1.40530,0.32940,1.16370,0.10450,1.04670,0.91760,0.13710,0.07760,0.09560,0.07750,0.08700,0.07940,1.01830,0.08400,0.82680,0.08410,0.59740,0.09900,0.10970,0.31690,0.08020,0.19750,0.08090,1.43970,0.08300,1.53860,0.08280,0.09810,0.08300,0.09720,0.08640,0.23460,0.29880,0.14530,0.53260,1.04310,1.36080,1.40890,1.51220,0.09090,0.11720,0.08780,0.11890,0.15240,0.26310,0.13210,0.36930,1.11610,1.47890,1.03350,1.43760,0.08660,0.10360,0.08690,0.10610,0.07780,0.19670,0.08120,0.23960,0.08200,0.96050,0.07850,0.98040,0.07720,0.09700,0.08360,0.08890
0:45:09,1.48100,0.08040,0.12040,0.08280,1.42680,0.09480,0.70560,0.09370,0.13710,0.08880,1.41440,0.10110,1.41070,0.10670,0.11440,0.11670,1.39520,1.46070,0.52970,1.32600,0.19540,1.26150,1.56510,0.15620,0.95900,0.10520,0.08860,0.09990,0.86750,1.42200,0.33990,1.18980,0.10710,1.07410,0.94090,0.14110,0.07810,0.09810,0.07770,0.08780,0.08040,1.04270,0.08590,0.85160,0.08580,0.61810,0.10120,0.11280,0.32560,0.08110,0.20220,0.08190,1.44900,0.08460,1.54480,0.08450,0.10010,0.08460,0.12710,0.08850,0.24040,0.30830,0.14890,0.54870,1.06500,1.36830,1.42580,1.34040,0.09260,0.12050,0.08990,0.12200,0.15550,0.26920,0.13450,0.37970,1.13960,1.49050,1.05920,1.45140,0.08780,0.10570,0.08850,0.10860,0.07810,0.20180,0.08190,0.24670,0.08260,0.98550,0.07920,1.00530,0.07780,0.09850,0.08280,0.09000
0:46:49,1.47980,0.08140,0.12230,0.08420,1.43100,0.09680,0.72590,0.09560,0.13930,0.09080,1.42230,0.10340,1.41840,0.10780,0.11600,0.11840,1.40700,1.46510,0.54640,1.34670,0.19660,1.28040,1.57830,0.16110,0.98030,0.10630,0.09000,0.10210,0.89280,1.43720,0.35070,1.21460,0.10980,1.10040,0.96400,0.14510,0.07850,0.10040,0.07790,0.08860,0.08160,1.06660,0.08790,0.87560,0.08760,0.63850,0.10330,0.11570,0.33430,0.08220,0.20690,0.08320,1.45570,0.08640,1.54920,0.08630,0.10250,0.08620,0.11060,0.09060,0.24620,0.32090,0.15260,0.56540,1.08430,1.37290,1.43970,1.34290,0.09450,0.12380,0.09230,0.12520,0.15430,0.27920,0.13700,0.39040,1.16120,1.50080,1.08390,1.46290,0.08910,0.10780,0.09020,0.11120,0.07850,0.20740,0.08270,0.25360,0.08330,1.01030,0.08000,1.02840,0.07850,0.09990,0.08390,0.09100
0:48:29,1.47910,0.08230,0.12400,0.08520,1.43290,0.09850,0.74650,0.09720,0.14180,0.09240,1.42810,0.10550,1.42370,0.10940,0.11740,0.12000,1.41810,1.46770,0.56240,1.36210,0.19560,1.29610,1.58980,0.16570,1.00000,0.10750,0.09120,0.10390,0.91630,1.45010,0.36100,1.23760,0.11230,1.12520,0.98540,0.14890,0.07890,0.10220,0.07810,0.08940,0.08280,1.08800,0.08980,0.89850,0.08920,0.65850,0.10540,0.11850,0.34300,0.08320,0.21150,0.08430,1.46100,0.08790,1.55170,0.08790,0.10450,0.08760,0.11270,0.09230,0.25200,0.33230,0.15620,0.58130,1.10080,1.37620,1.45250,1.34470,0.09640,0.12700,0.09440,0.12800,0.15730,0.28940,0.13950,0.40060,1.18280,1.50810,1.10740,1.47140,0.09030,0.10990,0.09170,0.11350,0.07890,0.21260,0.08320,0.26050,0.08360,1.03380,0.08070,1.04820,0.07910,0.10120,0.08490,0.09160
0:50:09,1.47610,0.08310,0.12560,0.08620,1.43380,0.10000,0.76650,0.09860,0.14300,0.09400,1.43170,0.10740,1.42860,0.11110,0.11880,0.12150,1.42600,1.46790,0.57800,1.37690,0.19540,1.31150,1.59740,0.16980,1.01880,0.10910,0.09240,0.10580,0.93810,1.46130,0.37130,1.25820,0.11450,1.14800,1.00580,0.15230,0.07960,0.10380,0.07840,0.09030,0.08400,1.10830,0.09140,0.92160,0.09070,0.67780,0.10710,0.12090,0.35160,0.08430,0.21610,0.08540,1.46500,0.08950,1.55380,0.08930,0.10660,0.08880,0.11050,0.09370,0.25770,0.34540,0.15990,0.59760,1.11590,1.37820,1.46310,1.34570,0.09800,0.12990,0.09600,0.13030,0.16030,0.29990,0.14200,0.41080,1.20280,1.51420,1.13000,1.45590,0.09170,0.11180,0.09300,0.11540,0.07930,0.21790,0.08410,0.26740,0.08420,1.05460,0.08150,1.06610,0.07980,0.10260,0.08590,0.09240
0:51:49,1.47370,0.08390,0.12720,0.08700,1.43250,0.10130,0.78600,0.09960,0.14460,0.09530,1.43410,0.10910,1.43240,0.11290,0.12020,0.12310,1.43370,1.46950,0.59340,1.38860,0.19480,1.32350,1.60390,0.17370,1.03600,0.10620,0.09380,0.10760,0.95790,1.46970,0.38140,1.27660,0.11660,1.16990,1.02440,0.15540,0.08010,0.10540,0.07880,0.09130,0.08510,1.12680,0.09300,0.94220,0.09200,0.69690,0.10880,0.12310,0.36030,0.08540,0.22090,0.08670,1.46780,0.09100,1.55430,0.09070,0.10850,0.08990,0.11220,0.09490,0.26360,0.35950,0.16370,0.61320,1.12900,1.37860,1.47150,1.34540,0.09970,0.13280,0.09760,0.13260,0.16350,0.31290,0.14460,0.42100,1.22190,1.51820,1.15090,1.45990,0.09280,0.11370,0.09410,0.11720,0.07980,0.22350,0.08490,0.27420,0.08490,1.07440,0.08220,1.08260,0.08050,0.10400,0.08670,0.09320
0:53:29,1.47080,0.08450,0.12850,0.08790,1.43270,0.10240,0.80580,0.10060,0.14620,0.09650,1.43510,0.11060,1.43520,0.11400,0.12150,0.12460,1.43880,1.46800,0.60860,1.39820,0.10760,1.33540,1.60890,0.17740,1.05230,0.10740,0.09490,0.10930,0.97770,1.47670,0.39160,1.29450,0.11840,1.18980,1.04270,0.15830,0.08060,0.10680,0.07890,0.09220,0.08620,1.14500,0.09410,0.96350,0.09320,0.71550,0.11030,0.12510,0.36880,0.08640,0.22550,0.08780,1.46890,0.09240,1.55270,0.09190,0.11030,0.09080,0.11480,0.09590,0.26930,0.37360,0.16730,0.62860,1.14060,1.37900,1.47800,1.34490,0.10110,0.13540,0.09890,0.13470,0.16650,0.32570,0.14700,0.43110,1.23980,1.52160,1.09660,1.46360,0.09390,0.11550,0.09510,0.11900,0.08010,0.22920,0.08560,0.28090,0.08550,1.09210,0.08290,1.09720,0.08100,0.10500,0.08740,0.09380
0:55:09,1.46790,0.08530,0.13020,0.08870,1.43010,0.10360,0.82470,0.10150,0.14770,0.09780,1.43600,0.11220,1.43660,0.11450,0.12270,0.12610,1.44400,1.46790,0.62330,1.40710,0.10920,1.34460,1.61270,0.18080,1.06720,0.10840,0.09620,0.11100,0.99570,1.48320,0.40150,1.30990,0.12020,1.20840,1.05860,0.16120,0.08120,0.10830,0.07930,0.09320,0.08730,1.16140,0.09550,0.98340,0.09460,0.73350,0.11190,0.12720,0.37740,0.08740,0.23010,0.08900,1.46990,0.09380,1.55130,0.09310,0.11210,0.09170,0.11640,0.09690,0.27500,0.38690,0.17090,0.64360,1.15050,1.24020,1.48350,1.34400,0.10270,0.13800,0.10050,0.13690,0.16960,0.33840,0.14950,0.44110,1.25730,1.52430,1.11800,1.46620,0.09510,0.11720,0.09630,0.12080,0.08050,0.23490,0.08620,0.28770,0.08600,1.10860,0.08360,1.11030,0.08160,0.10630,0.08830,0.09480
0:56:49,1.46410,0.08600,0.13160,0.08950,1.42870,0.10470,0.84270,0.10250,0.14940,0.09890,1.43570,0.11360,1.43720,0.11540,0.12410,0.12750,1.44700,1.46600,0.63830,1.41430,0.11070,1.35400,1.61400,0.18440,1.08200,0.10980,0.09730,0.11260,1.01180,1.48710,0.41160,1.32460,0.12220,1.22590,1.07380,0.16400,0.08180,0.10960,0.07950,0.09410,0.08830,1.17640,0.09680,1.00250,0.09580,0.75130,0.11350,0.12930,0.38580,0.08840,0.23480,0.09010,1.46970,0.09510,1.54900,0.09430,0.11400,0.09270,0.11780,0.09800,0.28080,0.39830,0.17460,0.65910,1.15920,1.24360,1.48790,1.34360,0.10420,0.14060,0.10180,0.13910,0.17280,0.34880,0.15200,0.45100,1.27190,1.52520,1.13700,1.46790,0.09630,0.11910,0.09740,0.12270,0.08100,0.24050,0.08700,0.29450,0.08660,1.12380,0.08430,1.12270,0.08230,0.10760,0.08920,0.09570
0:58:29,1.46060,0.08680,0.13330,0.09050,1.42680,0.10580,0.86070,0.10340,0.15140,0.10030,1.43610,0.11510,1.43730,0.11690,0.12550,0.12930,1.45010,1.46540,0.65290,1.42070,0.11240,1.36060,1.61580,0.18810,1.09470,0.11150,0.09860,0.11430,1.02720,1.49080,0.42160,1.33860,0.12420,1.24240,1.08920,0.16710,0.08230,0.11100,0.07990,0.09290,0.08950,1.18930,0.09800,0.99600,0.09700,0.76900,0.11500,0.13150,0.39430,0.08940,0.23950,0.09130,1.46920,0.09650,1.54680,0.09560,0.11590,0.09370,0.12330,0.09920,0.28630,0.40920,0.17840,0.67410,1.16660,1.24530,1.49110,1.34190,0.10570,0.14350,0.10380,0.14130,0.17590,0.35820,0.15460,0.46110,1.28710,1.52560,1.15450,1.46810,0.09740,0.12100,0.09860,0.12460,0.08140,0.24600,0.08770,0.30130,0.08720,1.13800,0.08510,1.13420,0.08290,0.10530,0.09010,0.09650
1:00:09,1.45750,0.08790,0.13520,0.09170,1.42450,0.10900,0.87920,0.10380,0.15380,0.10180,1.43560,0.11670,1.31650,0.11940,0.12730,0.13140,1.45220,1.46290,0.66810,1.42580,0.11440,1.36710,1.61530,0.19210,1.10700,0.11330,0.10020,0.11630,1.04430,1.49410,0.43180,1.35070,0.12660,1.25800,1.09940,0.17030,0.08300,0.11250,0.08040,0.09430,0.09080,1.20300,0.09960,1.01390,0.09870,0.78600,0.11680,0.13390,0.40280,0.09060,0.24430,0.09260,1.46850,0.09800,1.54420,0.09700,0.11810,0.09490,0.12320,0.10050,0.29200,0.41970,0.18230,0.68920,1.17340,1.24720,1.49330,1.34090,0.10750,0.14840,0.10530,0.14370,0.17920,0.36760,0.15720,0.47110,1.30080,1.52600,1.17110,1.46800,0.09870,0.12310,0.10010,0.12690,0.08200,0.25140,0.08850,0.30830,0.08560,1.15080,0.08620,1.14420,0.08360,0.10680,0.09120,0.09770

