420

Time,A1,A2,A3,A4,A5,A6,A7,A8,A9,A10,A11,A12,B1,B2,B3,B4,B5,B6,B7,B8,B9,B10,B11,B12,C1,C2,C3,C4,C5,C6,C7,C8,C9,C10,C11,C12,D1,D2,D3,D4,D5,D6,D7,D8,D9,D10,D11,D12,E1,E2,E3,E4,E5,E6,E7,E8,E9,E10,E11,E12,F1,F2,F3,F4,F5,F6,F7,F8,F9,F10,F11,F12,G1,G2,G3,G4,G5,G6,G7,G8,G9,G10,G11,G12,H1,H2,H3,H4,H5,H6,H7,H8,H9,H10,H11,H12
0:00:34,0.09750,0.07800,0.09000,0.07710,0.08530,0.07630,0.09320,0.07480,0.09950,0.07560,0.07850,0.07530,0.08590,0.10100,0.08680,0.09490,0.08240,0.09700,0.08270,0.09910,0.08430,0.08890,0.08240,0.09140,0.08110,0.08380,0.07870,0.08620,0.08090,0.08440,0.08440,0.08330,0.07940,0.08190,0.07780,0.08420,0.07570,0.08090,0.07490,0.08040,0.07630,0.08110,0.07480,0.07800,0.07450,0.07950,0.07510,0.08090,0.09860,0.07520,0.10110,0.07520,0.11020,0.07490,0.09860,0.07570,0.08950,0.07440,0.10710,0.07630,0.08420,0.09950,0.08720,0.08580,0.09210,0.11370,0.09030,0.09500,0.08410,0.08670,0.08040,0.10740,0.08020,0.08390,0.08250,0.09670,0.07940,0.08440,0.07760,0.08710,0.07890,0.08060,0.07760,0.08020,0.07670,0.07840,0.07500,0.08020,0.07540,0.07990,0.07480,0.07520,0.07630,0.07580,0.07420,0.07670
0:10:34,0.09370,0.07660,0.08330,0.07550,0.08030,0.07490,0.08710,0.07390,0.10750,0.07430,0.07710,0.07410,0.08470,0.10150,0.08340,0.08950,0.08000,0.08750,0.08100,0.09170,0.09070,0.08430,0.08070,0.09280,0.07920,0.08140,0.07720,0.08430,0.07950,0.08220,0.07870,0.08110,0.08120,0.08070,0.07660,0.08510,0.07490,0.07970,0.07410,0.07940,0.07560,0.08010,0.07390,0.07660,0.07360,0.07840,0.07430,0.08170,0.09580,0.07430,0.09530,0.07400,0.10680,0.07400,0.09560,0.07480,0.08720,0.07360,0.10550,0.07490,0.08280,0.09680,0.08490,0.09370,0.09040,0.11060,0.08840,0.09100,0.08190,0.08420,0.07940,0.10250,0.07870,0.08310,0.08090,0.09870,0.07810,0.08300,0.07620,0.08450,0.07770,0.07980,0.07660,0.08050,0.07600,0.07740,0.07420,0.08050,0.07450,0.07850,0.07400,0.07430,0.07530,0.07500,0.07350,0.07620
0:20:34,0.08960,0.07650,0.08070,0.07540,0.07950,0.07480,0.08360,0.07390,0.11990,0.07430,0.07750,0.07410,0.08270,0.10010,0.08050,0.08790,0.07900,0.08650,0.07940,0.08590,0.09930,0.08490,0.07970,0.09630,0.07830,0.08210,0.07660,0.08240,0.07860,0.08020,0.07790,0.08020,0.08460,0.08060,0.07630,0.08680,0.07480,0.07930,0.07410,0.07880,0.07540,0.07970,0.07380,0.07630,0.07360,0.07840,0.07430,0.08280,0.09300,0.07420,0.09220,0.07390,0.10040,0.07390,0.09480,0.07460,0.08550,0.07360,0.10420,0.07490,0.08120,0.09660,0.08300,0.10740,0.08980,0.10600,0.08730,0.09230,0.08140,0.08420,0.07870,0.10650,0.07790,0.08130,0.07970,0.10310,0.07800,0.08280,0.07620,0.08330,0.07740,0.08020,0.07640,0.08230,0.07590,0.07730,0.07420,0.08190,0.07450,0.07780,0.07410,0.07440,0.07540,0.07510,0.07360,0.07720
0:30:34,0.09230,0.07700,0.08310,0.07590,0.08100,0.07520,0.08360,0.07450,0.14290,0.07510,0.07970,0.07450,0.08370,0.10320,0.07990,0.09020,0.07860,0.08750,0.07930,0.08670,0.11110,0.08740,0.08010,0.10390,0.07880,0.08520,0.07690,0.08180,0.07870,0.08020,0.07830,0.08080,0.08920,0.08110,0.07710,0.09150,0.07510,0.08030,0.07460,0.07950,0.07580,0.07980,0.07430,0.07660,0.07400,0.07890,0.07490,0.08480,0.09320,0.07460,0.09200,0.07420,0.10160,0.07430,0.09530,0.07480,0.08620,0.07400,0.10500,0.07570,0.08060,0.09540,0.08310,0.12610,0.09100,0.10600,0.08790,0.09190,0.08100,0.08640,0.07960,0.11030,0.07780,0.08180,0.07990,0.11080,0.07840,0.08300,0.07670,0.08360,0.07760,0.08140,0.07730,0.08640,0.07600,0.07770,0.07490,0.08440,0.07500,0.07840,0.07460,0.07510,0.07590,0.07560,0.07430,0.07900
0:40:34,0.09740,0.07780,0.08500,0.07670,0.08660,0.07610,0.08840,0.07620,0.17630,0.07740,0.08420,0.07510,0.08630,0.11620,0.08110,0.10090,0.07990,0.08710,0.08140,0.09050,0.12540,0.09040,0.08300,0.11410,0.08010,0.08980,0.07800,0.08500,0.07990,0.08160,0.07940,0.08230,0.09470,0.08300,0.07940,0.09670,0.07550,0.08250,0.07560,0.08080,0.07680,0.08030,0.07550,0.07780,0.07480,0.08040,0.07640,0.08820,0.09510,0.07550,0.09600,0.07520,0.10610,0.07540,0.10100,0.07520,0.08890,0.07510,0.10980,0.07740,0.08070,0.10120,0.08520,0.14780,0.09110,0.10860,0.08850,0.09410,0.08140,0.09060,0.08130,0.12190,0.07810,0.08350,0.08090,0.11820,0.07900,0.08420,0.07800,0.08510,0.07900,0.08320,0.07920,0.09200,0.07610,0.07830,0.07610,0.08720,0.07600,0.07970,0.07590,0.07630,0.07690,0.07660,0.07530,0.08130
0:50:34,0.10910,0.07880,0.09560,0.07780,0.08890,0.07740,0.09520,0.07920,0.22490,0.08120,0.09110,0.07580,0.09090,0.13000,0.08320,0.10780,0.08150,0.09400,0.08350,0.10400,0.14200,0.09750,0.08770,0.13270,0.08210,0.10180,0.08020,0.09180,0.08230,0.08290,0.08110,0.08430,0.10150,0.08590,0.08280,0.10310,0.07610,0.08610,0.07750,0.08340,0.07920,0.08230,0.07820,0.08030,0.07680,0.08330,0.07940,0.09280,0.09510,0.07730,0.10270,0.07710,0.10600,0.07780,0.10540,0.07610,0.09290,0.07750,0.10760,0.07950,0.08030,0.10180,0.08960,0.18970,0.09370,0.11630,0.08950,0.09730,0.08200,0.09260,0.08380,0.13300,0.07920,0.08500,0.08260,0.12920,0.08030,0.08880,0.08040,0.08690,0.08100,0.08630,0.08160,0.09830,0.07630,0.08050,0.07780,0.09020,0.07760,0.08120,0.07790,0.07830,0.07810,0.07810,0.07680,0.08410
1:00:34,0.11130,0.08070,0.09390,0.07950,0.09100,0.07960,0.09670,0.08470,0.24730,0.08830,0.09960,0.07700,0.09680,0.14040,0.08760,0.10870,0.08480,0.09930,0.08740,0.10450,0.15480,0.10490,0.09520,0.14510,0.08510,0.10880,0.08380,0.09730,0.08600,0.08790,0.08380,0.08980,0.11260,0.09160,0.08870,0.11180,0.07700,0.09120,0.08040,0.08750,0.08290,0.08610,0.08240,0.08510,0.07970,0.08790,0.08340,0.09770,0.09180,0.08020,0.10020,0.08040,0.11070,0.08130,0.10330,0.07760,0.09120,0.08080,0.11840,0.08190,0.08360,0.10000,0.09340,0.22010,0.10010,0.12070,0.09540,0.09830,0.08480,0.09530,0.08700,0.14500,0.08150,0.08770,0.08660,0.14580,0.08300,0.08860,0.08360,0.08960,0.08450,0.08980,0.08490,0.10380,0.07670,0.08280,0.08060,0.09530,0.07970,0.08460,0.08070,0.08080,0.07960,0.08010,0.07890,0.08660
1:10:34,0.11430,0.08160,0.09270,0.08050,0.09450,0.08090,0.09700,0.09000,0.27190,0.09410,0.10590,0.07710,0.10120,0.14860,0.09040,0.10950,0.08800,0.09680,0.09060,0.10470,0.18610,0.11260,0.10110,0.15480,0.08940,0.11180,0.08730,0.09930,0.08960,0.08740,0.08580,0.09480,0.12080,0.09740,0.09420,0.11760,0.07760,0.09700,0.08330,0.09110,0.08670,0.08970,0.08670,0.08920,0.08250,0.09280,0.08780,0.10410,0.09240,0.08280,0.10200,0.08350,0.11530,0.08490,0.10350,0.07890,0.09130,0.08420,0.11960,0.08380,0.08410,0.09910,0.09370,0.24570,0.10120,0.12020,0.09750,0.09620,0.08560,0.10000,0.08790,0.15140,0.08280,0.08940,0.08910,0.15800,0.08410,0.09060,0.08630,0.09290,0.08660,0.09170,0.08720,0.10740,0.07680,0.08390,0.08270,0.10080,0.08120,0.08680,0.08300,0.08260,0.08030,0.08170,0.08040,0.08800
1:20:34,0.11760,0.08230,0.09230,0.08120,0.09590,0.08180,0.09830,0.09340,0.29530,0.09810,0.11070,0.07740,0.10330,0.15340,0.09130,0.11050,0.08900,0.09610,0.09210,0.10650,0.20670,0.11530,0.10440,0.16340,0.09130,0.11530,0.08930,0.10260,0.09160,0.08720,0.08710,0.09740,0.12600,0.10110,0.09760,0.12160,0.07810,0.10050,0.08530,0.09370,0.08940,0.09190,0.08980,0.09200,0.08460,0.09570,0.09100,0.10830,0.09260,0.08470,0.10210,0.08590,0.11430,0.08750,0.10460,0.07980,0.09140,0.08660,0.12040,0.08530,0.08460,0.09920,0.09510,0.26840,0.10070,0.11960,0.09710,0.09570,0.08610,0.10190,0.08980,0.15730,0.08360,0.09020,0.09070,0.16780,0.08460,0.09150,0.08850,0.09440,0.08810,0.09240,0.08910,0.11130,0.07690,0.08460,0.08420,0.10520,0.08250,0.08810,0.08470,0.08410,0.08100,0.08290,0.08160,0.08970
1:30:34,0.12370,0.08350,0.09520,0.08230,0.09940,0.08340,0.10210,0.09740,0.32250,0.10260,0.11640,0.07780,0.10670,0.16330,0.09310,0.11410,0.09100,0.09810,0.09500,0.11050,0.22470,0.12070,0.10890,0.17360,0.09330,0.12090,0.09210,0.10650,0.09470,0.08830,0.08900,0.10090,0.13250,0.10490,0.10160,0.12720,0.07880,0.10410,0.08780,0.09700,0.09250,0.09490,0.09360,0.09540,0.08700,0.09930,0.09440,0.11330,0.09240,0.08710,0.10430,0.08870,0.11470,0.09040,0.10710,0.08090,0.09120,0.08930,0.12250,0.08740,0.08470,0.10030,0.09760,0.29450,0.10190,0.11930,0.09980,0.09630,0.08700,0.10480,0.09210,0.16400,0.08460,0.09200,0.09250,0.17840,0.08560,0.09320,0.09100,0.09590,0.09020,0.09480,0.09130,0.11550,0.07720,0.08610,0.08630,0.10870,0.08410,0.09020,0.08700,0.08610,0.08170,0.08440,0.08280,0.09140
1:40:34,0.12840,0.08300,0.09620,0.08180,0.10150,0.08290,0.10340,0.09950,0.34930,0.10530,0.12000,0.07700,0.10900,0.17300,0.09320,0.11660,0.09170,0.09820,0.09610,0.11220,0.24270,0.12440,0.11170,0.18290,0.09470,0.12670,0.09370,0.10940,0.09630,0.08790,0.08920,0.10350,0.13820,0.10790,0.10420,0.13040,0.07900,0.10710,0.08940,0.09950,0.09470,0.09680,0.09600,0.09760,0.08830,0.10170,0.09650,0.11660,0.09230,0.08880,0.10630,0.09070,0.11590,0.09260,0.10890,0.08110,0.09120,0.09120,0.12420,0.08780,0.08470,0.10210,0.09890,0.32120,0.10230,0.12190,0.10100,0.09610,0.08700,0.10740,0.09330,0.16970,0.08540,0.09330,0.09400,0.18800,0.08570,0.09400,0.09260,0.09760,0.09150,0.09660,0.09270,0.11850,0.07720,0.08670,0.08770,0.11220,0.08490,0.09140,0.08820,0.08720,0.08160,0.08540,0.08340,0.09250
1:50:34,0.13190,0.08250,0.09670,0.08150,0.10300,0.08250,0.10430,0.10120,0.37740,0.10740,0.12310,0.07700,0.11090,0.18130,0.09280,0.11900,0.09240,0.09810,0.09630,0.11440,0.26060,0.12820,0.11410,0.19190,0.09490,0.13100,0.09420,0.11150,0.09710,0.08720,0.08870,0.10490,0.14360,0.11030,0.10590,0.13340,0.07870,0.10890,0.09010,0.10050,0.09580,0.09790,0.09730,0.09890,0.08880,0.10330,0.09790,0.11940,0.09260,0.08900,0.10730,0.09150,0.11540,0.09370,0.10970,0.08110,0.09080,0.09230,0.12510,0.08790,0.08430,0.10260,0.09910,0.34620,0.10110,0.12280,0.10070,0.09600,0.08700,0.10920,0.09360,0.17640,0.08550,0.09310,0.09400,0.19680,0.08510,0.09400,0.09290,0.09800,0.09200,0.09770,0.09310,0.12130,0.07710,0.08630,0.08760,0.11450,0.08480,0.09150,0.08830,0.08750,0.08140,0.08580,0.08350,0.09360
2:00:11,0.13570,0.08250,0.09770,0.08180,0.10440,0.08350,0.10580,0.10320,0.40740,0.11010,0.12680,0.08040,0.11250,0.18960,0.09310,0.12190,0.09330,0.09880,0.09760,0.11620,0.27760,0.13180,0.11670,0.20170,0.09550,0.13500,0.09460,0.11330,0.09770,0.08780,0.08910,0.10650,0.14970,0.11250,0.10810,0.13960,0.07870,0.11010,0.09050,0.10150,0.09660,0.09860,0.09820,0.09990,0.08930,0.10470,0.09920,0.12130,0.09240,0.08900,0.10670,0.09190,0.11490,0.09440,0.11030,0.08160,0.09120,0.09320,0.12610,0.08890,0.08400,0.10150,0.09900,0.37030,0.10060,0.12250,0.10090,0.09650,0.08750,0.11080,0.09440,0.18410,0.08570,0.09260,0.09390,0.20600,0.08510,0.09410,0.09320,0.09850,0.09250,0.09870,0.09380,0.12510,0.07710,0.08660,0.08760,0.11670,0.08530,0.09170,0.08850,0.08780,0.08170,0.08620,0.08400,0.09520
2:10:34,0.14180,0.08510,0.10100,0.08380,0.10700,0.08510,0.10870,0.10620,0.43620,0.11350,0.13090,0.07870,0.11670,0.20090,0.09600,0.12720,0.09590,0.10150,0.10040,0.11930,0.29450,0.13660,0.11990,0.21210,0.09850,0.14110,0.09680,0.11710,0.09970,0.08940,0.09190,0.10880,0.15670,0.11560,0.11100,0.14530,0.07990,0.11310,0.09200,0.10400,0.09840,0.10020,0.10040,0.10200,0.09090,0.10720,0.10160,0.12440,0.09250,0.09100,0.10890,0.09390,0.11690,0.09600,0.11260,0.08310,0.09260,0.09510,0.12800,0.09130,0.08490,0.10320,0.10100,0.39660,0.10250,0.12390,0.10320,0.09830,0.08900,0.11380,0.09660,0.19330,0.08650,0.09480,0.09590,0.21700,0.08670,0.09640,0.09530,0.10010,0.09420,0.10060,0.09560,0.12990,0.07730,0.08850,0.08940,0.12060,0.08720,0.09350,0.09060,0.08920,0.08260,0.08740,0.08540,0.09740
2:20:34,0.14790,0.08660,0.10440,0.08550,0.11080,0.08740,0.11290,0.11010,0.46530,0.11770,0.13570,0.07960,0.12070,0.21150,0.09880,0.13220,0.09910,0.10510,0.10410,0.12360,0.31240,0.14250,0.12430,0.22370,0.10150,0.14770,0.09980,0.12190,0.10290,0.09150,0.09560,0.11270,0.16470,0.12000,0.11530,0.15290,0.08110,0.11720,0.09460,0.10780,0.10140,0.10320,0.10390,0.10560,0.09380,0.11110,0.10550,0.12900,0.09270,0.09380,0.11240,0.09690,0.11990,0.09890,0.11640,0.08530,0.09460,0.09830,0.13150,0.09460,0.08580,0.10610,0.10420,0.42290,0.10510,0.12670,0.10650,0.10030,0.09110,0.11810,0.10000,0.20300,0.08790,0.09770,0.09880,0.22860,0.08840,0.09920,0.09840,0.10270,0.09700,0.10380,0.09850,0.13490,0.07760,0.09080,0.09180,0.12530,0.08970,0.09620,0.09340,0.09180,0.08370,0.08960,0.08760,0.10010
2:30:34,0.15340,0.08780,0.10740,0.08670,0.11470,0.08910,0.11670,0.11400,0.49190,0.12160,0.14020,0.07990,0.12460,0.22120,0.10120,0.13620,0.10220,0.10810,0.10780,0.12780,0.32990,0.14810,0.12840,0.23500,0.10430,0.15410,0.10270,0.12640,0.10620,0.09270,0.09860,0.11660,0.17240,0.12430,0.11940,0.15980,0.08200,0.12120,0.09720,0.11160,0.10480,0.10650,0.10760,0.10950,0.09690,0.11510,0.10920,0.13440,0.09290,0.09660,0.11560,0.10010,0.12260,0.10200,0.12030,0.08710,0.09610,0.10170,0.13520,0.09760,0.08640,0.10840,0.10740,0.44800,0.10700,0.12940,0.10970,0.10180,0.09310,0.12280,0.10330,0.21250,0.08960,0.10050,0.10140,0.24130,0.08960,0.10210,0.10160,0.10570,0.10000,0.10720,0.10170,0.13930,0.07780,0.09250,0.09430,0.13020,0.09190,0.09900,0.09630,0.09440,0.08450,0.09210,0.08980,0.10230
2:40:34,0.15870,0.08860,0.10960,0.08760,0.11830,0.09050,0.12040,0.11740,0.51720,0.12500,0.14410,0.08040,0.12810,0.23020,0.10350,0.13970,0.10470,0.11060,0.11110,0.13190,0.34710,0.15320,0.13210,0.24590,0.10650,0.16000,0.10540,0.13050,0.10930,0.09380,0.10120,0.12030,0.17950,0.12830,0.12310,0.16610,0.08260,0.12500,0.09980,0.11510,0.10780,0.10940,0.11100,0.11300,0.09970,0.11860,0.11260,0.13910,0.09300,0.09900,0.11850,0.10300,0.12490,0.10490,0.12350,0.08860,0.09730,0.10460,0.13840,0.10020,0.08680,0.11080,0.11010,0.47200,0.10840,0.13180,0.11230,0.10310,0.09480,0.12680,0.10630,0.22150,0.09080,0.10260,0.10380,0.25340,0.09050,0.10430,0.10440,0.10840,0.10260,0.11040,0.10450,0.14340,0.07790,0.09400,0.09640,0.13490,0.09380,0.10140,0.09870,0.09680,0.08510,0.09410,0.09160,0.10440
2:50:34,0.16380,0.08930,0.11170,0.08840,0.12150,0.09150,0.12360,0.12050,0.54200,0.12830,0.14760,0.08080,0.13130,0.23930,0.10530,0.14280,0.10700,0.11280,0.11390,0.13560,0.36380,0.15820,0.13550,0.25660,0.10840,0.16570,0.10790,0.13430,0.11210,0.09470,0.10340,0.12350,0.18630,0.13200,0.12640,0.17200,0.08310,0.12860,0.10200,0.11820,0.11050,0.11210,0.11410,0.11610,0.10220,0.12190,0.11580,0.14340,0.09330,0.10120,0.12100,0.10560,0.12690,0.10750,0.12660,0.08990,0.09840,0.10740,0.14100,0.10270,0.08710,0.11290,0.11260,0.49580,0.10950,0.13380,0.11490,0.10430,0.09630,0.13080,0.10910,0.23010,0.09190,0.10460,0.10590,0.26560,0.09120,0.10670,0.10700,0.11090,0.10520,0.11340,0.10710,0.14750,0.07800,0.09530,0.09820,0.13930,0.09540,0.10360,0.10100,0.09890,0.08560,0.09610,0.09330,0.10650
3:00:34,0.16850,0.09010,0.11400,0.08920,0.12450,0.09270,0.12640,0.12350,0.56610,0.13130,0.15120,0.08130,0.13460,0.24820,0.10700,0.14640,0.10950,0.11490,0.11690,0.13910,0.38010,0.16290,0.13890,0.26710,0.11040,0.17120,0.11030,0.13800,0.11470,0.09560,0.10550,0.12660,0.19310,0.13560,0.12970,0.17810,0.08370,0.13200,0.10410,0.12130,0.11300,0.11470,0.11710,0.11900,0.10460,0.12510,0.11870,0.14760,0.09370,0.10330,0.12350,0.10810,0.12890,0.11000,0.12980,0.09130,0.09960,0.10990,0.14390,0.10510,0.08760,0.11490,0.11500,0.51850,0.11060,0.13610,0.11720,0.10560,0.09790,0.13470,0.11180,0.23870,0.09310,0.10640,0.10800,0.27790,0.09190,0.10880,0.10950,0.11340,0.10750,0.11610,0.10960,0.15180,0.07810,0.09660,0.10000,0.14380,0.09710,0.10570,0.10320,0.10090,0.08630,0.09790,0.09510,0.10860
3:10:34,0.17310,0.09090,0.11640,0.09010,0.12750,0.09380,0.12930,0.12640,0.58970,0.13440,0.15460,0.08250,0.13800,0.25700,0.10890,0.15000,0.11190,0.11720,0.11980,0.14230,0.39610,0.16750,0.14210,0.27740,0.11260,0.17670,0.11260,0.14170,0.11740,0.09680,0.10780,0.12970,0.20010,0.13910,0.13290,0.18420,0.08450,0.13550,0.10620,0.12440,0.11560,0.11730,0.11990,0.12200,0.10690,0.12820,0.12160,0.15180,0.09410,0.10550,0.12600,0.11070,0.13130,0.11260,0.13280,0.09290,0.10080,0.11260,0.14650,0.10760,0.08810,0.11700,0.11750,0.54070,0.11200,0.13870,0.11990,0.10720,0.09980,0.13850,0.11460,0.24730,0.09430,0.10850,0.11020,0.29030,0.09280,0.11110,0.11200,0.11580,0.11000,0.11890,0.11220,0.15600,0.07820,0.09820,0.10210,0.14850,0.09890,0.10800,0.10550,0.10310,0.08690,0.09980,0.09690,0.11080
3:20:34,0.17800,0.09230,0.11910,0.09150,0.13060,0.09550,0.13240,0.12950,0.61310,0.13740,0.15820,0.08430,0.14160,0.26640,0.11130,0.15440,0.11470,0.11980,0.12300,0.14590,0.41220,0.17240,0.14550,0.28760,0.11530,0.18250,0.11520,0.14580,0.12020,0.09840,0.11050,0.13300,0.20760,0.14280,0.13640,0.19080,0.08550,0.13930,0.10860,0.12770,0.11840,0.12000,0.12290,0.12510,0.10960,0.13140,0.12460,0.15560,0.09460,0.10790,0.12890,0.11340,0.13390,0.11520,0.13590,0.09490,0.10250,0.11530,0.14950,0.11030,0.08890,0.11940,0.12010,0.56310,0.11370,0.14100,0.12250,0.10900,0.10190,0.14230,0.11750,0.25660,0.09590,0.11080,0.11260,0.30300,0.09400,0.11360,0.11470,0.11840,0.11240,0.12190,0.11490,0.16070,0.07840,0.09990,0.10430,0.15330,0.10110,0.11040,0.10800,0.10540,0.08780,0.10200,0.09900,0.11330
3:30:34,0.18240,0.09290,0.12140,0.09210,0.13340,0.09660,0.13490,0.13210,0.63500,0.14020,0.16130,0.08420,0.14510,0.27500,0.11340,0.15750,0.11730,0.12200,0.12570,0.14890,0.42790,0.17670,0.14840,0.29740,0.11750,0.18790,0.11760,0.14940,0.12270,0.09940,0.11280,0.13590,0.21460,0.14600,0.13930,0.19670,0.08600,0.14270,0.11070,0.13060,0.12080,0.12250,0.12550,0.12780,0.11190,0.13430,0.12730,0.15980,0.09460,0.11010,0.13150,0.11590,0.13640,0.11760,0.13860,0.09660,0.10370,0.11770,0.15200,0.11270,0.08910,0.12140,0.12260,0.58440,0.11510,0.14340,0.12500,0.11040,0.10380,0.14600,0.12010,0.26560,0.09720,0.11280,0.11480,0.31570,0.09470,0.11590,0.11720,0.12090,0.11470,0.12460,0.11730,0.16480,0.07850,0.10160,0.10620,0.15800,0.10300,0.11260,0.11010,0.10740,0.08840,0.10400,0.10080,0.11560
3:40:34,0.18680,0.09340,0.12360,0.09270,0.13610,0.09760,0.13740,0.13470,0.65660,0.14270,0.16400,0.08450,0.14840,0.28380,0.11540,0.16070,0.11960,0.12420,0.12830,0.15190,0.44300,0.18080,0.15120,0.30700,0.11970,0.19330,0.11980,0.15300,0.12510,0.10040,0.11500,0.13870,0.22130,0.14930,0.14210,0.20250,0.08660,0.14600,0.11260,0.13350,0.12310,0.12480,0.12810,0.13050,0.11410,0.13700,0.12980,0.16360,0.09470,0.11220,0.13390,0.11820,0.13880,0.12000,0.14140,0.09810,0.10480,0.12000,0.15460,0.11500,0.08950,0.12350,0.12490,0.60540,0.11630,0.14550,0.12730,0.11160,0.10560,0.14950,0.12250,0.27430,0.09850,0.11480,0.11690,0.32810,0.09530,0.11820,0.11940,0.12330,0.11700,0.12730,0.11970,0.16880,0.07860,0.10300,0.10800,0.16260,0.10470,0.11470,0.11230,0.10960,0.08880,0.10580,0.10260,0.11760
3:50:34,0.19090,0.09370,0.12520,0.09300,0.13840,0.09810,0.13960,0.13690,0.67730,0.14500,0.16650,0.08450,0.15120,0.29190,0.11690,0.16340,0.12170,0.12600,0.13030,0.15450,0.45770,0.18460,0.15360,0.31620,0.12150,0.19820,0.12160,0.15610,0.12710,0.10100,0.11680,0.14110,0.22770,0.15210,0.14450,0.20790,0.08690,0.14890,0.11430,0.13600,0.12500,0.12680,0.13030,0.13280,0.11600,0.13950,0.13210,0.16700,0.09480,0.11390,0.13600,0.12020,0.14080,0.12200,0.14350,0.09930,0.10550,0.12200,0.15680,0.11700,0.08970,0.12530,0.12680,0.62530,0.11720,0.14750,0.12930,0.11250,0.10710,0.15260,0.12470,0.28280,0.09940,0.11640,0.11860,0.34010,0.09560,0.12000,0.12150,0.12530,0.11880,0.12960,0.12160,0.17250,0.07840,0.10420,0.10970,0.16680,0.10620,0.11650,0.11410,0.11120,0.08900,0.10740,0.10400,0.11950
4:00:34,0.19520,0.09450,0.12730,0.09400,0.14090,0.09920,0.14210,0.13940,0.69740,0.14750,0.16930,0.08640,0.15440,0.30040,0.11870,0.16700,0.12400,0.12790,0.13290,0.15740,0.47250,0.18840,0.15630,0.32580,0.12360,0.20340,0.12380,0.15940,0.12930,0.10210,0.11890,0.14360,0.23440,0.15510,0.14710,0.21360,0.08760,0.15200,0.11610,0.13870,0.12720,0.12900,0.13270,0.13510,0.11810,0.14210,0.13440,0.17090,0.09530,0.11580,0.13840,0.12230,0.14280,0.12410,0.14590,0.10080,0.10680,0.12420,0.15920,0.11920,0.09020,0.12720,0.12890,0.64540,0.11850,0.14940,0.13150,0.11370,0.10880,0.15590,0.12700,0.29150,0.10060,0.11830,0.12060,0.35230,0.09640,0.12200,0.12350,0.12730,0.12090,0.13210,0.12380,0.17670,0.07860,0.10550,0.11130,0.17120,0.10790,0.11840,0.11610,0.11300,0.08970,0.10910,0.10570,0.12160
4:10:34,0.19900,0.09470,0.12890,0.09420,0.14300,0.09970,0.14430,0.14140,0.71690,0.14960,0.17150,0.08550,0.15720,0.30850,0.12020,0.16960,0.12590,0.12960,0.13490,0.15990,0.48670,0.19190,0.15850,0.33460,0.12540,0.20830,0.12550,0.16250,0.13120,0.10280,0.12060,0.14590,0.24070,0.15760,0.14920,0.21880,0.08780,0.15480,0.11760,0.14100,0.12910,0.13100,0.13480,0.13710,0.11990,0.14440,0.13650,0.17440,0.09500,0.11750,0.14040,0.12420,0.14460,0.12600,0.14820,0.10200,0.10770,0.12600,0.16110,0.12110,0.09020,0.12880,0.13080,0.66430,0.11930,0.15120,0.13330,0.11480,0.11020,0.15880,0.12900,0.29990,0.10170,0.11980,0.12230,0.36430,0.09670,0.12390,0.12530,0.12930,0.12260,0.13430,0.12570,0.18020,0.07850,0.10680,0.11280,0.17550,0.10940,0.12020,0.11780,0.11470,0.08980,0.11060,0.10720,0.12350
4:20:34,0.20280,0.09510,0.13060,0.09480,0.14520,0.10050,0.14620,0.14340,0.73450,0.15180,0.17380,0.08680,0.16000,0.31650,0.12170,0.17260,0.12780,0.13130,0.13700,0.16240,0.50070,0.19530,0.16090,0.34350,0.12710,0.21300,0.12730,0.16550,0.13310,0.10330,0.12240,0.14810,0.24690,0.16040,0.15130,0.22400,0.08810,0.15760,0.11920,0.14330,0.13090,0.13270,0.13680,0.13910,0.12170,0.14650,0.13860,0.17770,0.09510,0.11910,0.14240,0.12600,0.14640,0.12790,0.15040,0.10330,0.10840,0.12790,0.16320,0.12280,0.09040,0.13050,0.13260,0.68270,0.12020,0.15300,0.13530,0.11550,0.11170,0.16170,0.13110,0.30810,0.10250,0.12140,0.12380,0.37640,0.09690,0.12560,0.12710,0.13110,0.12440,0.13650,0.12760,0.18370,0.07850,0.10780,0.11420,0.17960,0.11070,0.12170,0.11940,0.11620,0.09010,0.11210,0.10860,0.12530
4:30:34,0.20660,0.09520,0.13210,0.09490,0.14720,0.10110,0.14810,0.14550,0.75290,0.15380,0.17590,0.08700,0.16280,0.32420,0.12300,0.17490,0.12950,0.13270,0.13890,0.16450,0.51440,0.19870,0.16310,0.35210,0.12860,0.21760,0.12890,0.16830,0.13470,0.10380,0.12400,0.15030,0.25300,0.16290,0.15330,0.22910,0.08810,0.16030,0.12060,0.14540,0.13250,0.13440,0.13850,0.14090,0.12320,0.14860,0.14040,0.18080,0.09500,0.12050,0.14400,0.12760,0.14810,0.12960,0.15230,0.10420,0.10900,0.12960,0.16510,0.12460,0.09050,0.13190,0.13420,0.70080,0.12090,0.15460,0.13700,0.11610,0.11300,0.16450,0.13300,0.31610,0.10330,0.12270,0.12530,0.38780,0.09690,0.12710,0.12870,0.13280,0.12600,0.13860,0.12930,0.18710,0.07860,0.10870,0.11530,0.18370,0.11200,0.12320,0.12090,0.11760,0.09020,0.11350,0.10990,0.12690
4:40:34,0.20990,0.09510,0.13330,0.09480,0.14890,0.10120,0.14980,0.14700,0.77000,0.15540,0.17780,0.08560,0.16510,0.33160,0.12410,0.17700,0.13090,0.13380,0.14050,0.16650,0.52770,0.20170,0.16490,0.36050,0.12990,0.22190,0.13020,0.17090,0.13630,0.10390,0.12530,0.15200,0.25880,0.16510,0.15510,0.23380,0.08800,0.16260,0.12180,0.14740,0.13400,0.13590,0.14010,0.14250,0.12460,0.15040,0.14210,0.18400,0.09490,0.12170,0.14560,0.12900,0.14950,0.13110,0.15400,0.10500,0.10950,0.13120,0.16680,0.12610,0.09050,0.13310,0.13570,0.71820,0.12120,0.15610,0.13850,0.11650,0.11410,0.16700,0.13460,0.32390,0.10390,0.12380,0.12650,0.39930,0.09680,0.12850,0.13010,0.13430,0.12740,0.14040,0.13080,0.19030,0.07840,0.10920,0.11650,0.18750,0.11300,0.12450,0.12210,0.11890,0.09020,0.11470,0.11100,0.12840
4:50:34,0.21330,0.09540,0.13450,0.09520,0.15070,0.10140,0.15140,0.14860,0.78590,0.15720,0.17980,0.08680,0.16750,0.33880,0.12510,0.17960,0.13240,0.13500,0.14210,0.16850,0.54070,0.20480,0.16660,0.36870,0.13120,0.22620,0.13160,0.17340,0.13770,0.10410,0.12660,0.15380,0.26460,0.16740,0.15670,0.23850,0.08830,0.16500,0.12300,0.14930,0.13550,0.13750,0.14170,0.14430,0.12600,0.15250,0.14380,0.18700,0.09510,0.12280,0.14710,0.13030,0.15110,0.13250,0.15580,0.10570,0.10990,0.13260,0.16840,0.12740,0.09070,0.13420,0.13710,0.73490,0.12180,0.15740,0.14010,0.11710,0.11520,0.16950,0.13620,0.33170,0.10460,0.12500,0.12770,0.41070,0.09680,0.12980,0.13150,0.13590,0.12880,0.14220,0.13230,0.19320,0.07850,0.10990,0.11760,0.19140,0.11410,0.12580,0.12350,0.12010,0.09030,0.11590,0.11210,0.12990
5:00:34,0.21670,0.09550,0.13580,0.09550,0.15260,0.10190,0.15320,0.15040,0.80180,0.15900,0.18190,0.08700,0.17000,0.34630,0.12620,0.18220,0.13390,0.13630,0.14390,0.17040,0.55350,0.20800,0.16850,0.37690,0.13260,0.23060,0.13290,0.17600,0.13930,0.10460,0.12790,0.15570,0.27030,0.16970,0.15840,0.24310,0.08860,0.16750,0.12430,0.15120,0.13690,0.13890,0.14340,0.14580,0.12740,0.15420,0.14540,0.19000,0.09520,0.12410,0.14870,0.13180,0.15240,0.13400,0.15750,0.10650,0.11050,0.13400,0.17000,0.12890,0.09090,0.13550,0.13850,0.75140,0.12230,0.15870,0.14150,0.11750,0.11630,0.17190,0.13780,0.33930,0.10530,0.12610,0.12900,0.42190,0.09700,0.13120,0.13290,0.13740,0.13010,0.14410,0.13390,0.19680,0.07840,0.11070,0.11860,0.19530,0.11510,0.12720,0.12480,0.12140,0.09050,0.11720,0.11320,0.13150
5:10:34,0.22010,0.09580,0.13720,0.09580,0.15430,0.10230,0.15480,0.15190,0.81740,0.16060,0.18370,0.08790,0.17240,0.35350,0.12730,0.18480,0.13530,0.13750,0.14550,0.17250,0.56590,0.21100,0.17030,0.38490,0.13390,0.23470,0.13420,0.17850,0.14070,0.10490,0.12910,0.15720,0.27580,0.17180,0.15980,0.24760,0.08880,0.16980,0.12540,0.15290,0.13830,0.14030,0.14490,0.14730,0.12870,0.15580,0.14680,0.19310,0.09530,0.12530,0.15010,0.13300,0.15380,0.13530,0.15910,0.10730,0.11100,0.13530,0.17130,0.13020,0.09110,0.13650,0.13980,0.76720,0.12260,0.16010,0.14290,0.11810,0.11730,0.17430,0.13930,0.34690,0.10580,0.12710,0.13010,0.43290,0.09700,0.13240,0.13430,0.13880,0.13150,0.14570,0.13530,0.19960,0.07840,0.11130,0.11950,0.19920,0.11610,0.12830,0.12590,0.12250,0.09070,0.11830,0.11430,0.13300
5:20:34,0.22350,0.09590,0.13840,0.09590,0.15590,0.10260,0.15640,0.15320,0.83180,0.16230,0.18550,0.08700,0.17470,0.36070,0.12840,0.18710,0.13670,0.13850,0.14700,0.17440,0.57800,0.21380,0.17190,0.39280,0.13510,0.23890,0.13540,0.18090,0.14200,0.10520,0.13030,0.15890,0.28140,0.17390,0.16140,0.25200,0.08890,0.17210,0.12660,0.15470,0.13960,0.14160,0.14630,0.14880,0.12990,0.15750,0.14820,0.19520,0.09540,0.12640,0.15160,0.13440,0.15510,0.13660,0.16080,0.10800,0.11160,0.13680,0.17290,0.13150,0.09120,0.13770,0.14110,0.78300,0.12310,0.16150,0.14420,0.11870,0.11830,0.17670,0.14090,0.35440,0.10650,0.12810,0.13120,0.44420,0.09700,0.13360,0.13560,0.14020,0.13270,0.14750,0.13660,0.20300,0.07850,0.11200,0.12050,0.20300,0.11700,0.12960,0.12720,0.12370,0.09080,0.11940,0.11540,0.13450
5:30:34,0.22690,0.09640,0.13960,0.09640,0.15760,0.10320,0.15790,0.15470,0.84570,0.16390,0.18740,0.08890,0.17710,0.36790,0.12940,0.19020,0.13820,0.13980,0.14860,0.17640,0.59020,0.21680,0.17350,0.40050,0.13650,0.24320,0.13640,0.18330,0.14340,0.10570,0.13150,0.16060,0.28710,0.17610,0.16310,0.25670,0.08940,0.17450,0.12770,0.15650,0.14090,0.14300,0.14780,0.15040,0.13140,0.15930,0.14970,0.19810,0.09590,0.12760,0.15300,0.13570,0.15660,0.13790,0.16240,0.10900,0.11230,0.13820,0.17450,0.13280,0.09170,0.13890,0.14240,0.79820,0.12380,0.16290,0.14570,0.11950,0.11950,0.17910,0.14240,0.36190,0.10710,0.12920,0.13240,0.45510,0.09750,0.13490,0.13670,0.14170,0.13420,0.14920,0.13810,0.20660,0.07860,0.11270,0.12150,0.20680,0.11820,0.13080,0.12840,0.12500,0.09120,0.12060,0.11640,0.13620
5:40:34,0.23030,0.09690,0.14090,0.09700,0.15930,0.10380,0.15960,0.15620,0.85920,0.16550,0.18920,0.09080,0.17960,0.37510,0.13060,0.19330,0.13970,0.14100,0.15010,0.17830,0.60230,0.21980,0.17510,0.40850,0.13790,0.24740,0.13770,0.18580,0.14490,0.10640,0.13290,0.16230,0.29280,0.17820,0.16480,0.26130,0.09000,0.17690,0.12890,0.15820,0.14230,0.14440,0.14920,0.15200,0.13270,0.16100,0.15130,0.20070,0.09620,0.12870,0.15450,0.13720,0.15810,0.13930,0.16410,0.11010,0.11310,0.13960,0.17600,0.13420,0.09210,0.14010,0.14370,0.81290,0.12460,0.16420,0.14720,0.12050,0.12070,0.18150,0.14400,0.36950,0.10770,0.13030,0.13360,0.46620,0.09810,0.13620,0.13810,0.14310,0.13550,0.15110,0.13950,0.21030,0.07870,0.11350,0.12270,0.21070,0.11930,0.13200,0.12970,0.12630,0.09180,0.12190,0.11760,0.13800
5:50:34,0.23370,0.09730,0.14230,0.09740,0.16110,0.10470,0.16120,0.15770,0.87260,0.16740,0.19110,0.09140,0.18200,0.38240,0.13180,0.19630,0.14130,0.14230,0.15160,0.18020,0.61390,0.22270,0.17660,0.41650,0.13950,0.25180,0.13890,0.18840,0.14630,0.10720,0.13430,0.16390,0.29870,0.18030,0.16640,0.26610,0.09040,0.17930,0.13010,0.16000,0.14360,0.14580,0.15080,0.15350,0.13400,0.16270,0.15270,0.20360,0.09640,0.13000,0.15610,0.13860,0.15970,0.14070,0.16570,0.11120,0.11400,0.14110,0.17770,0.13580,0.09250,0.14140,0.14510,0.82720,0.12550,0.16580,0.14880,0.12170,0.12210,0.18400,0.14570,0.37730,0.10850,0.13160,0.13500,0.47720,0.09870,0.13770,0.13950,0.14460,0.13690,0.15290,0.14100,0.21400,0.07870,0.11450,0.12380,0.21460,0.12040,0.13340,0.13110,0.12750,0.09220,0.12310,0.11870,0.13980
6:00:34,0.23700,0.09770,0.14360,0.09800,0.16290,0.10520,0.16270,0.15920,0.88510,0.16890,0.19270,0.09230,0.18440,0.38960,0.13310,0.19920,0.14280,0.14350,0.15320,0.18200,0.62620,0.22560,0.17840,0.42410,0.14110,0.25600,0.14020,0.19090,0.14780,0.10790,0.13570,0.16560,0.30450,0.18230,0.16800,0.27070,0.09090,0.18160,0.13130,0.16180,0.14500,0.14710,0.15230,0.15500,0.13540,0.16430,0.15420,0.20660,0.09680,0.13120,0.15770,0.14010,0.16120,0.14190,0.16730,0.11240,0.11490,0.14260,0.17940,0.13710,0.09290,0.14260,0.14650,0.84110,0.12640,0.16720,0.15030,0.12260,0.12340,0.18630,0.14720,0.38480,0.10920,0.13280,0.13620,0.48780,0.09920,0.13900,0.14080,0.14610,0.13820,0.15470,0.14240,0.21750,0.07880,0.11540,0.12490,0.21860,0.12160,0.13460,0.13240,0.12870,0.09270,0.12430,0.11990,0.14170
6:10:34,0.24020,0.09800,0.14480,0.09820,0.16440,0.10560,0.16410,0.16050,0.89700,0.17040,0.19420,0.09260,0.18680,0.39670,0.13410,0.20200,0.14420,0.14480,0.15460,0.18390,0.63750,0.22850,0.18000,0.43150,0.14250,0.26020,0.14130,0.19330,0.14910,0.10850,0.13700,0.16720,0.31000,0.18440,0.16940,0.27510,0.09120,0.18390,0.13250,0.16350,0.14620,0.14840,0.15360,0.15630,0.13670,0.16590,0.15550,0.20910,0.09670,0.13230,0.15910,0.14140,0.16250,0.14320,0.16890,0.11330,0.11560,0.14390,0.18100,0.13840,0.09310,0.14390,0.14790,0.85450,0.12710,0.16870,0.15180,0.12340,0.12450,0.18850,0.14870,0.39230,0.10990,0.13400,0.13730,0.49850,0.09940,0.14030,0.14210,0.14750,0.13960,0.15630,0.14370,0.22090,0.07880,0.11630,0.12580,0.22250,0.12270,0.13580,0.13350,0.12980,0.09290,0.12550,0.12100,0.14330
6:20:34,0.24360,0.09840,0.14630,0.09870,0.16610,0.10620,0.16560,0.16190,0.90850,0.17190,0.19580,0.09350,0.18910,0.40360,0.13530,0.20450,0.14560,0.14590,0.15610,0.18570,0.64830,0.23120,0.18150,0.43890,0.14410,0.26420,0.14250,0.19570,0.15030,0.10910,0.13830,0.16870,0.31570,0.18630,0.17080,0.27960,0.09160,0.18620,0.13360,0.16530,0.14740,0.14960,0.15480,0.15780,0.13770,0.16760,0.15670,0.21150,0.09700,0.13350,0.16040,0.14260,0.16400,0.14450,0.17040,0.11440,0.11630,0.14530,0.18250,0.13970,0.09340,0.14510,0.14920,0.86800,0.12810,0.17000,0.15320,0.12430,0.12560,0.19070,0.15020,0.39970,0.11060,0.13510,0.13850,0.50930,0.09970,0.14160,0.14330,0.14890,0.14100,0.15790,0.14500,0.22440,0.07890,0.11710,0.12680,0.22630,0.12380,0.13700,0.13480,0.13100,0.09320,0.12670,0.12210,0.14510
6:30:34,0.24700,0.09880,0.14770,0.09930,0.16780,0.10700,0.16720,0.16340,0.91900,0.17340,0.19740,0.09440,0.19140,0.41060,0.13660,0.20760,0.14700,0.14730,0.15760,0.18770,0.65960,0.23410,0.18300,0.44640,0.14560,0.26830,0.14380,0.19810,0.15170,0.10990,0.13960,0.17020,0.32140,0.18830,0.17210,0.28420,0.09200,0.18850,0.13470,0.16700,0.14860,0.15090,0.15610,0.15920,0.13900,0.16910,0.15800,0.21460,0.09740,0.13460,0.16180,0.14390,0.16540,0.14580,0.17190,0.11560,0.11720,0.14660,0.18390,0.14100,0.09370,0.14630,0.15040,0.88070,0.12890,0.17140,0.15460,0.12540,0.12690,0.19300,0.15170,0.40710,0.11120,0.13630,0.13970,0.51960,0.10020,0.14290,0.14460,0.15020,0.14220,0.15950,0.14630,0.22790,0.07890,0.11810,0.12790,0.23020,0.12500,0.13820,0.13600,0.13220,0.09360,0.12790,0.12330,0.14690
6:40:34,0.25070,0.09980,0.14910,0.10020,0.16950,0.10790,0.16880,0.16490,0.93020,0.17480,0.19910,0.09620,0.19400,0.41800,0.13800,0.21100,0.14880,0.14870,0.15930,0.18970,0.67100,0.23710,0.18480,0.45390,0.14740,0.27260,0.14520,0.20070,0.15340,0.11100,0.14130,0.17190,0.32730,0.19040,0.17360,0.28890,0.09290,0.19100,0.13600,0.16890,0.15000,0.15240,0.15770,0.16070,0.14030,0.17090,0.15950,0.21740,0.09810,0.13600,0.16350,0.14530,0.16710,0.14700,0.17370,0.11700,0.11850,0.14800,0.18550,0.14250,0.09440,0.14780,0.15200,0.89340,0.13020,0.17300,0.15620,0.12670,0.12840,0.19540,0.15340,0.41470,0.11210,0.13760,0.14100,0.53040,0.10120,0.14430,0.14600,0.15180,0.14370,0.16130,0.14790,0.23200,0.07910,0.11940,0.12920,0.23430,0.12630,0.13970,0.13740,0.13350,0.09440,0.12920,0.12470,0.14900
6:50:34,0.25400,0.10010,0.15040,0.10060,0.17100,0.10860,0.17030,0.16630,0.93990,0.17630,0.20050,0.09690,0.19630,0.42490,0.13930,0.21400,0.15010,0.15010,0.16070,0.19140,0.68170,0.23980,0.18630,0.46130,0.14910,0.27680,0.14640,0.20300,0.15470,0.11170,0.14270,0.17340,0.33290,0.19230,0.17510,0.29340,0.09340,0.19320,0.13710,0.17060,0.15120,0.15350,0.15890,0.16200,0.14160,0.17250,0.16070,0.22020,0.09790,0.13710,0.16490,0.14660,0.16840,0.14810,0.17510,0.11810,0.11940,0.14910,0.18690,0.14380,0.09470,0.14920,0.15320,0.90530,0.13120,0.17430,0.15760,0.12780,0.12970,0.19770,0.15470,0.42190,0.11280,0.13890,0.14230,0.54060,0.10160,0.14570,0.14720,0.15310,0.14480,0.16290,0.14920,0.23550,0.07900,0.12040,0.13020,0.23800,0.12740,0.14080,0.13860,0.13470,0.09480,0.13040,0.12590,0.15090
7:00:34,0.25720,0.10030,0.15180,0.10090,0.17250,0.10920,0.17160,0.16750,0.94960,0.17770,0.20190,0.09750,0.19860,0.43160,0.14040,0.21640,0.15140,0.15120,0.16210,0.19310,0.69230,0.24250,0.18760,0.46840,0.15050,0.28080,0.14750,0.20540,0.15580,0.11230,0.14400,0.17470,0.33850,0.19420,0.17630,0.29770,0.09360,0.19540,0.13810,0.17220,0.15230,0.15470,0.16010,0.16330,0.14270,0.17400,0.16180,0.22260,0.09800,0.13820,0.16630,0.14790,0.16970,0.14930,0.17670,0.11920,0.12020,0.15020,0.18840,0.14500,0.09480,0.15040,0.15450,0.91690,0.13220,0.17550,0.15900,0.12870,0.13090,0.19980,0.15610,0.42890,0.11340,0.13990,0.14340,0.55070,0.10180,0.14690,0.14850,0.15430,0.14600,0.16450,0.15040,0.23890,0.07900,0.12130,0.13120,0.24190,0.12840,0.14200,0.13970,0.13580,0.09490,0.13140,0.12690,0.15260
7:10:34,0.26040,0.10050,0.15300,0.10120,0.17390,0.10950,0.17280,0.16870,0.95840,0.17890,0.20320,0.09790,0.20090,0.43850,0.14160,0.21890,0.15280,0.15230,0.16340,0.19480,0.70260,0.24500,0.18890,0.47530,0.15200,0.28470,0.14870,0.20750,0.15700,0.11280,0.14520,0.17600,0.34400,0.19600,0.17760,0.30180,0.09390,0.19750,0.13910,0.17370,0.15350,0.15590,0.16120,0.16460,0.14390,0.17540,0.16310,0.22500,0.09790,0.13930,0.16760,0.14920,0.17120,0.15040,0.17800,0.12020,0.12090,0.15130,0.18980,0.14610,0.09490,0.15140,0.15570,0.92790,0.13310,0.17680,0.16020,0.12950,0.13210,0.20190,0.15740,0.43620,0.11400,0.14110,0.14450,0.56070,0.10200,0.14800,0.14970,0.15560,0.14700,0.16600,0.15160,0.24200,0.07900,0.12210,0.13220,0.24580,0.12950,0.14310,0.14090,0.13690,0.09520,0.13250,0.12800,0.15420
7:20:34,0.26350,0.10090,0.15420,0.10160,0.17540,0.11010,0.17420,0.17010,0.96680,0.18020,0.20460,0.09860,0.20300,0.44500,0.14270,0.22150,0.15410,0.15330,0.16460,0.19620,0.71140,0.24760,0.19020,0.48210,0.15350,0.28860,0.14980,0.20980,0.15830,0.11340,0.14640,0.17730,0.34950,0.19770,0.17870,0.30620,0.09420,0.19960,0.14000,0.17530,0.15460,0.15700,0.16240,0.16590,0.14500,0.17670,0.16420,0.22740,0.09820,0.14040,0.16890,0.15030,0.17250,0.15160,0.17930,0.12130,0.12170,0.15240,0.19120,0.14720,0.09520,0.15260,0.15690,0.93860,0.13390,0.17790,0.16150,0.13030,0.13320,0.20400,0.15860,0.44300,0.11460,0.14210,0.14550,0.57060,0.10220,0.14920,0.15080,0.15680,0.14810,0.16750,0.15270,0.24520,0.07890,0.12310,0.13300,0.24950,0.13040,0.14420,0.14190,0.13790,0.09540,0.13350,0.12900,0.15590
7:30:34,0.26650,0.10070,0.15530,0.10150,0.17670,0.11030,0.17540,0.17110,0.97440,0.18110,0.20590,0.09820,0.20510,0.45130,0.14360,0.22350,0.15520,0.15430,0.16570,0.19770,0.72120,0.25000,0.19130,0.48870,0.15460,0.29220,0.15070,0.21180,0.15930,0.11360,0.14740,0.17850,0.35450,0.19940,0.17980,0.31030,0.09410,0.20150,0.14090,0.17670,0.15550,0.15800,0.16340,0.16700,0.14600,0.17800,0.16520,0.22970,0.09780,0.14130,0.17000,0.15120,0.17360,0.15240,0.18060,0.12210,0.12220,0.15340,0.19230,0.14820,0.09510,0.15340,0.15780,0.94860,0.13460,0.17890,0.16250,0.13080,0.13410,0.20580,0.15970,0.44980,0.11500,0.14300,0.14640,0.58030,0.10200,0.15020,0.15170,0.15800,0.14900,0.16890,0.15380,0.24820,0.07880,0.12370,0.13380,0.25310,0.13130,0.14510,0.14280,0.13870,0.09530,0.13440,0.12990,0.15730
7:40:34,0.26950,0.10080,0.15630,0.10160,0.17810,0.11050,0.17660,0.17230,0.98240,0.18190,0.20720,0.09870,0.20710,0.45780,0.14460,0.22570,0.15640,0.15510,0.16680,0.19910,0.73130,0.25260,0.19260,0.49550,0.15580,0.29580,0.15150,0.21380,0.16020,0.11380,0.14840,0.17960,0.35980,0.20110,0.18070,0.31440,0.09420,0.20330,0.14180,0.17800,0.15640,0.15900,0.16440,0.16810,0.14700,0.17920,0.16620,0.23220,0.09810,0.14210,0.17120,0.15220,0.17460,0.15330,0.18180,0.12280,0.12260,0.15440,0.19370,0.14930,0.09520,0.15450,0.15890,0.95880,0.13520,0.18000,0.16370,0.13110,0.13510,0.20770,0.16090,0.45680,0.11540,0.14390,0.14720,0.58990,0.10180,0.15110,0.15260,0.15910,0.14980,0.17030,0.15480,0.25110,0.07880,0.12430,0.13460,0.25670,0.13210,0.14600,0.14380,0.13960,0.09530,0.13530,0.13080,0.15880
7:50:34,0.27230,0.10080,0.15730,0.10170,0.17940,0.11090,0.17780,0.17340,0.98910,0.18310,0.20820,0.09880,0.20920,0.46400,0.14550,0.22800,0.15750,0.15620,0.16800,0.20060,0.74110,0.25510,0.19370,0.50220,0.15700,0.29950,0.15250,0.21580,0.16130,0.11420,0.14940,0.18080,0.36490,0.20290,0.18180,0.31830,0.09420,0.20530,0.14270,0.17940,0.15730,0.16000,0.16550,0.16910,0.14790,0.18040,0.16730,0.23510,0.09810,0.14300,0.17220,0.15310,0.17570,0.15420,0.18300,0.12370,0.12310,0.15540,0.19490,0.15020,0.09530,0.15540,0.15990,0.96790,0.13570,0.18120,0.16470,0.13170,0.13610,0.20940,0.16210,0.46310,0.11580,0.14470,0.14820,0.59920,0.10180,0.15200,0.15360,0.16000,0.15070,0.17160,0.15580,0.25380,0.07870,0.12500,0.13530,0.26030,0.13290,0.14690,0.14460,0.14050,0.09540,0.13610,0.13160,0.16020
8:00:34,0.27510,0.10090,0.15830,0.10200,0.18050,0.11100,0.17890,0.17450,0.99620,0.18400,0.20950,0.09900,0.21120,0.47020,0.14640,0.23040,0.15860,0.15710,0.16900,0.20190,0.75010,0.25740,0.19480,0.50860,0.15820,0.30320,0.15340,0.21790,0.16220,0.11450,0.15040,0.18180,0.37000,0.20450,0.18290,0.32230,0.09430,0.20720,0.14350,0.18090,0.15830,0.16090,0.16640,0.17030,0.14890,0.18140,0.16840,0.23740,0.09830,0.14380,0.17330,0.15410,0.17690,0.15510,0.18410,0.12420,0.12360,0.15640,0.19610,0.15120,0.09550,0.15630,0.16090,0.97740,0.13630,0.18210,0.16570,0.13210,0.13700,0.21130,0.16290,0.46960,0.11600,0.14550,0.14910,0.60870,0.10190,0.15310,0.15460,0.16100,0.15170,0.17300,0.15670,0.25670,0.07880,0.12560,0.13600,0.26380,0.13360,0.14780,0.14540,0.14130,0.09550,0.13710,0.13260,0.16170
8:10:34,0.27810,0.10090,0.15920,0.10200,0.18160,0.11130,0.17980,0.17550,1.00200,0.18520,0.21070,0.09890,0.21330,0.47620,0.14720,0.23250,0.15970,0.15800,0.17010,0.20330,0.75920,0.25980,0.19580,0.51510,0.15930,0.30670,0.15420,0.21980,0.16320,0.11480,0.15130,0.18300,0.37490,0.20620,0.18370,0.32620,0.09450,0.20900,0.14420,0.18200,0.15920,0.16190,0.16730,0.17130,0.14970,0.18250,0.16920,0.23960,0.09830,0.14450,0.17430,0.15500,0.17790,0.15590,0.18540,0.12490,0.12400,0.15730,0.19720,0.15200,0.09550,0.15730,0.16180,0.98530,0.13680,0.18330,0.16680,0.13260,0.13790,0.21310,0.16410,0.47600,0.11640,0.14630,0.15000,0.61790,0.10180,0.15400,0.15560,0.16210,0.15270,0.17430,0.15770,0.25960,0.07870,0.12620,0.13680,0.26730,0.13450,0.14860,0.14630,0.14220,0.09560,0.13790,0.13360,0.16300
8:20:34,0.28090,0.10100,0.16020,0.10220,0.18290,0.11150,0.18100,0.17650,1.00820,0.18630,0.21180,0.09940,0.21520,0.48240,0.14810,0.23480,0.16080,0.15880,0.17120,0.20470,0.76830,0.26210,0.19680,0.52170,0.16050,0.31050,0.15510,0.22170,0.16420,0.11500,0.15240,0.18410,0.38010,0.20790,0.18480,0.33040,0.09460,0.21080,0.14510,0.18340,0.16010,0.16290,0.16840,0.17230,0.15070,0.18370,0.17040,0.24200,0.09860,0.14540,0.17550,0.15610,0.17900,0.15680,0.18650,0.12570,0.12460,0.15830,0.19840,0.15310,0.09570,0.15820,0.16280,0.99450,0.13740,0.18440,0.16780,0.13320,0.13880,0.21500,0.16530,0.48240,0.11670,0.14710,0.15080,0.62700,0.10190,0.15500,0.15640,0.16320,0.15350,0.17560,0.15890,0.26260,0.07870,0.12680,0.13750,0.27100,0.13530,0.14940,0.14710,0.14310,0.09570,0.13880,0.13420,0.16450
8:30:34,0.28370,0.10150,0.16110,0.10280,0.18420,0.11200,0.18200,0.17760,1.01410,0.18720,0.21300,0.10020,0.21720,0.48860,0.14910,0.23760,0.16200,0.15980,0.17220,0.20620,0.77670,0.26450,0.19780,0.52810,0.16170,0.31400,0.15610,0.22370,0.16500,0.11560,0.15330,0.18520,0.38500,0.20940,0.18580,0.33420,0.09500,0.21270,0.14590,0.18470,0.16080,0.16380,0.16930,0.17340,0.15160,0.18510,0.17140,0.24400,0.09910,0.14610,0.17650,0.15690,0.18010,0.15790,0.18740,0.12650,0.12510,0.15920,0.19970,0.15400,0.09620,0.15910,0.16380,1.00260,0.13810,0.18540,0.16880,0.13380,0.13970,0.21680,0.16640,0.48920,0.11700,0.14790,0.15180,0.63640,0.10240,0.15590,0.15730,0.16410,0.15440,0.17700,0.15980,0.26570,0.07880,0.12740,0.13830,0.27470,0.13610,0.15030,0.14790,0.14400,0.09610,0.13970,0.13510,0.16600
8:40:34,0.28660,0.10220,0.16220,0.10330,0.18540,0.11240,0.18310,0.17870,1.01900,0.18830,0.21430,0.10110,0.21930,0.49490,0.15000,0.24060,0.16320,0.16070,0.17340,0.20760,0.78520,0.26670,0.19880,0.53440,0.16300,0.31760,0.15700,0.22570,0.16610,0.11620,0.15430,0.18640,0.38990,0.21090,0.18670,0.33840,0.09560,0.21460,0.14680,0.18610,0.16180,0.16470,0.17040,0.17430,0.15250,0.18620,0.17250,0.24620,0.09950,0.14700,0.17760,0.15800,0.18130,0.15880,0.18870,0.12740,0.12600,0.16020,0.20090,0.15500,0.09660,0.16010,0.16480,1.01010,0.13900,0.18660,0.16990,0.13480,0.14080,0.21870,0.16740,0.49560,0.11750,0.14880,0.15270,0.64520,0.10310,0.15690,0.15820,0.16520,0.15530,0.17830,0.16080,0.26890,0.07890,0.12820,0.13910,0.27820,0.13700,0.15120,0.14890,0.14480,0.09660,0.14060,0.13590,0.16760
8:50:34,0.28950,0.10240,0.16330,0.10360,0.18670,0.11300,0.18440,0.17980,1.02400,0.18930,0.21500,0.10140,0.22130,0.50090,0.15090,0.24310,0.16430,0.16180,0.17440,0.20900,0.79400,0.26940,0.19980,0.54050,0.16440,0.32120,0.15800,0.22780,0.16710,0.11680,0.15530,0.18750,0.39500,0.21260,0.18760,0.34230,0.09590,0.21650,0.14760,0.18760,0.16280,0.16580,0.17140,0.17540,0.15360,0.18750,0.17340,0.24900,0.09940,0.14790,0.17890,0.15900,0.18250,0.15980,0.18980,0.12840,0.12670,0.16110,0.20220,0.15600,0.09690,0.16100,0.16590,1.01820,0.13980,0.18760,0.17100,0.13560,0.14180,0.22060,0.16850,0.50190,0.11780,0.14980,0.15360,0.65390,0.10340,0.15790,0.15910,0.16630,0.15620,0.17970,0.16190,0.27220,0.07880,0.12890,0.14000,0.28180,0.13780,0.15220,0.14980,0.14570,0.09690,0.14150,0.13680,0.16910
9:00:34,0.29260,0.10300,0.16450,0.10420,0.18800,0.11370,0.18570,0.18100,1.02880,0.19040,0.21640,0.10260,0.22330,0.50680,0.15200,0.24600,0.16550,0.16280,0.17560,0.21040,0.80220,0.27160,0.20120,0.54680,0.16570,0.32480,0.15900,0.22990,0.16820,0.11750,0.15650,0.18880,0.40020,0.21440,0.18880,0.34640,0.09640,0.21850,0.14860,0.18900,0.16370,0.16690,0.17250,0.17660,0.15460,0.18880,0.17460,0.25120,0.09980,0.14880,0.18010,0.16000,0.18360,0.16070,0.19100,0.12930,0.12760,0.16230,0.20340,0.15720,0.09730,0.16210,0.16700,1.02520,0.14070,0.18880,0.17220,0.13680,0.14290,0.22250,0.16970,0.50850,0.11830,0.15080,0.15480,0.66310,0.10390,0.15890,0.16010,0.16750,0.15720,0.18100,0.16280,0.27540,0.07900,0.12970,0.14090,0.28540,0.13880,0.15310,0.15070,0.14650,0.09740,0.14250,0.13770,0.17090
9:10:34,0.29540,0.10320,0.16540,0.10460,0.18910,0.11420,0.18660,0.18180,1.03290,0.19140,0.21730,0.10360,0.22530,0.51270,0.15280,0.24860,0.16650,0.16380,0.17650,0.21170,0.81070,0.27400,0.20200,0.55290,0.16680,0.32820,0.15980,0.23180,0.16900,0.11820,0.15760,0.18990,0.40500,0.21600,0.18980,0.35030,0.09670,0.22040,0.14940,0.19030,0.16450,0.16780,0.17330,0.17760,0.15550,0.19000,0.17550,0.25350,0.10000,0.14970,0.18110,0.16090,0.18490,0.16150,0.19220,0.13020,0.12840,0.16320,0.20450,0.15820,0.09750,0.16300,0.16800,1.03270,0.14160,0.19000,0.17320,0.13760,0.14390,0.22430,0.17080,0.51460,0.11870,0.15160,0.15560,0.67150,0.10430,0.15990,0.16100,0.16850,0.15810,0.18240,0.16380,0.27870,0.07890,0.13040,0.14160,0.28890,0.13960,0.15400,0.15150,0.14730,0.09770,0.14340,0.13850,0.17250
9:20:34,0.29820,0.10370,0.16650,0.10500,0.19040,0.11480,0.18780,0.18290,1.03740,0.19240,0.21880,0.10440,0.22730,0.51880,0.15380,0.25120,0.16770,0.16480,0.17770,0.21310,0.81790,0.27640,0.20310,0.55910,0.16820,0.33180,0.16090,0.23380,0.17000,0.11880,0.15870,0.19100,0.41010,0.21770,0.19080,0.35420,0.09710,0.22230,0.15030,0.19170,0.16550,0.16870,0.17420,0.17870,0.15650,0.19120,0.17670,0.25560,0.09990,0.15050,0.18230,0.16200,0.18590,0.16250,0.19340,0.13110,0.12920,0.16420,0.20570,0.15920,0.09770,0.16400,0.16910,1.03910,0.14240,0.19110,0.17420,0.13860,0.14490,0.22610,0.17190,0.52080,0.11910,0.15240,0.15660,0.67990,0.10460,0.16090,0.16200,0.16970,0.15910,0.18370,0.16480,0.28200,0.07880,0.13110,0.14250,0.29250,0.14050,0.15500,0.15250,0.14830,0.09810,0.14420,0.13940,0.17410
9:30:34,0.30070,0.10350,0.16740,0.10490,0.19140,0.11500,0.18880,0.18370,1.04070,0.19330,0.21980,0.10430,0.22920,0.52440,0.15460,0.25310,0.16860,0.16570,0.17850,0.21430,0.82640,0.27850,0.20400,0.56480,0.16920,0.33500,0.16150,0.23560,0.17080,0.11900,0.15960,0.19210,0.41490,0.21910,0.19160,0.35790,0.09710,0.22400,0.15110,0.19280,0.16620,0.16950,0.17500,0.17960,0.15730,0.19220,0.17750,0.25750,0.09980,0.15130,0.18330,0.16290,0.18690,0.16340,0.19420,0.13180,0.12970,0.16500,0.20660,0.16000,0.09770,0.16490,0.16990,1.04480,0.14300,0.19210,0.17520,0.13910,0.14580,0.22780,0.17290,0.52670,0.11940,0.15310,0.15740,0.68830,0.10450,0.16180,0.16280,0.17060,0.15980,0.18500,0.16560,0.28460,0.07880,0.13160,0.14300,0.29590,0.14110,0.15570,0.15330,0.14890,0.09800,0.14510,0.14010,0.17540
9:40:34,0.30350,0.10380,0.16840,0.10520,0.19250,0.11520,0.18990,0.18480,1.04410,0.19440,0.22090,0.10450,0.23100,0.52990,0.15550,0.25540,0.16960,0.16650,0.17950,0.21560,0.83300,0.28070,0.20490,0.57100,0.17040,0.33860,0.16230,0.23750,0.17170,0.11960,0.16050,0.19300,0.41990,0.22070,0.19250,0.36170,0.09720,0.22570,0.15160,0.19410,0.16690,0.17030,0.17580,0.18060,0.15820,0.19330,0.17840,0.26010,0.10000,0.15200,0.18440,0.16370,0.18800,0.16410,0.19530,0.13270,0.13030,0.16580,0.20780,0.16110,0.09790,0.16560,0.17090,1.05100,0.14370,0.19300,0.17620,0.13960,0.14670,0.22950,0.17390,0.53280,0.11970,0.15390,0.15820,0.69670,0.10460,0.16260,0.16360,0.17170,0.16060,0.18610,0.16640,0.28730,0.07880,0.13220,0.14370,0.29940,0.14190,0.15640,0.15410,0.14970,0.09820,0.14590,0.14080,0.17690
9:50:34,0.30630,0.10430,0.16940,0.10570,0.19360,0.11610,0.19100,0.18590,1.04770,0.19540,0.22200,0.10560,0.23300,0.53590,0.15630,0.25820,0.17060,0.16740,0.18050,0.21700,0.84100,0.28300,0.20590,0.57720,0.17160,0.34200,0.16320,0.23930,0.17270,0.12020,0.16150,0.19420,0.42460,0.22230,0.19350,0.36570,0.09780,0.22760,0.15250,0.19540,0.16780,0.17130,0.17680,0.18150,0.15900,0.19440,0.17930,0.26230,0.10060,0.15280,0.18540,0.16460,0.18910,0.16510,0.19640,0.13350,0.13100,0.16670,0.20890,0.16210,0.09830,0.16660,0.17180,1.05710,0.14450,0.19400,0.17720,0.14050,0.14770,0.23130,0.17500,0.53880,0.12000,0.15470,0.15910,0.70490,0.10510,0.16360,0.16450,0.17270,0.16140,0.18740,0.16750,0.29050,0.07890,0.13290,0.14440,0.30280,0.14270,0.15740,0.15480,0.15050,0.09860,0.14680,0.14170,0.17850
10:00:34,0.30910,0.10480,0.17060,0.10620,0.19480,0.11650,0.19220,0.18680,1.05020,0.19620,0.22280,0.10670,0.23490,0.54160,0.15730,0.26100,0.17180,0.16830,0.18160,0.21860,0.84830,0.28520,0.20720,0.58300,0.17290,0.34540,0.16410,0.24120,0.17350,0.12090,0.16260,0.19530,0.42950,0.22420,0.19450,0.36950,0.09840,0.22940,0.15330,0.19670,0.16860,0.17210,0.17780,0.18260,0.16010,0.19570,0.18010,0.26470,0.10070,0.15360,0.18650,0.16560,0.19020,0.16600,0.19750,0.13440,0.13200,0.16760,0.21010,0.16310,0.09880,0.16760,0.17290,1.06220,0.14550,0.19520,0.17830,0.14150,0.14880,0.23300,0.17610,0.54480,0.12040,0.15570,0.16000,0.71300,0.10580,0.16460,0.16540,0.17370,0.16220,0.18870,0.16830,0.29360,0.07890,0.13370,0.14540,0.30650,0.14370,0.15830,0.15580,0.15140,0.09910,0.14770,0.14250,0.18010
10:10:34,0.31190,0.10500,0.17140,0.10650,0.19590,0.11720,0.19330,0.18770,1.05350,0.19720,0.22380,0.10700,0.23680,0.54710,0.15820,0.26340,0.17270,0.16910,0.18260,0.21990,0.85540,0.28720,0.20810,0.58840,0.17410,0.34870,0.16490,0.24300,0.17440,0.12150,0.16350,0.19630,0.43410,0.22570,0.19530,0.37310,0.09860,0.23120,0.15400,0.19800,0.16930,0.17300,0.17860,0.18360,0.16090,0.19690,0.18110,0.26680,0.10060,0.15430,0.18760,0.16650,0.19120,0.16680,0.19840,0.13520,0.13270,0.16850,0.21100,0.16390,0.09890,0.16840,0.17380,1.06740,0.14640,0.19610,0.17940,0.14230,0.14970,0.23470,0.17710,0.55040,0.12070,0.15650,0.16080,0.72090,0.10600,0.16540,0.16620,0.17460,0.16310,0.18990,0.16920,0.29660,0.07890,0.13430,0.14600,0.30980,0.14440,0.15910,0.15660,0.15210,0.09940,0.14850,0.14330,0.18160
10:20:34,0.31470,0.10550,0.17240,0.10700,0.19710,0.11760,0.19440,0.18860,1.05640,0.19790,0.22480,0.10790,0.23860,0.55280,0.15920,0.26590,0.17380,0.17010,0.18370,0.22130,0.86330,0.28950,0.20910,0.59450,0.17530,0.35210,0.16590,0.24490,0.17530,0.12210,0.16450,0.19740,0.43920,0.22720,0.19630,0.37690,0.09900,0.23290,0.15470,0.19930,0.17000,0.17380,0.17940,0.18440,0.16190,0.19800,0.18210,0.26940,0.10080,0.15510,0.18870,0.16750,0.19230,0.16770,0.19940,0.13620,0.13360,0.16930,0.21220,0.16500,0.09930,0.16940,0.17480,1.07260,0.14720,0.19720,0.18050,0.14330,0.15060,0.23650,0.17810,0.55640,0.12110,0.15730,0.16170,0.72860,0.10640,0.16630,0.16720,0.17560,0.16390,0.19120,0.17000,0.30000,0.07890,0.13510,0.14660,0.31330,0.14510,0.15980,0.15740,0.15300,0.09980,0.14950,0.14420,0.18320
10:30:34,0.31750,0.10580,0.17340,0.10740,0.19820,0.11810,0.19540,0.18950,1.05850,0.19890,0.22590,0.10880,0.24070,0.55840,0.16010,0.26850,0.17480,0.17100,0.18460,0.22260,0.86960,0.29170,0.21020,0.59990,0.17670,0.35550,0.16670,0.24670,0.17630,0.12280,0.16550,0.19860,0.44380,0.22870,0.19730,0.38070,0.09950,0.23510,0.15550,0.20070,0.17110,0.17470,0.18050,0.18550,0.16290,0.19920,0.18300,0.27170,0.10100,0.15590,0.18980,0.16850,0.19350,0.16840,0.20060,0.13700,0.13450,0.17020,0.21320,0.16610,0.09960,0.17040,0.17590,1.07760,0.14820,0.19820,0.18150,0.14430,0.15170,0.23830,0.17910,0.56220,0.12160,0.15820,0.16270,0.73660,0.10680,0.16730,0.16800,0.17660,0.16490,0.19250,0.17100,0.30310,0.07900,0.13590,0.14760,0.31680,0.14600,0.16070,0.15830,0.15380,0.10020,0.15040,0.14500,0.18480
10:40:34,0.32000,0.10580,0.17430,0.10750,0.19940,0.11850,0.19630,0.19060,1.06050,0.19970,0.22670,0.10910,0.24250,0.56370,0.16090,0.27070,0.17580,0.17170,0.18540,0.22380,0.87530,0.29370,0.21100,0.60520,0.17780,0.35890,0.16740,0.24840,0.17690,0.12320,0.16630,0.19960,0.44840,0.23020,0.19820,0.38420,0.09960,0.23670,0.15620,0.20180,0.17180,0.17550,0.18140,0.18640,0.16370,0.20020,0.18390,0.27340,0.10070,0.15670,0.19070,0.16930,0.19450,0.16910,0.20160,0.13770,0.13520,0.17090,0.21420,0.16700,0.09970,0.17130,0.17680,1.08170,0.14900,0.19900,0.18240,0.14510,0.15270,0.23990,0.18010,0.56790,0.12190,0.15900,0.16350,0.74410,0.10690,0.16810,0.16880,0.17760,0.16570,0.19370,0.17190,0.30590,0.07880,0.13660,0.14830,0.32010,0.14680,0.16160,0.15890,0.15450,0.10030,0.15120,0.14570,0.18630
10:50:34,0.32280,0.10600,0.17510,0.10770,0.20040,0.11900,0.19710,0.19150,1.06240,0.20050,0.22780,0.10950,0.24410,0.56910,0.16170,0.27280,0.17660,0.17260,0.18610,0.22500,0.88210,0.29560,0.21180,0.61070,0.17900,0.36210,0.16810,0.25000,0.17750,0.12380,0.16710,0.20060,0.45290,0.23160,0.19880,0.38800,0.09980,0.23830,0.15680,0.20290,0.17260,0.17620,0.18210,0.18740,0.16440,0.20120,0.18470,0.27560,0.10100,0.15720,0.19160,0.17010,0.19550,0.16960,0.20250,0.13860,0.13580,0.17170,0.21500,0.16780,0.09970,0.17210,0.17760,1.08610,0.14970,0.20000,0.18330,0.14570,0.15350,0.24140,0.18100,0.57360,0.12210,0.15960,0.16430,0.75180,0.10710,0.16890,0.16940,0.17850,0.16640,0.19480,0.17280,0.30870,0.07880,0.13720,0.14890,0.32350,0.14740,0.16220,0.15960,0.15520,0.10040,0.15200,0.14640,0.18770
11:00:34,0.32540,0.10660,0.17620,0.10820,0.20160,0.11960,0.19830,0.19230,1.06470,0.20130,0.22880,0.11010,0.24610,0.57460,0.16260,0.27550,0.17770,0.17350,0.18720,0.22620,0.88920,0.29760,0.21260,0.61630,0.18010,0.36540,0.16890,0.25180,0.17840,0.12430,0.16820,0.20160,0.45770,0.23290,0.19980,0.39160,0.10020,0.24000,0.15760,0.20420,0.17340,0.17700,0.18290,0.18820,0.16520,0.20210,0.18540,0.27800,0.10140,0.15810,0.19280,0.17090,0.19670,0.17070,0.20360,0.13940,0.13660,0.17260,0.21620,0.16880,0.10020,0.17290,0.17860,1.09000,0.15070,0.20100,0.18430,0.14660,0.15440,0.24310,0.18190,0.57900,0.12240,0.16040,0.16510,0.75900,0.10750,0.16980,0.17020,0.17950,0.16720,0.19630,0.17360,0.31180,0.07900,0.13790,0.14970,0.32700,0.14820,0.16310,0.16040,0.15610,0.10090,0.15290,0.14720,0.18930
11:10:34,0.32820,0.10720,0.17730,0.10890,0.20280,0.12030,0.19930,0.19330,1.06600,0.20240,0.22990,0.11100,0.24820,0.58010,0.16370,0.27840,0.17880,0.17450,0.18820,0.22770,0.89560,0.29990,0.21360,0.62170,0.18150,0.36880,0.16980,0.25360,0.17930,0.12520,0.16910,0.20270,0.46240,0.23450,0.20090,0.39540,0.10100,0.24190,0.15840,0.20550,0.17430,0.17800,0.18390,0.18940,0.16610,0.20330,0.18650,0.28030,0.10190,0.15890,0.19400,0.17190,0.19770,0.17150,0.20480,0.14040,0.13760,0.17360,0.21740,0.16970,0.10080,0.17390,0.17970,1.09410,0.15170,0.20200,0.18530,0.14770,0.15550,0.24490,0.18300,0.58470,0.12290,0.16130,0.16610,0.76640,0.10830,0.17080,0.17110,0.18040,0.16810,0.19710,0.17450,0.31500,0.07910,0.13870,0.15050,0.33060,0.14910,0.16400,0.16130,0.15700,0.10160,0.15380,0.14800,0.19110
11:20:34,0.33090,0.10780,0.17820,0.10950,0.20380,0.12080,0.20030,0.19420,1.06780,0.20310,0.23090,0.11200,0.25000,0.58520,0.16460,0.28100,0.17980,0.17530,0.18930,0.22880,0.90200,0.30180,0.21430,0.62690,0.18280,0.37200,0.17070,0.25530,0.18020,0.12590,0.17010,0.20370,0.46720,0.23610,0.20180,0.39880,0.10150,0.24370,0.15910,0.20660,0.17510,0.17890,0.18470,0.19010,0.16700,0.20430,0.18720,0.28260,0.10180,0.15970,0.19500,0.17280,0.19880,0.17220,0.20590,0.14120,0.13860,0.17440,0.21860,0.17070,0.10110,0.17490,0.18060,1.09780,0.15270,0.20310,0.18630,0.14870,0.15650,0.24660,0.18410,0.59040,0.12340,0.16210,0.16700,0.77350,0.10890,0.17160,0.17180,0.18120,0.16880,0.19840,0.17540,0.31810,0.07900,0.13950,0.15130,0.33400,0.14980,0.16490,0.16210,0.15770,0.10200,0.15470,0.14870,0.19260
11:30:34,0.33360,0.10810,0.17920,0.10980,0.20490,0.12150,0.20120,0.19520,1.06890,0.20420,0.23180,0.11250,0.25200,0.59060,0.16560,0.28360,0.18080,0.17630,0.19020,0.23010,0.90780,0.30390,0.21520,0.63260,0.18410,0.37530,0.17160,0.25700,0.18110,0.12660,0.17100,0.20480,0.47180,0.23750,0.20280,0.40240,0.10180,0.24540,0.15970,0.20790,0.17580,0.17970,0.18550,0.19100,0.16790,0.20540,0.18790,0.28460,0.10180,0.16050,0.19610,0.17360,0.19980,0.17290,0.20700,0.14200,0.13940,0.17520,0.21950,0.17150,0.10130,0.17580,0.18170,1.10130,0.15370,0.20410,0.18720,0.14960,0.15740,0.24830,0.18510,0.59580,0.12380,0.16300,0.16780,0.78050,0.10920,0.17260,0.17260,0.18220,0.16970,0.19960,0.17630,0.32090,0.07890,0.14020,0.15200,0.33730,0.15060,0.16570,0.16290,0.15850,0.10230,0.15560,0.14960,0.19420
11:40:34,0.33600,0.10830,0.18000,0.11010,0.20590,0.12160,0.20220,0.19600,1.06990,0.20490,0.23260,0.11310,0.25370,0.59540,0.16630,0.28580,0.18170,0.17710,0.19110,0.23130,0.91330,0.30590,0.21610,0.63730,0.18520,0.37860,0.17220,0.25860,0.18190,0.12720,0.17170,0.20580,0.47600,0.23890,0.20360,0.40600,0.10210,0.24700,0.16050,0.20890,0.17650,0.18060,0.18630,0.19190,0.16870,0.20640,0.18880,0.28620,0.10200,0.16120,0.19710,0.17430,0.20090,0.17370,0.20800,0.14280,0.14010,0.17580,0.22050,0.17240,0.10150,0.17670,0.18270,1.10440,0.15450,0.20500,0.18800,0.15060,0.15820,0.25010,0.18600,0.60110,0.12420,0.16380,0.16870,0.78770,0.10940,0.17350,0.17340,0.18310,0.17050,0.20070,0.17710,0.32360,0.07900,0.14090,0.15260,0.34060,0.15130,0.16640,0.16360,0.15930,0.10260,0.15640,0.15040,0.19570
11:50:34,0.33880,0.10870,0.18100,0.11060,0.20690,0.12240,0.20310,0.19690,1.07050,0.20570,0.23360,0.11360,0.25560,0.60030,0.16720,0.28830,0.18260,0.17790,0.19190,0.23270,0.91860,0.30780,0.21690,0.64270,0.18650,0.38160,0.17300,0.26040,0.18270,0.12780,0.17260,0.20670,0.48080,0.24010,0.20460,0.40960,0.10240,0.24880,0.16120,0.21000,0.17730,0.18130,0.18730,0.19270,0.16940,0.20750,0.18940,0.28850,0.10220,0.16190,0.19810,0.17520,0.20200,0.17440,0.20880,0.14360,0.14090,0.17650,0.22140,0.17330,0.10180,0.17760,0.18350,1.10750,0.15540,0.20590,0.18900,0.15140,0.15910,0.25160,0.18700,0.60640,0.12460,0.16450,0.16950,0.79490,0.10980,0.17440,0.17420,0.18400,0.17120,0.20180,0.17790,0.32650,0.07910,0.14170,0.15340,0.34390,0.15200,0.16710,0.16430,0.16000,0.10300,0.15730,0.15110,0.19730
12:00:34,0.34130,0.10890,0.18190,0.11090,0.20810,0.12250,0.20400,0.19780,1.07190,0.20620,0.23340,0.11390,0.25750,0.60580,0.16800,0.29060,0.18370,0.17870,0.19270,0.23390,0.92440,0.30990,0.21740,0.64780,0.18770,0.38490,0.17360,0.26200,0.18340,0.12840,0.17360,0.20770,0.48510,0.24130,0.20530,0.41300,0.10290,0.25050,0.16210,0.21130,0.17790,0.18220,0.18800,0.19350,0.17030,0.20850,0.19020,0.29050,0.10230,0.16250,0.19920,0.17620,0.20310,0.17520,0.20990,0.14440,0.14180,0.17720,0.22240,0.17410,0.10210,0.17830,0.18450,1.11020,0.15630,0.20680,0.18990,0.15230,0.16000,0.25330,0.18790,0.61140,0.12490,0.16530,0.17040,0.80140,0.11010,0.17530,0.17490,0.18490,0.17210,0.20300,0.17880,0.32920,0.07900,0.14230,0.15410,0.34720,0.15280,0.16790,0.16500,0.16080,0.10340,0.15800,0.15190,0.19890
12:10:34,0.34390,0.10930,0.18280,0.11140,0.20900,0.12330,0.20500,0.19860,1.07230,0.20680,0.23440,0.11450,0.25930,0.61070,0.16890,0.29300,0.18460,0.17970,0.19370,0.23530,0.92970,0.31180,0.21840,0.65300,0.18890,0.38790,0.17450,0.26390,0.18400,0.12910,0.17440,0.20850,0.48930,0.24290,0.20600,0.41650,0.10330,0.25210,0.16270,0.21240,0.17860,0.18300,0.18880,0.19440,0.17110,0.20950,0.19090,0.29240,0.10240,0.16320,0.20020,0.17700,0.20410,0.17570,0.21100,0.14520,0.14260,0.17800,0.22330,0.17500,0.10230,0.17910,0.18530,1.11290,0.15720,0.20770,0.19070,0.15330,0.16070,0.25490,0.18880,0.61670,0.12530,0.16610,0.17120,0.80820,0.11050,0.17610,0.17570,0.18570,0.17280,0.20400,0.17970,0.33190,0.07890,0.14300,0.15500,0.35060,0.15340,0.16860,0.16570,0.16160,0.10360,0.15880,0.15270,0.20030
12:20:34,0.34620,0.10940,0.18360,0.11150,0.20980,0.12350,0.20580,0.19930,1.07290,0.20750,0.23560,0.11480,0.26120,0.61580,0.16960,0.29510,0.18530,0.18040,0.19430,0.23630,0.93520,0.31370,0.21910,0.65770,0.19010,0.39110,0.17520,0.26550,0.18480,0.12950,0.17520,0.20930,0.49380,0.24410,0.20670,0.41990,0.10350,0.25370,0.16330,0.21340,0.17930,0.18380,0.18950,0.19490,0.17180,0.21030,0.19170,0.29410,0.10250,0.16380,0.20120,0.17760,0.20500,0.17620,0.21200,0.14590,0.14330,0.17880,0.22450,0.17560,0.10240,0.18000,0.18620,1.11540,0.15800,0.20860,0.19150,0.15390,0.16150,0.25630,0.18960,0.62190,0.12550,0.16670,0.17200,0.81470,0.11070,0.17690,0.17650,0.18650,0.17350,0.20510,0.18050,0.33430,0.07890,0.14360,0.15550,0.35380,0.15410,0.16930,0.16640,0.16220,0.10380,0.15970,0.15340,0.20170
12:30:34,0.34880,0.10970,0.18460,0.11190,0.21070,0.12410,0.20660,0.20020,1.07310,0.20850,0.23660,0.11510,0.26280,0.62030,0.17040,0.29730,0.18620,0.18120,0.19510,0.23750,0.93920,0.31560,0.21980,0.66230,0.19120,0.39420,0.17610,0.26720,0.18550,0.13000,0.17610,0.21020,0.49800,0.24550,0.20750,0.42330,0.10380,0.25530,0.16390,0.21450,0.17980,0.18460,0.19020,0.19550,0.17260,0.21150,0.19240,0.29580,0.10270,0.16440,0.20210,0.17840,0.20600,0.17690,0.21280,0.14660,0.14390,0.17950,0.22520,0.17640,0.10260,0.18080,0.18710,1.11750,0.15890,0.20950,0.19240,0.15470,0.16230,0.25800,0.19050,0.62700,0.12590,0.16740,0.17270,0.82110,0.11100,0.17770,0.17710,0.18730,0.17420,0.20610,0.18130,0.33710,0.07890,0.14420,0.15610,0.35710,0.15490,0.17010,0.16700,0.16290,0.10410,0.16050,0.15400,0.20320
12:40:34,0.35110,0.11010,0.18560,0.11220,0.21180,0.12480,0.20740,0.20090,1.07360,0.20940,0.23750,0.11540,0.26460,0.62540,0.17120,0.29970,0.18730,0.18200,0.19590,0.23860,0.94430,0.31770,0.22080,0.66710,0.19230,0.39740,0.17690,0.26880,0.18620,0.13060,0.17700,0.21110,0.50250,0.24680,0.20840,0.42680,0.10410,0.25690,0.16460,0.21550,0.18050,0.18530,0.19070,0.19620,0.17330,0.21230,0.19320,0.29850,0.10290,0.16500,0.20310,0.17890,0.20700,0.17760,0.21390,0.14740,0.14470,0.18020,0.22610,0.17710,0.10290,0.18170,0.18800,1.11940,0.15980,0.21050,0.19330,0.15560,0.16320,0.25960,0.19150,0.63190,0.12620,0.16820,0.17360,0.82750,0.11130,0.17840,0.17780,0.18820,0.17500,0.20710,0.18210,0.33970,0.07900,0.14490,0.15690,0.36030,0.15560,0.17090,0.16790,0.16370,0.10440,0.16120,0.15480,0.20480
12:50:34,0.35370,0.11040,0.18650,0.11260,0.21290,0.12540,0.20830,0.20190,1.07370,0.21040,0.23840,0.11590,0.26650,0.63000,0.17200,0.30200,0.18820,0.18290,0.19670,0.23990,0.95000,0.31920,0.22140,0.67160,0.19360,0.40040,0.17760,0.27050,0.18690,0.13120,0.17790,0.21190,0.50650,0.24780,0.20930,0.43040,0.10460,0.25850,0.16510,0.21670,0.18120,0.18600,0.19150,0.19710,0.17420,0.21320,0.19380,0.30040,0.10310,0.16580,0.20410,0.17970,0.20800,0.17830,0.21490,0.14800,0.14550,0.18090,0.22660,0.17800,0.10320,0.18250,0.18890,1.12150,0.16060,0.21140,0.19420,0.15640,0.16390,0.26100,0.19230,0.63680,0.12660,0.16900,0.17430,0.83350,0.11170,0.17930,0.17850,0.18930,0.17570,0.20820,0.18290,0.34240,0.07900,0.14550,0.15760,0.36360,0.15630,0.17160,0.16860,0.16440,0.10480,0.16190,0.15540,0.20630
13:00:34,0.35600,0.11040,0.18720,0.11270,0.21380,0.12520,0.20920,0.20250,1.07360,0.21110,0.23880,0.11600,0.26800,0.63460,0.17270,0.30400,0.18890,0.18350,0.19740,0.24080,0.95410,0.32120,0.22210,0.67590,0.19450,0.40360,0.17810,0.27200,0.18760,0.13160,0.17860,0.21260,0.51070,0.24900,0.20980,0.43350,0.10460,0.26000,0.16550,0.21780,0.18180,0.18660,0.19170,0.19770,0.17490,0.21370,0.19460,0.30190,0.10300,0.16630,0.20500,0.18040,0.20890,0.17880,0.21580,0.14880,0.14610,0.18170,0.22770,0.17870,0.10310,0.18330,0.18970,1.12320,0.16130,0.21230,0.19490,0.15700,0.16470,0.26240,0.19300,0.64150,0.12680,0.16960,0.17500,0.83960,0.11170,0.18010,0.17920,0.18990,0.17640,0.20910,0.18360,0.34460,0.07890,0.14610,0.15800,0.36670,0.15700,0.17200,0.16910,0.16500,0.10490,0.16250,0.15610,0.20760
13:10:34,0.35830,0.11060,0.18800,0.11280,0.21470,0.12590,0.21010,0.20320,1.07420,0.21180,0.23980,0.11620,0.26980,0.63940,0.17350,0.30620,0.18980,0.18430,0.19830,0.24210,0.95930,0.32250,0.22290,0.68060,0.19570,0.40660,0.17900,0.27370,0.18830,0.13220,0.17920,0.21350,0.51490,0.25050,0.21060,0.43690,0.10480,0.26160,0.16630,0.21900,0.18250,0.18690,0.19240,0.19820,0.17570,0.21490,0.19480,0.30430,0.10330,0.16680,0.20590,0.18110,0.21000,0.17950,0.21660,0.14940,0.14680,0.18240,0.22890,0.17950,0.10320,0.18410,0.19060,1.12500,0.16220,0.21320,0.19570,0.15760,0.16550,0.26390,0.19390,0.64640,0.12710,0.17020,0.17590,0.84580,0.11190,0.18080,0.17990,0.19080,0.17710,0.21030,0.18440,0.34710,0.07900,0.14670,0.15880,0.36990,0.15770,0.17270,0.16990,0.16580,0.10510,0.16340,0.15670,0.20900
13:20:34,0.36070,0.11110,0.18900,0.11330,0.21580,0.12620,0.21090,0.20370,1.07390,0.21270,0.24060,0.11660,0.27160,0.64380,0.17430,0.30830,0.19070,0.18500,0.19880,0.24310,0.96340,0.32450,0.22370,0.68520,0.19680,0.40960,0.17960,0.27520,0.18890,0.13260,0.17990,0.21420,0.51870,0.25170,0.21130,0.44010,0.10520,0.26320,0.16660,0.21990,0.18300,0.18780,0.19320,0.19890,0.17650,0.21570,0.19550,0.30560,0.10370,0.16760,0.20690,0.18190,0.21080,0.18010,0.21760,0.15010,0.14760,0.18300,0.22970,0.18030,0.10350,0.18470,0.19140,1.12640,0.16300,0.21390,0.19650,0.15850,0.16630,0.26530,0.19470,0.65130,0.12740,0.17090,0.17660,0.85160,0.11220,0.18150,0.18070,0.19140,0.17780,0.21120,0.18520,0.34940,0.07910,0.14730,0.15950,0.37310,0.15830,0.17340,0.17050,0.16620,0.10540,0.16420,0.15730,0.21040
13:30:34,0.36310,0.11150,0.18980,0.11360,0.21660,0.12650,0.21160,0.20440,1.07380,0.21320,0.24080,0.11710,0.27330,0.64860,0.17510,0.31080,0.19140,0.18580,0.19960,0.24390,0.96670,0.32640,0.22470,0.68980,0.19790,0.41270,0.18040,0.27680,0.18960,0.13310,0.18060,0.21500,0.52310,0.25280,0.21210,0.44320,0.10560,0.26480,0.16730,0.22100,0.18360,0.18830,0.19380,0.19970,0.17720,0.21670,0.19640,0.30710,0.10380,0.16810,0.20790,0.18260,0.21160,0.18070,0.21850,0.15090,0.14820,0.18380,0.23080,0.18100,0.10400,0.18550,0.19210,1.12790,0.16380,0.21480,0.19720,0.15930,0.16710,0.26680,0.19540,0.65600,0.12780,0.17160,0.17730,0.85760,0.11270,0.18220,0.18130,0.19230,0.17850,0.21220,0.18590,0.35210,0.07910,0.14790,0.16000,0.37610,0.15900,0.17390,0.17110,0.16680,0.10570,0.16490,0.15790,0.21180
13:40:34,0.36550,0.11160,0.19060,0.11380,0.21760,0.12690,0.21240,0.20520,1.07340,0.21410,0.24170,0.11730,0.27490,0.65280,0.17590,0.31280,0.19240,0.18650,0.20040,0.24510,0.97150,0.32840,0.22510,0.69420,0.19900,0.41580,0.18100,0.27830,0.19020,0.13350,0.18120,0.21580,0.52720,0.25400,0.21280,0.44630,0.10590,0.26630,0.16790,0.22220,0.18430,0.18910,0.19430,0.20030,0.17810,0.21750,0.19720,0.30910,0.10380,0.16870,0.20870,0.18330,0.21250,0.18140,0.21960,0.15150,0.14900,0.18450,0.23170,0.18180,0.10410,0.18630,0.19290,1.12910,0.16480,0.21570,0.19800,0.16000,0.16800,0.26820,0.19630,0.66040,0.12810,0.17220,0.17810,0.86310,0.11300,0.18290,0.18200,0.19320,0.17910,0.21330,0.18670,0.35430,0.07910,0.14840,0.16060,0.37940,0.15970,0.17460,0.17170,0.16750,0.10600,0.16560,0.15860,0.21320
13:50:34,0.36760,0.11180,0.19130,0.11410,0.21830,0.12750,0.21320,0.20610,1.07310,0.21500,0.24230,0.11750,0.27650,0.65730,0.17640,0.31490,0.19320,0.18720,0.20120,0.24610,0.97560,0.33030,0.22590,0.69840,0.20000,0.41870,0.18160,0.27980,0.19100,0.13380,0.18190,0.21660,0.53130,0.25530,0.21350,0.44960,0.10600,0.26780,0.16840,0.22300,0.18490,0.18970,0.19480,0.20110,0.17860,0.21850,0.19770,0.31070,0.10400,0.16920,0.20960,0.18390,0.21350,0.18190,0.22010,0.15220,0.14960,0.18510,0.23240,0.18250,0.10420,0.18700,0.19370,1.12970,0.16550,0.21650,0.19860,0.16070,0.16870,0.26960,0.19710,0.66520,0.12830,0.17290,0.17880,0.86890,0.11310,0.18360,0.18250,0.19400,0.17980,0.21430,0.18730,0.35690,0.07900,0.14890,0.16120,0.38230,0.16020,0.17530,0.17220,0.16800,0.10620,0.16630,0.15930,0.21460
14:00:34,0.36990,0.11200,0.19230,0.11440,0.21940,0.12780,0.21390,0.20690,1.07230,0.21560,0.24330,0.11790,0.27820,0.66140,0.17730,0.31720,0.19400,0.18800,0.20180,0.24710,0.97940,0.33200,0.22640,0.70300,0.20100,0.42160,0.18220,0.28130,0.19170,0.13450,0.18260,0.21720,0.53520,0.25640,0.21410,0.45280,0.10630,0.26940,0.16900,0.22400,0.18550,0.19020,0.19530,0.20180,0.17930,0.21910,0.19820,0.31260,0.10430,0.16980,0.21050,0.18450,0.21440,0.18250,0.22110,0.15280,0.15020,0.18570,0.23330,0.18330,0.10440,0.18780,0.19440,1.13090,0.16640,0.21730,0.19940,0.16140,0.16940,0.27100,0.19780,0.66970,0.12850,0.17340,0.17950,0.87440,0.11330,0.18430,0.18320,0.19490,0.18030,0.21510,0.18790,0.35920,0.07910,0.14940,0.16180,0.38540,0.16090,0.17580,0.17270,0.16850,0.10640,0.16690,0.15990,0.21590
14:10:34,0.37210,0.11240,0.19290,0.11470,0.22030,0.12850,0.21470,0.20780,1.07220,0.21620,0.24380,0.11830,0.27980,0.66620,0.17800,0.31930,0.19480,0.18880,0.20230,0.24810,0.98330,0.33370,0.22740,0.70700,0.20210,0.42450,0.18290,0.28270,0.19230,0.13510,0.18340,0.21800,0.53910,0.25750,0.21490,0.45580,0.10660,0.27100,0.16960,0.22520,0.18620,0.19090,0.19600,0.20220,0.17990,0.21980,0.19910,0.31490,0.10440,0.17040,0.21120,0.18530,0.21530,0.18300,0.22190,0.15350,0.15090,0.18640,0.23430,0.18400,0.10460,0.18850,0.19520,1.13170,0.16700,0.21820,0.20000,0.16210,0.17010,0.27260,0.19860,0.67400,0.12880,0.17410,0.18030,0.87970,0.11370,0.18510,0.18380,0.19580,0.18110,0.21620,0.18870,0.36180,0.07910,0.14990,0.16250,0.38850,0.16160,0.17640,0.17340,0.16920,0.10670,0.16760,0.16060,0.21730
14:20:34,0.37460,0.11270,0.19380,0.11500,0.22130,0.12890,0.21560,0.20840,1.07170,0.21720,0.24470,0.11840,0.28150,0.67050,0.17880,0.32160,0.19560,0.18950,0.20300,0.24910,0.98720,0.33560,0.22800,0.71150,0.20320,0.42740,0.18350,0.28430,0.19300,0.13550,0.18410,0.21860,0.54300,0.25870,0.21560,0.45910,0.10690,0.27260,0.17010,0.22600,0.18680,0.19140,0.19660,0.20300,0.18080,0.22080,0.19970,0.31680,0.10480,0.17110,0.21210,0.18590,0.21610,0.18370,0.22290,0.15400,0.15160,0.18700,0.23570,0.18460,0.10480,0.18920,0.19600,1.13260,0.16790,0.21900,0.20080,0.16290,0.17090,0.27400,0.19930,0.67850,0.12900,0.17480,0.18100,0.88520,0.11400,0.18580,0.18440,0.19650,0.18180,0.21710,0.18950,0.36410,0.07920,0.15050,0.16320,0.39170,0.16230,0.17700,0.17400,0.16980,0.10710,0.16830,0.16130,0.21870
14:30:34,0.37690,0.11330,0.19470,0.11570,0.22210,0.12950,0.21640,0.20940,1.07110,0.21810,0.24530,0.11970,0.28310,0.67480,0.17950,0.32420,0.19640,0.19040,0.20380,0.25020,0.99160,0.33730,0.22890,0.71550,0.20430,0.43050,0.18420,0.28600,0.19370,0.13620,0.18490,0.21980,0.54700,0.25990,0.21660,0.46240,0.10740,0.27420,0.17050,0.22730,0.18740,0.19200,0.19680,0.20370,0.18140,0.22180,0.20040,0.31870,0.10500,0.17170,0.21320,0.18660,0.21700,0.18440,0.22400,0.15470,0.15240,0.18780,0.23640,0.18550,0.10530,0.19010,0.19690,1.13330,0.16880,0.21990,0.20150,0.16380,0.17170,0.27550,0.20000,0.68300,0.12930,0.17550,0.18180,0.89050,0.11460,0.18650,0.18510,0.19720,0.18260,0.21820,0.19040,0.36690,0.07930,0.15120,0.16370,0.39480,0.16300,0.17770,0.17470,0.17040,0.10740,0.16900,0.16210,0.22020
14:40:34,0.37930,0.11340,0.19540,0.11580,0.22310,0.12980,0.21720,0.21000,1.07070,0.21910,0.24560,0.11980,0.28480,0.67880,0.18030,0.32590,0.19700,0.19110,0.20450,0.25140,0.99440,0.33910,0.22980,0.71970,0.20530,0.43320,0.18470,0.28740,0.19430,0.13670,0.18550,0.22050,0.55120,0.26080,0.21720,0.46530,0.10760,0.27570,0.17110,0.22820,0.18770,0.19260,0.19750,0.20450,0.18200,0.22240,0.20100,0.32090,0.10490,0.17220,0.21410,0.18730,0.21780,0.18450,0.22450,0.15540,0.15310,0.18840,0.23740,0.18630,0.10540,0.19080,0.19770,1.13380,0.16960,0.22070,0.20220,0.16460,0.17240,0.27680,0.20090,0.68750,0.12950,0.17600,0.18250,0.89550,0.11480,0.18730,0.18580,0.19800,0.18320,0.21900,0.19100,0.36900,0.07910,0.15170,0.16430,0.39790,0.16360,0.17820,0.17510,0.17100,0.10770,0.16950,0.16270,0.22140
14:50:34,0.38130,0.11340,0.19600,0.11600,0.22380,0.12970,0.21780,0.21040,1.07020,0.21960,0.24630,0.12000,0.28630,0.68290,0.18090,0.32800,0.19750,0.19170,0.20510,0.25240,0.99840,0.34070,0.23040,0.72370,0.20630,0.43600,0.18540,0.28880,0.19480,0.13690,0.18610,0.22120,0.55500,0.26220,0.21790,0.46830,0.10770,0.27710,0.17140,0.22910,0.18830,0.19320,0.19780,0.20500,0.18250,0.22320,0.20140,0.32280,0.10490,0.17270,0.21470,0.18770,0.21850,0.18510,0.22530,0.15610,0.15360,0.18870,0.23800,0.18680,0.10530,0.19120,0.19830,1.13420,0.17010,0.22150,0.20280,0.16510,0.17290,0.27810,0.20140,0.69140,0.12960,0.17650,0.18310,0.90030,0.11480,0.18780,0.18640,0.19860,0.18390,0.22000,0.19150,0.37130,0.07910,0.15210,0.16470,0.40060,0.16410,0.17890,0.17560,0.17140,0.10780,0.17010,0.16310,0.22270
15:00:34,0.38350,0.11340,0.19670,0.11600,0.22470,0.13000,0.21870,0.21080,1.06940,0.22020,0.24710,0.11980,0.28790,0.68710,0.18170,0.32970,0.19840,0.19240,0.20530,0.25330,1.00110,0.34260,0.23110,0.72750,0.20720,0.43870,0.18600,0.29020,0.19540,0.13720,0.18680,0.22190,0.55860,0.26290,0.21850,0.47100,0.10790,0.27840,0.17190,0.23000,0.18870,0.19380,0.19850,0.20560,0.18310,0.22410,0.20220,0.32410,0.10520,0.17330,0.21560,0.18840,0.21930,0.18550,0.22610,0.15650,0.15420,0.18930,0.23870,0.18740,0.10540,0.19200,0.19900,1.13460,0.17100,0.22240,0.20350,0.16570,0.17370,0.27950,0.20220,0.69550,0.12970,0.17710,0.18380,0.90530,0.11490,0.18840,0.18690,0.19940,0.18450,0.22080,0.19220,0.37360,0.07910,0.15250,0.16530,0.40380,0.16470,0.17940,0.17620,0.17200,0.10790,0.17070,0.16370,0.22400
15:10:34,0.38560,0.11400,0.19750,0.11660,0.22560,0.13090,0.21970,0.21170,1.06820,0.22120,0.24810,0.12050,0.28960,0.69110,0.18260,0.33210,0.19930,0.19320,0.20630,0.25440,1.00390,0.34440,0.23200,0.73150,0.20840,0.44160,0.18660,0.29180,0.19610,0.13790,0.18760,0.22290,0.56240,0.26410,0.21920,0.47420,0.10830,0.28010,0.17230,0.23110,0.18950,0.19440,0.19920,0.20630,0.18340,0.22480,0.20280,0.32630,0.10570,0.17390,0.21640,0.18920,0.22040,0.18620,0.22710,0.15720,0.15480,0.19010,0.23980,0.18840,0.10580,0.19280,0.19990,1.13500,0.17190,0.22310,0.20400,0.16660,0.17450,0.28100,0.20310,0.69990,0.13000,0.17780,0.18450,0.91030,0.11530,0.18910,0.18730,0.20020,0.18520,0.22180,0.19310,0.37610,0.07940,0.15320,0.16600,0.40670,0.16540,0.18010,0.17680,0.17270,0.10820,0.17140,0.16450,0.22540
15:20:34,0.38810,0.11470,0.19850,0.11700,0.22660,0.13160,0.22040,0.21250,1.06780,0.22060,0.24890,0.12110,0.29130,0.69520,0.18330,0.33450,0.20010,0.19400,0.20730,0.25550,1.00690,0.34640,0.23270,0.73570,0.20960,0.44450,0.18740,0.29330,0.19680,0.13850,0.18840,0.22340,0.56650,0.26570,0.21990,0.47740,0.10890,0.28170,0.17310,0.23200,0.19020,0.19520,0.20010,0.20700,0.18430,0.22570,0.20360,0.32820,0.10610,0.17450,0.21740,0.18970,0.22130,0.18700,0.22780,0.15810,0.15590,0.19070,0.24070,0.18910,0.10630,0.19370,0.20070,1.13500,0.17290,0.22410,0.20470,0.16760,0.17540,0.28240,0.20390,0.70410,0.13020,0.17850,0.18530,0.91510,0.11620,0.18990,0.18800,0.20100,0.18600,0.22280,0.19390,0.37900,0.07960,0.15390,0.16670,0.41000,0.16610,0.18080,0.17750,0.17330,0.10890,0.17230,0.16520,0.22690
15:30:34,0.39040,0.11520,0.19920,0.11770,0.22740,0.13190,0.22110,0.21270,1.06720,0.22150,0.24900,0.12180,0.29300,0.69920,0.18400,0.33680,0.20080,0.19470,0.20770,0.25630,1.01020,0.34790,0.23330,0.73970,0.21060,0.44740,0.18780,0.29490,0.19740,0.13920,0.18900,0.22420,0.57010,0.26690,0.22050,0.48050,0.10940,0.28320,0.17360,0.23300,0.19070,0.19570,0.20060,0.20760,0.18500,0.22660,0.20440,0.33000,0.10610,0.17510,0.21840,0.19050,0.22230,0.18760,0.22880,0.15880,0.15660,0.19130,0.24150,0.18990,0.10660,0.19450,0.20160,1.13520,0.17360,0.22480,0.20540,0.16860,0.17610,0.28370,0.20470,0.70810,0.13040,0.17920,0.18620,0.91980,0.11670,0.19050,0.18860,0.20170,0.18670,0.22380,0.19450,0.38130,0.07940,0.15450,0.16730,0.41300,0.16690,0.18140,0.17810,0.17400,0.10940,0.17290,0.16560,0.22820
15:40:34,0.39240,0.11530,0.20000,0.11780,0.22780,0.13220,0.22190,0.21350,1.06650,0.22220,0.25000,0.12200,0.29470,0.70340,0.18490,0.33910,0.20150,0.19540,0.20860,0.25740,1.01290,0.34940,0.23420,0.74360,0.21160,0.45040,0.18840,0.29630,0.19800,0.13970,0.18960,0.22490,0.57360,0.26800,0.22120,0.48300,0.10970,0.28460,0.17410,0.23390,0.19120,0.19620,0.20090,0.20830,0.18570,0.22710,0.20500,0.33170,0.10610,0.17570,0.21920,0.19100,0.22300,0.18820,0.22950,0.15950,0.15730,0.19160,0.24230,0.19060,0.10660,0.19520,0.20230,1.13540,0.17440,0.22550,0.20610,0.16920,0.17680,0.28500,0.20530,0.71190,0.13060,0.17980,0.18680,0.92430,0.11700,0.19130,0.18910,0.20250,0.18730,0.22470,0.19530,0.38350,0.07930,0.15500,0.16790,0.41560,0.16740,0.18190,0.17840,0.17450,0.10960,0.17350,0.16610,0.22950
15:50:34,0.39420,0.11500,0.20050,0.11760,0.22850,0.13270,0.22240,0.21390,1.06470,0.22280,0.25070,0.12170,0.29580,0.70620,0.18530,0.34060,0.20200,0.19590,0.20900,0.25820,1.01680,0.35030,0.23480,0.74700,0.21230,0.45270,0.18900,0.29770,0.19830,0.13980,0.19000,0.22550,0.57720,0.26900,0.22140,0.48570,0.10970,0.28600,0.17450,0.23480,0.19160,0.19660,0.20140,0.20860,0.18590,0.22750,0.20510,0.33370,0.10590,0.17610,0.21990,0.19130,0.22380,0.18870,0.23010,0.15980,0.15770,0.19220,0.24300,0.19110,0.10630,0.19560,0.20300,1.13540,0.17500,0.22620,0.20660,0.16950,0.17750,0.28610,0.20600,0.71550,0.13060,0.18010,0.18750,0.92850,0.11680,0.19180,0.18970,0.20300,0.18770,0.22550,0.19580,0.38560,0.07900,0.15530,0.16820,0.41830,0.16780,0.18240,0.17890,0.17480,0.10960,0.17410,0.16660,0.23060
16:00:34,0.39560,0.11430,0.20100,0.11710,0.22900,0.13220,0.22270,0.21430,1.06330,0.22320,0.25120,0.11960,0.29710,0.71000,0.18570,0.34130,0.20250,0.19630,0.20930,0.25880,1.01830,0.35200,0.23530,0.75050,0.21310,0.45510,0.18930,0.29890,0.19870,0.13970,0.19040,0.22600,0.58010,0.26980,0.22170,0.48820,0.10930,0.28710,0.17470,0.23540,0.19190,0.19680,0.20180,0.20900,0.18620,0.22800,0.20550,0.33490,0.10570,0.17620,0.22030,0.19160,0.22430,0.18890,0.23070,0.16000,0.15790,0.19250,0.24350,0.19160,0.10540,0.19600,0.20340,1.13440,0.17540,0.22660,0.20710,0.16970,0.17780,0.28710,0.20640,0.71890,0.13030,0.18060,0.18790,0.93270,0.11620,0.19200,0.19000,0.20350,0.18820,0.22620,0.19640,0.38700,0.07880,0.15550,0.16860,0.42110,0.16810,0.18270,0.17910,0.17510,0.10920,0.17450,0.16730,0.23150
16:10:34,0.39650,0.11280,0.20120,0.11620,0.22950,0.13210,0.22330,0.21480,1.06230,0.22400,0.25190,0.11770,0.29830,0.71330,0.18600,0.34140,0.20290,0.19670,0.20970,0.25970,1.02110,0.35350,0.23580,0.75370,0.21350,0.45780,0.18950,0.30030,0.19900,0.13930,0.19070,0.22650,0.58370,0.27080,0.22210,0.49050,0.10820,0.28820,0.17490,0.23610,0.19220,0.19710,0.20210,0.20940,0.18650,0.22870,0.20600,0.33580,0.10550,0.17640,0.22080,0.19200,0.22470,0.18910,0.23120,0.16020,0.15780,0.19290,0.24410,0.19170,0.10130,0.19620,0.20380,1.13390,0.17550,0.22690,0.20750,0.16930,0.17820,0.28820,0.20680,0.72280,0.12980,0.18060,0.18830,0.93690,0.11350,0.19230,0.19020,0.20390,0.18840,0.22690,0.19670,0.38810,0.07830,0.15550,0.16870,0.42380,0.16830,0.18290,0.17930,0.17540,0.10840,0.17470,0.16750,0.23230
16:20:34,0.39630,0.10960,0.20140,0.11410,0.22990,0.13100,0.22380,0.21510,1.06110,0.22430,0.25230,0.10910,0.29930,0.71630,0.18590,0.33890,0.20300,0.19670,0.21010,0.26040,1.02400,0.35510,0.23600,0.75680,0.21370,0.45990,0.18960,0.30120,0.19910,0.13840,0.19090,0.22690,0.58690,0.27140,0.22260,0.49300,0.10600,0.28910,0.17500,0.23630,0.19240,0.19710,0.20210,0.20950,0.18630,0.22900,0.20600,0.33760,0.10550,0.17650,0.22110,0.19220,0.22500,0.18920,0.23170,0.16020,0.15740,0.19320,0.24450,0.19190,0.09650,0.19630,0.20400,1.13350,0.17520,0.22710,0.20780,0.16820,0.17830,0.28910,0.20710,0.72610,0.12900,0.18040,0.18840,0.94050,0.10760,0.19250,0.19020,0.20420,0.18860,0.22750,0.19690,0.38800,0.07810,0.15510,0.16860,0.42620,0.16830,0.18310,0.17940,0.17560,0.10650,0.17500,0.16770,0.23310
16:30:34,0.39640,0.10770,0.20180,0.11290,0.23030,0.12980,0.22410,0.21550,1.06000,0.22490,0.25240,0.10080,0.30040,0.72020,0.18610,0.33710,0.20330,0.19680,0.21030,0.26100,1.02600,0.35610,0.23640,0.76040,0.21400,0.46220,0.18970,0.30210,0.19940,0.13710,0.19100,0.22720,0.58970,0.27220,0.22300,0.49570,0.10380,0.29010,0.17510,0.23690,0.19220,0.19710,0.20210,0.20980,0.18650,0.22960,0.20610,0.33930,0.10570,0.17640,0.22150,0.19250,0.22530,0.18930,0.23220,0.16030,0.15680,0.19340,0.24510,0.19220,0.09650,0.19630,0.20430,1.13280,0.17500,0.22750,0.20810,0.16670,0.17860,0.29000,0.20740,0.72940,0.12800,0.18050,0.18860,0.94470,0.10350,0.19260,0.19020,0.20450,0.18880,0.22790,0.19720,0.38670,0.07820,0.15500,0.16880,0.42880,0.16820,0.18320,0.17950,0.17580,0.10470,0.17520,0.16790,0.23390
16:40:34,0.39740,0.10830,0.20220,0.11270,0.23090,0.12950,0.22460,0.21620,1.05870,0.22510,0.25310,0.09990,0.30190,0.72340,0.18630,0.33880,0.20390,0.19700,0.21090,0.26140,1.02870,0.35790,0.23700,0.76390,0.21460,0.46480,0.19000,0.30330,0.19980,0.13650,0.19130,0.22780,0.59290,0.27330,0.22340,0.49840,0.10350,0.29130,0.17550,0.23760,0.19250,0.19730,0.20250,0.21010,0.18700,0.23010,0.20650,0.34060,0.10600,0.17660,0.22220,0.19290,0.22590,0.18970,0.23280,0.16050,0.15680,0.19390,0.24580,0.19260,0.09840,0.19660,0.20490,1.13210,0.17520,0.22800,0.20830,0.16600,0.17880,0.29120,0.20790,0.73280,0.12720,0.18070,0.18900,0.94840,0.10450,0.19300,0.19060,0.20500,0.18900,0.22860,0.19760,0.38750,0.07840,0.15510,0.16890,0.43140,0.16860,0.18350,0.17970,0.17600,0.10440,0.17560,0.16810,0.23480
16:50:34,0.39840,0.10850,0.20250,0.11260,0.23140,0.12930,0.22510,0.21670,1.05840,0.22560,0.25340,0.09870,0.30300,0.72670,0.18680,0.34060,0.20410,0.19740,0.21120,0.26230,1.03110,0.35950,0.23730,0.76710,0.21520,0.46730,0.19030,0.30450,0.20010,0.13620,0.19160,0.22830,0.59640,0.27430,0.22380,0.50110,0.10330,0.29240,0.17570,0.23810,0.19280,0.19760,0.20280,0.21050,0.18740,0.23070,0.20690,0.34190,0.10630,0.17680,0.22270,0.19320,0.22640,0.19000,0.23310,0.16080,0.15660,0.19410,0.24640,0.19310,0.09900,0.19690,0.20530,1.13160,0.17520,0.22850,0.20860,0.16550,0.17920,0.29230,0.20830,0.73610,0.12620,0.18080,0.18930,0.95230,0.10520,0.19330,0.19090,0.20540,0.18950,0.22920,0.19800,0.38830,0.07850,0.15520,0.16920,0.43410,0.16890,0.18380,0.18010,0.17630,0.10440,0.17590,0.16850,0.23550
17:00:34,0.40050,0.10930,0.20300,0.11310,0.23220,0.12920,0.22570,0.21730,1.05630,0.22650,0.25410,0.09900,0.30450,0.73030,0.18720,0.34370,0.20480,0.19780,0.21190,0.26340,1.03260,0.36120,0.23800,0.77070,0.21600,0.47010,0.19080,0.30590,0.20060,0.13620,0.19220,0.22900,0.59970,0.27550,0.22450,0.50370,0.10370,0.29370,0.17610,0.23870,0.19330,0.19800,0.20320,0.21110,0.18810,0.23120,0.20750,0.34330,0.10670,0.17720,0.22340,0.19370,0.22710,0.19050,0.23370,0.16120,0.15690,0.19450,0.24690,0.19360,0.10030,0.19750,0.20600,1.13070,0.17570,0.22930,0.20910,0.16570,0.17980,0.29360,0.20890,0.74010,0.12560,0.18130,0.18990,0.95620,0.10680,0.19380,0.19140,0.20580,0.19010,0.23010,0.19870,0.39010,0.07870,0.15540,0.16960,0.43690,0.16940,0.18420,0.18050,0.17670,0.10480,0.17650,0.16900,0.23670
17:10:34,0.40240,0.11020,0.20360,0.11350,0.23290,0.12920,0.22630,0.21760,1.05530,0.22720,0.25490,0.10010,0.30570,0.73340,0.18760,0.34630,0.20520,0.19820,0.21220,0.26420,1.03440,0.36290,0.23880,0.77410,0.21680,0.47230,0.19130,0.30700,0.20090,0.13640,0.19240,0.22940,0.60280,0.27670,0.22510,0.50640,0.10440,0.29500,0.17650,0.23930,0.19370,0.19850,0.20350,0.21140,0.18850,0.23190,0.20810,0.34500,0.10700,0.17770,0.22400,0.19420,0.22790,0.19100,0.23440,0.16140,0.15710,0.19490,0.24770,0.19410,0.10160,0.19800,0.20650,1.12990,0.17620,0.23000,0.20950,0.16620,0.18030,0.29490,0.20970,0.74370,0.12500,0.18170,0.19040,0.96000,0.10880,0.19430,0.19160,0.20630,0.19060,0.23090,0.19920,0.39250,0.07880,0.15580,0.17000,0.43970,0.16990,0.18470,0.18080,0.17720,0.10530,0.17700,0.16950,0.23780
17:20:34,0.40500,0.11150,0.20430,0.11450,0.23370,0.12990,0.22700,0.21850,1.05400,0.22800,0.25570,0.10630,0.30740,0.73730,0.18820,0.35010,0.20600,0.19870,0.21280,0.26520,1.03720,0.36450,0.23970,0.77710,0.21760,0.47500,0.19190,0.30860,0.20130,0.13700,0.19310,0.23010,0.60630,0.27780,0.22560,0.50940,0.10530,0.29640,0.17700,0.24040,0.19410,0.19900,0.20400,0.21210,0.18920,0.23230,0.20870,0.34660,0.10740,0.17810,0.22470,0.19470,0.22870,0.19100,0.23510,0.16200,0.15770,0.19560,0.24830,0.19470,0.10300,0.19850,0.20720,1.13010,0.17690,0.23070,0.21020,0.16720,0.18090,0.29640,0.21040,0.74720,0.12480,0.18230,0.19120,0.96400,0.11130,0.19480,0.19220,0.20710,0.19100,0.23180,0.19980,0.39590,0.07900,0.15610,0.17050,0.44250,0.17050,0.18520,0.18110,0.17770,0.10620,0.17750,0.17010,0.23900
17:30:34,0.40810,0.11300,0.20500,0.11560,0.23450,0.13080,0.22770,0.21930,1.05280,0.22890,0.25640,0.11090,0.30900,0.74080,0.18900,0.35380,0.20650,0.19970,0.21340,0.26620,1.03800,0.36640,0.23980,0.78070,0.21870,0.47780,0.19260,0.30980,0.20190,0.13800,0.19370,0.23090,0.60990,0.27910,0.22540,0.51230,0.10650,0.29790,0.17750,0.24140,0.19550,0.19970,0.20470,0.21270,0.18980,0.23310,0.20910,0.34840,0.10810,0.17880,0.22560,0.19530,0.22960,0.19170,0.23590,0.16280,0.15840,0.19610,0.24940,0.19550,0.10430,0.19920,0.20800,1.12940,0.17760,0.23120,0.21090,0.16880,0.18160,0.29780,0.21120,0.75070,0.12490,0.18260,0.19180,0.96740,0.11370,0.19560,0.19280,0.20790,0.19170,0.23280,0.20060,0.39960,0.07950,0.15670,0.17100,0.44540,0.17120,0.18580,0.18180,0.17830,0.10720,0.17830,0.17070,0.24040
17:40:34,0.41160,0.11500,0.20610,0.11730,0.23570,0.13180,0.22860,0.22040,1.05190,0.23000,0.25710,0.11500,0.31070,0.74400,0.19000,0.35790,0.20770,0.20050,0.21420,0.26750,1.04110,0.36840,0.24110,0.78460,0.21990,0.48060,0.19350,0.31160,0.20280,0.13950,0.19470,0.23180,0.61350,0.28060,0.22640,0.51560,0.10810,0.29970,0.17830,0.24250,0.19630,0.20050,0.20520,0.21380,0.19060,0.23420,0.21010,0.35060,0.10920,0.17970,0.22670,0.19630,0.23080,0.19240,0.23700,0.16350,0.15960,0.19700,0.25070,0.19660,0.10610,0.20020,0.20910,1.12880,0.17880,0.23220,0.21180,0.17070,0.18250,0.29930,0.21220,0.75460,0.12550,0.18360,0.19280,0.97130,0.11650,0.19650,0.19340,0.20880,0.19250,0.23390,0.20150,0.40410,0.08010,0.15750,0.17180,0.44850,0.17190,0.18670,0.18250,0.17910,0.10870,0.17900,0.17150,0.24220
17:50:34,0.41500,0.11680,0.20730,0.11890,0.23680,0.13340,0.22960,0.22110,1.05140,0.23110,0.25690,0.11780,0.31270,0.74810,0.19110,0.36180,0.20870,0.20160,0.21520,0.26880,1.04310,0.37040,0.24160,0.78770,0.22140,0.48350,0.19440,0.31320,0.20380,0.14100,0.19580,0.23280,0.61750,0.28200,0.22740,0.51880,0.10980,0.30140,0.17920,0.24370,0.19710,0.20140,0.20620,0.21440,0.19160,0.23530,0.21060,0.35270,0.10990,0.18040,0.22790,0.19740,0.23210,0.19300,0.23790,0.16470,0.16100,0.19780,0.25140,0.19770,0.10740,0.20150,0.21010,1.12840,0.18010,0.23330,0.21290,0.17280,0.18360,0.30090,0.21330,0.75850,0.12630,0.18470,0.19400,0.97480,0.11870,0.19750,0.19440,0.20980,0.19330,0.23490,0.20260,0.40820,0.08040,0.15830,0.17280,0.45160,0.17300,0.18760,0.18340,0.18000,0.11020,0.18000,0.17230,0.24380
18:00:34,0.41790,0.11840,0.20830,0.12030,0.23790,0.13430,0.23060,0.22130,1.05000,0.23160,0.25720,0.11980,0.31460,0.75170,0.19240,0.36530,0.20980,0.20270,0.21610,0.26980,1.04530,0.37240,0.24290,0.79140,0.22290,0.48670,0.19540,0.31510,0.20450,0.14240,0.19690,0.23390,0.62120,0.28360,0.22840,0.52160,0.11120,0.30320,0.18010,0.24480,0.19780,0.20210,0.20690,0.21500,0.19260,0.23640,0.21120,0.35480,0.11010,0.18120,0.22900,0.19830,0.23340,0.19390,0.23900,0.16580,0.16250,0.19880,0.25260,0.19860,0.10860,0.20260,0.21120,1.12800,0.18140,0.23410,0.21400,0.17470,0.18480,0.30250,0.21450,0.76220,0.12710,0.18560,0.19510,0.97870,0.12060,0.19850,0.19530,0.21080,0.19410,0.23590,0.20330,0.41160,0.08050,0.15930,0.17370,0.45490,0.17390,0.18840,0.18420,0.18080,0.11160,0.18080,0.17320,0.24550
18:10:34,0.42070,0.11970,0.20910,0.12160,0.23880,0.13550,0.23140,0.22190,1.04870,0.23250,0.25800,0.12170,0.31640,0.75530,0.19330,0.36840,0.21070,0.20350,0.21680,0.27090,1.04750,0.37410,0.24380,0.79480,0.22420,0.48930,0.19630,0.31690,0.20520,0.14370,0.19760,0.23430,0.62480,0.28490,0.22920,0.52450,0.11240,0.30480,0.18080,0.24580,0.19870,0.20280,0.20750,0.21580,0.19350,0.23710,0.21220,0.35630,0.10990,0.18190,0.23010,0.19920,0.23430,0.19470,0.24000,0.16670,0.16380,0.19960,0.25350,0.19930,0.10930,0.20350,0.21210,1.12710,0.18260,0.23460,0.21440,0.17630,0.18560,0.30400,0.21530,0.76570,0.12770,0.18650,0.19600,0.98190,0.12210,0.19940,0.19600,0.21150,0.19480,0.23690,0.20390,0.41490,0.08040,0.16000,0.17420,0.45780,0.17480,0.18910,0.18500,0.18150,0.11270,0.18160,0.17390,0.24710
18:20:34,0.42290,0.12050,0.21000,0.12230,0.23960,0.13630,0.23210,0.22280,1.04810,0.23320,0.25890,0.12230,0.31790,0.75870,0.19380,0.37100,0.21140,0.20410,0.21750,0.27140,1.04820,0.37590,0.24430,0.79730,0.22530,0.49200,0.19690,0.31820,0.20570,0.14450,0.19820,0.23490,0.62800,0.28590,0.22990,0.52700,0.11320,0.30640,0.18130,0.24680,0.19930,0.20320,0.20810,0.21630,0.19400,0.23780,0.21280,0.35780,0.10940,0.18250,0.23090,0.19980,0.23500,0.19510,0.24060,0.16730,0.16470,0.19990,0.25430,0.19990,0.10930,0.20420,0.21280,1.12650,0.18350,0.23560,0.21510,0.17760,0.18630,0.30530,0.21600,0.76880,0.12800,0.18720,0.19690,0.98480,0.12290,0.19990,0.19620,0.21220,0.19510,0.23790,0.20450,0.41750,0.07990,0.16060,0.17490,0.46050,0.17550,0.18970,0.18540,0.18190,0.11350,0.18220,0.17450,0.24860
18:30:34,0.42520,0.12120,0.21080,0.12300,0.24050,0.13720,0.23290,0.22360,1.04700,0.23380,0.25970,0.12320,0.31950,0.76170,0.19470,0.37360,0.21230,0.20480,0.21800,0.27240,1.04960,0.37790,0.24450,0.80050,0.22640,0.49460,0.19760,0.31930,0.20640,0.14540,0.19900,0.23570,0.63150,0.28700,0.23020,0.53000,0.11390,0.30790,0.18200,0.24760,0.19980,0.20380,0.20860,0.21630,0.19470,0.23880,0.21350,0.35890,0.10950,0.18310,0.23160,0.20020,0.23590,0.19590,0.24150,0.16800,0.16570,0.20070,0.25530,0.20070,0.10920,0.20500,0.21350,1.12570,0.18450,0.23640,0.21580,0.17870,0.18710,0.30670,0.21700,0.77250,0.12820,0.18770,0.19750,0.98820,0.12370,0.20070,0.19680,0.21300,0.19590,0.23890,0.20530,0.42040,0.07980,0.16130,0.17560,0.46330,0.17610,0.19030,0.18610,0.18270,0.11420,0.18280,0.17530,0.25000
18:40:34,0.42750,0.12180,0.21160,0.12360,0.24130,0.13760,0.23370,0.22410,1.04650,0.23410,0.26070,0.12380,0.32110,0.76560,0.19530,0.37610,0.21300,0.20550,0.21870,0.27330,1.05030,0.37950,0.24500,0.80330,0.22760,0.49710,0.19840,0.32080,0.20700,0.14630,0.19960,0.23570,0.63500,0.28840,0.23010,0.53280,0.11460,0.30940,0.18250,0.24850,0.20050,0.20440,0.20910,0.21710,0.19540,0.23960,0.21420,0.36070,0.10950,0.18350,0.23250,0.20060,0.23690,0.19660,0.24210,0.16870,0.16660,0.20140,0.25620,0.20140,0.10920,0.20570,0.21420,1.12470,0.18550,0.23730,0.21650,0.18000,0.18790,0.30740,0.21750,0.77530,0.12840,0.18830,0.19830,0.99110,0.12440,0.20130,0.19720,0.21370,0.19660,0.23970,0.20580,0.42280,0.07980,0.16180,0.17620,0.46620,0.17670,0.19100,0.18670,0.18330,0.11490,0.18340,0.17580,0.25140
18:50:34,0.42950,0.12240,0.21250,0.12430,0.24210,0.13820,0.23430,0.22480,1.04410,0.23470,0.26090,0.12440,0.32280,0.76850,0.19610,0.37850,0.21370,0.20630,0.21890,0.27440,1.05140,0.38120,0.24530,0.80650,0.22870,0.49980,0.19910,0.32210,0.20770,0.14720,0.20040,0.23670,0.63830,0.28970,0.23130,0.53560,0.11540,0.31080,0.18310,0.24880,0.20100,0.20500,0.20980,0.21760,0.19610,0.24010,0.21480,0.36250,0.10970,0.18410,0.23330,0.20150,0.23780,0.19720,0.24310,0.16930,0.16750,0.20190,0.25720,0.20220,0.10930,0.20660,0.21500,1.12400,0.18650,0.23800,0.21730,0.18110,0.18870,0.30880,0.21840,0.77860,0.12870,0.18870,0.19910,0.99450,0.12510,0.20210,0.19730,0.21440,0.19710,0.24070,0.20640,0.42550,0.07970,0.16250,0.17680,0.46890,0.17730,0.19150,0.18730,0.18400,0.11560,0.18420,0.17650,0.25280
19:00:34,0.43200,0.12320,0.21350,0.12510,0.24300,0.13970,0.23530,0.22560,1.04360,0.23570,0.26170,0.12510,0.32460,0.77190,0.19690,0.38080,0.21460,0.20720,0.21920,0.27520,1.05310,0.38310,0.24620,0.80980,0.23000,0.50260,0.19970,0.32370,0.20800,0.14830,0.20110,0.23760,0.64180,0.29090,0.23160,0.53850,0.11630,0.31240,0.18380,0.25000,0.20170,0.20580,0.21050,0.21820,0.19690,0.24110,0.21560,0.36440,0.11010,0.18500,0.23430,0.20240,0.23890,0.19800,0.24410,0.17030,0.16870,0.20240,0.25800,0.20310,0.10960,0.20750,0.21600,1.12280,0.18760,0.23890,0.21810,0.18250,0.18960,0.31020,0.21940,0.78200,0.12910,0.18970,0.19980,0.99740,0.12600,0.20280,0.19790,0.21530,0.19780,0.24180,0.20740,0.42850,0.07990,0.16330,0.17760,0.47200,0.17800,0.19210,0.18810,0.18470,0.11640,0.18490,0.17730,0.25440
19:10:34,0.43380,0.12390,0.21420,0.12580,0.24370,0.14010,0.23580,0.22620,1.04220,0.23660,0.26270,0.12610,0.32610,0.77510,0.19780,0.38370,0.21540,0.20790,0.22010,0.27640,1.05550,0.38370,0.24700,0.81300,0.23100,0.50540,0.20030,0.32510,0.20860,0.14920,0.20140,0.23760,0.64490,0.29210,0.23170,0.54100,0.11700,0.31370,0.18430,0.25080,0.20210,0.20620,0.21100,0.21900,0.19740,0.24200,0.21520,0.36630,0.11010,0.18540,0.23520,0.20320,0.23970,0.19850,0.24490,0.17100,0.16960,0.20300,0.25860,0.20360,0.10990,0.20820,0.21690,1.12190,0.18850,0.23970,0.21890,0.18380,0.19030,0.31120,0.21980,0.78480,0.12930,0.19040,0.20070,1.00010,0.12690,0.20350,0.19830,0.21600,0.19830,0.24280,0.20810,0.43100,0.07980,0.16390,0.17830,0.47460,0.17880,0.19280,0.18820,0.18520,0.11700,0.18550,0.17780,0.25580
19:20:34,0.43630,0.12450,0.21510,0.12650,0.24460,0.14100,0.23620,0.22700,1.04110,0.23670,0.26160,0.12640,0.32780,0.77780,0.19870,0.38590,0.21610,0.20870,0.22080,0.27710,1.05690,0.38550,0.24710,0.81590,0.23230,0.50790,0.20100,0.32690,0.20950,0.15010,0.20230,0.23840,0.64870,0.29310,0.23260,0.54360,0.11780,0.31510,0.18490,0.25150,0.20260,0.20690,0.21120,0.21960,0.19830,0.24280,0.21580,0.36820,0.11020,0.18610,0.23580,0.20380,0.24060,0.19920,0.24590,0.17180,0.17050,0.20370,0.25940,0.20430,0.11000,0.20910,0.21770,1.12140,0.18970,0.24070,0.21980,0.18510,0.19100,0.31260,0.22080,0.78820,0.12960,0.19110,0.20160,1.00330,0.12750,0.20430,0.19890,0.21690,0.19890,0.24360,0.20880,0.43370,0.07970,0.16460,0.17900,0.47740,0.17950,0.19350,0.18890,0.18580,0.11770,0.18620,0.17850,0.25730
19:30:34,0.43760,0.12450,0.21550,0.12650,0.24520,0.14110,0.23690,0.22750,1.03900,0.23740,0.26220,0.12610,0.32880,0.78070,0.19920,0.38780,0.21660,0.20910,0.22130,0.27810,1.05780,0.38620,0.24720,0.81840,0.23300,0.51010,0.20160,0.32800,0.20980,0.15050,0.20280,0.23900,0.65140,0.29440,0.23300,0.54570,0.11800,0.31630,0.18510,0.25230,0.20300,0.20720,0.21160,0.21990,0.19860,0.24320,0.21600,0.36910,0.10990,0.18650,0.23640,0.20410,0.24120,0.19950,0.24640,0.17230,0.17120,0.20410,0.25990,0.20460,0.10930,0.20960,0.21820,1.12000,0.19030,0.24120,0.22020,0.18570,0.19180,0.31390,0.22130,0.79070,0.12950,0.19140,0.20220,1.00580,0.12770,0.20460,0.19920,0.21750,0.19930,0.24420,0.20900,0.43540,0.07940,0.16490,0.17940,0.48000,0.17990,0.19380,0.18930,0.18610,0.11790,0.18670,0.17900,0.25830
19:40:34,0.43940,0.12450,0.21610,0.12670,0.24590,0.14170,0.23770,0.22820,1.03830,0.23780,0.26270,0.12570,0.33030,0.78380,0.19990,0.38940,0.21720,0.20970,0.22170,0.27860,1.05850,0.38790,0.24820,0.82100,0.23400,0.51250,0.20210,0.32940,0.21040,0.15120,0.20340,0.23980,0.65460,0.29530,0.23360,0.54840,0.11830,0.31760,0.18560,0.25320,0.20360,0.20780,0.21210,0.22060,0.19920,0.24390,0.21610,0.37080,0.11000,0.18690,0.23710,0.20480,0.24110,0.19930,0.24710,0.17250,0.17190,0.20450,0.26070,0.20510,0.10880,0.21000,0.21900,1.11840,0.19110,0.24190,0.22090,0.18660,0.19240,0.31490,0.22190,0.79330,0.12950,0.19200,0.20280,1.00850,0.12780,0.20530,0.19980,0.21790,0.19990,0.24510,0.20960,0.43760,0.07940,0.16540,0.17980,0.48270,0.18050,0.19430,0.18980,0.18670,0.11820,0.18720,0.17930,0.25950
