Corrected [600]
	1	2	3	4	5	6	7	8	9	10	11	12
A	0.30006	0.08088	0.27963	0.08095	0.27031	0.08112	0.24967	0.07994	0.31489	0.07970	0.32357	0.07949	Corrected [600]
B	0.23666	0.31305	0.22667	0.26906	0.21024	0.25991	0.19790	0.32030	0.23718	0.30611	0.24851	0.33711	Corrected [600]
C	0.15694	0.23304	0.16487	0.20391	0.15366	0.20020	0.13790	0.23607	0.16884	0.23152	0.16423	0.24111	Corrected [600]
D	0.08015	0.15838	0.08120	0.14592	0.08268	0.15040	0.08108	0.15939	0.07994	0.15810	0.07874	0.15944	Corrected [600]
E	0.19924	0.08245	0.28474	0.08303	0.21683	0.08185	0.28065	0.08090	0.29161	0.08099	0.33515	0.07936	Corrected [600]
F	0.15908	0.26572	0.21115	0.25477	0.17341	0.26244	0.20697	0.31244	0.22110	0.32098	0.23449	0.31075	Corrected [600]
G	0.11875	0.20405	0.14886	0.18662	0.12639	0.19350	0.14528	0.23987	0.15243	0.23913	0.15062	0.22825	Corrected [600]
H	0.07862	0.13968	0.08039	0.13373	0.08141	0.13353	0.08009	0.15348	0.07925	0.15440	0.08039	0.14312	Corrected [600]

