Corrected [600]
	1	2	3	4	5	6	7	8	9	10	11	12
A	0.36042	0.07684	0.35794	0.07739	0.34917	0.07600	0.33863	0.07502	0.34100	0.07486	0.34961	0.07382	Corrected [600]
B	0.25233	0.30947	0.26733	0.33606	0.25087	0.34467	0.26651	0.36187	0.25796	0.36000	0.25216	0.38061	Corrected [600]
C	0.14957	0.21552	0.15420	0.25610	0.16196	0.24668	0.16192	0.27104	0.16228	0.26204	0.15956	0.26939	Corrected [600]
D	0.07673	0.14746	0.07615	0.15529	0.07753	0.16245	0.07913	0.17094	0.07489	0.16545	0.07467	0.17101	Corrected [600]
E	0.29447	0.07576	0.32746	0.07638	0.31511	0.07520	0.35256	0.07511	0.35958	0.07588	0.38946	0.07506	Corrected [600]
F	0.21325	0.29245	0.22520	0.28742	0.22703	0.32497	0.25636	0.35322	0.25009	0.35266	0.27608	0.35517	Corrected [600]
G	0.14098	0.22849	0.19302	0.21425	0.15109	0.24861	0.16502	0.24013	0.16317	0.24134	0.17177	0.26298	Corrected [600]
H	0.07690	0.14451	0.07602	0.14161	0.07626	0.15828	0.07599	0.14697	0.07602	0.16113	0.07594	0.16602	Corrected [600]

