550

Time,A1,A2,A3,A4,A5,A6,A7,A8,A9,A10,A11,A12,B1,B2,B3,B4,B5,B6,B7,B8,B9,B10,B11,B12,C1,C2,C3,C4,C5,C6,C7,C8,C9,C10,C11,C12,D1,D2,D3,D4,D5,D6,D7,D8,D9,D10,D11,D12,E1,E2,E3,E4,E5,E6,E7,E8,E9,E10,E11,E12,F1,F2,F3,F4,F5,F6,F7,F8,F9,F10,F11,F12,G1,G2,G3,G4,G5,G6,G7,G8,G9,G10,G11,G12,H1,H2,H3,H4,H5,H6,H7,H8,H9,H10,H11,H12
0:00:55,0.08370,0.08150,0.08570,0.08580,0.14440,0.07520,0.08260,0.07800,0.07940,0.27630,0.09750,0.29250,0.08420,0.08000,0.07940,0.08070,0.22440,0.08610,0.13400,0.13210,0.08480,0.17460,0.08380,0.07860,0.07760,0.07930,0.08400,0.08490,0.18810,0.08000,0.09560,0.11810,0.08520,0.26700,0.13380,0.27680,0.08250,0.07510,0.07650,0.08160,0.15050,0.08680,0.09880,0.27100,0.13130,0.31330,0.10070,0.25960,0.09250,0.07420,0.08050,0.09720,0.10170,0.08540,0.12660,0.40270,0.15210,0.23530,0.08270,0.20190,0.09090,0.07640,0.08100,0.13840,0.09120,0.08440,0.09160,0.08830,0.12870,0.29200,0.08150,0.08100,0.08730,0.07670,0.08850,0.15020,0.07920,0.07940,0.07680,0.14240,0.41050,0.25020,0.08210,0.08730,0.16320,0.07920,0.07440,0.19700,0.08040,0.07810,0.08140,0.09410,0.34160,0.31230,0.07430,0.08770
0:02:35,0.08100,0.08130,0.08530,0.08570,0.14440,0.07500,0.08130,0.07780,0.07940,0.27610,0.09660,0.27300,0.08390,0.07960,0.07910,0.07890,0.22560,0.08450,0.13360,0.13130,0.08490,0.17650,0.07890,0.07810,0.07740,0.07900,0.08380,0.08370,0.18690,0.07990,0.09480,0.11730,0.08460,0.26530,0.13630,0.27410,0.08210,0.07490,0.07620,0.08140,0.14990,0.08710,0.09770,0.26600,0.13050,0.31170,0.09980,0.25740,0.09090,0.07400,0.08000,0.09530,0.10110,0.08460,0.09640,0.23910,0.10760,0.23390,0.08010,0.25310,0.08780,0.07550,0.07950,0.13840,0.09090,0.08310,0.09140,0.08780,0.12470,0.28980,0.08090,0.08030,0.08670,0.07640,0.08810,0.14930,0.07870,0.07870,0.07650,0.14200,0.15840,0.25210,0.08180,0.08690,0.16280,0.07900,0.07440,0.18760,0.08030,0.07800,0.08110,0.09500,0.34490,0.30750,0.07410,0.08770
0:04:15,0.08070,0.08100,0.08480,0.08560,0.14410,0.07470,0.08100,0.07740,0.07910,0.27270,0.09550,0.27190,0.08390,0.07940,0.07880,0.07870,0.22250,0.08400,0.13250,0.13050,0.08430,0.17520,0.07850,0.07780,0.07730,0.07880,0.08350,0.08370,0.18810,0.07990,0.09370,0.11660,0.08380,0.26050,0.13140,0.27020,0.08180,0.07470,0.07610,0.08140,0.14890,0.08740,0.09650,0.26580,0.12880,0.30730,0.09830,0.25550,0.08940,0.07380,0.08000,0.09460,0.10080,0.08400,0.08460,0.23710,0.15200,0.23160,0.07970,0.24950,0.08750,0.07540,0.07920,0.13710,0.09030,0.08240,0.09110,0.08760,0.12310,0.28840,0.08020,0.07960,0.08590,0.07610,0.08800,0.14920,0.07830,0.07780,0.07640,0.14120,0.15740,0.24580,0.08150,0.08600,0.16000,0.07890,0.07410,0.19040,0.08000,0.07740,0.08090,0.09260,0.34360,0.30930,0.07390,0.08720
0:05:55,0.08090,0.08090,0.08460,0.08540,0.14240,0.07460,0.08080,0.07730,0.07950,0.27240,0.09490,0.26180,0.08410,0.07920,0.07880,0.07890,0.22480,0.08420,0.13200,0.12890,0.08430,0.17320,0.07800,0.07770,0.07230,0.07860,0.08340,0.08290,0.18580,0.08000,0.09320,0.11560,0.08350,0.26040,0.13380,0.26830,0.08140,0.07460,0.07590,0.08130,0.14790,0.08770,0.09570,0.26370,0.12880,0.30600,0.09800,0.23310,0.08910,0.07360,0.08010,0.09350,0.10070,0.08360,0.12220,0.23460,0.10820,0.22810,0.07960,0.24870,0.08660,0.07540,0.07920,0.13640,0.09010,0.08240,0.09080,0.08750,0.12500,0.25360,0.08010,0.08030,0.08550,0.07600,0.08770,0.14770,0.07850,0.07740,0.07650,0.14030,0.15670,0.24760,0.08130,0.08690,0.15910,0.07890,0.07410,0.18980,0.07930,0.07700,0.08080,0.09170,0.32650,0.30980,0.07370,0.08700
0:07:35,0.08050,0.08080,0.08430,0.08530,0.14220,0.07450,0.08070,0.07710,0.07950,0.26970,0.09440,0.26390,0.08430,0.07900,0.07850,0.07870,0.22260,0.08420,0.13060,0.12900,0.08420,0.17140,0.07830,0.07780,0.07230,0.07840,0.08520,0.08290,0.18380,0.08010,0.09190,0.11530,0.08320,0.25870,0.13100,0.26320,0.08120,0.07440,0.07570,0.08150,0.14590,0.08770,0.09520,0.26310,0.12820,0.30360,0.09720,0.25230,0.08900,0.07360,0.08000,0.09270,0.10020,0.08300,0.11540,0.23240,0.10760,0.22680,0.07950,0.19130,0.08510,0.07540,0.07920,0.13370,0.09000,0.08200,0.09090,0.08740,0.12450,0.28700,0.07980,0.07930,0.08500,0.07610,0.08750,0.14690,0.07810,0.07740,0.07630,0.13920,0.15560,0.24480,0.08120,0.08600,0.15510,0.07890,0.07390,0.18590,0.07890,0.07690,0.08060,0.09050,0.32550,0.30650,0.07360,0.08700
0:09:15,0.08070,0.08080,0.08440,0.08520,0.14210,0.07440,0.08110,0.07710,0.07970,0.26510,0.09480,0.25220,0.08470,0.07890,0.07840,0.07870,0.22290,0.08420,0.12970,0.12840,0.08440,0.17050,0.07770,0.07770,0.07240,0.07830,0.08330,0.08240,0.18350,0.08010,0.09120,0.11370,0.08320,0.25600,0.12840,0.26230,0.08080,0.07430,0.07560,0.08130,0.14570,0.08780,0.09420,0.25850,0.12760,0.30330,0.09710,0.24850,0.08840,0.07350,0.08010,0.09160,0.10010,0.08270,0.09500,0.23020,0.10780,0.22460,0.07930,0.24570,0.08460,0.07540,0.07900,0.13350,0.08990,0.08180,0.09070,0.08730,0.12430,0.24960,0.07980,0.07930,0.08440,0.07600,0.08740,0.14620,0.07800,0.07740,0.07610,0.13880,0.15490,0.24150,0.08100,0.08640,0.15380,0.07890,0.07390,0.18780,0.07850,0.07660,0.08050,0.09060,0.32860,0.30150,0.07350,0.08680
0:10:55,0.08060,0.08050,0.08430,0.08510,0.13980,0.07430,0.08080,0.07690,0.07990,0.26490,0.09370,0.25030,0.08500,0.07880,0.07830,0.07830,0.22260,0.08440,0.12830,0.12710,0.08430,0.17040,0.07760,0.07760,0.07260,0.07820,0.08470,0.08220,0.18310,0.08040,0.09030,0.11370,0.08320,0.25330,0.12950,0.25960,0.08070,0.07430,0.07540,0.08130,0.14460,0.08810,0.09360,0.25890,0.12650,0.30100,0.09620,0.24620,0.08820,0.07330,0.08020,0.09220,0.10020,0.08210,0.08440,0.22510,0.10700,0.07160,0.07940,0.24290,0.08400,0.07550,0.07890,0.13230,0.08950,0.08190,0.09040,0.08730,0.12210,0.28290,0.07960,0.07940,0.08390,0.07600,0.08730,0.14510,0.07780,0.07750,0.07600,0.13760,0.15440,0.24040,0.08090,0.08600,0.15180,0.07890,0.07380,0.19040,0.07830,0.07650,0.08030,0.09070,0.33270,0.30000,0.07360,0.08670
0:12:35,0.08050,0.08060,0.08440,0.08520,0.14010,0.07420,0.08020,0.07680,0.08020,0.26210,0.09310,0.25330,0.08540,0.07880,0.07830,0.07830,0.22120,0.08440,0.12790,0.12740,0.08430,0.16900,0.07750,0.07750,0.07270,0.07820,0.08310,0.08220,0.18170,0.08060,0.08980,0.11320,0.08310,0.25230,0.12920,0.25960,0.08050,0.07420,0.07540,0.08140,0.14310,0.08830,0.09290,0.25690,0.12610,0.29820,0.09600,0.24510,0.08810,0.07340,0.08040,0.09010,0.09980,0.08180,0.11980,0.37210,0.10700,0.07150,0.07910,0.24070,0.08340,0.07550,0.07880,0.13160,0.08960,0.08190,0.09040,0.08770,0.12140,0.32980,0.07960,0.07930,0.08360,0.07610,0.08730,0.14330,0.07800,0.07750,0.07580,0.13600,0.15300,0.23950,0.08080,0.08550,0.15010,0.07900,0.07370,0.18390,0.07760,0.07650,0.08010,0.09080,0.33910,0.29750,0.07350,0.08630
0:14:15,0.08050,0.08040,0.08430,0.08510,0.13920,0.07400,0.08010,0.07670,0.08020,0.25940,0.09290,0.25930,0.08570,0.07890,0.07830,0.07830,0.21830,0.08440,0.12660,0.12630,0.08440,0.16700,0.07740,0.07740,0.07260,0.07800,0.08310,0.08180,0.18060,0.08070,0.08910,0.11230,0.08270,0.24920,0.12790,0.25530,0.08010,0.07410,0.07510,0.08130,0.14100,0.08850,0.09210,0.25560,0.12440,0.29560,0.09480,0.24240,0.08810,0.07330,0.08050,0.08970,0.09920,0.08140,0.11330,0.22040,0.10670,0.07150,0.07910,0.23670,0.08280,0.07540,0.07890,0.13030,0.08910,0.08190,0.09040,0.08710,0.12360,0.27680,0.07920,0.07830,0.08300,0.07610,0.08730,0.14230,0.07760,0.07770,0.07560,0.13490,0.15140,0.23930,0.08060,0.08480,0.14820,0.07890,0.07370,0.18350,0.07710,0.07640,0.07980,0.08980,0.32450,0.29210,0.07340,0.08600
0:15:55,0.08070,0.07260,0.08460,0.08510,0.13890,0.07410,0.08040,0.07670,0.08070,0.25670,0.09320,0.24540,0.08620,0.07880,0.07840,0.07850,0.21600,0.08460,0.12560,0.12590,0.08440,0.16640,0.07720,0.07750,0.07280,0.07800,0.08320,0.08130,0.17850,0.08090,0.08790,0.11190,0.08270,0.24710,0.12790,0.25180,0.07790,0.07420,0.07510,0.08140,0.13910,0.08860,0.09170,0.25240,0.12420,0.29150,0.09440,0.23880,0.08790,0.07330,0.08070,0.08910,0.09860,0.08130,0.09360,0.36430,0.10640,0.07160,0.07900,0.23490,0.08280,0.07560,0.07910,0.13010,0.08910,0.08200,0.09030,0.08710,0.12240,0.32040,0.07930,0.07910,0.08280,0.07620,0.08710,0.14160,0.07770,0.07790,0.07570,0.13420,0.15080,0.23530,0.08060,0.08540,0.14650,0.07920,0.07360,0.17980,0.07710,0.07660,0.07990,0.08830,0.31950,0.29010,0.07350,0.08610
0:17:35,0.08090,0.06910,0.08470,0.08490,0.13790,0.07400,0.08000,0.07650,0.08080,0.25350,0.09310,0.24490,0.08660,0.07890,0.07830,0.07840,0.21400,0.08490,0.12430,0.12450,0.08440,0.16510,0.07720,0.07760,0.07290,0.07800,0.08310,0.08160,0.17660,0.08110,0.08720,0.11110,0.08250,0.24490,0.12570,0.24970,0.07770,0.07410,0.07500,0.08130,0.13790,0.08860,0.09110,0.25080,0.12300,0.28950,0.09390,0.23710,0.08780,0.07330,0.08080,0.08850,0.09860,0.08100,0.08400,0.21590,0.10590,0.07150,0.07930,0.23160,0.08220,0.07570,0.07910,0.12790,0.08900,0.08190,0.09030,0.08730,0.12130,0.27270,0.07930,0.07840,0.08220,0.07630,0.08700,0.13960,0.07730,0.07800,0.07550,0.13390,0.15010,0.23160,0.08040,0.08430,0.14520,0.07900,0.07360,0.18020,0.07660,0.07650,0.07970,0.08830,0.29970,0.28840,0.07340,0.08570
0:19:15,0.08090,0.06900,0.08470,0.08480,0.13750,0.07390,0.08040,0.07640,0.08110,0.24930,0.09260,0.24060,0.08700,0.07880,0.07820,0.07840,0.21230,0.08520,0.12370,0.12300,0.08440,0.16220,0.07700,0.07750,0.07320,0.07800,0.08310,0.08110,0.17330,0.08120,0.08670,0.10930,0.08230,0.24300,0.12560,0.24550,0.07750,0.07400,0.07480,0.08120,0.13650,0.08880,0.09010,0.24730,0.12160,0.28630,0.09320,0.23280,0.08770,0.07360,0.08090,0.08800,0.09820,0.08050,0.11760,0.21320,0.14630,0.07140,0.07910,0.23000,0.08170,0.07580,0.07910,0.12780,0.08870,0.08210,0.09010,0.08740,0.12170,0.26860,0.07910,0.07830,0.08180,0.07630,0.08690,0.14040,0.07710,0.07820,0.07540,0.13300,0.14810,0.23060,0.08030,0.08480,0.14440,0.07910,0.07350,0.17990,0.07640,0.07650,0.07960,0.08780,0.31110,0.28290,0.07340,0.08560
0:20:55,0.08130,0.06920,0.08490,0.08480,0.13620,0.07400,0.08050,0.07640,0.08130,0.24650,0.09290,0.23440,0.08720,0.07880,0.07830,0.07880,0.20920,0.08540,0.12270,0.12280,0.08450,0.16180,0.07680,0.07770,0.07330,0.07800,0.08320,0.08100,0.17250,0.08130,0.08580,0.10900,0.08210,0.24110,0.12680,0.24470,0.07740,0.07410,0.07490,0.08120,0.13490,0.08900,0.08960,0.24630,0.12090,0.28370,0.09320,0.23210,0.08770,0.07370,0.08110,0.08790,0.09820,0.08030,0.11200,0.35340,0.10590,0.07150,0.07930,0.22760,0.08150,0.07620,0.07940,0.12710,0.08850,0.08230,0.09040,0.08740,0.11980,0.26720,0.07920,0.07770,0.08160,0.07660,0.08700,0.13940,0.07710,0.07840,0.07560,0.13240,0.14710,0.22760,0.08040,0.08510,0.14260,0.07930,0.07350,0.17840,0.07600,0.07670,0.07960,0.08800,0.30920,0.28710,0.07340,0.08570
0:22:35,0.08090,0.06920,0.08500,0.08490,0.13550,0.07390,0.08050,0.07640,0.08160,0.24640,0.09280,0.22990,0.08770,0.07870,0.07820,0.07890,0.20740,0.08560,0.12150,0.12210,0.08470,0.16100,0.07690,0.07760,0.07320,0.07820,0.08330,0.08070,0.17120,0.08130,0.08580,0.10760,0.08200,0.23890,0.12620,0.24300,0.07730,0.07410,0.07480,0.08120,0.13420,0.08910,0.08900,0.24420,0.12040,0.28220,0.09240,0.22980,0.08760,0.07370,0.08110,0.07630,0.09760,0.08000,0.09300,0.20890,0.14510,0.07140,0.07930,0.22490,0.08110,0.07650,0.07950,0.12500,0.08830,0.08220,0.09030,0.08770,0.11840,0.26310,0.07910,0.07790,0.08130,0.07670,0.08700,0.13830,0.07720,0.07840,0.07540,0.13120,0.14590,0.22540,0.08030,0.08470,0.14120,0.07930,0.07360,0.17140,0.07590,0.07700,0.07960,0.08690,0.30850,0.28440,0.07340,0.08550
0:24:15,0.08110,0.06920,0.08500,0.08490,0.13430,0.07390,0.08080,0.07640,0.08200,0.24440,0.09270,0.22360,0.08780,0.07890,0.07830,0.07910,0.20710,0.08580,0.12010,0.12220,0.08480,0.15980,0.07650,0.07760,0.07360,0.07840,0.08330,0.08080,0.16910,0.08140,0.08510,0.10710,0.08190,0.23720,0.12200,0.23910,0.07720,0.07400,0.07470,0.08120,0.13240,0.08940,0.06950,0.24220,0.11970,0.27830,0.09200,0.22780,0.08770,0.07380,0.08100,0.07620,0.09720,0.07970,0.08280,0.20590,0.10500,0.07140,0.07940,0.22370,0.08090,0.07650,0.07970,0.12380,0.08800,0.08230,0.09040,0.08780,0.11790,0.26270,0.07910,0.07780,0.08100,0.07670,0.08710,0.13720,0.07700,0.07860,0.07550,0.13060,0.14620,0.22660,0.08020,0.08400,0.13960,0.07930,0.07360,0.17440,0.07580,0.07710,0.07960,0.08660,0.30150,0.27200,0.07370,0.08520
0:25:55,0.08110,0.06930,0.08530,0.08480,0.13300,0.07400,0.08120,0.07650,0.08240,0.24240,0.09240,0.22680,0.08820,0.07880,0.07840,0.07920,0.20410,0.08600,0.11940,0.12110,0.08480,0.15960,0.07660,0.07780,0.07370,0.07830,0.08350,0.08040,0.16800,0.08150,0.08490,0.10620,0.08190,0.23430,0.12060,0.23670,0.07710,0.07400,0.07480,0.08120,0.13170,0.08950,0.06960,0.23980,0.11840,0.27450,0.09150,0.22580,0.08770,0.07380,0.08140,0.07620,0.09690,0.07970,0.11600,0.20320,0.14290,0.07140,0.07930,0.22010,0.08080,0.07680,0.07980,0.12260,0.08780,0.08250,0.09030,0.08790,0.11730,0.26010,0.07910,0.07730,0.08080,0.07690,0.08720,0.13620,0.07680,0.07880,0.07550,0.12910,0.14380,0.22450,0.08030,0.08430,0.13850,0.07950,0.07370,0.17230,0.07550,0.07730,0.07960,0.08580,0.29240,0.27680,0.07410,0.08510
0:27:35,0.08120,0.06930,0.08550,0.08490,0.13280,0.07400,0.08150,0.07650,0.08260,0.23890,0.09250,0.22730,0.08840,0.07910,0.07840,0.07940,0.19990,0.08610,0.11780,0.12040,0.08490,0.15770,0.07680,0.07790,0.07390,0.07830,0.08340,0.08050,0.16520,0.08160,0.08450,0.10570,0.08190,0.23430,0.12010,0.23560,0.07700,0.07400,0.07480,0.08110,0.12980,0.08970,0.06960,0.24750,0.11790,0.27330,0.09090,0.22390,0.08760,0.07370,0.08140,0.07620,0.09650,0.07940,0.09210,0.20160,0.10450,0.07150,0.07950,0.21940,0.08050,0.07690,0.07990,0.12110,0.08750,0.08260,0.07630,0.08810,0.11560,0.25790,0.07920,0.07660,0.08050,0.07700,0.08700,0.13480,0.07700,0.07900,0.07550,0.12830,0.14400,0.22400,0.08030,0.08410,0.13660,0.07950,0.07370,0.17240,0.07510,0.07750,0.07960,0.08500,0.29300,0.26940,0.07440,0.08480
0:29:15,0.08130,0.06930,0.08560,0.08490,0.13220,0.07400,0.08160,0.07660,0.08290,0.23720,0.09290,0.22320,0.08420,0.07900,0.07850,0.07950,0.19850,0.08630,0.11750,0.11940,0.08500,0.15560,0.07700,0.07810,0.07380,0.07840,0.08360,0.08040,0.16420,0.08180,0.08450,0.10510,0.08190,0.23100,0.11900,0.23210,0.07680,0.07400,0.07460,0.08120,0.12800,0.08990,0.06970,0.24580,0.11670,0.26830,0.09040,0.22110,0.08760,0.07370,0.08150,0.07610,0.09590,0.07930,0.11410,0.19910,0.14270,0.07160,0.07970,0.21470,0.08050,0.07680,0.08020,0.12040,0.08720,0.08270,0.07630,0.08810,0.11450,0.25500,0.07950,0.07680,0.08050,0.07700,0.08720,0.13450,0.07700,0.07910,0.07540,0.12720,0.14240,0.21960,0.08040,0.08360,0.13650,0.07960,0.07370,0.16630,0.07490,0.07770,0.07960,0.08480,0.29540,0.27900,0.07470,0.08470
0:30:55,0.08130,0.06940,0.08580,0.08490,0.13110,0.07420,0.08190,0.07680,0.08320,0.23420,0.09300,0.22000,0.08440,0.07950,0.07870,0.07970,0.19770,0.08670,0.11520,0.11920,0.08510,0.15520,0.07720,0.07830,0.07400,0.07830,0.08370,0.08070,0.16160,0.08210,0.08370,0.10470,0.08200,0.23070,0.11830,0.22840,0.07670,0.07400,0.07480,0.08140,0.12750,0.09020,0.06980,0.24680,0.11610,0.26720,0.08990,0.21980,0.08770,0.07430,0.08160,0.07640,0.09540,0.07930,0.09130,0.19700,0.10380,0.07170,0.08010,0.21260,0.08040,0.07680,0.08020,0.11860,0.08700,0.08290,0.07640,0.08830,0.11320,0.25340,0.07950,0.07690,0.08020,0.07710,0.08720,0.13410,0.07690,0.07930,0.07570,0.12580,0.14070,0.21610,0.08050,0.08360,0.13480,0.07980,0.07370,0.16740,0.07480,0.07760,0.07980,0.08360,0.28570,0.26800,0.07490,0.08460
0:32:35,0.08150,0.06930,0.08600,0.08490,0.13010,0.07420,0.08170,0.07700,0.08340,0.23040,0.09310,0.21450,0.08450,0.07970,0.07880,0.07990,0.19480,0.08690,0.11470,0.11760,0.08520,0.15530,0.07730,0.07850,0.07400,0.07850,0.08380,0.08050,0.16160,0.08240,0.08370,0.10330,0.08220,0.22780,0.11820,0.22680,0.07670,0.07390,0.07470,0.08140,0.12690,0.09050,0.06990,0.23820,0.11550,0.26290,0.08980,0.21670,0.08780,0.07430,0.08160,0.07630,0.09530,0.07910,0.11340,0.19230,0.13960,0.07170,0.08040,0.20990,0.07330,0.07690,0.08050,0.11790,0.08670,0.08300,0.07660,0.08840,0.11440,0.25040,0.07970,0.07630,0.08000,0.07730,0.08720,0.13290,0.07700,0.07960,0.07570,0.12570,0.13990,0.21710,0.08060,0.08370,0.13420,0.07980,0.07380,0.16430,0.07440,0.07790,0.07970,0.08450,0.27090,0.26090,0.07520,0.08430
0:34:15,0.08160,0.06940,0.08620,0.08490,0.12890,0.07430,0.08170,0.07730,0.08380,0.22920,0.09380,0.21450,0.08480,0.07950,0.07900,0.08010,0.19330,0.08730,0.11500,0.11720,0.08530,0.15320,0.07770,0.07880,0.07440,0.07860,0.08420,0.08070,0.15930,0.08260,0.08370,0.10350,0.08230,0.22520,0.11630,0.22340,0.07670,0.07390,0.07480,0.08150,0.12530,0.09070,0.07000,0.23770,0.11430,0.26040,0.08930,0.21390,0.08780,0.07440,0.08190,0.07660,0.09500,0.07910,0.09120,0.19140,0.10320,0.07180,0.08060,0.20840,0.07330,0.07710,0.08070,0.11700,0.08650,0.08320,0.07670,0.08890,0.11440,0.24680,0.07970,0.07630,0.07990,0.07740,0.08730,0.13200,0.07700,0.07980,0.07590,0.12460,0.13970,0.21470,0.08090,0.08380,0.13210,0.08000,0.07400,0.16080,0.07430,0.07800,0.07970,0.08400,0.28050,0.26250,0.07520,0.08420
0:35:55,0.08170,0.06960,0.08660,0.08490,0.12790,0.07440,0.08160,0.07760,0.08410,0.22640,0.09340,0.21160,0.08500,0.07990,0.07920,0.08020,0.19160,0.08760,0.11360,0.11700,0.08550,0.15270,0.07790,0.07900,0.07450,0.07850,0.08420,0.08080,0.15850,0.08290,0.08340,0.10280,0.08240,0.22320,0.11870,0.22080,0.07660,0.07390,0.07480,0.08160,0.12450,0.09110,0.07020,0.23420,0.11400,0.26030,0.08910,0.21360,0.08790,0.07450,0.08200,0.07690,0.09490,0.07920,0.11200,0.18850,0.13890,0.07200,0.08100,0.20790,0.07430,0.07750,0.08090,0.11600,0.08630,0.08350,0.07680,0.08880,0.11340,0.24610,0.08000,0.07610,0.07980,0.07770,0.08760,0.13150,0.07700,0.08000,0.07600,0.12330,0.13780,0.21140,0.08100,0.08350,0.13110,0.08010,0.07410,0.16020,0.07420,0.07600,0.07970,0.08390,0.27450,0.26420,0.07520,0.08390
0:37:35,0.08170,0.06960,0.08700,0.08500,0.12700,0.07460,0.08170,0.07790,0.08440,0.22440,0.09390,0.20470,0.08510,0.08020,0.07940,0.08050,0.18820,0.08790,0.11280,0.11630,0.08580,0.15120,0.07840,0.07930,0.07460,0.07890,0.08430,0.08100,0.15650,0.08310,0.08370,0.10290,0.08270,0.22080,0.11460,0.21970,0.07660,0.07400,0.07500,0.08180,0.12350,0.09130,0.07040,0.23000,0.11330,0.25650,0.08880,0.21200,0.08800,0.07450,0.08210,0.07690,0.09450,0.07920,0.09100,0.18850,0.10240,0.07210,0.08160,0.20450,0.07450,0.07770,0.08120,0.11520,0.08650,0.08360,0.07700,0.08910,0.11290,0.24320,0.08030,0.07590,0.07970,0.07780,0.08760,0.13090,0.07720,0.08020,0.07620,0.12260,0.13650,0.21000,0.08140,0.08390,0.13030,0.08030,0.07420,0.16060,0.07400,0.07660,0.07990,0.08330,0.27260,0.25620,0.07520,0.08360
0:39:15,0.08180,0.06960,0.08750,0.08510,0.12610,0.07480,0.08230,0.07830,0.08490,0.22210,0.09420,0.20930,0.08550,0.08040,0.07960,0.08070,0.18690,0.08830,0.11260,0.11620,0.08610,0.15150,0.07890,0.07960,0.07470,0.07890,0.08460,0.08130,0.15470,0.08350,0.08340,0.10260,0.08310,0.22010,0.11280,0.21780,0.07660,0.07400,0.07500,0.08190,0.12310,0.09180,0.07080,0.23060,0.11290,0.25450,0.08880,0.20980,0.08820,0.07460,0.08210,0.07770,0.09460,0.07930,0.11210,0.18550,0.13750,0.07220,0.08180,0.20270,0.07490,0.07800,0.08140,0.11390,0.08640,0.08390,0.07750,0.08940,0.11290,0.24210,0.08070,0.07580,0.07960,0.07800,0.08780,0.12970,0.07730,0.08060,0.07640,0.12160,0.13670,0.20950,0.08150,0.08360,0.12900,0.08040,0.07420,0.16020,0.07400,0.07700,0.07990,0.08340,0.26610,0.25440,0.07510,0.08350
0:40:55,0.08200,0.06980,0.08780,0.08510,0.12520,0.07500,0.08310,0.07880,0.08550,0.22050,0.09420,0.20250,0.08620,0.08060,0.07980,0.08100,0.18490,0.08870,0.11190,0.11590,0.08650,0.15060,0.07960,0.08010,0.07500,0.07910,0.08480,0.08140,0.15350,0.08400,0.08350,0.10240,0.08350,0.21670,0.11500,0.21600,0.07660,0.07400,0.07510,0.08220,0.12190,0.09220,0.07100,0.22460,0.11240,0.25130,0.08880,0.20880,0.08830,0.07480,0.08230,0.07810,0.09440,0.07930,0.09150,0.18400,0.10250,0.07240,0.08250,0.19970,0.07490,0.07820,0.08170,0.11470,0.08640,0.08420,0.07760,0.08990,0.11200,0.23940,0.08120,0.07570,0.07950,0.07820,0.08790,0.12920,0.07730,0.08090,0.07670,0.12070,0.13630,0.20680,0.08190,0.08360,0.12770,0.08060,0.07440,0.15710,0.07400,0.07730,0.08000,0.08250,0.07000,0.24150,0.07520,0.08320
0:42:35,0.08210,0.06990,0.08840,0.08510,0.12490,0.07540,0.08400,0.07970,0.08630,0.21930,0.09480,0.20150,0.08690,0.08090,0.08030,0.08140,0.18270,0.08940,0.11200,0.11490,0.08710,0.15000,0.08050,0.08070,0.07510,0.07930,0.08520,0.08180,0.15300,0.08460,0.08380,0.10180,0.08480,0.21640,0.11810,0.21420,0.07660,0.07410,0.07530,0.08260,0.12080,0.09280,0.07160,0.22910,0.11240,0.25020,0.08890,0.20500,0.08850,0.07500,0.08250,0.07860,0.09480,0.07970,0.11140,0.18190,0.13660,0.07290,0.08330,0.19710,0.07490,0.07860,0.08210,0.11420,0.08640,0.08470,0.07800,0.09030,0.11220,0.23880,0.08180,0.07560,0.07960,0.07850,0.08810,0.12920,0.07760,0.08130,0.07710,0.12070,0.13450,0.20350,0.08250,0.08430,0.12680,0.08090,0.07450,0.16370,0.07400,0.07760,0.08020,0.08300,0.07030,0.24960,0.07550,0.08320
0:44:15,0.08230,0.07000,0.08880,0.08530,0.12400,0.07570,0.08460,0.08070,0.08720,0.21700,0.09540,0.19880,0.08690,0.08100,0.08080,0.08190,0.18150,0.09000,0.11100,0.11490,0.08770,0.14900,0.08140,0.08150,0.07530,0.07960,0.08550,0.08210,0.15110,0.08520,0.08430,0.10260,0.09830,0.21470,0.11590,0.21210,0.07670,0.07410,0.07550,0.08300,0.12090,0.09350,0.07200,0.22610,0.11270,0.24750,0.08270,0.20690,0.08870,0.07510,0.08280,0.07850,0.09490,0.08000,0.09200,0.17880,0.10290,0.07330,0.08420,0.19570,0.07520,0.07900,0.08240,0.11380,0.08640,0.08510,0.07840,0.09090,0.11160,0.23570,0.08240,0.07560,0.07940,0.07870,0.08850,0.12830,0.07780,0.08180,0.07750,0.12000,0.13490,0.20480,0.08300,0.08400,0.12510,0.08100,0.07470,0.16010,0.07380,0.07740,0.08030,0.08270,0.07050,0.25050,0.07520,0.08290
0:45:55,0.08260,0.07030,0.08930,0.08530,0.12330,0.07620,0.08510,0.08180,0.08800,0.21610,0.09610,0.19790,0.08710,0.08150,0.08120,0.08230,0.18110,0.09080,0.11150,0.11480,0.08830,0.14900,0.08220,0.08210,0.07550,0.07990,0.08600,0.08240,0.15090,0.08590,0.08490,0.10170,0.09140,0.21440,0.11550,0.21100,0.07670,0.07430,0.07570,0.08340,0.12060,0.09430,0.07260,0.22080,0.11260,0.24630,0.08350,0.20270,0.08880,0.07540,0.08300,0.07930,0.09530,0.08060,0.11160,0.17690,0.13570,0.07360,0.08510,0.19280,0.07530,0.07930,0.08290,0.11260,0.08640,0.08560,0.07880,0.09140,0.11220,0.23400,0.08320,0.07540,0.07940,0.07900,0.08860,0.12760,0.07790,0.08220,0.07790,0.11970,0.13400,0.20220,0.08360,0.08480,0.12440,0.08130,0.07500,0.15480,0.07390,0.07780,0.08060,0.08280,0.07090,0.24560,0.07520,0.08280
0:47:35,0.08280,0.07030,0.08980,0.08550,0.12290,0.07660,0.08560,0.08270,0.08890,0.21370,0.09660,0.18950,0.08910,0.08170,0.08170,0.08290,0.17930,0.09150,0.11190,0.11470,0.08890,0.14790,0.08300,0.08240,0.07570,0.08040,0.08650,0.08300,0.15060,0.08680,0.08550,0.10230,0.09000,0.21140,0.11360,0.20990,0.07680,0.07430,0.07600,0.08380,0.12040,0.09530,0.07330,0.22240,0.11270,0.24380,0.08460,0.20270,0.08910,0.07570,0.08330,0.07430,0.09560,0.08100,0.09300,0.17660,0.10310,0.07410,0.08600,0.18910,0.07550,0.07950,0.08330,0.11250,0.08650,0.08610,0.07940,0.09190,0.11130,0.23230,0.08370,0.07540,0.07930,0.07920,0.08900,0.12740,0.07800,0.08270,0.07830,0.11910,0.13360,0.20030,0.08410,0.08470,0.12360,0.08140,0.07510,0.15660,0.07380,0.07820,0.08090,0.08210,0.07120,0.23340,0.07540,0.08260
0:49:15,0.08310,0.07050,0.09030,0.08550,0.12190,0.07690,0.08630,0.08360,0.08950,0.21210,0.09720,0.20220,0.08970,0.08210,0.08230,0.08330,0.17890,0.09220,0.11140,0.11460,0.08950,0.14760,0.08370,0.08300,0.07600,0.08080,0.08740,0.08330,0.14950,0.08750,0.08580,0.10220,0.10230,0.20990,0.11550,0.20690,0.07700,0.07440,0.07630,0.08430,0.12020,0.09610,0.07400,0.22440,0.11250,0.24100,0.08490,0.20120,0.08930,0.07600,0.08360,0.07290,0.09600,0.08160,0.11180,0.17600,0.13600,0.07460,0.08680,0.18830,0.07570,0.08000,0.08370,0.11210,0.08650,0.08670,0.07980,0.09250,0.11220,0.23100,0.08410,0.07530,0.07930,0.07960,0.08930,0.12630,0.07830,0.08320,0.07880,0.11890,0.13220,0.20100,0.08450,0.08460,0.12230,0.08170,0.07540,0.15520,0.07380,0.07860,0.08110,0.08240,0.07160,0.23420,0.07570,0.08250
0:50:55,0.08320,0.07070,0.09060,0.08550,0.12180,0.07750,0.08700,0.08450,0.09020,0.21170,0.09770,0.19130,0.08970,0.08230,0.08270,0.08380,0.17680,0.09280,0.11060,0.11450,0.09020,0.14780,0.08440,0.08340,0.07600,0.08110,0.08830,0.08380,0.14870,0.08820,0.08650,0.10260,0.09450,0.21080,0.11420,0.20610,0.07690,0.07440,0.07660,0.08470,0.11930,0.09680,0.07450,0.22260,0.11270,0.24030,0.08570,0.20120,0.08930,0.07610,0.08370,0.07470,0.09610,0.08200,0.09410,0.17300,0.10360,0.07500,0.08750,0.18620,0.07570,0.08010,0.08400,0.11100,0.08650,0.08700,0.08020,0.09290,0.11220,0.22770,0.08480,0.07500,0.07910,0.07970,0.08950,0.12560,0.07850,0.08350,0.07910,0.11830,0.13190,0.19760,0.08490,0.08460,0.12100,0.08170,0.07540,0.15250,0.07370,0.07880,0.08120,0.08190,0.07180,0.23070,0.07600,0.08210
0:52:35,0.08340,0.07080,0.09110,0.08570,0.12100,0.07780,0.08770,0.08550,0.09100,0.20930,0.09800,0.19030,0.08890,0.08250,0.08320,0.08430,0.17420,0.09360,0.11060,0.11450,0.09080,0.14750,0.08540,0.08410,0.07630,0.08160,0.08880,0.08430,0.14800,0.08890,0.08720,0.10260,0.09920,0.20970,0.11350,0.20400,0.07700,0.07450,0.07680,0.08520,0.11960,0.09780,0.07540,0.21360,0.11280,0.23990,0.08660,0.19880,0.08960,0.07640,0.08400,0.07540,0.09640,0.08280,0.11230,0.17230,0.13470,0.07560,0.08860,0.18460,0.07580,0.08050,0.08440,0.11140,0.08670,0.08760,0.08070,0.09350,0.11200,0.22650,0.08560,0.07500,0.07910,0.08010,0.09000,0.12500,0.07870,0.08400,0.07960,0.11840,0.13180,0.19850,0.08530,0.08520,0.12060,0.08200,0.07580,0.15080,0.07370,0.07930,0.08140,0.08140,0.07210,0.22690,0.07630,0.08200
0:54:15,0.08370,0.07100,0.09160,0.08580,0.12040,0.07830,0.08830,0.19600,0.09200,0.20810,0.09900,0.18960,0.08900,0.08300,0.08390,0.08500,0.17360,0.09450,0.11070,0.11430,0.09170,0.14770,0.08640,0.08490,0.07650,0.08200,0.08920,0.08500,0.14780,0.08980,0.08790,0.10280,0.10140,0.20860,0.11540,0.20190,0.07720,0.07460,0.07730,0.08590,0.11990,0.09910,0.07620,0.21180,0.11400,0.23850,0.08750,0.19770,0.08990,0.07240,0.08460,0.07440,0.09710,0.08430,0.09560,0.17040,0.10470,0.07640,0.08960,0.18190,0.07600,0.08090,0.08510,0.11120,0.08690,0.08830,0.08140,0.09420,0.11220,0.22570,0.08630,0.07510,0.07920,0.08030,0.09020,0.12470,0.07900,0.08450,0.08020,0.11770,0.13140,0.19810,0.08590,0.08540,0.11900,0.08210,0.07610,0.14830,0.07380,0.07990,0.08170,0.08200,0.07260,0.22830,0.07760,0.08200
0:55:55,0.08390,0.07120,0.09210,0.08610,0.12010,0.07880,0.08870,0.19680,0.09290,0.20550,0.09940,0.18740,0.08900,0.08320,0.08450,0.08560,0.17350,0.09530,0.11050,0.11470,0.09230,0.14680,0.08770,0.08550,0.07670,0.08230,0.08970,0.08540,0.14700,0.09060,0.08870,0.10310,0.10280,0.20580,0.11450,0.20160,0.07720,0.07470,0.07770,0.08650,0.11970,0.09990,0.07700,0.21510,0.11350,0.23720,0.08820,0.19710,0.08990,0.07270,0.08500,0.07620,0.09740,0.08550,0.11280,0.16890,0.13500,0.07700,0.09050,0.17950,0.07610,0.08120,0.08560,0.11080,0.08680,0.08890,0.08190,0.09480,0.11270,0.22340,0.08700,0.07490,0.07910,0.08060,0.09030,0.12440,0.07920,0.08500,0.08070,0.11780,0.13080,0.19530,0.08640,0.08530,0.11840,0.08230,0.07630,0.14600,0.07390,0.08040,0.08200,0.08210,0.07290,0.22650,0.07970,0.08180
0:57:35,0.08410,0.07140,0.09270,0.08620,0.11980,0.07930,0.08930,0.18960,0.09370,0.20410,0.10120,0.18510,0.08920,0.08350,0.08500,0.08620,0.17150,0.09620,0.11060,0.11450,0.09300,0.14730,0.08940,0.08620,0.07680,0.08270,0.08990,0.08620,0.14710,0.09150,0.08950,0.10320,0.10830,0.20650,0.11630,0.19980,0.07730,0.07480,0.07810,0.08730,0.12030,0.10110,0.07780,0.20590,0.11440,0.23600,0.08920,0.19530,0.09020,0.07320,0.08520,0.07690,0.09790,0.08640,0.08920,0.16800,0.10580,0.07780,0.09150,0.17900,0.07630,0.08150,0.08610,0.11100,0.08690,0.08970,0.08270,0.09550,0.11380,0.22160,0.08770,0.07490,0.07910,0.08090,0.09070,0.12400,0.07940,0.08560,0.08110,0.11750,0.13110,0.19530,0.08690,0.08540,0.11810,0.08270,0.07670,0.14560,0.07400,0.08090,0.08240,0.08230,0.07340,0.22380,0.08070,0.08170
0:59:15,0.08450,0.07170,0.09320,0.08640,0.11970,0.07980,0.08990,0.19070,0.09460,0.20360,0.10220,0.18260,0.08950,0.08390,0.08550,0.08690,0.16970,0.09710,0.11060,0.11470,0.09370,0.14700,0.09050,0.08670,0.07720,0.08320,0.09010,0.08680,0.14610,0.09230,0.09030,0.10380,0.10200,0.20560,0.11500,0.19840,0.07750,0.07490,0.07870,0.08800,0.11980,0.10190,0.07870,0.21330,0.11430,0.23390,0.09020,0.19410,0.09040,0.07360,0.08560,0.07590,0.09860,0.08720,0.11190,0.16810,0.13490,0.07850,0.09240,0.17630,0.07650,0.08190,0.08670,0.11090,0.08720,0.09020,0.08330,0.09620,0.11380,0.22180,0.08840,0.07470,0.07910,0.08120,0.09120,0.12320,0.07980,0.08630,0.08170,0.11690,0.13060,0.19300,0.08740,0.08560,0.11700,0.08280,0.07700,0.14440,0.07400,0.08150,0.08270,0.08220,0.07380,0.21870,0.08180,0.08150
1:00:55,0.08460,0.07180,0.09360,0.08650,0.11880,0.08020,0.09030,0.18970,0.09540,0.20270,0.10240,0.18450,0.08990,0.08430,0.08590,0.08730,0.16900,0.09780,0.11200,0.11450,0.09440,0.14730,0.09050,0.08720,0.07740,0.08320,0.09030,0.08720,0.14520,0.09310,0.09120,0.10400,0.09790,0.20280,0.11450,0.19660,0.07750,0.07500,0.07900,0.08880,0.11920,0.10270,0.07930,0.20900,0.11450,0.23400,0.08890,0.19320,0.09050,0.07410,0.08600,0.07790,0.09880,0.08760,0.11350,0.16640,0.10660,0.07910,0.09330,0.17510,0.07670,0.08220,0.08720,0.11030,0.08720,0.09080,0.08380,0.09700,0.11450,0.21920,0.08890,0.07470,0.07900,0.08150,0.09130,0.12270,0.08000,0.08670,0.08220,0.11650,0.13060,0.19350,0.08770,0.08580,0.11590,0.08300,0.07720,0.14200,0.07420,0.08210,0.08290,0.08250,0.07410,0.22280,0.08250,0.08140

