Corrected [600]
	1	2	3	4	5	6	7	8	9	10	11	12
A	0.45303	0.07245	0.36220	0.07253	0.37756	0.07215	0.37461	0.07140	0.34947	0.07115	0.32565	0.07078	Corrected [600]
B	0.26340	0.38839	0.31219	0.37211	0.29987	0.40447	0.28217	0.37354	0.27440	0.38661	0.27167	0.33368	Corrected [600]
C	0.18499	0.29060	0.19443	0.27573	0.20103	0.29119	0.19277	0.28824	0.19354	0.27816	0.18763	0.26473	Corrected [600]
D	0.07108	0.20172	0.07071	0.18949	0.07122	0.19365	0.07118	0.18895	0.07056	0.19164	0.07093	0.17654	Corrected [600]
E	0.39406	0.07086	0.41059	0.07148	0.40296	0.07003	0.40767	0.07182	0.40384	0.07089	0.36834	0.07145	Corrected [600]
F	0.31245	0.39621	0.29537	0.40278	0.30251	0.40452	0.30671	0.41037	0.31034	0.37979	0.27377	0.36267	Corrected [600]
G	0.20026	0.31126	0.20422	0.30547	0.20335	0.31095	0.19978	0.30770	0.20555	0.29207	0.19681	0.28709	Corrected [600]
H	0.07237	0.18295	0.07083	0.19010	0.07148	0.19453	0.07174	0.20058	0.07089	0.18716	0.07078	0.18039	Corrected [600]

