Corrected [600]
	1	2	3	4	5	6	7	8	9	10	11	12
A	0.33732	0.07378	0.36771	0.07410	0.37377	0.07395	0.36371	0.07296	0.34065	0.07350	0.34929	0.07331	Corrected [600]
B	0.26245	0.41161	0.29265	0.38039	0.29152	0.39705	0.28626	0.36538	0.27951	0.34925	0.27820	0.34270	Corrected [600]
C	0.18388	0.29307	0.20119	0.29258	0.19627	0.29442	0.19889	0.28459	0.19569	0.26929	0.19270	0.26538	Corrected [600]
D	0.07311	0.19541	0.07318	0.19422	0.07296	0.19581	0.07364	0.19996	0.07348	0.18661	0.07303	0.18624	Corrected [600]
E	0.41000	0.07337	0.40096	0.07387	0.40542	0.07222	0.39806	0.07326	0.37746	0.07398	0.34137	0.07278	Corrected [600]
F	0.30768	0.41704	0.29563	0.41212	0.29845	0.40165	0.29147	0.41585	0.29477	0.37727	0.26529	0.32963	Corrected [600]
G	0.20381	0.36042	0.19796	0.30629	0.20189	0.32543	0.20330	0.28780	0.19916	0.28727	0.18957	0.26106	Corrected [600]
H	0.07429	0.20426	0.07348	0.20945	0.07352	0.20680	0.07424	0.18580	0.07366	0.19404	0.07453	0.18154	Corrected [600]

