420

Time,A1,A2,A3,A4,A5,A6,A7,A8,A9,A10,A11,A12,B1,B2,B3,B4,B5,B6,B7,B8,B9,B10,B11,B12,C1,C2,C3,C4,C5,C6,C7,C8,C9,C10,C11,C12,D1,D2,D3,D4,D5,D6,D7,D8,D9,D10,D11,D12,E1,E2,E3,E4,E5,E6,E7,E8,E9,E10,E11,E12,F1,F2,F3,F4,F5,F6,F7,F8,F9,F10,F11,F12,G1,G2,G3,G4,G5,G6,G7,G8,G9,G10,G11,G12,H1,H2,H3,H4,H5,H6,H7,H8,H9,H10,H11,H12
0:00:34,0.19110,0.07800,0.07760,0.07740,0.07810,0.07700,0.07950,0.07730,0.07780,0.07740,0.07870,0.07780,0.18630,0.07860,0.07760,0.07790,0.07850,0.07860,0.07860,0.07970,0.07760,0.08080,0.07900,0.07930,0.13220,0.07840,0.07750,0.07780,0.07910,0.07790,0.07770,0.07840,0.07750,0.07820,0.07770,0.07840,0.07690,0.07850,0.07740,0.07770,0.07760,0.07750,0.07780,0.07810,0.07700,0.07810,0.07780,0.07780,0.07990,0.07900,0.07860,0.07850,0.07900,0.07780,0.07920,0.07720,0.07790,0.07750,0.07820,0.07830,0.07880,0.08060,0.07760,0.07910,0.07910,0.07880,0.07850,0.07980,0.07750,0.08060,0.07810,0.07940,0.07750,0.08070,0.07830,0.07930,0.07900,0.07900,0.07760,0.07910,0.07740,0.07830,0.07920,0.07880,0.07760,0.08020,0.07780,0.07820,0.07710,0.07780,0.07730,0.07840,0.07700,0.07790,0.07740,0.07770
0:10:34,0.56920,0.07740,0.07760,0.07670,0.07780,0.07650,0.08100,0.07660,0.07740,0.07670,0.07840,0.07720,0.44900,0.07830,0.07750,0.07770,0.07780,0.07900,0.07910,0.07920,0.07700,0.08100,0.07850,0.07880,0.25670,0.07800,0.07710,0.07770,0.07820,0.07770,0.07760,0.07820,0.07670,0.07770,0.07740,0.07770,0.07620,0.07810,0.07690,0.07730,0.07690,0.07710,0.07740,0.07780,0.07650,0.07760,0.07680,0.07730,0.07890,0.07840,0.07820,0.07790,0.08080,0.07730,0.07860,0.07680,0.07770,0.07700,0.07810,0.07790,0.07820,0.08060,0.07720,0.08080,0.07980,0.07880,0.07830,0.07970,0.07680,0.08000,0.07770,0.08530,0.07690,0.08080,0.07770,0.08010,0.07890,0.07910,0.07730,0.07870,0.07690,0.07770,0.07850,0.08080,0.07710,0.07960,0.07730,0.07810,0.07660,0.07740,0.07680,0.07790,0.07650,0.07730,0.07690,0.07840
0:20:34,0.86940,0.07730,0.07820,0.07660,0.07840,0.07650,0.08370,0.07660,0.07820,0.07660,0.07940,0.07700,0.69600,0.07880,0.07770,0.07850,0.07800,0.07910,0.08090,0.07980,0.07720,0.08230,0.07900,0.08000,0.39480,0.07830,0.07720,0.07780,0.07810,0.07850,0.07810,0.07850,0.07650,0.07810,0.07740,0.07780,0.07620,0.07790,0.07680,0.07730,0.07690,0.07690,0.07730,0.07820,0.07630,0.07770,0.07680,0.07730,0.07990,0.07820,0.07840,0.07790,0.08360,0.07720,0.07950,0.07670,0.07800,0.07680,0.07900,0.07780,0.07900,0.08120,0.07780,0.08450,0.08140,0.07980,0.07840,0.08110,0.07680,0.08010,0.07790,0.09090,0.07690,0.08110,0.07790,0.08180,0.07960,0.07940,0.07730,0.07940,0.07710,0.07800,0.07870,0.08410,0.07700,0.07960,0.07720,0.07880,0.07650,0.07740,0.07670,0.07810,0.07650,0.07750,0.07680,0.07980
0:30:34,1.01450,0.07740,0.07890,0.07660,0.07850,0.07650,0.08670,0.07660,0.07840,0.07670,0.08060,0.07710,0.87930,0.07940,0.07780,0.07930,0.07800,0.07970,0.08270,0.08070,0.07720,0.08340,0.07950,0.08160,0.54660,0.07890,0.07740,0.07820,0.07800,0.07840,0.07910,0.07900,0.07650,0.07850,0.07760,0.07850,0.07620,0.07820,0.07680,0.07750,0.07690,0.07730,0.07740,0.07880,0.07630,0.07790,0.07690,0.07750,0.08090,0.07840,0.07850,0.07780,0.08670,0.07730,0.08040,0.07690,0.07870,0.07670,0.07970,0.07800,0.08000,0.08220,0.07810,0.08900,0.08340,0.08030,0.07860,0.08310,0.07740,0.08100,0.07880,0.09610,0.07690,0.08170,0.07790,0.08410,0.08040,0.07970,0.07760,0.08040,0.07760,0.07840,0.07900,0.08760,0.07690,0.07970,0.07710,0.07970,0.07650,0.07750,0.07670,0.07840,0.07650,0.07750,0.07660,0.08130
0:40:34,1.05960,0.07740,0.07950,0.07670,0.07900,0.07640,0.08990,0.07690,0.07920,0.07670,0.08120,0.07750,0.98910,0.08040,0.07810,0.08050,0.07840,0.08010,0.08450,0.08180,0.07760,0.08460,0.08030,0.08390,0.67750,0.07950,0.07820,0.07910,0.07830,0.07880,0.08040,0.07950,0.07650,0.07930,0.07780,0.08000,0.07650,0.07860,0.07690,0.07810,0.07690,0.07800,0.07790,0.07910,0.07670,0.07820,0.07770,0.07790,0.08210,0.07850,0.07920,0.07800,0.09010,0.07740,0.08200,0.07730,0.08000,0.07680,0.08070,0.07860,0.08010,0.08360,0.07860,0.09400,0.08590,0.08140,0.07980,0.08550,0.07800,0.08240,0.08040,0.10210,0.07740,0.08230,0.07850,0.08680,0.08180,0.08020,0.07820,0.08200,0.07830,0.07900,0.08010,0.09050,0.07680,0.07970,0.07720,0.08060,0.07680,0.07760,0.07660,0.07900,0.07650,0.07740,0.07650,0.08280
0:50:34,1.07930,0.07780,0.08060,0.07680,0.07960,0.07680,0.09360,0.07720,0.08050,0.07720,0.08260,0.07840,1.05160,0.08190,0.07880,0.08270,0.07890,0.08090,0.08670,0.08320,0.07810,0.08680,0.08200,0.08670,0.78450,0.08070,0.07950,0.08110,0.07880,0.07950,0.08280,0.08030,0.07730,0.08070,0.07830,0.08260,0.07710,0.07950,0.07720,0.07960,0.07720,0.07870,0.07950,0.07930,0.07850,0.07890,0.08010,0.07940,0.08420,0.07910,0.08010,0.07840,0.09390,0.07750,0.08460,0.07870,0.08240,0.07720,0.08220,0.08070,0.08130,0.08560,0.08030,0.09990,0.08880,0.08320,0.08230,0.08870,0.07990,0.08510,0.08290,0.10840,0.07810,0.08340,0.07930,0.09020,0.08350,0.08130,0.07940,0.08430,0.07950,0.08020,0.08210,0.09410,0.07680,0.07990,0.07730,0.08180,0.07730,0.07800,0.07670,0.07970,0.07660,0.07750,0.07650,0.08420
1:00:34,1.07750,0.07860,0.08250,0.07720,0.08050,0.07700,0.09770,0.07800,0.08190,0.07820,0.08450,0.08070,1.07210,0.08390,0.08000,0.08540,0.08020,0.08210,0.08960,0.08520,0.07920,0.08930,0.08440,0.08950,0.86380,0.08270,0.08160,0.08360,0.07990,0.08150,0.08590,0.08170,0.07880,0.08290,0.07960,0.08530,0.07830,0.08110,0.07800,0.08190,0.07760,0.08020,0.08200,0.08030,0.08080,0.08050,0.08320,0.08160,0.08690,0.08020,0.08130,0.07930,0.09820,0.07790,0.08740,0.08110,0.08500,0.07830,0.08480,0.08360,0.08300,0.08790,0.08240,0.10590,0.09260,0.08550,0.08500,0.09210,0.08240,0.08810,0.08580,0.11490,0.07910,0.08500,0.08070,0.09430,0.08600,0.08290,0.08180,0.08710,0.08150,0.08190,0.08430,0.09770,0.07670,0.08020,0.07740,0.08350,0.07850,0.07870,0.07680,0.08100,0.07690,0.07770,0.07650,0.08570
1:10:34,1.06590,0.07990,0.08460,0.07810,0.08190,0.07790,0.10240,0.07960,0.08390,0.08010,0.08660,0.08350,1.07510,0.08620,0.08180,0.08820,0.08210,0.08390,0.09310,0.08730,0.08080,0.09190,0.08650,0.09220,0.92500,0.08480,0.08360,0.08620,0.08150,0.08090,0.08930,0.08350,0.08070,0.08530,0.08150,0.08750,0.08000,0.08310,0.07910,0.08440,0.07860,0.08220,0.08490,0.08200,0.08320,0.08260,0.08610,0.08370,0.08950,0.08180,0.08270,0.08090,0.10280,0.07880,0.09040,0.08350,0.08760,0.08020,0.08710,0.08580,0.08480,0.09030,0.08460,0.11200,0.09660,0.08760,0.08780,0.09540,0.08510,0.09100,0.08840,0.12160,0.08060,0.08680,0.08250,0.09840,0.08860,0.08470,0.08410,0.08980,0.08360,0.08380,0.08670,0.10170,0.07670,0.08070,0.07770,0.08560,0.08020,0.07980,0.07720,0.08260,0.07750,0.07800,0.07660,0.08710
1:20:34,1.05660,0.08140,0.08670,0.07910,0.08340,0.07890,0.10670,0.08110,0.08560,0.08160,0.08830,0.08670,1.07130,0.08820,0.08340,0.09070,0.08390,0.08540,0.09630,0.08880,0.08210,0.09410,0.08830,0.09470,0.97260,0.08670,0.08560,0.08870,0.08310,0.08270,0.09240,0.08520,0.08240,0.08740,0.08320,0.08960,0.08180,0.08490,0.08110,0.08670,0.07980,0.08400,0.08750,0.08370,0.08560,0.08450,0.08890,0.08560,0.09200,0.08340,0.08430,0.08260,0.10730,0.07990,0.09320,0.08580,0.09010,0.08200,0.08920,0.08750,0.08660,0.09260,0.08680,0.11790,0.10030,0.08980,0.09030,0.09860,0.08740,0.09350,0.09090,0.12790,0.08210,0.08850,0.08430,0.10230,0.09110,0.08630,0.08610,0.09210,0.08550,0.08530,0.08880,0.10540,0.07670,0.08110,0.07810,0.08770,0.08190,0.08090,0.07770,0.08390,0.07830,0.07820,0.07650,0.08860
1:30:34,1.04880,0.08300,0.08870,0.08040,0.08520,0.08020,0.11580,0.08270,0.08760,0.08330,0.09020,0.09150,1.06460,0.09000,0.08500,0.09290,0.08570,0.08700,0.09960,0.09070,0.08350,0.09630,0.09000,0.09790,1.00500,0.08840,0.08730,0.09070,0.08450,0.08410,0.09520,0.08670,0.08380,0.08900,0.08440,0.09150,0.08330,0.08640,0.08260,0.08870,0.08100,0.08570,0.08970,0.08520,0.08770,0.08610,0.09130,0.08680,0.09430,0.08480,0.08570,0.08410,0.11140,0.08100,0.09570,0.08770,0.09220,0.08350,0.09090,0.08880,0.08820,0.09470,0.08870,0.12340,0.10370,0.09170,0.09250,0.10160,0.08940,0.09590,0.09320,0.13410,0.08360,0.09010,0.08580,0.10610,0.09350,0.08770,0.08790,0.09430,0.08720,0.08660,0.09060,0.10910,0.07670,0.08180,0.07880,0.08970,0.08350,0.08190,0.07840,0.08530,0.07930,0.07870,0.07660,0.09000
1:40:34,1.04190,0.08440,0.09070,0.08160,0.08660,0.08140,0.12000,0.08410,0.08940,0.08490,0.09190,0.09630,1.05680,0.09160,0.08640,0.09480,0.08710,0.08850,0.10260,0.09220,0.08480,0.09840,0.09160,0.10120,1.02470,0.08980,0.08870,0.09270,0.08590,0.08660,0.09790,0.08810,0.08510,0.09070,0.08560,0.09340,0.08450,0.08780,0.08390,0.09040,0.08210,0.08720,0.09180,0.08640,0.08960,0.08740,0.09380,0.08810,0.09620,0.08590,0.08690,0.08540,0.11540,0.08210,0.09800,0.08950,0.09420,0.08470,0.09230,0.08990,0.08950,0.09650,0.09040,0.12870,0.10680,0.09330,0.09450,0.10450,0.09140,0.09820,0.09540,0.13980,0.08480,0.09140,0.08720,0.10950,0.09560,0.08910,0.08940,0.09640,0.08870,0.08780,0.09230,0.11310,0.07670,0.08250,0.07940,0.09160,0.08490,0.08290,0.07920,0.08660,0.08010,0.07910,0.07660,0.09150
1:50:34,1.03600,0.08570,0.09260,0.08270,0.08810,0.08270,0.12460,0.08580,0.09170,0.08690,0.09410,0.10160,1.04990,0.09300,0.08830,0.09650,0.08850,0.08980,0.10550,0.09400,0.08600,0.10080,0.09360,0.10430,1.03610,0.09120,0.09010,0.09470,0.08690,0.08670,0.10070,0.08930,0.08640,0.09220,0.08670,0.09540,0.08560,0.08910,0.08540,0.09220,0.08310,0.08870,0.09390,0.08720,0.09190,0.08860,0.09620,0.08920,0.09830,0.08700,0.08810,0.08650,0.11920,0.08280,0.10020,0.09140,0.09640,0.08580,0.09350,0.09080,0.09080,0.09830,0.09190,0.13380,0.10980,0.09480,0.09650,0.10720,0.09330,0.10050,0.09750,0.14530,0.08590,0.09260,0.08840,0.11290,0.09760,0.09030,0.09100,0.09840,0.09020,0.08880,0.09410,0.11650,0.07660,0.08310,0.08000,0.09350,0.08640,0.08370,0.07990,0.08770,0.08090,0.07940,0.07660,0.09280
2:00:34,1.03060,0.08750,0.09520,0.08410,0.08980,0.08400,0.12960,0.08790,0.09410,0.08930,0.09720,0.10680,1.04410,0.09460,0.09160,0.09850,0.09000,0.09140,0.10860,0.09570,0.08750,0.10330,0.09600,0.10760,1.04140,0.09280,0.09190,0.09720,0.08830,0.08880,0.10410,0.09080,0.08780,0.09400,0.08780,0.09750,0.08690,0.09070,0.08650,0.09450,0.08430,0.09070,0.09650,0.08860,0.09460,0.09010,0.09900,0.09050,0.10200,0.08820,0.08920,0.08770,0.12300,0.08370,0.10280,0.09380,0.09900,0.08690,0.09500,0.09180,0.09210,0.10030,0.09370,0.13920,0.11290,0.09670,0.09890,0.11040,0.09550,0.10330,0.10010,0.15090,0.08700,0.09400,0.08980,0.11640,0.09980,0.09180,0.09270,0.10060,0.09200,0.08990,0.09640,0.12020,0.07670,0.08390,0.08080,0.09530,0.08790,0.08480,0.08070,0.08910,0.08180,0.08000,0.07670,0.09430
2:10:34,1.02540,0.08880,0.09710,0.08480,0.09070,0.08480,0.13350,0.08900,0.09590,0.09050,0.09930,0.11100,1.03850,0.09570,0.09480,0.09990,0.09100,0.09230,0.11090,0.09700,0.08830,0.10520,0.09780,0.11020,1.04250,0.09390,0.09310,0.09930,0.08910,0.08910,0.10720,0.09180,0.08890,0.09520,0.08850,0.09900,0.08790,0.09190,0.08720,0.09640,0.08480,0.09210,0.09890,0.08930,0.09680,0.09100,0.10150,0.09150,0.10280,0.08900,0.09000,0.08850,0.12640,0.08430,0.10510,0.09580,0.10140,0.08760,0.09610,0.09250,0.09310,0.10190,0.09520,0.14420,0.11580,0.09830,0.10090,0.11320,0.09760,0.10580,0.10230,0.15600,0.08790,0.09490,0.09090,0.11970,0.10160,0.09290,0.09420,0.10260,0.09370,0.09070,0.09840,0.12340,0.07660,0.08420,0.08130,0.09680,0.08900,0.08550,0.08130,0.09000,0.08240,0.08030,0.07670,0.09560
2:20:34,1.02130,0.09010,0.09910,0.08570,0.09200,0.08590,0.13780,0.09030,0.09790,0.09200,0.10160,0.11510,1.03380,0.09680,0.09590,0.10140,0.09220,0.09350,0.11370,0.09850,0.08930,0.10710,0.09970,0.11300,1.04200,0.09490,0.09430,0.10120,0.09000,0.09040,0.11000,0.09280,0.08980,0.09660,0.08940,0.10050,0.08880,0.09310,0.08800,0.09820,0.08550,0.09360,0.10110,0.09010,0.09890,0.09200,0.10400,0.09250,0.10370,0.08980,0.09090,0.08930,0.13000,0.08490,0.10740,0.09760,0.10360,0.08840,0.09730,0.09330,0.09410,0.10360,0.09670,0.14920,0.11850,0.09990,0.10300,0.11580,0.09950,0.10810,0.10460,0.16130,0.08880,0.09600,0.09200,0.12280,0.10340,0.09410,0.09570,0.10460,0.09520,0.09150,0.10020,0.12670,0.07670,0.08480,0.08180,0.09830,0.09040,0.08620,0.08180,0.09100,0.08280,0.08070,0.07680,0.09710
2:30:34,1.01760,0.09130,0.10110,0.08650,0.09300,0.08670,0.14190,0.09160,0.09990,0.09360,0.10380,0.11910,1.02960,0.09790,0.09750,0.10280,0.09310,0.09440,0.11620,0.09980,0.09020,0.10890,0.10150,0.11560,1.04030,0.09590,0.09540,0.10310,0.09090,0.09010,0.11280,0.09370,0.09090,0.09800,0.09030,0.10210,0.08960,0.09420,0.08860,0.10000,0.08610,0.09490,0.10320,0.09080,0.10090,0.09300,0.10640,0.09390,0.10470,0.09050,0.09160,0.09000,0.13340,0.08540,0.10990,0.09950,0.10580,0.08910,0.09860,0.09410,0.09500,0.10510,0.09810,0.15420,0.12130,0.10160,0.10510,0.11850,0.10160,0.11060,0.10700,0.16650,0.08950,0.09680,0.09300,0.12600,0.10530,0.09530,0.09730,0.10670,0.09690,0.09240,0.10170,0.13000,0.07660,0.08510,0.08220,0.09980,0.09140,0.08710,0.08240,0.09200,0.08340,0.08110,0.07680,0.09840
2:39:31,1.01400,0.09190,0.10290,0.08730,0.09440,0.08800,0.14660,0.09430,0.10340,0.09790,0.10990,0.12580,1.02560,0.09880,0.09810,0.10420,0.09450,0.09610,0.11970,0.10270,0.09270,0.11330,0.10680,0.12240,1.03740,0.09670,0.09650,0.10490,0.09210,0.09110,0.11610,0.09580,0.09310,0.10070,0.09350,0.10690,0.09030,0.09540,0.08920,0.10170,0.08700,0.09620,0.10570,0.09220,0.10350,0.09460,0.10960,0.09600,0.10570,0.09110,0.09230,0.09080,0.13700,0.08610,0.11250,0.10150,0.10830,0.09010,0.10030,0.09530,0.09580,0.10650,0.09940,0.15910,0.12410,0.10340,0.10750,0.12150,0.10390,0.11320,0.10950,0.17210,0.09010,0.09760,0.09400,0.12920,0.10710,0.09670,0.09910,0.10900,0.09880,0.09340,0.10330,0.13320,0.07670,0.08550,0.08250,0.10120,0.09270,0.08800,0.08290,0.09320,0.08400,0.08160,0.07690,0.09980
2:50:34,1.01090,0.09360,0.10520,0.08800,0.09500,0.08860,0.15060,0.09550,0.10560,0.09990,0.11280,0.12850,1.02310,0.10060,0.09860,0.10550,0.09520,0.09670,0.12180,0.10350,0.09350,0.11530,0.10920,0.12510,1.03450,0.09790,0.09780,0.10680,0.09280,0.09140,0.11870,0.09620,0.09400,0.10210,0.09310,0.10860,0.09110,0.09670,0.08970,0.10320,0.08720,0.09750,0.10770,0.09240,0.10540,0.09530,0.11160,0.09630,0.10650,0.09180,0.09300,0.09130,0.14010,0.08650,0.11470,0.10330,0.11030,0.09060,0.10100,0.09530,0.09670,0.10800,0.10080,0.16390,0.12670,0.10490,0.10950,0.12400,0.10570,0.11520,0.11140,0.17630,0.09090,0.09850,0.09500,0.13230,0.10890,0.09780,0.10060,0.11090,0.10030,0.09400,0.10440,0.13620,0.07670,0.08590,0.08280,0.10270,0.09370,0.08870,0.08320,0.09400,0.08440,0.08180,0.07700,0.10110
3:00:34,1.00810,0.09450,0.10700,0.08860,0.09570,0.08900,0.15390,0.09600,0.10690,0.10040,0.11430,0.13120,1.02000,0.10150,0.09870,0.10660,0.09590,0.09720,0.12360,0.10480,0.09350,0.11600,0.10980,0.12670,1.03110,0.09870,0.09870,0.10820,0.09340,0.09140,0.12090,0.09670,0.09430,0.10250,0.09270,0.10930,0.09180,0.09750,0.09010,0.10460,0.08750,0.09860,0.10930,0.09290,0.10690,0.09580,0.11340,0.09700,0.10770,0.09240,0.09350,0.09180,0.14330,0.08670,0.11670,0.10470,0.11200,0.09100,0.10170,0.09550,0.09750,0.10920,0.10190,0.16840,0.12920,0.10620,0.11130,0.12630,0.10730,0.11710,0.11320,0.18120,0.09140,0.09910,0.09580,0.13510,0.11040,0.09860,0.10180,0.11260,0.10150,0.09470,0.10530,0.13910,0.07660,0.08620,0.08310,0.10390,0.09450,0.08920,0.08350,0.09470,0.08460,0.08200,0.07700,0.10240
3:10:34,1.00510,0.09520,0.10900,0.08950,0.09670,0.08980,0.15760,0.09690,0.10850,0.10130,0.11630,0.13390,1.01680,0.10230,0.09800,0.10780,0.09680,0.09810,0.12600,0.10620,0.09410,0.11710,0.11060,0.12860,1.02750,0.09950,0.09970,0.10990,0.09430,0.09270,0.12330,0.09760,0.09510,0.10350,0.09390,0.11020,0.09260,0.09840,0.09080,0.10610,0.08810,0.09970,0.11090,0.09380,0.10860,0.09660,0.11540,0.09850,0.10880,0.09310,0.09420,0.09240,0.14660,0.08720,0.11870,0.10620,0.11390,0.09160,0.10280,0.09620,0.09830,0.11050,0.10320,0.17310,0.13170,0.10750,0.11310,0.12860,0.10890,0.11920,0.11510,0.18630,0.09220,0.09990,0.09680,0.13810,0.11210,0.09980,0.10330,0.11440,0.10290,0.09540,0.10640,0.14220,0.07670,0.08660,0.08350,0.10520,0.09550,0.09010,0.08400,0.09560,0.08500,0.08230,0.07720,0.10380
3:20:34,1.00200,0.09610,0.11080,0.09040,0.09760,0.09070,0.16150,0.09820,0.11010,0.10250,0.11820,0.13660,1.01410,0.10320,0.09850,0.10910,0.09780,0.09900,0.12840,0.10660,0.09510,0.11860,0.11190,0.13070,1.02410,0.10040,0.10080,0.11150,0.09520,0.09300,0.12560,0.09860,0.09610,0.10460,0.09500,0.11120,0.09360,0.09920,0.09140,0.10750,0.08860,0.10070,0.11270,0.09450,0.11030,0.09770,0.11740,0.09960,0.10980,0.09380,0.09500,0.09320,0.14990,0.08770,0.12070,0.10770,0.11580,0.09240,0.10400,0.09680,0.09920,0.11170,0.10460,0.17780,0.13440,0.10910,0.11500,0.13120,0.11060,0.12120,0.11710,0.19140,0.09290,0.10070,0.09800,0.14120,0.11400,0.10080,0.10480,0.11640,0.10430,0.09640,0.10750,0.14530,0.07670,0.08690,0.08380,0.10670,0.09660,0.09090,0.08440,0.09670,0.08560,0.08260,0.07730,0.10510
3:30:34,0.99900,0.09680,0.11210,0.09120,0.09840,0.09140,0.16530,0.09920,0.11170,0.10360,0.12010,0.13910,1.01150,0.10380,0.09870,0.11020,0.09850,0.09970,0.13060,0.10780,0.09580,0.12000,0.11330,0.13250,1.02100,0.10100,0.10160,0.11290,0.09600,0.09390,0.12780,0.09930,0.09700,0.10580,0.09580,0.11200,0.09430,0.09990,0.09180,0.10890,0.08900,0.10170,0.11430,0.09920,0.11190,0.09860,0.11910,0.10050,0.11130,0.09440,0.09550,0.09380,0.15310,0.08800,0.12260,0.10930,0.11760,0.09300,0.10500,0.09730,0.09980,0.11290,0.10590,0.18240,0.13680,0.11040,0.11680,0.13350,0.11220,0.12310,0.11880,0.19620,0.09350,0.10140,0.09900,0.14400,0.11560,0.10190,0.10620,0.11820,0.10560,0.09720,0.10840,0.14810,0.07670,0.08710,0.08400,0.10800,0.09750,0.09170,0.08470,0.09760,0.08590,0.08270,0.07730,0.10640
3:40:34,0.99650,0.09760,0.11350,0.09200,0.09920,0.09240,0.16920,0.10060,0.11350,0.10490,0.12210,0.14160,1.00870,0.10450,0.09810,0.11130,0.09940,0.10060,0.13300,0.10910,0.09680,0.12160,0.11480,0.13420,1.01810,0.10170,0.10240,0.11450,0.09690,0.09420,0.13010,0.10020,0.09790,0.10700,0.09650,0.11290,0.09500,0.10080,0.09230,0.11020,0.08950,0.10280,0.11590,0.09970,0.11360,0.09940,0.12100,0.10130,0.11280,0.09500,0.09610,0.09440,0.15640,0.08850,0.12460,0.11070,0.11940,0.09370,0.10600,0.09770,0.10050,0.11400,0.10710,0.18690,0.13930,0.11180,0.11850,0.13570,0.11380,0.12500,0.12070,0.20100,0.09400,0.10190,0.10040,0.14700,0.11730,0.10290,0.10750,0.12000,0.10690,0.09790,0.10930,0.15110,0.07670,0.08740,0.08420,0.10930,0.09830,0.09220,0.08510,0.09840,0.08630,0.08300,0.07730,0.10770
3:50:34,0.99350,0.09840,0.11470,0.09270,0.10010,0.09330,0.17290,0.10170,0.11510,0.10620,0.12410,0.14390,1.00660,0.10520,0.09860,0.11240,0.10020,0.10150,0.13540,0.11010,0.09780,0.12320,0.11620,0.13590,1.01450,0.10240,0.10330,0.11590,0.09770,0.09590,0.13230,0.10100,0.09880,0.10830,0.09730,0.11390,0.09570,0.10130,0.09280,0.11150,0.09000,0.10390,0.11750,0.10140,0.11510,0.10040,0.12290,0.10210,0.11380,0.09550,0.09670,0.09500,0.15950,0.08900,0.12630,0.11220,0.12110,0.09440,0.10700,0.09820,0.10120,0.11510,0.10830,0.19130,0.14170,0.11320,0.12000,0.13800,0.11530,0.12690,0.12250,0.20590,0.09460,0.10260,0.10110,0.14970,0.11890,0.10380,0.10880,0.12170,0.10830,0.09870,0.11010,0.15400,0.07680,0.08770,0.08450,0.11050,0.09920,0.09290,0.08550,0.09930,0.08670,0.08330,0.07750,0.10900
4:00:34,0.99140,0.09930,0.11610,0.09380,0.10120,0.09480,0.17720,0.10340,0.11710,0.10790,0.12660,0.14650,1.00410,0.10610,0.09960,0.11370,0.10140,0.10270,0.13810,0.11160,0.09920,0.12520,0.11800,0.13790,1.01130,0.10320,0.10420,0.11750,0.09880,0.09610,0.13470,0.10230,0.10010,0.11010,0.09830,0.11510,0.09660,0.10190,0.09350,0.11310,0.09070,0.10500,0.11930,0.10230,0.11690,0.10170,0.12480,0.10320,0.11530,0.09630,0.09760,0.09590,0.16300,0.08960,0.12840,0.11390,0.12300,0.09540,0.10840,0.09890,0.10210,0.11640,0.10980,0.19600,0.14440,0.11470,0.12190,0.14050,0.11700,0.12890,0.12430,0.21090,0.09540,0.10340,0.10220,0.15270,0.12080,0.10500,0.11030,0.12360,0.10970,0.09980,0.11100,0.15690,0.07680,0.08810,0.08490,0.11210,0.10020,0.09380,0.08600,0.10040,0.08720,0.08360,0.07750,0.11020
4:10:34,0.98870,0.10010,0.11740,0.09460,0.10190,0.09590,0.18120,0.10470,0.11880,0.10930,0.12890,0.14890,1.00180,0.10690,0.10020,0.11470,0.10220,0.10360,0.14050,0.11280,0.10030,0.12690,0.11970,0.13980,1.00890,0.10400,0.10510,0.11900,0.09980,0.09710,0.13700,0.10340,0.10120,0.11160,0.09910,0.11620,0.09740,0.10240,0.09410,0.11450,0.09120,0.10610,0.12100,0.10380,0.11850,0.10300,0.12660,0.10410,0.11630,0.09700,0.09820,0.09660,0.16620,0.09010,0.13040,0.11540,0.12480,0.09630,0.10960,0.09950,0.10290,0.11760,0.11100,0.20060,0.14690,0.11620,0.12370,0.14290,0.11870,0.13080,0.12610,0.21550,0.09600,0.10420,0.10370,0.15570,0.12250,0.10620,0.11170,0.12540,0.11130,0.10080,0.11190,0.15980,0.07680,0.08830,0.08510,0.11350,0.10120,0.09470,0.08630,0.10150,0.08770,0.08390,0.07780,0.11160
4:20:34,0.98640,0.10090,0.11860,0.09530,0.10270,0.09700,0.18500,0.10590,0.12050,0.11070,0.13090,0.15090,0.99990,0.10760,0.10080,0.11550,0.10300,0.10440,0.14270,0.11400,0.10120,0.12870,0.12130,0.14150,1.00580,0.10470,0.10590,0.12050,0.10070,0.09670,0.13910,0.10420,0.10220,0.11300,0.09980,0.11720,0.09820,0.10280,0.09450,0.11590,0.09160,0.10720,0.12260,0.10340,0.12010,0.10390,0.12820,0.10500,0.11620,0.09750,0.10060,0.09730,0.16930,0.09050,0.13230,0.11690,0.12650,0.09690,0.11070,0.09990,0.10360,0.11880,0.11220,0.20500,0.14940,0.11760,0.12540,0.14530,0.12030,0.13270,0.12790,0.22000,0.09650,0.10480,0.10470,0.15850,0.12420,0.10720,0.11310,0.12710,0.11260,0.10150,0.11260,0.16260,0.07680,0.08860,0.08520,0.11490,0.10200,0.09540,0.08670,0.10230,0.08820,0.08400,0.07780,0.11280
4:30:34,0.98420,0.10150,0.11970,0.09580,0.10330,0.09780,0.18870,0.10700,0.12210,0.11190,0.13290,0.15300,0.99770,0.10810,0.10110,0.11610,0.10370,0.10520,0.14490,0.11500,0.10210,0.13020,0.12290,0.14320,1.00330,0.10520,0.10660,0.12180,0.10140,0.09760,0.14130,0.10510,0.10300,0.11430,0.10060,0.11830,0.09890,0.10330,0.09490,0.11720,0.09200,0.10830,0.12410,0.10410,0.12150,0.10490,0.12970,0.10570,0.11670,0.09800,0.09970,0.09780,0.17230,0.09090,0.13400,0.11830,0.12810,0.09760,0.11170,0.10030,0.10410,0.11980,0.11320,0.20940,0.15180,0.11890,0.12700,0.14770,0.12180,0.13450,0.12950,0.22450,0.09690,0.10530,0.10560,0.16130,0.12580,0.10830,0.11430,0.12880,0.11380,0.10230,0.11320,0.16540,0.07690,0.08880,0.08540,0.11620,0.10260,0.09620,0.08710,0.10330,0.08860,0.08430,0.07790,0.11410
4:40:34,0.98190,0.10230,0.12090,0.09650,0.10410,0.09890,0.19250,0.10820,0.12350,0.11330,0.13480,0.15500,0.99580,0.10870,0.10160,0.11680,0.10450,0.10600,0.14720,0.11600,0.10300,0.13180,0.12420,0.14490,1.00020,0.10570,0.10730,0.12300,0.10220,0.09820,0.14330,0.10590,0.10390,0.11550,0.10150,0.11910,0.09950,0.10360,0.09530,0.11840,0.09240,0.10930,0.12560,0.10480,0.12290,0.10580,0.13130,0.10660,0.11750,0.09830,0.10070,0.09830,0.17530,0.09130,0.13570,0.11950,0.12970,0.09830,0.11270,0.10060,0.10450,0.12080,0.11420,0.21360,0.15410,0.12020,0.12860,0.15000,0.12320,0.13620,0.13110,0.22900,0.09740,0.10580,0.10630,0.16390,0.12730,0.10920,0.11560,0.13040,0.11500,0.10300,0.11380,0.16820,0.07680,0.08900,0.08560,0.11740,0.10330,0.09680,0.08740,0.10420,0.08900,0.08450,0.07790,0.11530
4:50:34,0.97980,0.10310,0.12210,0.09730,0.10500,0.10010,0.19620,0.10940,0.12510,0.11470,0.13680,0.15670,0.99370,0.10940,0.10200,0.11760,0.10540,0.10700,0.14960,0.11730,0.10390,0.13340,0.12570,0.14680,0.99750,0.10630,0.10810,0.12440,0.10310,0.09910,0.14550,0.10690,0.10490,0.11690,0.10240,0.12020,0.10010,0.10410,0.09590,0.11960,0.09290,0.11030,0.12700,0.10570,0.12440,0.10690,0.13280,0.10750,0.11830,0.09880,0.10340,0.09900,0.17840,0.09180,0.13750,0.12100,0.13140,0.09910,0.11390,0.10110,0.10520,0.12180,0.11540,0.21800,0.15650,0.12160,0.13020,0.15220,0.12470,0.13800,0.13270,0.23340,0.09780,0.10640,0.10710,0.16670,0.12890,0.11020,0.11690,0.13210,0.11630,0.10380,0.11440,0.17090,0.07690,0.08920,0.08580,0.11870,0.10400,0.09760,0.08780,0.10510,0.08950,0.08470,0.07800,0.11660
5:00:34,0.97790,0.10380,0.12320,0.09800,0.10570,0.10110,0.19980,0.11050,0.12650,0.11600,0.13860,0.15850,0.99180,0.10980,0.10230,0.11830,0.10620,0.10790,0.15190,0.11840,0.10480,0.13470,0.12690,0.14850,0.99480,0.10680,0.10860,0.12560,0.10390,0.09910,0.14750,0.10780,0.10580,0.11810,0.10310,0.12100,0.10080,0.10450,0.09630,0.12080,0.09330,0.11110,0.12840,0.10550,0.12580,0.10780,0.13420,0.10830,0.11910,0.09920,0.10270,0.09960,0.18130,0.09200,0.13920,0.12230,0.13290,0.09970,0.11490,0.10130,0.10560,0.12280,0.11630,0.22220,0.15870,0.12280,0.13170,0.15440,0.12630,0.13950,0.13420,0.23770,0.09810,0.10680,0.10770,0.16940,0.13040,0.11110,0.11810,0.13360,0.11760,0.10450,0.11500,0.17350,0.07700,0.08950,0.08600,0.11990,0.10470,0.09830,0.08800,0.10590,0.08980,0.08490,0.07810,0.11780
5:10:34,0.97590,0.10450,0.12430,0.09880,0.10640,0.10230,0.20360,0.11180,0.12810,0.11740,0.14040,0.16030,0.98990,0.11050,0.10260,0.11900,0.10710,0.10890,0.15430,0.11960,0.10570,0.13610,0.12840,0.15030,0.99250,0.10730,0.10930,0.12680,0.10470,0.10030,0.14940,0.10870,0.10670,0.11940,0.10410,0.12200,0.10140,0.10490,0.09670,0.12200,0.09380,0.11230,0.12980,0.10730,0.12710,0.10880,0.13540,0.10910,0.12030,0.09970,0.10500,0.10020,0.18440,0.09250,0.14110,0.12360,0.13450,0.10050,0.11600,0.10170,0.10640,0.12380,0.11740,0.22650,0.16100,0.12420,0.13310,0.15640,0.12770,0.14090,0.13570,0.24210,0.09860,0.10730,0.10830,0.17210,0.13190,0.11210,0.11940,0.13530,0.11870,0.10530,0.11550,0.17620,0.07700,0.08970,0.08620,0.12110,0.10540,0.09890,0.08830,0.10680,0.09040,0.08510,0.07820,0.11900
5:20:34,0.97390,0.10510,0.12540,0.09930,0.10720,0.10330,0.20710,0.11290,0.12950,0.11850,0.14210,0.16200,0.98780,0.11090,0.10280,0.11960,0.10770,0.10960,0.15650,0.12050,0.10660,0.13740,0.12970,0.15180,0.99000,0.10770,0.10980,0.12810,0.10550,0.10040,0.15140,0.10960,0.10750,0.12060,0.10490,0.12280,0.10200,0.10520,0.09720,0.12320,0.09420,0.11320,0.13110,0.10720,0.12840,0.10970,0.13670,0.10940,0.12170,0.10000,0.10480,0.10080,0.18730,0.09290,0.14270,0.12480,0.13600,0.10110,0.11670,0.10200,0.10680,0.12470,0.11840,0.23070,0.16320,0.12540,0.13460,0.15820,0.12910,0.14240,0.13710,0.24620,0.09900,0.10770,0.10920,0.17470,0.13340,0.11300,0.12050,0.13670,0.11980,0.10600,0.11610,0.17890,0.07700,0.08990,0.08630,0.12230,0.10620,0.09950,0.08860,0.10760,0.09080,0.08540,0.07830,0.12020
5:30:34,0.97190,0.10570,0.12650,0.10010,0.10790,0.10430,0.21060,0.11400,0.13080,0.11980,0.14380,0.16340,0.98580,0.11150,0.10300,0.12040,0.10840,0.11050,0.15870,0.12150,0.10740,0.13880,0.13100,0.15340,0.98780,0.10820,0.11040,0.12930,0.10630,0.10180,0.15330,0.11050,0.10840,0.12170,0.10570,0.12370,0.10260,0.10560,0.09760,0.12420,0.09460,0.11400,0.13240,0.10900,0.12970,0.11070,0.13790,0.11000,0.12270,0.10050,0.10510,0.10130,0.19030,0.09340,0.14430,0.12610,0.13740,0.10180,0.11770,0.10220,0.10740,0.12560,0.11940,0.23490,0.16540,0.12670,0.13600,0.16020,0.13050,0.14370,0.13850,0.25050,0.09930,0.10820,0.10950,0.17730,0.13490,0.11400,0.12160,0.13830,0.12090,0.10660,0.11660,0.18140,0.07700,0.09010,0.08650,0.12350,0.10690,0.10020,0.08900,0.10850,0.09120,0.08550,0.07830,0.12140
5:40:34,0.96990,0.10610,0.12730,0.10050,0.10840,0.10510,0.21390,0.11480,0.13200,0.12080,0.14530,0.16490,0.98410,0.11170,0.10290,0.12070,0.10880,0.11110,0.16070,0.12220,0.10810,0.13980,0.13210,0.15480,0.98550,0.10840,0.11080,0.13020,0.10700,0.10160,0.15500,0.11120,0.10910,0.12260,0.10630,0.12430,0.10300,0.10570,0.09790,0.12530,0.09490,0.11470,0.13360,0.10910,0.13090,0.11130,0.13910,0.11060,0.12430,0.10070,0.10490,0.10170,0.19310,0.09350,0.14580,0.12700,0.13860,0.10220,0.11830,0.10220,0.10760,0.12640,0.12020,0.23890,0.16740,0.12770,0.13740,0.16200,0.13170,0.14500,0.13980,0.25450,0.09940,0.10830,0.10970,0.17970,0.13630,0.11480,0.12270,0.13970,0.12190,0.10710,0.11690,0.18400,0.07700,0.09020,0.08660,0.12440,0.10740,0.10070,0.08910,0.10920,0.09140,0.08560,0.07820,0.12250
5:50:34,0.96800,0.10660,0.12820,0.10110,0.10890,0.10590,0.21720,0.11570,0.13320,0.12180,0.14690,0.16640,0.98250,0.11210,0.10300,0.12110,0.10930,0.11170,0.16270,0.12310,0.10880,0.14100,0.13330,0.15630,0.98310,0.10880,0.11120,0.13130,0.10770,0.10250,0.15670,0.11190,0.10980,0.12360,0.10700,0.12500,0.10360,0.10610,0.09830,0.12620,0.09510,0.11560,0.13470,0.10970,0.13200,0.11210,0.14030,0.11090,0.12440,0.10100,0.10610,0.10200,0.19580,0.09380,0.14720,0.12810,0.14000,0.10280,0.11900,0.10240,0.10810,0.12710,0.12110,0.24280,0.16960,0.12880,0.13860,0.16390,0.13290,0.14640,0.14090,0.25860,0.09970,0.10860,0.11030,0.18210,0.13760,0.11570,0.12370,0.14110,0.12290,0.10770,0.11730,0.18670,0.07700,0.09040,0.08660,0.12550,0.10810,0.10120,0.08930,0.10980,0.09180,0.08570,0.07840,0.12380
6:00:34,0.96620,0.10720,0.12920,0.10180,0.10960,0.10690,0.22080,0.11670,0.13440,0.12300,0.14850,0.16800,0.98030,0.11260,0.10330,0.12170,0.11000,0.11260,0.16480,0.12400,0.10960,0.14220,0.13460,0.15800,0.98110,0.10920,0.11170,0.13240,0.10850,0.10260,0.15850,0.11270,0.11060,0.12470,0.10790,0.12590,0.10420,0.10630,0.09870,0.12730,0.09560,0.11650,0.13600,0.10970,0.13320,0.11310,0.14140,0.11170,0.12510,0.10120,0.10910,0.10250,0.19880,0.09420,0.14860,0.12910,0.14140,0.10340,0.11990,0.10280,0.10860,0.12800,0.12180,0.24680,0.17160,0.13000,0.14000,0.16580,0.13410,0.14770,0.14220,0.26290,0.10000,0.10900,0.11090,0.18450,0.13900,0.11660,0.12470,0.14250,0.12370,0.10840,0.11770,0.18930,0.07710,0.09060,0.08690,0.12660,0.10870,0.10180,0.08970,0.11060,0.09220,0.08600,0.07860,0.12500
6:10:34,0.96440,0.10780,0.13020,0.10260,0.11030,0.10780,0.22400,0.11760,0.13570,0.12410,0.15000,0.16940,0.97850,0.11310,0.10350,0.12220,0.11060,0.11340,0.16690,0.12490,0.11040,0.14340,0.13590,0.15930,0.97900,0.10970,0.11220,0.13340,0.10930,0.10340,0.16010,0.11350,0.11140,0.12570,0.10870,0.12650,0.10470,0.10670,0.09910,0.12840,0.09600,0.11730,0.13700,0.11120,0.13430,0.11390,0.14280,0.11150,0.12430,0.10150,0.11110,0.10290,0.20170,0.09460,0.15000,0.13020,0.14270,0.10410,0.12070,0.10300,0.10910,0.12880,0.12270,0.25070,0.17370,0.13110,0.14120,0.16780,0.13520,0.14900,0.14350,0.26710,0.10030,0.10930,0.11140,0.18700,0.14040,0.11740,0.12570,0.14390,0.12460,0.10910,0.11810,0.19180,0.07710,0.09080,0.08700,0.12770,0.10940,0.10240,0.08990,0.11130,0.09270,0.08610,0.07850,0.12610
6:20:34,0.96260,0.10830,0.13120,0.10340,0.11100,0.10890,0.22740,0.11850,0.13690,0.12520,0.15150,0.17080,0.97700,0.11360,0.10380,0.12280,0.11130,0.11420,0.16910,0.12580,0.11110,0.14460,0.13710,0.16070,0.97660,0.11000,0.11270,0.13450,0.11020,0.10450,0.16180,0.11430,0.11230,0.12670,0.10950,0.12710,0.10530,0.10680,0.09960,0.12930,0.09650,0.11800,0.13820,0.11180,0.13560,0.11470,0.14390,0.11150,0.12480,0.10180,0.11150,0.10340,0.20460,0.09490,0.15130,0.13110,0.14400,0.10460,0.12150,0.10300,0.10950,0.12960,0.12360,0.25440,0.17580,0.13220,0.14250,0.16970,0.13640,0.15020,0.14470,0.27100,0.10070,0.10970,0.11180,0.18940,0.14180,0.11830,0.12670,0.14520,0.12560,0.10970,0.11850,0.19440,0.07710,0.09090,0.08710,0.12880,0.11010,0.10290,0.09010,0.11200,0.09300,0.08630,0.07870,0.12730
6:30:34,0.96090,0.10880,0.13180,0.10390,0.11150,0.10970,0.23060,0.11940,0.13800,0.12600,0.15290,0.17210,0.97510,0.11390,0.10390,0.12310,0.11170,0.11490,0.17110,0.12660,0.11180,0.14580,0.13820,0.16210,0.97440,0.11020,0.11290,0.13540,0.11090,0.10510,0.16340,0.11510,0.11290,0.12760,0.11020,0.12770,0.10570,0.10690,0.09980,0.13020,0.09660,0.11870,0.13920,0.11240,0.13650,0.11550,0.14520,0.11170,0.12540,0.10210,0.11180,0.10370,0.20730,0.09510,0.15250,0.13210,0.14520,0.10510,0.12220,0.10320,0.10980,0.13030,0.12430,0.25810,0.17770,0.13320,0.14360,0.17160,0.13750,0.15130,0.14580,0.27500,0.10070,0.10990,0.11210,0.19170,0.14300,0.11910,0.12760,0.14650,0.12650,0.11020,0.11890,0.19670,0.07720,0.09100,0.08710,0.12980,0.11060,0.10340,0.09020,0.11260,0.09330,0.08650,0.07860,0.12840
6:40:34,0.95900,0.10930,0.13260,0.10450,0.11180,0.11050,0.23380,0.12010,0.13910,0.12700,0.15420,0.17330,0.97320,0.11410,0.10410,0.12340,0.11220,0.11550,0.17290,0.12720,0.11240,0.14670,0.13930,0.16320,0.97240,0.11050,0.11320,0.13630,0.11170,0.10530,0.16490,0.11570,0.11350,0.12830,0.11090,0.12820,0.10620,0.10710,0.10010,0.13110,0.09690,0.11950,0.14030,0.11320,0.13750,0.11610,0.14630,0.11170,0.12650,0.10220,0.11220,0.10410,0.20990,0.09540,0.15390,0.13300,0.14640,0.10550,0.12280,0.10310,0.11020,0.13100,0.12500,0.26170,0.17970,0.13410,0.14460,0.17330,0.13850,0.15250,0.14670,0.27880,0.10090,0.11010,0.11270,0.19400,0.14430,0.11970,0.12850,0.14770,0.12760,0.11070,0.11910,0.19930,0.07720,0.09110,0.08720,0.13070,0.11110,0.10390,0.09040,0.11310,0.09340,0.08650,0.07860,0.12950
6:50:34,0.95720,0.10990,0.13340,0.10510,0.11220,0.11130,0.23710,0.12090,0.14020,0.12790,0.15560,0.17450,0.97160,0.11430,0.10420,0.12360,0.11260,0.11610,0.17490,0.12800,0.11300,0.14780,0.14050,0.16440,0.97010,0.11060,0.11350,0.13720,0.11240,0.10580,0.16640,0.11640,0.11420,0.12910,0.11140,0.12850,0.10660,0.10710,0.10030,0.13200,0.09710,0.12010,0.14120,0.11390,0.13850,0.11680,0.14730,0.11170,0.12680,0.10240,0.11250,0.10440,0.21260,0.09560,0.15510,0.13390,0.14750,0.10600,0.12330,0.10300,0.11050,0.13160,0.12580,0.26540,0.18160,0.13520,0.14570,0.17520,0.13960,0.15360,0.14770,0.28260,0.10100,0.11030,0.11310,0.19630,0.14550,0.12050,0.12940,0.14900,0.12840,0.11120,0.11930,0.20180,0.07720,0.09120,0.08730,0.13160,0.11160,0.10430,0.09050,0.11380,0.09370,0.08670,0.07880,0.13070
7:00:34,0.95530,0.11060,0.13420,0.10580,0.11260,0.11210,0.24030,0.12170,0.14130,0.12880,0.15690,0.17560,0.96990,0.11450,0.10440,0.12390,0.11300,0.11670,0.17680,0.12870,0.11360,0.14880,0.14170,0.16560,0.96790,0.11090,0.11370,0.13800,0.11310,0.10590,0.16810,0.11710,0.11490,0.12990,0.11190,0.12890,0.10690,0.10710,0.10060,0.13280,0.09740,0.12060,0.14210,0.11330,0.13950,0.11740,0.14840,0.11210,0.12740,0.10250,0.11260,0.10470,0.21540,0.09580,0.15630,0.13460,0.14860,0.10630,0.12380,0.10310,0.11080,0.13230,0.12640,0.26890,0.18350,0.13620,0.14670,0.17670,0.14050,0.15470,0.14860,0.28650,0.10110,0.11040,0.11340,0.19850,0.14670,0.12110,0.13030,0.15020,0.12910,0.11160,0.11940,0.20430,0.07720,0.09130,0.08740,0.13250,0.11210,0.10470,0.09080,0.11430,0.09390,0.08680,0.07880,0.13190
7:10:34,0.95360,0.11120,0.13490,0.10640,0.11300,0.11290,0.24330,0.12240,0.14230,0.12960,0.15810,0.17670,0.96790,0.11480,0.10460,0.12400,0.11350,0.11740,0.17870,0.12940,0.11420,0.14990,0.14300,0.16700,0.96590,0.11100,0.11400,0.13880,0.11390,0.10700,0.16950,0.11770,0.11540,0.13070,0.11250,0.12930,0.10740,0.10710,0.10080,0.13350,0.09770,0.12130,0.14300,0.11470,0.14050,0.11800,0.14910,0.11270,0.12800,0.10270,0.11280,0.10510,0.21800,0.09610,0.15740,0.13540,0.14960,0.10670,0.12440,0.10330,0.11120,0.13290,0.12710,0.27250,0.18530,0.13700,0.14770,0.17850,0.14140,0.15580,0.14960,0.29050,0.10130,0.11060,0.11390,0.20060,0.14790,0.12170,0.13100,0.15140,0.12980,0.11200,0.11950,0.20670,0.07720,0.09140,0.08750,0.13340,0.11250,0.10510,0.09100,0.11490,0.09410,0.08700,0.07890,0.13290
7:20:34,0.95190,0.11220,0.13590,0.10710,0.11370,0.11380,0.24650,0.12320,0.14350,0.13070,0.15960,0.17780,0.96650,0.11530,0.10500,0.12450,0.11410,0.11830,0.18070,0.13030,0.11490,0.15090,0.14450,0.16820,0.96390,0.11150,0.11440,0.13970,0.11480,0.10760,0.17110,0.11850,0.11620,0.13160,0.11340,0.12980,0.10790,0.10730,0.10130,0.13440,0.09820,0.12200,0.14400,0.11500,0.14150,0.11890,0.15020,0.11340,0.12920,0.10300,0.11310,0.10570,0.22090,0.09650,0.15880,0.13630,0.15080,0.10740,0.12520,0.10360,0.11180,0.13370,0.12790,0.27620,0.18730,0.13810,0.14870,0.18040,0.14250,0.15710,0.15070,0.29460,0.10170,0.11090,0.11450,0.20300,0.14930,0.12240,0.13190,0.15270,0.13090,0.11280,0.11990,0.20940,0.07730,0.09180,0.08770,0.13460,0.11320,0.10570,0.09140,0.11550,0.09460,0.08720,0.07900,0.13410
7:30:34,0.95040,0.11310,0.13670,0.10790,0.11430,0.11480,0.24980,0.12410,0.14450,0.13160,0.16090,0.17890,0.96480,0.11570,0.10540,0.12490,0.11480,0.11910,0.18290,0.13110,0.11560,0.15190,0.14590,0.16950,0.96190,0.11190,0.11480,0.14060,0.11560,0.10850,0.17250,0.11940,0.11700,0.13250,0.11420,0.13010,0.10850,0.10760,0.10180,0.13530,0.09870,0.12270,0.14510,0.11610,0.14250,0.11970,0.15110,0.11370,0.12960,0.10340,0.11320,0.10610,0.22370,0.09700,0.16000,0.13730,0.15190,0.10800,0.12600,0.10380,0.11220,0.13440,0.12860,0.27980,0.18930,0.13910,0.14970,0.18200,0.14350,0.15820,0.15160,0.29840,0.10190,0.11130,0.11500,0.20530,0.15060,0.12310,0.13280,0.15390,0.13170,0.11340,0.12020,0.21170,0.07730,0.09190,0.08780,0.13560,0.11370,0.10620,0.09160,0.11620,0.09490,0.08730,0.07900,0.13520
7:40:34,0.94880,0.11390,0.13760,0.10860,0.11490,0.11570,0.25300,0.12490,0.14570,0.13250,0.16220,0.18010,0.96320,0.11610,0.10570,0.12540,0.11550,0.11980,0.18490,0.13200,0.11650,0.15320,0.14750,0.17080,0.96020,0.11220,0.11500,0.14140,0.11660,0.10840,0.17420,0.12010,0.11780,0.13340,0.11500,0.13060,0.10890,0.10770,0.10220,0.13620,0.09900,0.12340,0.14590,0.11590,0.14350,0.12050,0.15200,0.11400,0.13010,0.10370,0.11190,0.10660,0.22650,0.09730,0.16120,0.13820,0.15300,0.10860,0.12680,0.10410,0.11260,0.13510,0.12930,0.28350,0.19120,0.14000,0.15070,0.18380,0.14460,0.15930,0.15250,0.30240,0.10220,0.11160,0.11550,0.20760,0.15190,0.12390,0.13370,0.15520,0.13250,0.11410,0.12050,0.21430,0.07740,0.09210,0.08790,0.13660,0.11450,0.10670,0.09190,0.11690,0.09540,0.08750,0.07910,0.13630
7:50:34,0.94730,0.11490,0.13850,0.10950,0.11550,0.11670,0.25610,0.12590,0.14680,0.13360,0.16350,0.18130,0.96170,0.11660,0.10610,0.12570,0.11610,0.12080,0.18710,0.13290,0.11720,0.15430,0.14890,0.17200,0.95800,0.11260,0.11550,0.14230,0.11750,0.10950,0.17570,0.12110,0.11850,0.13430,0.11590,0.13100,0.10950,0.10800,0.10270,0.13700,0.09950,0.12410,0.14690,0.11710,0.14440,0.12130,0.15290,0.11440,0.13080,0.10400,0.11050,0.10720,0.22940,0.09780,0.16250,0.13900,0.15420,0.10930,0.12750,0.10430,0.11310,0.13590,0.13010,0.28710,0.19320,0.14120,0.15170,0.18550,0.14560,0.16040,0.15350,0.30620,0.10240,0.11200,0.11610,0.20990,0.15320,0.12480,0.13460,0.15650,0.13330,0.11480,0.12080,0.21670,0.07740,0.09220,0.08810,0.13770,0.11500,0.10730,0.09220,0.11760,0.09580,0.08770,0.07930,0.13740
8:00:34,0.94530,0.11580,0.13930,0.11030,0.11620,0.11760,0.25940,0.12660,0.14790,0.13450,0.16480,0.18230,0.96010,0.11710,0.10640,0.12620,0.11680,0.12170,0.18920,0.13380,0.11800,0.15540,0.15050,0.17340,0.95650,0.11300,0.11580,0.14330,0.11850,0.11000,0.17710,0.12190,0.11930,0.13530,0.11670,0.13160,0.11010,0.10820,0.10310,0.13790,0.10010,0.12470,0.14790,0.11830,0.14560,0.12220,0.15370,0.11460,0.13150,0.10430,0.10970,0.10760,0.23230,0.09820,0.16380,0.13990,0.15530,0.10990,0.12850,0.10460,0.11370,0.13660,0.13090,0.29070,0.19510,0.14220,0.15270,0.18730,0.14670,0.16150,0.15440,0.31010,0.10270,0.11220,0.11670,0.21210,0.15450,0.12540,0.13540,0.15770,0.13420,0.11540,0.12110,0.21910,0.07740,0.09240,0.08820,0.13880,0.11550,0.10780,0.09250,0.11830,0.09620,0.08790,0.07920,0.13850
8:10:34,0.94400,0.11670,0.14020,0.11120,0.11710,0.11870,0.26240,0.12760,0.14900,0.13550,0.16620,0.18330,0.95870,0.11770,0.10680,0.12670,0.11750,0.12260,0.19130,0.13470,0.11880,0.15660,0.15200,0.17450,0.95430,0.11350,0.11630,0.14410,0.11950,0.11130,0.17870,0.12280,0.12020,0.13630,0.11770,0.13210,0.11070,0.10850,0.10360,0.13870,0.10050,0.12540,0.14880,0.11940,0.14650,0.12310,0.15460,0.11490,0.13230,0.10470,0.10980,0.10830,0.23510,0.09870,0.16500,0.14070,0.15650,0.11070,0.12930,0.10490,0.11410,0.13740,0.13170,0.29430,0.19710,0.14330,0.15390,0.18900,0.14770,0.16260,0.15550,0.31410,0.10290,0.11260,0.11730,0.21440,0.15590,0.12620,0.13630,0.15890,0.13510,0.11620,0.12140,0.22140,0.07740,0.09250,0.08830,0.13990,0.11620,0.10840,0.09290,0.11910,0.09670,0.08810,0.07930,0.13950
8:20:34,0.94210,0.11770,0.14120,0.11210,0.11790,0.11960,0.26560,0.12850,0.15010,0.13660,0.16760,0.18440,0.95710,0.11810,0.10710,0.12710,0.11820,0.12350,0.19330,0.13560,0.11960,0.15770,0.15340,0.17570,0.95270,0.11390,0.11670,0.14520,0.12050,0.11150,0.18020,0.12380,0.12100,0.13730,0.11850,0.13250,0.11130,0.10870,0.10410,0.13970,0.10100,0.12620,0.14980,0.12010,0.14740,0.12410,0.15560,0.11540,0.13300,0.10510,0.11020,0.10880,0.23790,0.09910,0.16620,0.14170,0.15760,0.11140,0.13010,0.10490,0.11450,0.13820,0.13240,0.29780,0.19920,0.14430,0.15490,0.19070,0.14880,0.16380,0.15640,0.31760,0.10310,0.11290,0.11790,0.21680,0.15720,0.12700,0.13730,0.16020,0.13580,0.11690,0.12180,0.22390,0.07760,0.09260,0.08840,0.14090,0.11690,0.10900,0.09300,0.11980,0.09710,0.08820,0.07950,0.14070
8:30:34,0.94100,0.11850,0.14190,0.11270,0.11850,0.12030,0.26870,0.12920,0.15110,0.13750,0.16870,0.18530,0.95550,0.11850,0.10720,0.12750,0.11870,0.12420,0.19530,0.13630,0.12020,0.15870,0.15460,0.17670,0.95070,0.11410,0.11690,0.14590,0.12130,0.11160,0.18160,0.12450,0.12170,0.13800,0.11910,0.13270,0.11170,0.10880,0.10450,0.14040,0.10120,0.12670,0.15060,0.11930,0.14820,0.12470,0.15620,0.11580,0.13350,0.10520,0.11050,0.10920,0.24050,0.09930,0.16730,0.14240,0.15860,0.11180,0.13070,0.10480,0.11470,0.13880,0.13310,0.30130,0.20100,0.14520,0.15580,0.19230,0.14970,0.16490,0.15720,0.32100,0.10310,0.11300,0.11830,0.21890,0.15850,0.12770,0.13800,0.16130,0.13660,0.11730,0.12190,0.22620,0.07760,0.09270,0.08840,0.14190,0.11740,0.10940,0.09310,0.12050,0.09730,0.08830,0.07950,0.14170
8:40:34,0.93910,0.11930,0.14260,0.11340,0.11920,0.12130,0.27160,0.12990,0.15200,0.13830,0.17020,0.18620,0.95410,0.11870,0.10730,0.12810,0.11910,0.12490,0.19720,0.13700,0.12080,0.15960,0.15580,0.17770,0.94890,0.11440,0.11710,0.14670,0.12210,0.11210,0.18300,0.12530,0.12240,0.13880,0.11980,0.13310,0.11220,0.10880,0.10480,0.14110,0.10140,0.12720,0.15140,0.12020,0.14910,0.12550,0.15700,0.11580,0.13410,0.10540,0.11080,0.10950,0.24320,0.09960,0.16840,0.14330,0.15960,0.11230,0.13130,0.10480,0.11500,0.13940,0.13370,0.30470,0.20280,0.14620,0.15670,0.19390,0.15050,0.16590,0.15800,0.32450,0.10320,0.11320,0.11880,0.22100,0.15960,0.12830,0.13880,0.16230,0.13750,0.11780,0.12210,0.22850,0.07750,0.09280,0.08850,0.14280,0.11780,0.10980,0.09330,0.12100,0.09750,0.08840,0.07950,0.14280
8:50:34,0.93790,0.12030,0.14360,0.11420,0.11990,0.12200,0.27470,0.13070,0.15300,0.13930,0.17130,0.18700,0.95260,0.11920,0.10760,0.12870,0.11970,0.12570,0.19920,0.13780,0.12140,0.16070,0.15720,0.17870,0.94690,0.11460,0.11750,0.14750,0.12290,0.11290,0.18440,0.12600,0.12310,0.13950,0.12040,0.13330,0.11280,0.10890,0.10530,0.14190,0.10170,0.12790,0.15220,0.12090,0.14990,0.12620,0.15780,0.11570,0.13480,0.10570,0.11120,0.11000,0.24580,0.09980,0.16950,0.14410,0.16050,0.11290,0.13200,0.10480,0.11540,0.14020,0.13440,0.30820,0.20460,0.14720,0.15770,0.19550,0.15140,0.16690,0.15890,0.32820,0.10330,0.11340,0.11940,0.22320,0.16090,0.12910,0.13960,0.16340,0.13820,0.11840,0.12230,0.23090,0.07760,0.09290,0.08850,0.14380,0.11840,0.11030,0.09350,0.12170,0.09790,0.08860,0.07950,0.14390
9:00:34,0.93620,0.12110,0.14430,0.11490,0.12050,0.12290,0.27750,0.13130,0.15400,0.14010,0.17260,0.18800,0.95100,0.11950,0.10760,0.12940,0.12010,0.12640,0.20100,0.13850,0.12200,0.16150,0.15830,0.17970,0.94510,0.11470,0.11770,0.14810,0.12360,0.11430,0.18560,0.12670,0.12370,0.14020,0.12090,0.13350,0.11320,0.10910,0.10580,0.14260,0.10200,0.12860,0.15300,0.12310,0.15080,0.12690,0.15850,0.11580,0.13530,0.10580,0.11190,0.11030,0.24840,0.10010,0.17050,0.14480,0.16140,0.11340,0.13250,0.10480,0.11570,0.14080,0.13520,0.31160,0.20640,0.14820,0.15840,0.19700,0.15230,0.16790,0.15970,0.33160,0.10340,0.11350,0.11970,0.22530,0.16200,0.12970,0.14020,0.16450,0.13870,0.11890,0.12230,0.23320,0.07760,0.09300,0.08860,0.14460,0.11890,0.11070,0.09370,0.12230,0.09800,0.08870,0.07960,0.14490
9:10:34,0.93510,0.12210,0.14520,0.11560,0.12130,0.12390,0.28060,0.13220,0.15510,0.14110,0.17390,0.18870,0.94970,0.11990,0.10800,0.13030,0.12070,0.12710,0.20300,0.13940,0.12270,0.16270,0.15960,0.18070,0.94320,0.11510,0.11800,0.14900,0.12440,0.11460,0.18700,0.12760,0.12450,0.14110,0.12160,0.13380,0.11380,0.10920,0.10630,0.14340,0.10240,0.12930,0.15390,0.12360,0.15170,0.12760,0.15920,0.11630,0.13610,0.10600,0.11280,0.11080,0.25110,0.10040,0.17170,0.14570,0.16250,0.11390,0.13320,0.10490,0.11610,0.14150,0.13590,0.31510,0.20820,0.14920,0.15950,0.19860,0.15320,0.16900,0.16050,0.33520,0.10360,0.11370,0.12030,0.22750,0.16320,0.13040,0.14110,0.16570,0.13970,0.11960,0.12260,0.23550,0.07760,0.09320,0.08880,0.14560,0.11950,0.11120,0.09390,0.12290,0.09840,0.08890,0.07970,0.14610
9:20:34,0.93360,0.12310,0.14600,0.11640,0.12210,0.12480,0.28360,0.13300,0.15620,0.14180,0.17530,0.18940,0.94820,0.12040,0.10840,0.13110,0.12130,0.12800,0.20500,0.14010,0.12350,0.16380,0.16100,0.18190,0.94170,0.11540,0.11840,0.14980,0.12520,0.11490,0.18840,0.12830,0.12530,0.14190,0.12240,0.13410,0.11430,0.10940,0.10690,0.14420,0.10280,0.12990,0.15470,0.12450,0.15250,0.12840,0.15990,0.11710,0.13680,0.10630,0.11360,0.11120,0.25380,0.10090,0.17280,0.14640,0.16350,0.11450,0.13390,0.10520,0.11650,0.14220,0.13660,0.31850,0.21020,0.15030,0.16040,0.20020,0.15410,0.17000,0.16120,0.33890,0.10370,0.11400,0.12090,0.22970,0.16450,0.13110,0.14180,0.16690,0.14050,0.12010,0.12280,0.23800,0.07770,0.09330,0.08890,0.14660,0.12000,0.11170,0.09420,0.12350,0.09870,0.08910,0.07970,0.14710
9:30:34,0.93230,0.12380,0.14680,0.11710,0.12290,0.12550,0.28640,0.13370,0.15710,0.14280,0.17650,0.19040,0.94690,0.12070,0.10890,0.13190,0.12180,0.12870,0.20680,0.14070,0.12400,0.16470,0.16220,0.18290,0.93970,0.11560,0.11870,0.15050,0.12600,0.11540,0.18970,0.12930,0.12600,0.14270,0.12300,0.13420,0.11490,0.10950,0.10730,0.14490,0.10320,0.13050,0.15550,0.12420,0.15330,0.12910,0.16060,0.11810,0.13750,0.10640,0.11380,0.11170,0.25650,0.10130,0.17380,0.14720,0.16450,0.11510,0.13450,0.10520,0.11690,0.14290,0.13730,0.32190,0.21200,0.15120,0.16130,0.20180,0.15500,0.17100,0.16210,0.34230,0.10380,0.11410,0.12140,0.23170,0.16560,0.13180,0.14260,0.16790,0.14120,0.12070,0.12290,0.24020,0.07770,0.09340,0.08900,0.14750,0.12050,0.11210,0.09440,0.12420,0.09910,0.08920,0.07980,0.14820
9:40:34,0.93080,0.12470,0.14760,0.11770,0.12350,0.12620,0.28940,0.13430,0.15810,0.14360,0.17780,0.19100,0.94510,0.12100,0.10930,0.13270,0.12230,0.12940,0.20860,0.14140,0.12460,0.16560,0.16310,0.18380,0.93760,0.11590,0.11880,0.15110,0.12650,0.11570,0.19100,0.12990,0.12650,0.14330,0.12360,0.13440,0.11520,0.10950,0.10770,0.14550,0.10340,0.13100,0.15620,0.12440,0.15400,0.12970,0.16120,0.11920,0.13800,0.10660,0.11360,0.11200,0.25900,0.10150,0.17490,0.14780,0.16530,0.11550,0.13510,0.10510,0.11720,0.14340,0.13850,0.32500,0.21380,0.15210,0.16210,0.20340,0.15570,0.17180,0.16280,0.34570,0.10380,0.11420,0.12170,0.23380,0.16680,0.13230,0.14320,0.16900,0.14170,0.12110,0.12300,0.24240,0.07770,0.09340,0.08890,0.14830,0.12080,0.11250,0.09450,0.12470,0.09920,0.08930,0.07970,0.14920
9:50:34,0.92980,0.12550,0.14830,0.11820,0.12400,0.12700,0.29190,0.13500,0.15890,0.14440,0.17890,0.19180,0.94370,0.12130,0.10960,0.13330,0.12260,0.13000,0.21040,0.14200,0.12510,0.16650,0.16430,0.18460,0.93610,0.11590,0.11900,0.15180,0.12720,0.11620,0.19210,0.13060,0.12710,0.14390,0.12410,0.13440,0.11560,0.10950,0.10810,0.14610,0.10360,0.13170,0.15700,0.12540,0.15470,0.13050,0.16180,0.12000,0.13860,0.10660,0.11420,0.11230,0.26160,0.10190,0.17590,0.14850,0.16630,0.11590,0.13550,0.10480,0.11760,0.14400,0.14000,0.32840,0.21550,0.15310,0.16290,0.20480,0.15650,0.17280,0.16360,0.34880,0.10380,0.11430,0.12240,0.23580,0.16780,0.13290,0.14380,0.16990,0.14230,0.12160,0.12310,0.24470,0.07770,0.09340,0.08890,0.14920,0.12130,0.11290,0.09460,0.12510,0.09940,0.08930,0.07980,0.15020
10:00:34,0.92820,0.12620,0.14900,0.11870,0.12460,0.12760,0.29480,0.13550,0.15980,0.14510,0.18010,0.19230,0.94220,0.12140,0.11010,0.13410,0.12290,0.13060,0.21200,0.14260,0.12550,0.16740,0.16540,0.18560,0.93410,0.11600,0.11910,0.15240,0.12780,0.11650,0.19330,0.13120,0.12760,0.14440,0.12450,0.13450,0.11600,0.10950,0.10840,0.14670,0.10380,0.13200,0.15770,0.12560,0.15530,0.13090,0.16230,0.12100,0.13910,0.10670,0.11510,0.11260,0.26410,0.10220,0.17680,0.14910,0.16710,0.11620,0.13600,0.10470,0.11800,0.14450,0.14150,0.33160,0.21720,0.15390,0.16350,0.20630,0.15720,0.17360,0.16410,0.35210,0.10370,0.11430,0.12280,0.23770,0.16890,0.13350,0.14440,0.17090,0.14280,0.12190,0.12300,0.24690,0.07760,0.09340,0.08890,0.14990,0.12150,0.11320,0.09460,0.12560,0.09960,0.08940,0.07980,0.15120

