Corrected [600]
	1	2	3	4	5	6	7	8	9	10	11	12
A	0.26309	0.08540	0.42371	0.07484	0.50576	0.07542	0.60622	0.07260	0.26057	0.07241	0.50858	0.07378	Corrected [600]
B	0.16762	0.93730	0.54660	1.00351	0.74292	0.87339	0.68416	1.00597	0.25271	0.97745	0.53664	0.51069	Corrected [600]
C	0.12166	0.68789	0.36022	0.79473	0.41146	0.91100	0.36291	0.90446	0.17796	0.93000	0.34574	0.40755	Corrected [600]
D	0.10928	0.31494	0.07525	0.38000	0.07551	0.33066	0.07347	0.40382	0.07441	0.39816	0.07354	0.23309	Corrected [600]
E	0.50255	0.07454	0.87457	0.08980	1.14560	0.08981	1.08132	0.07320	1.37354	0.07331	1.25544	0.07335	Corrected [600]
F	0.35377	0.85994	0.55888	0.88140	0.58862	0.88381	0.67022	0.84788	0.94555	0.99738	0.84462	0.32065	Corrected [600]
G	0.21183	0.72000	0.34748	0.63541	0.33662	0.62514	0.37227	0.53790	0.38463	0.68325	0.34940	0.22811	Corrected [600]
H	0.07282	0.26176	0.07402	0.27225	0.07745	0.25720	0.07494	0.21973	0.07456	0.21941	0.07389	0.14919	Corrected [600]

