Corrected [600]
	1	2	3	4	5	6	7	8	9	10	11	12
A	0.21922	0.07466	0.23030	0.07606	0.24157	0.07880	0.23693	0.07703	0.21330	0.07717	0.24882	0.07728	Corrected [600]
B	0.18690	0.28280	0.20723	0.27989	0.20557	0.28230	0.21200	0.32123	0.18817	0.29027	0.22336	0.26825	Corrected [600]
C	0.13620	0.22555	0.13795	0.22591	0.14299	0.37767	0.14499	0.25311	0.13336	0.23778	0.13605	0.21136	Corrected [600]
D	0.07306	0.13676	0.07452	0.14228	0.07745	0.14163	0.09701	0.15079	0.07776	0.14223	0.07723	0.14831	Corrected [600]
E	0.27781	0.07317	0.26575	0.07585	0.31942	0.07654	0.32095	0.07823	0.30662	0.07549	0.30730	0.07643	Corrected [600]
F	0.21507	0.27638	0.20987	0.30679	0.22357	0.30702	0.23503	0.31955	0.24049	0.30841	0.22557	0.29952	Corrected [600]
G	0.12833	0.21441	0.13529	0.22889	0.14377	0.23502	0.15625	0.22479	0.16105	0.22776	0.14780	0.22666	Corrected [600]
H	0.07416	0.13581	0.07439	0.13940	0.07581	0.14334	0.07690	0.14201	0.07632	0.14066	0.07626	0.15273	Corrected [600]

