420

Time,A1,A2,A3,A4,A5,A6,A7,A8,A9,A10,A11,A12,B1,B2,B3,B4,B5,B6,B7,B8,B9,B10,B11,B12,C1,C2,C3,C4,C5,C6,C7,C8,C9,C10,C11,C12,D1,D2,D3,D4,D5,D6,D7,D8,D9,D10,D11,D12,E1,E2,E3,E4,E5,E6,E7,E8,E9,E10,E11,E12,F1,F2,F3,F4,F5,F6,F7,F8,F9,F10,F11,F12,G1,G2,G3,G4,G5,G6,G7,G8,G9,G10,G11,G12,H1,H2,H3,H4,H5,H6,H7,H8,H9,H10,H11,H12
0:00:09,0.36500,0.07610,0.09330,0.09490,0.09390,0.08450,0.09200,0.08460,0.08750,0.08260,0.08980,0.08310,0.27340,0.09520,0.09060,0.11060,0.08570,0.08760,0.08600,0.08630,0.08770,0.12330,0.08670,0.09500,0.19900,0.09070,0.08960,0.11370,0.08590,0.08720,0.09570,0.08730,0.08620,0.11600,0.08970,0.09450,0.07610,0.08710,0.08810,0.17020,0.08930,0.09500,0.09140,0.08520,0.08250,0.10640,0.08210,0.09380,0.13720,0.07680,0.09440,0.15380,0.09200,0.10570,0.09720,0.08080,0.08730,0.09320,0.09120,0.08770,0.08860,0.10740,0.09580,0.16380,0.09400,0.09850,0.08830,0.08440,0.09010,0.15880,0.08990,0.09840,0.08720,0.10130,0.08430,0.22470,0.08680,0.08780,0.09220,0.08400,0.09130,0.13260,0.08680,0.08930,0.08320,0.09290,0.08210,0.18160,0.09070,0.08520,0.08320,0.08540,0.08140,0.11300,0.08130,0.08260
0:01:49,0.46000,0.07560,0.09330,0.09440,0.08830,0.08410,0.08710,0.08410,0.08520,0.08240,0.08620,0.08270,0.34220,0.09140,0.08960,0.11510,0.08470,0.08520,0.08500,0.08500,0.08480,0.14470,0.08430,0.09100,0.24250,0.08820,0.08870,0.11680,0.08520,0.12050,0.09500,0.08480,0.08430,0.13450,0.08900,0.09060,0.07580,0.08640,0.08780,0.17170,0.08900,0.09210,0.09140,0.08450,0.08220,0.11500,0.08180,0.09270,0.13600,0.07650,0.09350,0.15280,0.09000,0.10510,0.09180,0.08070,0.08600,0.09290,0.08830,0.08740,0.08810,0.11450,0.09420,0.16130,0.09340,0.09830,0.08660,0.08410,0.08880,0.20490,0.08880,0.09370,0.08640,0.10620,0.08380,0.22210,0.08620,0.08670,0.09100,0.08310,0.09030,0.16400,0.08540,0.08730,0.08560,0.09410,0.08170,0.18270,0.09030,0.08460,0.08300,0.08480,0.08110,0.13010,0.08110,0.08220
0:03:29,0.55610,0.07540,0.09380,0.09410,0.08680,0.08400,0.08630,0.08380,0.08500,0.08220,0.08490,0.08260,0.41870,0.09070,0.08940,0.12170,0.08440,0.08470,0.08470,0.08440,0.08420,0.17180,0.08260,0.09070,0.29170,0.08620,0.08860,0.12050,0.08400,0.11910,0.09470,0.08460,0.08360,0.15760,0.08790,0.09030,0.07570,0.08570,0.08770,0.17250,0.08870,0.09460,0.09130,0.08440,0.08210,0.12470,0.08140,0.09200,0.13410,0.07640,0.09310,0.15160,0.08990,0.10490,0.09510,0.08040,0.08560,0.09240,0.08800,0.08720,0.08750,0.12240,0.09390,0.16010,0.09330,0.09820,0.08650,0.08420,0.08800,0.25570,0.08840,0.09240,0.08630,0.11200,0.08380,0.21980,0.08580,0.08680,0.09070,0.08270,0.09030,0.19730,0.08510,0.08650,0.08540,0.09620,0.08140,0.18050,0.08980,0.08480,0.08280,0.08460,0.08110,0.14780,0.08090,0.08200
0:05:09,0.66670,0.07540,0.09430,0.09400,0.08670,0.08380,0.08620,0.08350,0.08540,0.08210,0.08450,0.08240,0.49460,0.09070,0.08920,0.12860,0.08410,0.08470,0.08480,0.08430,0.08410,0.20330,0.08230,0.09030,0.34000,0.08550,0.08870,0.12480,0.08360,0.11580,0.09540,0.08450,0.08340,0.18490,0.08770,0.09020,0.07570,0.08500,0.08750,0.17410,0.08860,0.09160,0.09120,0.08420,0.08200,0.13560,0.08140,0.09150,0.13300,0.07630,0.09310,0.14970,0.09010,0.10460,0.09090,0.08040,0.08570,0.09230,0.08810,0.08710,0.08740,0.13030,0.09410,0.15850,0.09340,0.09850,0.08620,0.08390,0.08780,0.30650,0.08810,0.09240,0.08620,0.11740,0.08370,0.21780,0.08570,0.08710,0.09090,0.08270,0.09000,0.23130,0.08490,0.08620,0.08000,0.09890,0.08120,0.18040,0.08940,0.08470,0.08110,0.08470,0.08100,0.16640,0.08090,0.08220
0:06:49,0.76320,0.07520,0.09460,0.09390,0.08650,0.08370,0.08610,0.08350,0.08510,0.07820,0.08420,0.07990,0.57130,0.09050,0.08940,0.13520,0.08390,0.08460,0.08480,0.08440,0.08400,0.23630,0.08200,0.09020,0.38600,0.08480,0.08870,0.12950,0.08340,0.11580,0.09500,0.08430,0.08310,0.21350,0.08700,0.08990,0.07560,0.08470,0.08740,0.17560,0.08840,0.09380,0.09100,0.08410,0.08180,0.14740,0.08120,0.09140,0.13170,0.07630,0.09310,0.14840,0.09030,0.10400,0.08950,0.08020,0.08560,0.09210,0.08850,0.08700,0.08730,0.13790,0.09420,0.15690,0.09350,0.09890,0.08600,0.08380,0.08760,0.35860,0.08800,0.09350,0.08610,0.12290,0.08350,0.21610,0.08570,0.08730,0.09060,0.08260,0.08950,0.26610,0.08480,0.08660,0.07980,0.10200,0.08100,0.17640,0.08910,0.08470,0.07860,0.08460,0.08090,0.18570,0.08070,0.08240
0:08:29,0.85730,0.07520,0.09520,0.09370,0.08630,0.08350,0.08610,0.08330,0.08490,0.07650,0.08400,0.07610,0.64610,0.09020,0.08960,0.14240,0.08380,0.08440,0.08500,0.08450,0.08400,0.26810,0.08190,0.09050,0.43180,0.08400,0.08890,0.13300,0.08320,0.11430,0.09470,0.08420,0.08300,0.24070,0.08680,0.08990,0.07560,0.08440,0.08720,0.17660,0.08830,0.09320,0.09100,0.08400,0.08170,0.16020,0.08110,0.09150,0.13090,0.07620,0.09310,0.14680,0.09070,0.09040,0.09430,0.08020,0.08560,0.09180,0.08860,0.08680,0.08750,0.14580,0.09430,0.15550,0.09390,0.09930,0.08590,0.08380,0.08760,0.40950,0.08810,0.09460,0.08610,0.12840,0.08350,0.21390,0.08570,0.08770,0.09070,0.08260,0.08920,0.30360,0.08490,0.08710,0.07970,0.10510,0.08090,0.17740,0.08860,0.08480,0.07850,0.08460,0.08090,0.20450,0.08060,0.08270
0:10:09,0.94720,0.07510,0.09590,0.09360,0.08630,0.08340,0.08620,0.08310,0.08460,0.07640,0.08390,0.07610,0.71740,0.09000,0.09000,0.15010,0.08370,0.08420,0.08520,0.08460,0.08390,0.29850,0.08170,0.09090,0.47930,0.08350,0.08900,0.13840,0.08300,0.11390,0.09450,0.08420,0.08290,0.26840,0.08640,0.09000,0.07550,0.08400,0.08710,0.17640,0.08820,0.09370,0.09090,0.08390,0.08160,0.17260,0.08100,0.09150,0.12980,0.07610,0.09330,0.14600,0.09110,0.09020,0.10270,0.08010,0.08560,0.09140,0.08870,0.08670,0.08760,0.15470,0.09460,0.15500,0.09410,0.09970,0.08560,0.08360,0.08750,0.45750,0.08820,0.09520,0.08600,0.13400,0.08350,0.21240,0.08590,0.08810,0.09030,0.08260,0.08890,0.34400,0.08490,0.08770,0.07670,0.10840,0.08070,0.17290,0.08840,0.08490,0.07850,0.08450,0.08090,0.22340,0.08060,0.08310
0:11:49,1.01680,0.07510,0.09670,0.09350,0.08610,0.08320,0.08620,0.08300,0.08470,0.07630,0.08380,0.07600,0.78690,0.09040,0.09060,0.15690,0.08350,0.08410,0.08540,0.08470,0.08400,0.33200,0.08160,0.09080,0.52460,0.08310,0.08910,0.14300,0.08300,0.11360,0.09460,0.08430,0.08290,0.29650,0.08600,0.09010,0.07550,0.08400,0.08700,0.17750,0.08810,0.09330,0.09090,0.08380,0.08150,0.18490,0.08090,0.09150,0.12900,0.07610,0.09350,0.14410,0.09160,0.09000,0.09040,0.08000,0.08530,0.09110,0.08880,0.08640,0.08790,0.16340,0.09480,0.15330,0.09440,0.10020,0.08520,0.08360,0.08760,0.50910,0.08830,0.09610,0.08590,0.13980,0.08350,0.20980,0.08590,0.08840,0.09060,0.08250,0.08900,0.38140,0.08490,0.08840,0.07670,0.11170,0.08060,0.17590,0.07830,0.08510,0.07840,0.08450,0.08080,0.24190,0.08050,0.08340
0:13:29,1.09120,0.07510,0.09770,0.09350,0.08610,0.08310,0.08650,0.08300,0.08490,0.07630,0.08360,0.07600,0.84800,0.09020,0.09110,0.16420,0.08350,0.08410,0.08560,0.08480,0.08400,0.36840,0.08160,0.09090,0.56880,0.08310,0.08940,0.14770,0.08300,0.11240,0.09450,0.08440,0.08280,0.32410,0.08580,0.09050,0.07550,0.08390,0.08690,0.17900,0.08800,0.09290,0.09090,0.08380,0.08140,0.19640,0.08090,0.09140,0.12790,0.07600,0.09400,0.14290,0.09220,0.08990,0.08930,0.08000,0.08550,0.09090,0.08920,0.08640,0.08810,0.17230,0.09530,0.15260,0.09480,0.10050,0.08520,0.08370,0.08750,0.55870,0.08840,0.09780,0.08600,0.14590,0.08370,0.20760,0.08620,0.08890,0.08990,0.08250,0.08920,0.41880,0.08500,0.08910,0.07670,0.11530,0.08060,0.17190,0.07860,0.08530,0.07830,0.08440,0.08070,0.26180,0.08050,0.08390
0:15:09,1.15330,0.07500,0.09840,0.09340,0.08610,0.08300,0.08680,0.08280,0.08510,0.07610,0.08340,0.07590,0.90760,0.08990,0.09150,0.17150,0.08350,0.08430,0.08590,0.08500,0.08390,0.40530,0.08160,0.09090,0.61420,0.08290,0.08950,0.15330,0.08300,0.11220,0.09460,0.08440,0.08290,0.35150,0.08570,0.09040,0.07540,0.08380,0.08670,0.18150,0.08790,0.09270,0.09070,0.08370,0.08130,0.20830,0.08080,0.09130,0.12700,0.07600,0.09450,0.14240,0.09280,0.08970,0.09340,0.07990,0.08540,0.09070,0.08950,0.08620,0.08830,0.18160,0.09550,0.15070,0.09520,0.10120,0.08560,0.08380,0.08750,0.60590,0.08860,0.09890,0.08620,0.15200,0.08390,0.20600,0.08630,0.08930,0.09020,0.08250,0.08930,0.45960,0.08500,0.08980,0.07660,0.11860,0.08040,0.17100,0.07850,0.08540,0.07820,0.08450,0.08070,0.28030,0.08030,0.08420
0:16:49,1.20880,0.07490,0.09920,0.09340,0.08630,0.08290,0.08730,0.08290,0.08520,0.07610,0.08350,0.07590,0.96180,0.08960,0.09200,0.17990,0.08360,0.08450,0.08630,0.08520,0.08390,0.44650,0.08180,0.09110,0.66120,0.08290,0.08970,0.15860,0.08300,0.11000,0.09460,0.08450,0.08270,0.37750,0.08560,0.09030,0.07540,0.08370,0.08660,0.18310,0.08790,0.09270,0.09070,0.08370,0.08130,0.21930,0.08070,0.09140,0.12600,0.07590,0.09530,0.14060,0.09350,0.08970,0.10200,0.07990,0.08540,0.09050,0.08990,0.08610,0.08850,0.19090,0.09600,0.14970,0.09560,0.10190,0.08600,0.08380,0.08750,0.65390,0.08890,0.10040,0.08620,0.15870,0.08420,0.20360,0.08650,0.08980,0.09010,0.08260,0.08920,0.49170,0.08520,0.09060,0.07660,0.12220,0.08040,0.16740,0.07850,0.08560,0.07820,0.08440,0.08060,0.30410,0.08040,0.08460
0:18:29,1.25930,0.07500,0.10000,0.09340,0.08660,0.08280,0.08780,0.08270,0.08540,0.07610,0.08360,0.07590,1.01180,0.08960,0.09260,0.18850,0.08370,0.08460,0.08660,0.08540,0.08390,0.48570,0.08210,0.09120,0.70310,0.08270,0.09000,0.16370,0.08290,0.11040,0.09460,0.08470,0.08270,0.40380,0.08530,0.09040,0.07540,0.08370,0.08650,0.18420,0.08790,0.09250,0.09070,0.08370,0.08120,0.23090,0.08070,0.09140,0.12560,0.07590,0.09580,0.13930,0.09420,0.08970,0.09020,0.07980,0.08550,0.09030,0.09040,0.08600,0.08870,0.20030,0.09640,0.14900,0.09610,0.10250,0.08650,0.08390,0.08770,0.70140,0.08910,0.10160,0.08610,0.16500,0.08440,0.20250,0.08670,0.09020,0.09000,0.08260,0.08910,0.52800,0.08540,0.09130,0.07660,0.12570,0.08040,0.16570,0.07840,0.08580,0.07620,0.08450,0.08060,0.33090,0.08030,0.08500
0:20:09,1.30590,0.07500,0.10080,0.09340,0.08670,0.08280,0.08800,0.08260,0.08550,0.07610,0.08360,0.07580,1.05600,0.08970,0.09320,0.19670,0.08380,0.08460,0.08690,0.08550,0.08380,0.52300,0.08210,0.09110,0.74390,0.08260,0.09020,0.16910,0.08280,0.11020,0.09470,0.08480,0.08250,0.42940,0.08500,0.09040,0.07540,0.08360,0.08640,0.18620,0.08780,0.09230,0.09060,0.08370,0.08110,0.24320,0.08060,0.09140,0.12470,0.07590,0.09660,0.13840,0.09500,0.08950,0.08930,0.07980,0.08530,0.08980,0.09090,0.08580,0.08890,0.20950,0.09670,0.14760,0.09660,0.10340,0.08650,0.08400,0.08760,0.74390,0.08940,0.10210,0.08620,0.17160,0.08460,0.20030,0.08690,0.09070,0.08990,0.08260,0.08890,0.56070,0.08540,0.09200,0.07650,0.12900,0.08030,0.16530,0.07840,0.08590,0.07620,0.08450,0.08050,0.35580,0.08030,0.08530
0:21:49,1.33950,0.07500,0.10170,0.09340,0.08680,0.08290,0.08840,0.08270,0.08560,0.07610,0.08360,0.07590,1.09690,0.08990,0.09380,0.20560,0.08400,0.08490,0.08710,0.08560,0.08400,0.55820,0.08220,0.09140,0.78430,0.08260,0.09060,0.17530,0.08290,0.10960,0.09490,0.08510,0.08240,0.45400,0.08510,0.09070,0.07530,0.08360,0.08640,0.18810,0.08790,0.09270,0.09070,0.08370,0.08110,0.25620,0.08060,0.09150,0.12410,0.07600,0.09750,0.13730,0.09570,0.08950,0.09290,0.07990,0.08550,0.08990,0.09140,0.08590,0.08920,0.21860,0.09720,0.14630,0.09710,0.10450,0.08620,0.08420,0.08780,0.78360,0.08970,0.10290,0.08630,0.17800,0.08480,0.19910,0.08720,0.09120,0.09010,0.08280,0.08890,0.59580,0.08560,0.09290,0.07670,0.13240,0.08040,0.16360,0.07840,0.08620,0.07630,0.08470,0.08060,0.37960,0.08050,0.08580
0:23:29,1.36550,0.07500,0.10250,0.09330,0.08690,0.09130,0.08860,0.08270,0.08550,0.07610,0.08340,0.07590,1.13340,0.08990,0.09440,0.21530,0.08410,0.08490,0.08740,0.08560,0.08390,0.59130,0.08220,0.09160,0.82130,0.08260,0.09100,0.18110,0.08280,0.10850,0.09490,0.08510,0.08250,0.47620,0.08500,0.09090,0.07520,0.08350,0.08640,0.18890,0.08800,0.09370,0.09050,0.08370,0.08120,0.27000,0.08050,0.09170,0.12400,0.07590,0.09820,0.13650,0.09610,0.08940,0.09020,0.07990,0.08540,0.08980,0.09170,0.08570,0.08940,0.22790,0.09750,0.14550,0.09760,0.10540,0.08610,0.08450,0.08790,0.82760,0.08990,0.10380,0.08640,0.18430,0.08500,0.19690,0.08730,0.09170,0.08960,0.08280,0.08880,0.63120,0.08570,0.09360,0.07670,0.13540,0.08040,0.16300,0.07840,0.08640,0.07620,0.08470,0.08060,0.40230,0.08040,0.08620
0:25:09,1.37960,0.07500,0.10330,0.09350,0.08690,0.09140,0.08890,0.08260,0.08560,0.07610,0.08360,0.07590,1.16650,0.09010,0.09500,0.22290,0.08420,0.08510,0.08750,0.08580,0.08390,0.62490,0.08220,0.09200,0.85590,0.08260,0.09120,0.18690,0.08270,0.10900,0.09510,0.08510,0.08250,0.50060,0.08490,0.09120,0.07520,0.08350,0.08650,0.19230,0.08800,0.09280,0.09060,0.08380,0.08120,0.28310,0.08050,0.09180,0.12370,0.07600,0.09900,0.13540,0.09620,0.08940,0.09290,0.08000,0.08580,0.08950,0.09220,0.08570,0.08970,0.23790,0.09790,0.14420,0.09820,0.10620,0.08650,0.08460,0.08810,0.87080,0.09020,0.10480,0.08650,0.19050,0.08510,0.19540,0.08760,0.09220,0.09000,0.08280,0.08870,0.66500,0.08580,0.09440,0.07670,0.13870,0.08040,0.16360,0.07840,0.08650,0.07620,0.08490,0.08070,0.42370,0.08040,0.08650
0:26:49,1.39110,0.07510,0.10430,0.09370,0.08690,0.09150,0.08930,0.08280,0.08570,0.07630,0.08360,0.07600,1.19690,0.09030,0.09570,0.23200,0.08430,0.08530,0.08790,0.08590,0.08420,0.65750,0.08230,0.09220,0.89130,0.08270,0.09160,0.19230,0.08280,0.10830,0.09520,0.08510,0.08260,0.52510,0.08510,0.09170,0.07530,0.08360,0.08650,0.19310,0.08810,0.09360,0.09060,0.08380,0.08140,0.29740,0.08070,0.09200,0.12340,0.07610,0.09980,0.13440,0.09710,0.08960,0.08980,0.08010,0.08600,0.08950,0.09270,0.08570,0.09000,0.24790,0.09830,0.14350,0.09890,0.10700,0.08620,0.08480,0.08840,0.91590,0.09060,0.10630,0.08660,0.19680,0.08540,0.19420,0.08790,0.09270,0.09000,0.08300,0.08900,0.69830,0.08600,0.09540,0.07680,0.14230,0.08050,0.15970,0.07840,0.08690,0.07630,0.08500,0.08070,0.44460,0.08060,0.08690
0:28:29,1.39720,0.07530,0.10530,0.09370,0.08710,0.09150,0.08960,0.08290,0.08590,0.07640,0.08370,0.07600,1.22310,0.09040,0.09650,0.24150,0.08450,0.08560,0.08820,0.08600,0.08430,0.69240,0.08250,0.09270,0.92370,0.08270,0.09200,0.19870,0.08290,0.10800,0.09540,0.08540,0.08280,0.55040,0.08540,0.09220,0.07540,0.08370,0.08660,0.19470,0.08810,0.09150,0.09070,0.08400,0.08150,0.31130,0.08080,0.09230,0.12300,0.07620,0.10050,0.13360,0.09810,0.08970,0.09280,0.08020,0.08630,0.08960,0.09310,0.08570,0.09030,0.25810,0.09890,0.14280,0.09960,0.10810,0.08570,0.08500,0.08860,0.95680,0.09080,0.10800,0.08680,0.20330,0.08570,0.19280,0.08820,0.09340,0.09020,0.08300,0.08910,0.73470,0.08630,0.09640,0.07690,0.14590,0.08060,0.15780,0.07850,0.08720,0.07640,0.08530,0.08080,0.46500,0.08060,0.08740
0:30:09,1.39880,0.07530,0.10660,0.09360,0.08740,0.09150,0.09020,0.08300,0.08610,0.07650,0.08390,0.07610,1.24540,0.09050,0.09720,0.25010,0.08460,0.08570,0.08860,0.08620,0.08440,0.72370,0.08260,0.09330,0.95520,0.08280,0.09240,0.20460,0.08310,0.10720,0.09570,0.08540,0.08290,0.57480,0.08520,0.09260,0.07550,0.08370,0.08660,0.19640,0.08820,0.09370,0.09080,0.08410,0.08150,0.32500,0.08100,0.09250,0.12290,0.07620,0.10140,0.13260,0.09920,0.08990,0.08990,0.08030,0.08660,0.08950,0.09350,0.08560,0.09060,0.26840,0.09920,0.14150,0.10020,0.10890,0.08570,0.08520,0.08890,0.99460,0.09120,0.10970,0.08700,0.21040,0.08600,0.19160,0.08850,0.09390,0.09030,0.08330,0.08910,0.76970,0.08650,0.09730,0.07690,0.14940,0.08060,0.15530,0.07850,0.08750,0.07650,0.08540,0.08090,0.48450,0.08070,0.08800
0:31:49,1.39860,0.07530,0.10770,0.09360,0.08760,0.09160,0.09080,0.08300,0.08620,0.07660,0.08390,0.07610,1.26470,0.09070,0.09790,0.25830,0.08470,0.08550,0.08890,0.08620,0.08460,0.75450,0.08270,0.09360,0.98660,0.08290,0.09270,0.21040,0.08320,0.10720,0.09580,0.08560,0.08310,0.59990,0.08520,0.09300,0.07550,0.08380,0.08660,0.19870,0.08830,0.09170,0.09070,0.08430,0.08150,0.33840,0.08100,0.09280,0.12260,0.07630,0.10220,0.13170,0.10020,0.09000,0.09290,0.08030,0.08720,0.08940,0.09410,0.08560,0.09080,0.27840,0.09960,0.14100,0.10090,0.10970,0.08600,0.08540,0.08890,1.02960,0.09150,0.11140,0.08700,0.21770,0.08630,0.18950,0.08870,0.09440,0.09000,0.08350,0.08920,0.80090,0.08670,0.09810,0.07690,0.15320,0.08060,0.15300,0.07850,0.08780,0.07660,0.08540,0.08090,0.50390,0.08080,0.08830
0:33:29,1.39830,0.07550,0.10910,0.09360,0.08780,0.09160,0.09160,0.08310,0.08650,0.07670,0.08410,0.07620,1.28050,0.09100,0.09890,0.26700,0.08500,0.08560,0.08940,0.08670,0.08500,0.78660,0.08310,0.09430,1.01640,0.08330,0.09320,0.21590,0.08340,0.08670,0.09620,0.08590,0.08330,0.62380,0.08550,0.09350,0.07550,0.08390,0.08670,0.19910,0.08850,0.09370,0.09080,0.08460,0.08180,0.35140,0.08130,0.09310,0.12260,0.07640,0.10300,0.13100,0.10140,0.09010,0.09060,0.08050,0.08760,0.08940,0.09500,0.08560,0.09130,0.28830,0.10020,0.14000,0.10540,0.11060,0.08640,0.08570,0.08920,1.06210,0.09210,0.11310,0.08730,0.22480,0.08680,0.18820,0.08920,0.09500,0.09020,0.08390,0.08930,0.83170,0.08700,0.09890,0.07700,0.15740,0.08080,0.15350,0.07870,0.08810,0.07680,0.08570,0.08100,0.52340,0.08090,0.08890
0:35:09,1.40100,0.07550,0.11040,0.09360,0.08800,0.09170,0.09220,0.08320,0.08660,0.07680,0.08420,0.07620,1.29250,0.09120,0.09980,0.27510,0.08520,0.08590,0.08980,0.08700,0.08520,0.81880,0.08320,0.09480,1.04450,0.08340,0.09360,0.22190,0.08350,0.10680,0.09640,0.08620,0.08340,0.64750,0.08570,0.09400,0.07560,0.08400,0.08670,0.20210,0.08860,0.09220,0.09080,0.08480,0.08170,0.36400,0.08130,0.09330,0.12260,0.07650,0.10410,0.13020,0.10230,0.09010,0.09320,0.08070,0.08840,0.08940,0.09550,0.08550,0.09160,0.29810,0.10070,0.13920,0.10670,0.11150,0.08670,0.08580,0.08930,1.09070,0.09260,0.11470,0.08740,0.23180,0.08710,0.18670,0.08950,0.09560,0.09060,0.08420,0.08940,0.86060,0.08730,0.09970,0.07700,0.16140,0.08080,0.15210,0.07870,0.08840,0.07690,0.08590,0.08110,0.54250,0.08100,0.08940
0:36:49,1.39790,0.07570,0.11170,0.09360,0.08840,0.09170,0.09290,0.08330,0.08700,0.07700,0.08440,0.07630,1.30300,0.09160,0.10080,0.28370,0.08550,0.08650,0.09030,0.08740,0.08560,0.84680,0.08370,0.09560,1.06830,0.08350,0.09410,0.22780,0.08350,0.08720,0.09690,0.08730,0.08370,0.66960,0.08630,0.09480,0.07560,0.08430,0.08680,0.20400,0.08890,0.09380,0.09100,0.08520,0.08210,0.37680,0.08170,0.09380,0.12240,0.07670,0.10500,0.13000,0.10320,0.09030,0.09120,0.08110,0.08880,0.08970,0.09640,0.08550,0.09200,0.30770,0.10130,0.13860,0.10570,0.11260,0.08720,0.08620,0.08980,1.11750,0.09330,0.11620,0.08770,0.23850,0.08750,0.18580,0.09000,0.09620,0.09010,0.08430,0.08960,0.88890,0.08760,0.10060,0.07710,0.16540,0.08090,0.15140,0.07880,0.08880,0.07700,0.08620,0.08120,0.56150,0.08120,0.08990
0:38:29,1.39570,0.07600,0.11290,0.09360,0.08890,0.09190,0.09370,0.08350,0.08740,0.07720,0.08450,0.07660,1.31030,0.09210,0.10170,0.29220,0.08600,0.08690,0.09090,0.08790,0.08610,0.87060,0.08460,0.09640,1.09160,0.08380,0.09450,0.23380,0.08390,0.10700,0.09740,0.08790,0.08410,0.69190,0.08720,0.09610,0.07580,0.08450,0.08690,0.20560,0.08920,0.09300,0.09110,0.08570,0.08240,0.38960,0.08220,0.09430,0.12220,0.07690,0.10590,0.12910,0.10420,0.09050,0.09390,0.08140,0.08980,0.09000,0.09730,0.08550,0.09240,0.31740,0.10200,0.13810,0.10420,0.11370,0.08750,0.08640,0.09010,1.14030,0.09400,0.11740,0.08780,0.24520,0.08790,0.18400,0.09050,0.09700,0.09030,0.08460,0.08980,0.91550,0.08800,0.10150,0.07630,0.16910,0.08110,0.14950,0.07900,0.08920,0.07730,0.08640,0.08140,0.58030,0.08140,0.09040
0:40:09,1.39420,0.07620,0.11410,0.09360,0.08930,0.09210,0.09460,0.08370,0.08770,0.07740,0.08460,0.07670,1.31630,0.09240,0.10260,0.30060,0.08650,0.08730,0.09160,0.08850,0.08660,0.89140,0.08540,0.09720,1.11380,0.08400,0.09510,0.23980,0.08410,0.08800,0.09810,0.08850,0.08450,0.71350,0.08820,0.09720,0.07580,0.08470,0.08710,0.20770,0.08950,0.09430,0.09140,0.08630,0.08280,0.40230,0.08260,0.09480,0.12210,0.07720,0.10680,0.12830,0.10530,0.09060,0.09190,0.08190,0.09010,0.09040,0.09820,0.08550,0.09270,0.32700,0.10260,0.13680,0.10470,0.11480,0.08790,0.08700,0.09060,1.16070,0.09460,0.11860,0.08790,0.25180,0.08830,0.18280,0.09080,0.09770,0.09010,0.08490,0.09010,0.94130,0.08830,0.10220,0.07640,0.17280,0.08120,0.14800,0.07910,0.08960,0.07750,0.08660,0.08160,0.59830,0.08160,0.09080
0:41:49,1.39050,0.07640,0.11530,0.09380,0.08980,0.09220,0.09550,0.08390,0.08800,0.07750,0.08470,0.07680,1.32070,0.09270,0.10360,0.30910,0.08690,0.08760,0.09200,0.08890,0.08700,0.91050,0.08630,0.09800,1.13460,0.08410,0.09550,0.24570,0.08440,0.10690,0.09860,0.08900,0.08480,0.73550,0.08870,0.09820,0.07590,0.08490,0.08710,0.21020,0.08970,0.09380,0.09150,0.08680,0.08310,0.41490,0.08300,0.09530,0.12220,0.07740,0.10770,0.12780,0.10640,0.09090,0.09450,0.08230,0.09080,0.09060,0.09910,0.08560,0.09310,0.33650,0.10320,0.13670,0.10550,0.11610,0.08820,0.08750,0.09100,1.17980,0.09520,0.11990,0.08810,0.25850,0.08870,0.18130,0.09140,0.09840,0.09040,0.08530,0.09030,0.96570,0.08870,0.10300,0.07650,0.17650,0.08140,0.14740,0.07930,0.08990,0.07770,0.08700,0.08170,0.61650,0.08180,0.09120
0:43:29,1.38630,0.07680,0.11650,0.09380,0.09020,0.09240,0.09650,0.08420,0.08850,0.07780,0.08490,0.07700,1.32400,0.09300,0.10450,0.31770,0.08740,0.08800,0.09280,0.08940,0.08750,0.93080,0.08710,0.09880,1.15240,0.08440,0.09610,0.25140,0.08480,0.08890,0.09940,0.08970,0.08520,0.75700,0.08980,0.09930,0.07590,0.08520,0.08730,0.21210,0.09010,0.09190,0.09180,0.08750,0.08360,0.42750,0.08380,0.09580,0.12200,0.07770,0.10860,0.08490,0.10770,0.09120,0.09270,0.08290,0.09120,0.09110,0.10010,0.08560,0.09350,0.34600,0.10380,0.13600,0.10640,0.11730,0.08860,0.08800,0.09140,1.19680,0.09600,0.12110,0.08840,0.26520,0.08920,0.18010,0.09190,0.09920,0.09010,0.08580,0.09060,0.98870,0.08900,0.10390,0.07660,0.18020,0.08160,0.14580,0.07940,0.09040,0.07800,0.08730,0.08190,0.63440,0.08210,0.09170
0:45:09,1.38300,0.07700,0.11760,0.09390,0.09070,0.09260,0.09740,0.08440,0.08880,0.07800,0.08500,0.07710,1.32560,0.09340,0.10550,0.32610,0.08790,0.08840,0.09350,0.09000,0.08800,0.95150,0.08800,0.09940,1.17080,0.08450,0.09660,0.25730,0.08520,0.10700,0.10010,0.09020,0.08560,0.77730,0.09060,0.10040,0.07600,0.08540,0.08750,0.21420,0.09050,0.09470,0.09210,0.08840,0.08420,0.44010,0.08450,0.09640,0.12200,0.07800,0.10960,0.08510,0.10880,0.09150,0.09540,0.08360,0.09220,0.09170,0.10110,0.08560,0.09390,0.35540,0.10450,0.13510,0.10740,0.11840,0.08900,0.08860,0.09180,1.21240,0.09670,0.12250,0.08860,0.27190,0.08970,0.17860,0.09250,0.10010,0.09050,0.08620,0.09090,1.01100,0.08940,0.10470,0.07670,0.18390,0.08180,0.14460,0.07960,0.09080,0.07820,0.08780,0.08210,0.65180,0.08230,0.09210
0:46:49,1.37880,0.07740,0.11870,0.09400,0.09110,0.09270,0.09810,0.08480,0.08900,0.07820,0.08510,0.07720,1.32680,0.09360,0.10640,0.33430,0.08830,0.08880,0.09410,0.09050,0.08860,0.97160,0.08870,0.10010,1.18550,0.08480,0.09720,0.26330,0.08560,0.08990,0.10110,0.09100,0.08450,0.79780,0.09130,0.10130,0.07610,0.08570,0.08770,0.21680,0.09100,0.09520,0.09240,0.08920,0.08470,0.45260,0.08530,0.09690,0.12200,0.07830,0.11070,0.08520,0.10990,0.09190,0.09390,0.08420,0.09170,0.09210,0.10200,0.08550,0.09440,0.36480,0.10510,0.13500,0.10820,0.11930,0.08950,0.08920,0.09240,1.22590,0.09730,0.12380,0.08880,0.27870,0.09020,0.17700,0.09300,0.10080,0.09050,0.08660,0.09130,1.03170,0.08980,0.10560,0.07670,0.18750,0.08190,0.14450,0.07980,0.09130,0.07850,0.08810,0.08230,0.66880,0.08250,0.09260
0:48:29,1.37430,0.07760,0.11980,0.09400,0.09150,0.09280,0.09900,0.08500,0.08940,0.07830,0.08530,0.07730,1.32720,0.09390,0.10740,0.34270,0.08880,0.08920,0.09490,0.09100,0.08910,0.99090,0.08960,0.10090,1.19960,0.08500,0.09770,0.26940,0.08600,0.10760,0.10180,0.09160,0.08510,0.81790,0.09210,0.10230,0.07620,0.08600,0.08790,0.22020,0.09150,0.09590,0.09280,0.09020,0.08520,0.46500,0.08590,0.09740,0.12210,0.07870,0.11170,0.08560,0.11100,0.09240,0.09630,0.08500,0.09210,0.09270,0.10280,0.08570,0.09470,0.37410,0.10580,0.13420,0.10910,0.12050,0.09000,0.08960,0.09290,1.23840,0.09800,0.12510,0.08900,0.28530,0.09070,0.17640,0.09350,0.10170,0.09100,0.08710,0.09160,1.05220,0.09020,0.10630,0.07690,0.19120,0.08210,0.14260,0.08000,0.09170,0.07880,0.08850,0.08250,0.68610,0.08280,0.09310
0:50:09,1.37140,0.07800,0.12100,0.09420,0.09200,0.09300,0.09990,0.08550,0.08980,0.07870,0.08560,0.07750,1.32730,0.09420,0.10830,0.35080,0.08930,0.08980,0.09580,0.09170,0.08980,1.00970,0.09040,0.10190,1.21310,0.08540,0.09840,0.27520,0.08650,0.09110,0.10300,0.09240,0.08570,0.83690,0.09280,0.10360,0.07630,0.08620,0.08820,0.22160,0.09200,0.09670,0.09330,0.09120,0.08600,0.47730,0.08690,0.09830,0.12220,0.07900,0.11270,0.08590,0.11220,0.09280,0.09520,0.08580,0.09290,0.09330,0.10390,0.08560,0.09520,0.38320,0.10650,0.13420,0.10740,0.12170,0.09050,0.09030,0.09350,1.24950,0.09870,0.12650,0.08930,0.29200,0.09120,0.17490,0.09410,0.10240,0.09070,0.08760,0.09200,1.07170,0.09060,0.10720,0.07700,0.19480,0.08230,0.14050,0.08020,0.09220,0.07920,0.08890,0.08280,0.70270,0.08310,0.09360
0:51:49,1.36710,0.07830,0.12220,0.09430,0.09250,0.09340,0.10080,0.08590,0.09030,0.07880,0.08570,0.07770,1.32680,0.09430,0.10930,0.35920,0.08990,0.09030,0.09670,0.09250,0.09040,1.02780,0.09140,0.10280,1.22420,0.08570,0.09890,0.28160,0.08710,0.10860,0.10400,0.09330,0.08640,0.85630,0.09390,0.10470,0.07640,0.08650,0.08840,0.22350,0.09260,0.09740,0.09390,0.09240,0.08670,0.48970,0.08780,0.09900,0.12210,0.07940,0.11370,0.08630,0.11340,0.09340,0.09740,0.08680,0.09380,0.09410,0.10500,0.08570,0.09570,0.39240,0.10720,0.13360,0.10820,0.12300,0.09100,0.09090,0.09400,1.25900,0.09950,0.12790,0.08950,0.29860,0.09170,0.17380,0.09460,0.10310,0.09130,0.08810,0.09240,1.08980,0.09100,0.10800,0.07710,0.19850,0.08250,0.14130,0.08050,0.09260,0.07950,0.08920,0.08300,0.71860,0.08340,0.09400
0:53:29,1.36370,0.07870,0.12330,0.09440,0.09300,0.09360,0.10170,0.08630,0.09070,0.07910,0.08580,0.07780,1.32580,0.09450,0.11040,0.36750,0.09040,0.09080,0.09760,0.09330,0.09110,1.04480,0.09230,0.10370,1.23400,0.08610,0.09960,0.28740,0.08770,0.09250,0.10510,0.09420,0.08700,0.87480,0.09470,0.10590,0.07640,0.08680,0.08880,0.22620,0.09310,0.09820,0.09430,0.09340,0.08740,0.50180,0.08870,0.09970,0.12210,0.07980,0.11480,0.08670,0.11460,0.09380,0.09650,0.08770,0.09490,0.09480,0.10600,0.08570,0.09610,0.40150,0.10790,0.13350,0.10900,0.12430,0.09150,0.09160,0.09460,1.26730,0.10030,0.12930,0.08970,0.30510,0.09220,0.17300,0.09520,0.10390,0.09140,0.08870,0.09280,1.10700,0.09130,0.10870,0.07720,0.20210,0.08270,0.13990,0.08070,0.09310,0.07980,0.08950,0.08320,0.73470,0.08360,0.09440
0:55:09,1.35920,0.07910,0.12450,0.09460,0.09350,0.09380,0.10270,0.08680,0.09130,0.07940,0.08600,0.07810,1.32400,0.09490,0.11140,0.37580,0.09110,0.09140,0.09850,0.09410,0.09180,1.06120,0.09320,0.10450,1.24330,0.08650,0.10030,0.29340,0.08830,0.10920,0.10620,0.09520,0.08770,0.89220,0.09570,0.10720,0.07670,0.08710,0.08910,0.22920,0.09390,0.09900,0.09510,0.09460,0.08810,0.51400,0.08960,0.10050,0.12250,0.08020,0.11590,0.08710,0.11590,0.09450,0.09870,0.08860,0.09610,0.09540,0.10710,0.08580,0.09650,0.41060,0.10870,0.13300,0.10990,0.12560,0.09220,0.09240,0.09530,1.27430,0.10120,0.13060,0.09000,0.31160,0.09280,0.17210,0.09590,0.10480,0.09170,0.08920,0.09320,1.12340,0.09180,0.10960,0.07750,0.20580,0.08290,0.13970,0.08100,0.09360,0.08030,0.09000,0.08350,0.75010,0.08400,0.09500
0:56:49,1.35550,0.07970,0.12570,0.09470,0.09420,0.09430,0.10400,0.08770,0.09210,0.08000,0.08630,0.07850,1.32210,0.09540,0.11250,0.38400,0.09200,0.09220,0.09980,0.09540,0.09270,1.07680,0.09460,0.10620,1.25040,0.08690,0.10100,0.29960,0.08910,0.09410,0.10750,0.09660,0.08880,0.91020,0.09710,0.10880,0.07680,0.08750,0.08950,0.23070,0.09470,0.09990,0.09610,0.09590,0.08900,0.52640,0.09080,0.10170,0.12230,0.08080,0.11700,0.08770,0.11730,0.09520,0.09840,0.08980,0.09750,0.09650,0.10860,0.08590,0.09690,0.41950,0.10950,0.13270,0.11080,0.12710,0.09290,0.09340,0.09620,1.28080,0.10240,0.13210,0.09020,0.31800,0.09330,0.17080,0.09660,0.10560,0.09210,0.09000,0.09370,1.13850,0.09240,0.11040,0.07770,0.20940,0.08330,0.13730,0.08130,0.09420,0.08070,0.09060,0.08400,0.76600,0.08450,0.09550
0:58:29,1.35230,0.08030,0.12710,0.09500,0.09520,0.09480,0.10560,0.08880,0.09310,0.08090,0.08680,0.07920,1.31950,0.09600,0.11380,0.39240,0.09300,0.09320,0.10140,0.09690,0.09400,1.09210,0.09650,0.10830,1.25800,0.08750,0.10190,0.30610,0.09000,0.11100,0.10900,0.09840,0.09010,0.92800,0.09920,0.11080,0.07690,0.08790,0.09010,0.23340,0.09580,0.10110,0.09720,0.09750,0.09030,0.53880,0.09240,0.10320,0.12290,0.08140,0.11830,0.08840,0.11890,0.09620,0.10060,0.09120,0.09890,0.09790,0.11040,0.08610,0.09740,0.42860,0.11040,0.13210,0.11190,0.12870,0.09390,0.09460,0.09710,1.28630,0.10390,0.13360,0.09050,0.32460,0.09400,0.16910,0.09740,0.10660,0.09250,0.09090,0.09440,1.15350,0.09300,0.11120,0.07780,0.21310,0.08360,0.13750,0.08160,0.09480,0.08140,0.09120,0.08440,0.78140,0.08500,0.09610
1:00:09,1.34780,0.08090,0.12850,0.09530,0.09590,0.09530,0.10700,0.08960,0.09400,0.08140,0.08720,0.07970,1.31770,0.09670,0.11510,0.40060,0.09380,0.09400,0.10270,0.09810,0.09520,1.10590,0.09820,0.10990,1.26320,0.08810,0.10270,0.31230,0.09090,0.09640,0.11060,0.09980,0.09130,0.94480,0.10090,0.11270,0.07710,0.08840,0.09060,0.23720,0.09680,0.10220,0.09810,0.09900,0.09140,0.55140,0.09390,0.10440,0.12280,0.08200,0.11940,0.08900,0.12020,0.09710,0.10080,0.09240,0.10040,0.09920,0.11200,0.08630,0.09780,0.43760,0.11120,0.13190,0.11290,0.13020,0.09470,0.09560,0.09810,1.29080,0.10510,0.13500,0.09080,0.33110,0.09460,0.16900,0.09810,0.10750,0.09320,0.09170,0.09510,1.16720,0.09360,0.11210,0.07820,0.21680,0.08390,0.13720,0.08200,0.09540,0.08180,0.09180,0.08480,0.79630,0.08540,0.09670

