Corrected [600]
	1	2	3	4	5	6	7	8	9	10	11	12
A	0.26259	0.08161	0.22539	0.08102	0.22756	0.08026	0.18819	0.07994	0.22556	0.07955	0.21865	0.08041	Corrected [600]
B	0.19543	0.26007	0.19322	0.22352	0.18257	0.19696	0.15389	0.21980	0.17780	0.21418	0.17502	0.20493	Corrected [600]
C	0.14134	0.19563	0.13956	0.17501	0.13243	0.16121	0.11974	0.18020	0.13475	0.17369	0.13068	0.17006	Corrected [600]
D	0.07946	0.13914	0.08002	0.12553	0.08168	0.12296	0.08139	0.12963	0.08176	0.12679	0.07919	0.12501	Corrected [600]
E	0.17781	0.08141	0.25542	0.08154	0.18295	0.08038	0.21665	0.08062	0.21656	0.08132	0.20816	0.08100	Corrected [600]
F	0.14100	0.24649	0.18670	0.20898	0.14365	0.21752	0.17165	0.24416	0.17115	0.22465	0.16765	0.23092	Corrected [600]
G	0.11144	0.19175	0.13907	0.16881	0.11657	0.17436	0.13080	0.20196	0.12832	0.18121	0.12719	0.17920	Corrected [600]
H	0.08151	0.12800	0.07881	0.11708	0.08080	0.11941	0.07935	0.13140	0.07968	0.12349	0.08076	0.13505	Corrected [600]

