Corrected [600]
	1	2	3	4	5	6	7	8	9	10	11	12
A	0.44876	0.08718	0.24702	0.08094	0.25594	0.07919	0.24559	0.08125	0.20663	0.07809	0.29817	0.07795	Corrected [600]
B	0.32104	0.27455	0.19176	0.21651	0.19785	0.22240	0.19342	0.22696	0.16165	0.23398	0.22511	0.24644	Corrected [600]
C	0.21367	0.20932	0.13336	0.16676	0.13835	0.17959	0.13718	0.18127	0.12277	0.19102	0.15399	0.19600	Corrected [600]
D	0.07948	0.14363	0.07683	0.12027	0.07950	0.13131	0.07783	0.13295	0.07720	0.13367	0.07746	0.13816	Corrected [600]
E	0.32562	0.07919	0.25632	0.07909	0.24042	0.08078	0.27205	0.07980	0.23814	0.10514	0.23134	0.07602	Corrected [600]
F	0.24544	0.26589	0.19467	0.20131	0.18169	0.20037	0.21130	0.24793	0.17959	0.25213	0.18083	0.18872	Corrected [600]
G	0.16150	0.19507	0.13755	0.15048	0.13204	0.16032	0.14575	0.18826	0.12990	0.19930	0.13100	0.15393	Corrected [600]
H	0.08036	0.14396	0.07894	0.11788	0.07908	0.12048	0.07964	0.13410	0.07780	0.14162	0.07818	0.11782	Corrected [600]

