Corrected [600]
	1	2	3	4	5	6	7	8	9	10	11	12
A	0.38519	0.07364	0.38927	0.07421	0.47228	0.07445	0.44651	0.07684	0.43388	0.07425	0.47212	0.07416	Corrected [600]
B	0.28879	0.57443	0.34219	0.59285	0.39331	0.60999	0.42121	0.61470	0.39669	0.65283	0.45067	0.53285	Corrected [600]
C	0.18582	0.41109	0.21592	0.42531	0.24206	0.45191	0.24763	0.45825	0.25724	0.51775	0.27153	0.39633	Corrected [600]
D	0.07379	0.25178	0.07281	0.24718	0.07429	0.26900	0.07442	0.29955	0.07509	0.28690	0.07473	0.23423	Corrected [600]
E	0.45380	0.07401	0.58657	0.08033	0.58249	0.07497	0.66905	0.07605	0.66061	0.07410	0.71280	0.07387	Corrected [600]
F	0.31638	0.63611	0.40449	0.68609	0.42858	0.74575	0.46056	0.70632	0.43336	0.67786	0.51983	0.53785	Corrected [600]
G	0.18437	0.43164	0.22346	0.44141	0.25102	0.50207	0.27449	0.48227	0.27603	0.46910	0.29021	0.39199	Corrected [600]
H	0.07325	0.21888	0.07609	0.21173	0.07524	0.22727	0.07500	0.21482	0.07484	0.21527	0.07411	0.24684	Corrected [600]

