420

Time,A1,A2,A3,A4,A5,A6,A7,A8,A9,A10,A11,A12,B1,B2,B3,B4,B5,B6,B7,B8,B9,B10,B11,B12,C1,C2,C3,C4,C5,C6,C7,C8,C9,C10,C11,C12,D1,D2,D3,D4,D5,D6,D7,D8,D9,D10,D11,D12,E1,E2,E3,E4,E5,E6,E7,E8,E9,E10,E11,E12,F1,F2,F3,F4,F5,F6,F7,F8,F9,F10,F11,F12,G1,G2,G3,G4,G5,G6,G7,G8,G9,G10,G11,G12,H1,H2,H3,H4,H5,H6,H7,H8,H9,H10,H11,H12
0:00:34,0.10520,0.08650,0.11860,0.07460,0.10730,0.08360,0.09600,0.07540,0.10000,0.07670,0.08930,0.09140,0.09560,0.08660,0.09920,0.09990,0.12690,0.10900,0.09960,0.08890,0.10020,0.09170,0.26540,0.08890,0.10330,0.10020,0.09550,0.09780,0.08680,0.11540,0.10080,0.09740,0.09540,0.08890,0.09460,0.08610,0.08490,0.09410,0.07640,0.08780,0.08070,0.09360,0.07650,0.10650,0.08030,0.08750,0.07640,0.08160,0.10750,0.08360,0.10030,0.08050,0.36500,0.08330,0.11030,0.08130,0.22050,0.07760,0.14510,0.07440,0.09960,0.08230,0.08500,0.13370,0.08870,0.14060,0.09750,0.10310,0.17780,0.08860,0.08870,0.14260,0.09030,0.09900,0.09370,0.10000,0.08350,0.10030,0.09000,0.09870,0.23200,0.45860,0.30970,0.13640,0.07860,0.09470,0.08540,0.09360,0.07950,0.08230,0.07680,0.07980,0.07670,0.08400,0.07810,0.07720
0:10:34,0.10590,0.08480,0.11610,0.07390,0.10220,0.08350,0.09890,0.07450,0.09820,0.07510,0.09300,0.09070,0.09560,0.08800,0.10120,0.09700,0.12060,0.10060,0.10620,0.08660,0.09680,0.09120,0.24270,0.08560,0.10230,0.09800,0.09450,0.09610,0.08380,0.10490,0.10390,0.09370,0.09390,0.08680,0.09350,0.08360,0.07960,0.09570,0.07570,0.08620,0.07830,0.09170,0.07550,0.10190,0.07480,0.08590,0.07470,0.07940,0.12550,0.08010,0.09930,0.07520,0.34910,0.08090,0.14260,0.07530,0.20710,0.07640,0.14260,0.07370,0.11290,0.08010,0.08470,0.21510,0.09240,0.12460,0.11320,0.09620,0.16420,0.12610,0.08800,0.14840,0.09910,0.09530,0.09300,0.14460,0.08480,0.08790,0.09810,0.09280,0.28250,0.48040,0.08500,0.13670,0.07770,0.08670,0.07510,0.12230,0.07800,0.08080,0.07590,0.07800,0.07580,0.10610,0.07530,0.07850
0:20:34,0.10560,0.08350,0.11570,0.07400,0.09950,0.08320,0.10710,0.07440,0.09660,0.07500,0.10130,0.07860,0.09650,0.09100,0.10530,0.09620,0.11460,0.09890,0.11690,0.08460,0.09570,0.09160,0.26570,0.08400,0.10250,0.09790,0.31500,0.09490,0.08270,0.10010,0.10980,0.09120,0.09320,0.08680,0.09670,0.08330,0.07950,0.09650,0.07550,0.08600,0.07780,0.09090,0.07530,0.09880,0.07450,0.08580,0.07450,0.07870,0.15300,0.08010,0.10090,0.07490,0.33660,0.08020,0.19380,0.07500,0.19390,0.07610,0.14080,0.07350,0.13130,0.08040,0.08590,0.31730,0.09930,0.11230,0.13480,0.09410,0.15320,0.17650,0.08880,0.15310,0.10950,0.09470,0.09380,0.20510,0.08880,0.08490,0.11280,0.08920,0.27690,0.50240,0.08370,0.13830,0.07760,0.07740,0.07500,0.16070,0.07600,0.08000,0.07570,0.07830,0.07560,0.13350,0.07520,0.08140
0:30:34,0.10880,0.07660,0.11240,0.07470,0.09940,0.08420,0.12470,0.07530,0.09760,0.07600,0.11180,0.08020,0.09930,0.09630,0.11240,0.09000,0.11040,0.09930,0.13080,0.08480,0.08970,0.09460,0.29310,0.08610,0.10390,0.10110,0.08550,0.09530,0.08300,0.09890,0.11690,0.09030,0.09380,0.08790,0.10250,0.08470,0.07980,0.09850,0.07590,0.08640,0.07810,0.09140,0.07570,0.09500,0.07490,0.08640,0.07510,0.07840,0.18250,0.07620,0.10470,0.07520,0.33330,0.07650,0.22190,0.07520,0.18110,0.07630,0.13720,0.07380,0.15410,0.08170,0.08840,0.43680,0.11000,0.10570,0.16480,0.09200,0.14690,0.24230,0.09240,0.15400,0.12000,0.09490,0.09560,0.27760,0.09370,0.08500,0.13190,0.08790,0.25050,0.42430,0.08670,0.13830,0.07800,0.07790,0.07550,0.20910,0.07610,0.08020,0.07610,0.07890,0.07590,0.16450,0.07590,0.08590
0:40:34,0.11170,0.07890,0.12250,0.07580,0.10140,0.08580,0.14690,0.07720,0.10050,0.07800,0.12520,0.08430,0.10290,0.10250,0.12010,0.08040,0.10870,0.08560,0.14780,0.08610,0.09100,0.09810,0.31910,0.08920,0.10570,0.10530,0.09030,0.09640,0.08200,0.09730,0.10690,0.09030,0.08740,0.08990,0.10320,0.08680,0.08030,0.10150,0.07690,0.08750,0.07900,0.09270,0.07690,0.09190,0.07590,0.08760,0.07680,0.07870,0.21740,0.07730,0.11000,0.07610,0.33240,0.07700,0.27830,0.07600,0.16970,0.07700,0.13460,0.07420,0.18260,0.08400,0.09290,0.45750,0.12160,0.10010,0.20130,0.09500,0.13520,0.32320,0.09600,0.16060,0.13110,0.09620,0.09780,0.36200,0.10020,0.08630,0.15500,0.08680,0.25320,0.48260,0.09050,0.11600,0.07830,0.07870,0.07640,0.26520,0.07680,0.08130,0.07710,0.07980,0.07660,0.20050,0.07720,0.09120
0:50:34,0.11460,0.08310,0.13210,0.07800,0.10580,0.08960,0.18060,0.08160,0.10410,0.08230,0.14400,0.09300,0.10840,0.11000,0.12830,0.08310,0.10960,0.08940,0.16630,0.08890,0.09390,0.10460,0.34620,0.09370,0.10760,0.11090,0.09650,0.09850,0.08440,0.09730,0.11800,0.09240,0.08230,0.09370,0.11150,0.09030,0.07910,0.10550,0.07890,0.09010,0.07950,0.09530,0.07960,0.09010,0.07840,0.09030,0.07990,0.07900,0.26040,0.07950,0.11640,0.07790,0.33070,0.07880,0.31120,0.07810,0.15960,0.07850,0.13550,0.07510,0.21160,0.08500,0.08820,0.57810,0.13510,0.09770,0.24270,0.09720,0.12790,0.41980,0.10070,0.13020,0.14640,0.09850,0.10020,0.47650,0.10860,0.08850,0.18100,0.08830,0.25680,0.58650,0.09510,0.11930,0.07880,0.08010,0.07800,0.32680,0.07800,0.08330,0.07890,0.08190,0.07800,0.24150,0.07900,0.09630
1:00:34,0.12070,0.08710,0.13920,0.08000,0.11030,0.08830,0.20910,0.08680,0.10900,0.08780,0.16240,0.10060,0.11350,0.11710,0.13790,0.08560,0.11260,0.09310,0.18440,0.09250,0.09700,0.11290,0.37060,0.10100,0.10990,0.11710,0.10380,0.10090,0.08760,0.09960,0.12950,0.09490,0.08480,0.09780,0.12130,0.09410,0.08070,0.11040,0.08150,0.09330,0.08270,0.09160,0.08310,0.09050,0.08180,0.09390,0.08390,0.07950,0.29990,0.08230,0.12360,0.08060,0.33200,0.08130,0.36650,0.08060,0.15120,0.08040,0.13850,0.07640,0.24250,0.08560,0.09200,0.70470,0.15050,0.08770,0.28770,0.09870,0.12110,0.50170,0.10700,0.14710,0.16680,0.10080,0.10430,0.58190,0.11680,0.09100,0.21090,0.08680,0.22510,0.66670,0.09980,0.12010,0.07950,0.08190,0.07980,0.39320,0.07920,0.08550,0.08080,0.08320,0.07950,0.28220,0.08080,0.10410
1:10:34,0.12810,0.09170,0.15200,0.08190,0.11670,0.09340,0.23430,0.09290,0.11500,0.09390,0.18060,0.10770,0.11840,0.12370,0.14670,0.08900,0.11650,0.09860,0.20280,0.09740,0.10190,0.12150,0.39670,0.10890,0.11230,0.12370,0.11140,0.10380,0.09020,0.10010,0.14060,0.09070,0.08940,0.10240,0.13180,0.10030,0.08250,0.11530,0.08430,0.09680,0.08670,0.09450,0.08750,0.09170,0.08610,0.09820,0.08890,0.07990,0.33670,0.08540,0.13080,0.08350,0.33360,0.08410,0.42080,0.08370,0.09190,0.08240,0.14170,0.07730,0.27180,0.08700,0.09600,0.80320,0.16670,0.08870,0.33150,0.10360,0.11810,0.57220,0.11340,0.16170,0.18430,0.10290,0.09190,0.64290,0.12680,0.09390,0.24160,0.08820,0.27430,0.70810,0.10450,0.12870,0.08010,0.08340,0.08140,0.45570,0.08060,0.08740,0.08280,0.08470,0.08080,0.31710,0.08270,0.11080
1:20:34,0.13450,0.09500,0.16290,0.08310,0.12080,0.10920,0.25720,0.09740,0.11920,0.09840,0.19690,0.11310,0.12210,0.13010,0.15430,0.09180,0.11970,0.10270,0.21950,0.10050,0.10500,0.12880,0.41780,0.11470,0.11430,0.12900,0.11710,0.10580,0.09350,0.09540,0.15090,0.09380,0.09290,0.10640,0.14000,0.10390,0.08380,0.11940,0.08650,0.09940,0.08960,0.09680,0.09110,0.09240,0.08930,0.10100,0.09250,0.07990,0.37060,0.08760,0.13690,0.08580,0.33680,0.08640,0.47110,0.08620,0.09460,0.08410,0.14490,0.07800,0.29820,0.08780,0.09950,0.88680,0.17950,0.08970,0.37500,0.10630,0.11330,0.63530,0.11760,0.17680,0.19930,0.10490,0.09460,0.70200,0.13420,0.09470,0.26960,0.08930,0.28160,0.74930,0.10820,0.13700,0.08060,0.08480,0.08270,0.51390,0.08180,0.08880,0.08450,0.08590,0.08210,0.35120,0.08410,0.11640
1:30:34,0.14210,0.09910,0.17580,0.08480,0.12610,0.10990,0.28040,0.10230,0.12370,0.10350,0.21310,0.11870,0.12580,0.13720,0.15610,0.09540,0.12350,0.10620,0.23790,0.10600,0.10910,0.13650,0.44700,0.12060,0.11670,0.13540,0.12370,0.10970,0.09780,0.09820,0.16250,0.09780,0.09740,0.11160,0.13800,0.10890,0.08560,0.12420,0.08970,0.09790,0.09370,0.10040,0.09510,0.09230,0.09370,0.10540,0.09690,0.08010,0.40340,0.09060,0.14350,0.08900,0.34180,0.08970,0.51790,0.08990,0.09810,0.08660,0.15040,0.07870,0.32370,0.08890,0.10290,0.96410,0.19300,0.09120,0.41240,0.10600,0.11140,0.69750,0.12260,0.19130,0.21360,0.10710,0.09760,0.76590,0.14290,0.09630,0.29600,0.09100,0.27500,0.77970,0.11330,0.14460,0.08100,0.08630,0.08430,0.56440,0.08320,0.09130,0.08700,0.08750,0.08350,0.38540,0.08590,0.12220
1:40:34,0.14870,0.10240,0.18790,0.08600,0.13040,0.11730,0.30580,0.10620,0.12720,0.10740,0.22820,0.12320,0.13010,0.14350,0.16210,0.09840,0.12680,0.11040,0.25540,0.10990,0.11230,0.14280,0.47170,0.12520,0.12030,0.14100,0.13040,0.11250,0.10140,0.09970,0.17340,0.10140,0.10090,0.11610,0.14550,0.11270,0.08700,0.12860,0.09240,0.10040,0.09690,0.10340,0.09850,0.09500,0.09710,0.10890,0.10040,0.08030,0.43520,0.09310,0.14940,0.09170,0.34820,0.09240,0.56310,0.09290,0.09950,0.08830,0.15470,0.07940,0.34840,0.08990,0.10600,1.03410,0.20720,0.09270,0.45060,0.10750,0.11000,0.75880,0.12770,0.20510,0.22740,0.10880,0.10020,0.82980,0.15140,0.09770,0.32460,0.09220,0.23970,0.81240,0.11780,0.15250,0.08140,0.08760,0.08560,0.61860,0.08440,0.09290,0.08890,0.08890,0.08470,0.41900,0.08750,0.12810
1:50:34,0.15500,0.10570,0.20010,0.08720,0.13410,0.12100,0.33170,0.11010,0.13000,0.11120,0.22890,0.12740,0.13440,0.15010,0.16990,0.10170,0.12990,0.11470,0.27270,0.11410,0.11090,0.14920,0.60690,0.12960,0.12250,0.14700,0.13720,0.11540,0.10520,0.10190,0.18440,0.10510,0.10460,0.12120,0.15340,0.11680,0.08870,0.13300,0.09530,0.10320,0.10040,0.10660,0.10190,0.09830,0.10060,0.11270,0.10390,0.08050,0.46630,0.09580,0.15570,0.09450,0.35600,0.09550,0.60730,0.09620,0.10290,0.09100,0.16100,0.08000,0.37280,0.09080,0.10960,1.09390,0.22180,0.09490,0.49050,0.11120,0.10850,0.81780,0.13350,0.21910,0.24090,0.11080,0.10310,0.89060,0.16010,0.10010,0.35280,0.09400,0.24860,0.83860,0.12280,0.16030,0.08190,0.08910,0.08720,0.67180,0.08560,0.09530,0.09150,0.09090,0.08630,0.45190,0.08950,0.13380
2:00:34,0.16160,0.10900,0.21250,0.08890,0.13820,0.12490,0.35680,0.11400,0.13290,0.11510,0.24210,0.13160,0.13880,0.15720,0.17790,0.10500,0.13340,0.11910,0.28980,0.11810,0.11380,0.15530,0.64510,0.13390,0.12480,0.15280,0.14410,0.11840,0.10880,0.10450,0.19530,0.10870,0.10820,0.12610,0.16100,0.12070,0.09070,0.12740,0.09820,0.10420,0.10380,0.10580,0.10520,0.10170,0.10400,0.11620,0.10730,0.08100,0.49660,0.09850,0.16180,0.09720,0.36530,0.09860,0.65030,0.09960,0.10640,0.09380,0.16710,0.08090,0.39610,0.09210,0.11320,1.14320,0.23650,0.09740,0.52970,0.11370,0.10950,0.87410,0.13890,0.23320,0.25230,0.11290,0.10610,0.94590,0.16890,0.10240,0.38050,0.09630,0.23510,0.86800,0.12780,0.16810,0.08240,0.09070,0.08890,0.72210,0.08720,0.09750,0.09350,0.09290,0.08800,0.48460,0.09170,0.13980
2:10:34,0.16770,0.11210,0.22430,0.09010,0.14110,0.12810,0.38060,0.11740,0.13550,0.11850,0.25500,0.13530,0.13650,0.16400,0.18550,0.10820,0.13610,0.12280,0.30610,0.12160,0.11640,0.16080,0.68630,0.13760,0.12720,0.16740,0.15070,0.12120,0.11210,0.10720,0.20600,0.11200,0.11150,0.13100,0.16840,0.12430,0.09280,0.13180,0.10110,0.10680,0.10710,0.10900,0.10830,0.10490,0.10720,0.11980,0.11040,0.08120,0.49790,0.10130,0.16780,0.10000,0.37590,0.10170,0.69180,0.10260,0.10960,0.09660,0.17110,0.08160,0.41880,0.09290,0.11700,1.18260,0.25050,0.10020,0.56810,0.11580,0.10500,0.92450,0.14450,0.24680,0.26480,0.11510,0.10930,0.99520,0.17760,0.10470,0.40790,0.09870,0.28080,0.89670,0.13270,0.17580,0.08270,0.09220,0.09070,0.76900,0.08870,0.09980,0.09580,0.09520,0.08990,0.51690,0.09390,0.14580
2:20:34,0.17380,0.11510,0.23610,0.09160,0.14390,0.13090,0.40380,0.12080,0.13820,0.12200,0.26760,0.13910,0.14150,0.16590,0.19320,0.11130,0.13890,0.12640,0.32190,0.12510,0.11910,0.16630,0.71780,0.14110,0.12970,0.16980,0.15700,0.11850,0.11530,0.10950,0.21650,0.11520,0.11460,0.13560,0.17580,0.12770,0.09480,0.12930,0.10380,0.10920,0.11010,0.11220,0.11110,0.10800,0.11010,0.12320,0.11340,0.08190,0.52540,0.10380,0.17360,0.10240,0.38730,0.10450,0.73130,0.10570,0.11260,0.09940,0.17790,0.08240,0.42190,0.09400,0.12090,1.21610,0.26470,0.10280,0.60530,0.11790,0.10780,0.97240,0.15010,0.26110,0.27680,0.11710,0.11240,1.04050,0.18620,0.10700,0.43440,0.10090,0.25800,0.77160,0.13750,0.18360,0.08320,0.09380,0.09240,0.81360,0.09020,0.10190,0.09800,0.09720,0.09170,0.54860,0.09590,0.15180
2:30:34,0.17930,0.11810,0.24800,0.09290,0.14640,0.13440,0.42610,0.12400,0.14070,0.12520,0.28000,0.14250,0.14610,0.17290,0.20070,0.11420,0.14110,0.12970,0.33710,0.12800,0.12160,0.17150,0.75180,0.14440,0.13220,0.15270,0.16320,0.12100,0.11840,0.11200,0.22660,0.11840,0.11760,0.14040,0.18300,0.13100,0.09690,0.13370,0.10670,0.11180,0.11310,0.11530,0.11400,0.11110,0.11300,0.12660,0.11640,0.08230,0.52860,0.10640,0.17950,0.10500,0.39830,0.10740,0.76890,0.10860,0.11570,0.10240,0.17080,0.08340,0.44310,0.09480,0.12530,1.24170,0.27840,0.10560,0.64160,0.12040,0.11080,1.01470,0.15590,0.27470,0.28860,0.10630,0.11570,1.07970,0.19470,0.10950,0.46080,0.10330,0.26830,0.80800,0.14230,0.19120,0.08360,0.09570,0.09430,0.85570,0.09220,0.10420,0.10030,0.09950,0.09370,0.57890,0.09810,0.15830
2:40:34,0.18510,0.12110,0.25940,0.09450,0.14870,0.13740,0.44820,0.12710,0.14290,0.12840,0.29230,0.14580,0.15030,0.17970,0.20800,0.11710,0.14350,0.13320,0.35210,0.13120,0.12440,0.17680,0.78200,0.14750,0.13480,0.15790,0.16920,0.12350,0.12150,0.11440,0.23670,0.12140,0.12070,0.14500,0.18990,0.13410,0.09890,0.13810,0.10950,0.11420,0.11600,0.11840,0.11670,0.11420,0.11580,0.12990,0.11920,0.08280,0.55500,0.10900,0.18500,0.10750,0.40990,0.11020,0.80560,0.11150,0.11880,0.10520,0.17740,0.08450,0.46380,0.09580,0.12940,1.26180,0.29210,0.10830,0.67650,0.12240,0.11360,1.05400,0.16150,0.28810,0.30040,0.10860,0.11890,1.11450,0.20320,0.11190,0.48650,0.10570,0.29720,0.84360,0.14710,0.19880,0.08400,0.09740,0.09610,0.89560,0.09400,0.10650,0.10250,0.10180,0.09560,0.60930,0.10030,0.16460
2:50:34,0.19050,0.12360,0.27050,0.09540,0.15070,0.14000,0.46930,0.12980,0.14520,0.13120,0.30450,0.14870,0.15380,0.18600,0.21500,0.11960,0.14550,0.13620,0.36620,0.13370,0.12670,0.18150,0.80660,0.15040,0.13750,0.16300,0.17490,0.12550,0.12410,0.11670,0.24670,0.12400,0.12320,0.14890,0.19660,0.13690,0.10090,0.14220,0.11190,0.11520,0.11860,0.12100,0.11920,0.11700,0.11840,0.13290,0.12190,0.08330,0.58030,0.11130,0.19010,0.10970,0.42190,0.11270,0.83990,0.11420,0.12170,0.10780,0.18370,0.08530,0.48450,0.09640,0.13250,1.27820,0.30530,0.11070,0.71040,0.12460,0.11620,1.08910,0.16690,0.30150,0.31190,0.11090,0.12200,1.14540,0.21150,0.11430,0.51170,0.10790,0.31200,0.87780,0.15170,0.20630,0.08440,0.09920,0.09790,0.93270,0.09580,0.10860,0.10460,0.10390,0.09760,0.63810,0.10240,0.17090
3:00:34,0.19560,0.12590,0.28120,0.09650,0.14290,0.14240,0.49020,0.13230,0.14730,0.13390,0.31610,0.15140,0.15730,0.19230,0.22200,0.12200,0.14710,0.13920,0.38000,0.13610,0.12890,0.18580,0.83040,0.15300,0.13970,0.16800,0.18050,0.12740,0.12660,0.11870,0.25600,0.12660,0.12580,0.14910,0.20310,0.13950,0.10280,0.14630,0.11430,0.11740,0.12110,0.12360,0.12150,0.11960,0.12080,0.13320,0.12440,0.08360,0.60530,0.11360,0.19520,0.11180,0.43450,0.11520,0.87210,0.11660,0.12440,0.11040,0.19000,0.08630,0.50440,0.09720,0.13620,1.28990,0.31840,0.11320,0.74270,0.12650,0.11870,1.12070,0.17230,0.31480,0.32320,0.11320,0.12510,1.17190,0.21960,0.11630,0.53590,0.11010,0.28830,0.91040,0.15610,0.21360,0.08470,0.10080,0.09960,0.96750,0.09750,0.11060,0.10650,0.10600,0.09940,0.66620,0.10430,0.17710
3:10:34,0.20060,0.12800,0.29160,0.09700,0.14560,0.14480,0.51040,0.13460,0.14880,0.13630,0.32740,0.15400,0.16070,0.19810,0.22850,0.12410,0.14830,0.14170,0.39320,0.13810,0.13090,0.18990,0.86600,0.15540,0.14190,0.17270,0.18580,0.12900,0.12880,0.12050,0.26530,0.12880,0.12800,0.15260,0.20930,0.14180,0.10420,0.14990,0.11630,0.11930,0.12320,0.12590,0.12350,0.12180,0.12290,0.13600,0.12650,0.08400,0.62910,0.11540,0.19990,0.11360,0.44710,0.11720,0.90320,0.11870,0.12660,0.11240,0.19600,0.08670,0.52370,0.09760,0.14040,1.29880,0.33110,0.11510,0.77420,0.12820,0.12090,1.14890,0.17720,0.32710,0.33430,0.11490,0.12780,1.19420,0.22740,0.11820,0.55970,0.11190,0.31130,0.94080,0.16020,0.22110,0.08470,0.10190,0.10090,1.00000,0.09880,0.11220,0.10820,0.10760,0.10090,0.69350,0.10590,0.18270
3:20:34,0.20580,0.13050,0.30240,0.09850,0.14870,0.14740,0.53080,0.13720,0.15090,0.13920,0.33860,0.15650,0.16460,0.20430,0.23540,0.12660,0.15010,0.14450,0.40650,0.14050,0.13320,0.19430,0.88940,0.15820,0.14460,0.17770,0.19140,0.13090,0.13130,0.12270,0.27480,0.13140,0.13050,0.15670,0.21560,0.14440,0.10600,0.15380,0.11840,0.12160,0.12560,0.12830,0.12570,0.12430,0.12520,0.13910,0.12890,0.08460,0.65320,0.11750,0.20460,0.11570,0.40790,0.11940,0.93270,0.12110,0.12910,0.11480,0.20220,0.08820,0.54330,0.09880,0.14520,1.30660,0.34370,0.11730,0.80400,0.13020,0.12320,1.17530,0.18250,0.34070,0.34540,0.11700,0.13080,1.21410,0.23530,0.12020,0.58330,0.11400,0.29210,0.96960,0.16450,0.22840,0.08530,0.10360,0.10250,1.02980,0.10040,0.11420,0.11010,0.10960,0.10280,0.71980,0.10780,0.18880
3:30:34,0.21080,0.13260,0.31280,0.09980,0.14840,0.14950,0.55070,0.13960,0.15230,0.14160,0.34960,0.15890,0.16840,0.21040,0.24200,0.12900,0.15130,0.14720,0.41950,0.14270,0.13540,0.19850,0.91700,0.16070,0.14700,0.18270,0.19690,0.13270,0.13360,0.12480,0.28390,0.13370,0.13290,0.16060,0.22180,0.14690,0.10790,0.15760,0.12060,0.12370,0.12790,0.13060,0.12780,0.12660,0.12750,0.14200,0.13120,0.08530,0.67650,0.11960,0.20920,0.11780,0.42310,0.12170,0.96060,0.12340,0.13150,0.11720,0.20830,0.08940,0.56220,0.09970,0.14960,1.31120,0.35630,0.11970,0.83290,0.13200,0.12560,1.19730,0.18770,0.35350,0.35630,0.11910,0.13380,1.22990,0.24320,0.12220,0.60600,0.11610,0.29450,0.99670,0.16880,0.23590,0.08580,0.10540,0.10420,1.05720,0.10230,0.11620,0.11200,0.11160,0.10460,0.74580,0.10970,0.19490
3:40:34,0.21590,0.13480,0.32340,0.10120,0.15090,0.15220,0.57040,0.14200,0.15410,0.14420,0.36070,0.16140,0.17230,0.21660,0.24890,0.13140,0.15280,0.14990,0.43240,0.14490,0.13780,0.20300,0.94020,0.16350,0.15000,0.18760,0.20240,0.13450,0.13600,0.12700,0.29350,0.13600,0.13520,0.16460,0.22870,0.14950,0.10990,0.16150,0.12280,0.12580,0.13020,0.13310,0.13000,0.12910,0.12970,0.14510,0.13350,0.08590,0.69930,0.12170,0.21390,0.11990,0.43840,0.12410,0.98610,0.12580,0.13400,0.11970,0.21440,0.09140,0.58110,0.10070,0.15330,1.31580,0.36860,0.12210,0.86040,0.13380,0.12800,1.21800,0.19300,0.36740,0.36710,0.12150,0.13700,1.24440,0.25110,0.12430,0.62830,0.11840,0.28720,1.02210,0.17330,0.24310,0.08630,0.10730,0.10600,1.08330,0.10440,0.11810,0.11380,0.11360,0.10650,0.77080,0.11160,0.20130
3:50:34,0.22070,0.13720,0.33370,0.10260,0.15400,0.15470,0.58960,0.14440,0.15570,0.14640,0.37180,0.16370,0.17600,0.22240,0.25550,0.13360,0.15400,0.15250,0.44490,0.14680,0.14000,0.20710,0.95330,0.16560,0.15240,0.19260,0.20770,0.13620,0.13810,0.12930,0.30230,0.13820,0.13740,0.16830,0.23470,0.15180,0.11170,0.16520,0.12470,0.12780,0.13240,0.13540,0.13210,0.13140,0.13180,0.14780,0.13550,0.08650,0.72130,0.12370,0.21820,0.12190,0.45320,0.12630,1.01090,0.12800,0.13630,0.12190,0.22040,0.09280,0.59980,0.10160,0.15690,1.31800,0.38100,0.12430,0.88750,0.13570,0.13020,1.23520,0.19810,0.38050,0.37800,0.12370,0.14010,1.25530,0.25870,0.12630,0.65060,0.12050,0.33330,1.04580,0.17750,0.25030,0.08690,0.10930,0.10780,1.10710,0.10630,0.12000,0.11560,0.11560,0.10830,0.79510,0.11340,0.20750
4:00:34,0.22550,0.13910,0.34370,0.10370,0.15750,0.15650,0.60800,0.14630,0.15690,0.14860,0.38230,0.16580,0.17970,0.22810,0.25940,0.13560,0.15520,0.15490,0.45710,0.14860,0.14190,0.21110,0.97870,0.16790,0.15500,0.19710,0.21300,0.13760,0.14020,0.13120,0.31110,0.14020,0.13940,0.17190,0.24060,0.15410,0.11340,0.16880,0.12660,0.12970,0.13430,0.13760,0.13390,0.13350,0.13380,0.15060,0.13740,0.08670,0.74280,0.12560,0.22260,0.12360,0.46800,0.12830,1.03340,0.13000,0.13860,0.12410,0.22630,0.09450,0.61780,0.10240,0.16060,1.31930,0.39290,0.12630,0.91280,0.13730,0.13230,1.25040,0.20310,0.39330,0.38810,0.12580,0.14310,1.26520,0.26640,0.12820,0.67200,0.12240,0.32210,1.06770,0.18160,0.25720,0.08720,0.11110,0.10940,1.12910,0.10820,0.12180,0.11720,0.11740,0.11000,0.81860,0.11510,0.21350
4:10:34,0.23010,0.14080,0.35370,0.10450,0.15960,0.15860,0.62610,0.14840,0.15840,0.15060,0.39270,0.16780,0.18340,0.23360,0.26610,0.13760,0.15600,0.15700,0.46840,0.15040,0.14360,0.21460,1.00610,0.16980,0.15720,0.20140,0.21790,0.13880,0.14200,0.13310,0.31960,0.14200,0.14130,0.17510,0.24640,0.15610,0.11490,0.17200,0.12810,0.13140,0.13600,0.13940,0.13560,0.13530,0.13560,0.15300,0.13910,0.08710,0.76340,0.12730,0.22640,0.12520,0.48210,0.13010,1.05520,0.13190,0.14070,0.12600,0.23180,0.09530,0.63490,0.10280,0.16400,1.32000,0.40470,0.12800,0.93730,0.13890,0.13410,1.26300,0.20800,0.40570,0.39820,0.12760,0.14580,1.27250,0.27350,0.12980,0.69280,0.12410,0.30090,1.08750,0.18550,0.26430,0.08730,0.11260,0.11080,1.14800,0.10970,0.12330,0.11870,0.11890,0.11150,0.84070,0.11660,0.21940
4:20:34,0.23470,0.14220,0.36350,0.10520,0.16070,0.16000,0.64380,0.15010,0.15930,0.15250,0.40290,0.16970,0.18690,0.23890,0.27240,0.13910,0.15690,0.15890,0.47980,0.15180,0.14520,0.21820,1.02770,0.17160,0.15970,0.20570,0.22290,0.14020,0.14370,0.13460,0.32830,0.14370,0.14300,0.17830,0.25210,0.15790,0.11630,0.17520,0.12940,0.13300,0.13770,0.14120,0.13720,0.13710,0.13730,0.15530,0.14080,0.08750,0.78370,0.12880,0.23040,0.12680,0.49620,0.13170,1.07480,0.13360,0.14270,0.12790,0.23730,0.09640,0.65190,0.10350,0.16740,1.31970,0.41620,0.12960,0.96040,0.14040,0.13590,1.27420,0.21260,0.41800,0.40830,0.12930,0.14850,1.27840,0.28070,0.13130,0.71280,0.12570,0.30410,1.10650,0.18930,0.27130,0.08770,0.11390,0.11200,1.16610,0.11110,0.12480,0.12010,0.12040,0.11300,0.86220,0.11790,0.22570
4:30:34,0.23940,0.14410,0.37330,0.10640,0.16190,0.16230,0.66130,0.15200,0.16070,0.15460,0.41310,0.17180,0.19020,0.24440,0.27880,0.14110,0.15820,0.16120,0.49150,0.15360,0.14730,0.22200,1.03930,0.17350,0.16210,0.21020,0.22800,0.14160,0.14560,0.13640,0.33710,0.14550,0.14490,0.18150,0.25790,0.15980,0.11790,0.17860,0.13100,0.13480,0.13970,0.14320,0.13890,0.13910,0.13900,0.15780,0.14260,0.08830,0.80320,0.13050,0.23440,0.12860,0.51030,0.13350,1.09280,0.13560,0.14480,0.12990,0.24280,0.09790,0.66870,0.10450,0.17100,1.31950,0.42750,0.13160,0.98270,0.14200,0.13780,1.28480,0.21760,0.43040,0.41840,0.13140,0.15130,1.28340,0.28800,0.13310,0.73250,0.12760,0.31500,1.12400,0.19310,0.27830,0.08810,0.11560,0.11360,1.18210,0.11280,0.12650,0.12160,0.12210,0.11460,0.88350,0.11960,0.23190
4:40:34,0.24410,0.14570,0.38310,0.10720,0.16060,0.16410,0.67860,0.15380,0.16190,0.15630,0.42280,0.17350,0.19370,0.24990,0.28520,0.14310,0.15920,0.16330,0.50320,0.15530,0.14900,0.22580,1.06450,0.17530,0.16460,0.21450,0.23280,0.14310,0.14740,0.13840,0.34540,0.14720,0.14660,0.18480,0.26350,0.16180,0.11940,0.18180,0.13260,0.13650,0.14150,0.14500,0.14070,0.14090,0.14060,0.16030,0.14440,0.08880,0.82240,0.13220,0.23830,0.13010,0.52430,0.13520,1.11000,0.13730,0.14670,0.13180,0.24840,0.09950,0.68520,0.10540,0.17450,1.31910,0.43890,0.13350,1.00380,0.14350,0.13960,1.29280,0.22250,0.44290,0.42830,0.13330,0.15410,1.28730,0.29530,0.13470,0.75220,0.12940,0.29030,1.13980,0.19710,0.28520,0.08860,0.11720,0.11500,1.19690,0.11450,0.12790,0.12310,0.12370,0.11610,0.90370,0.12120,0.23770
4:50:34,0.24890,0.14740,0.39280,0.10860,0.16060,0.16580,0.69550,0.15560,0.16350,0.15820,0.43330,0.17570,0.19710,0.25540,0.29160,0.14490,0.16060,0.16540,0.51450,0.15720,0.15080,0.22950,1.06900,0.17750,0.16710,0.21890,0.23780,0.14490,0.14930,0.14020,0.35420,0.14910,0.14850,0.18820,0.26930,0.16390,0.12100,0.18520,0.13420,0.13830,0.14340,0.14700,0.14260,0.14290,0.14240,0.16290,0.14620,0.08970,0.84080,0.13400,0.24220,0.13190,0.53790,0.13710,1.12650,0.13910,0.14890,0.13380,0.25400,0.10150,0.70160,0.10640,0.17720,1.31900,0.45020,0.13540,1.02400,0.14520,0.14160,1.30090,0.22740,0.45510,0.43760,0.13540,0.15690,1.29110,0.30250,0.13640,0.77120,0.13130,0.29600,1.15490,0.20100,0.29200,0.08930,0.11900,0.11650,1.20930,0.11620,0.12970,0.12470,0.12540,0.11780,0.92270,0.12280,0.24350
5:00:25,0.25320,0.14880,0.40200,0.10920,0.16060,0.16750,0.71170,0.15690,0.16450,0.16000,0.44260,0.17730,0.20030,0.26040,0.29770,0.14650,0.16140,0.16730,0.52570,0.15840,0.15240,0.23300,1.11860,0.17930,0.16960,0.22300,0.24240,0.14620,0.15090,0.14180,0.36170,0.15070,0.15000,0.19120,0.27430,0.16560,0.12230,0.18810,0.13560,0.13970,0.14480,0.14860,0.14410,0.14440,0.14400,0.16510,0.14770,0.08960,0.85850,0.13530,0.24590,0.13320,0.55110,0.13870,1.14110,0.14080,0.15060,0.13550,0.25910,0.10280,0.71690,0.10680,0.18000,1.31760,0.46110,0.13700,1.04300,0.14660,0.14320,1.30600,0.23210,0.46660,0.44720,0.13700,0.15960,1.29250,0.30930,0.13790,0.78950,0.13280,0.29800,1.16810,0.20470,0.29860,0.08920,0.12030,0.11780,1.22180,0.11770,0.13110,0.12600,0.12670,0.11910,0.94180,0.12420,0.24900
5:10:34,0.25740,0.15000,0.41090,0.10960,0.16110,0.16780,0.72780,0.15830,0.16520,0.16130,0.45170,0.17850,0.20330,0.26530,0.30360,0.14790,0.16210,0.16890,0.53610,0.15950,0.15380,0.23620,1.12950,0.18090,0.17150,0.22700,0.24690,0.14740,0.15220,0.14300,0.36950,0.15200,0.15140,0.19400,0.27950,0.16710,0.12340,0.19090,0.13680,0.14100,0.14620,0.15000,0.14540,0.14580,0.14540,0.16720,0.14910,0.08970,0.87540,0.13650,0.24930,0.13440,0.56410,0.14010,1.15340,0.14210,0.15200,0.13680,0.26420,0.10370,0.73210,0.10680,0.18360,1.31620,0.47170,0.13830,1.06080,0.14770,0.14470,1.31080,0.23650,0.47790,0.45600,0.13820,0.16190,1.29410,0.31590,0.13910,0.80740,0.13410,0.30470,1.18020,0.20810,0.30510,0.08900,0.12140,0.11880,1.23150,0.11880,0.13220,0.12720,0.12770,0.12030,0.95940,0.12520,0.25420
5:20:34,0.26160,0.15110,0.41980,0.10970,0.16200,0.17020,0.74360,0.15960,0.16610,0.16260,0.46110,0.18010,0.20650,0.27000,0.30950,0.14930,0.16270,0.17050,0.54670,0.16060,0.15520,0.23940,1.14280,0.18250,0.17350,0.23060,0.25130,0.14830,0.15340,0.14430,0.37750,0.15330,0.15270,0.19670,0.28470,0.16850,0.12440,0.19360,0.13790,0.14220,0.14750,0.15130,0.14680,0.14710,0.14680,0.16920,0.15040,0.08980,0.89210,0.13760,0.25270,0.13560,0.57680,0.14120,1.16610,0.14350,0.15350,0.13810,0.26910,0.10440,0.74670,0.10680,0.18760,1.31480,0.48240,0.13950,1.07780,0.14890,0.14610,1.31490,0.24090,0.48920,0.46520,0.13940,0.16420,1.29500,0.32250,0.14030,0.82450,0.13540,0.30080,1.19120,0.21150,0.31170,0.08890,0.12250,0.11980,1.24130,0.12000,0.13340,0.12810,0.12890,0.12140,0.97650,0.12630,0.25930
5:30:34,0.26570,0.15220,0.42860,0.11010,0.16310,0.17010,0.75860,0.16090,0.16710,0.16410,0.47000,0.18160,0.20910,0.27460,0.31530,0.15060,0.16340,0.17200,0.55720,0.16150,0.15650,0.24240,1.15780,0.18380,0.17530,0.23440,0.25570,0.14920,0.15460,0.14530,0.38540,0.15470,0.15400,0.19930,0.28970,0.16990,0.12530,0.19630,0.13910,0.14330,0.14860,0.15260,0.14810,0.14830,0.14800,0.17120,0.15170,0.09020,0.90740,0.13870,0.25610,0.13670,0.58930,0.14240,1.17690,0.14470,0.15500,0.13950,0.27420,0.10510,0.76070,0.10730,0.19140,1.31360,0.49280,0.14090,1.09390,0.15000,0.14740,1.31770,0.24510,0.50020,0.47430,0.14070,0.16640,1.29520,0.32910,0.14130,0.84180,0.13650,0.29790,1.20150,0.21490,0.31850,0.08890,0.12340,0.12070,1.24870,0.12110,0.13440,0.12910,0.12990,0.12240,0.99320,0.12730,0.26450
5:40:34,0.26970,0.15340,0.43720,0.11030,0.16390,0.17300,0.77340,0.16230,0.16810,0.16550,0.47890,0.18310,0.21230,0.27940,0.32100,0.15190,0.16410,0.17360,0.56750,0.16270,0.15780,0.24580,1.16680,0.18540,0.17740,0.23820,0.26000,0.15020,0.15580,0.14650,0.39270,0.15590,0.15520,0.20200,0.29470,0.17130,0.12630,0.19880,0.14010,0.14450,0.14970,0.15400,0.14940,0.14950,0.14920,0.17310,0.15300,0.09080,0.92270,0.13970,0.25950,0.13780,0.60170,0.14360,1.18770,0.14610,0.15630,0.14080,0.27910,0.10590,0.77480,0.10780,0.19490,1.31200,0.50300,0.14200,1.10890,0.15120,0.14870,1.31990,0.24930,0.51110,0.48310,0.14190,0.16860,1.29500,0.33550,0.14250,0.85790,0.13760,0.31450,1.21040,0.21810,0.32510,0.08910,0.12440,0.12150,1.25590,0.12210,0.13550,0.13010,0.13100,0.12340,1.00830,0.12830,0.26950
5:50:34,0.27400,0.15460,0.44600,0.11090,0.16510,0.17450,0.78810,0.16350,0.16910,0.16680,0.48830,0.18470,0.21510,0.28410,0.32680,0.15330,0.16490,0.17540,0.57820,0.16390,0.15910,0.24910,1.18230,0.18730,0.17950,0.24200,0.26440,0.15140,0.15710,0.14770,0.40040,0.15710,0.15650,0.20480,0.29930,0.17280,0.12730,0.20150,0.14130,0.14570,0.15090,0.15540,0.15100,0.15110,0.15050,0.17500,0.15440,0.09150,0.93750,0.14100,0.26300,0.13910,0.61410,0.14500,1.19590,0.14750,0.15790,0.14220,0.28420,0.10700,0.78870,0.10870,0.19800,1.31030,0.51330,0.14330,1.12380,0.15250,0.15010,1.32180,0.25380,0.52200,0.49210,0.14340,0.17100,1.29480,0.34210,0.14380,0.87410,0.13890,0.33320,1.21900,0.22140,0.33150,0.08940,0.12550,0.12250,1.26250,0.12340,0.13670,0.13120,0.13220,0.12450,1.02330,0.12940,0.27470
6:00:34,0.27830,0.15580,0.45480,0.11160,0.16620,0.17570,0.80270,0.16490,0.17020,0.16820,0.49740,0.18600,0.21830,0.29140,0.33260,0.15470,0.16590,0.17700,0.58850,0.16520,0.16060,0.25240,1.18950,0.18870,0.18150,0.24590,0.26880,0.15270,0.15840,0.14910,0.40860,0.15860,0.15800,0.20750,0.30440,0.17430,0.12840,0.20450,0.14260,0.14690,0.15220,0.15680,0.15220,0.15250,0.15190,0.17710,0.15570,0.09230,0.95210,0.14220,0.26660,0.14030,0.62620,0.14620,1.20570,0.14890,0.15950,0.14370,0.28900,0.10820,0.80230,0.10950,0.20080,1.30890,0.52360,0.14480,1.13760,0.15370,0.15160,1.32350,0.25810,0.53290,0.50120,0.14490,0.17340,1.29460,0.34880,0.14500,0.89000,0.14020,0.30430,1.22650,0.22480,0.33810,0.08990,0.12660,0.12370,1.26730,0.12460,0.13780,0.13230,0.13330,0.12580,1.03800,0.13050,0.27990
6:10:34,0.28260,0.15720,0.46340,0.11280,0.16770,0.17720,0.81680,0.16660,0.17150,0.16990,0.50660,0.18750,0.22150,0.29630,0.33860,0.15630,0.16680,0.17880,0.59900,0.16660,0.16210,0.25590,1.21010,0.19060,0.18390,0.24980,0.27340,0.15370,0.15980,0.15060,0.41640,0.15990,0.15950,0.21050,0.30960,0.17740,0.12970,0.20740,0.14390,0.14840,0.15370,0.15850,0.15360,0.15410,0.15340,0.17920,0.15710,0.09340,0.96610,0.14360,0.27050,0.14180,0.63830,0.14760,1.21250,0.15050,0.16110,0.14520,0.29430,0.10960,0.81580,0.11060,0.20390,1.30760,0.53390,0.14640,1.15100,0.15510,0.15310,1.32530,0.26260,0.54390,0.51020,0.14630,0.17600,1.29400,0.35540,0.14640,0.90510,0.14170,0.31830,1.23320,0.22830,0.34470,0.09060,0.12800,0.12490,1.27240,0.12600,0.13910,0.13360,0.13470,0.12710,1.05180,0.13180,0.28530
6:20:34,0.28670,0.15850,0.47200,0.11360,0.16890,0.17820,0.83040,0.16810,0.17270,0.17120,0.51540,0.18880,0.22460,0.30100,0.34450,0.15770,0.16770,0.18070,0.60900,0.16600,0.16360,0.25930,1.22810,0.19250,0.18630,0.25360,0.27780,0.15520,0.16140,0.15210,0.42370,0.16150,0.16090,0.21340,0.31420,0.17820,0.13100,0.21040,0.14520,0.14970,0.15510,0.16020,0.15500,0.15550,0.15470,0.18140,0.15840,0.09420,0.97990,0.14490,0.27440,0.14310,0.65040,0.14910,1.22000,0.15200,0.16270,0.14680,0.29930,0.11130,0.82890,0.11160,0.20690,1.30610,0.54450,0.14790,1.16340,0.15660,0.15470,1.32630,0.26720,0.55480,0.51900,0.14780,0.17860,1.29330,0.36210,0.14790,0.92040,0.14320,0.30570,1.23940,0.23170,0.35100,0.09120,0.12940,0.12610,1.27660,0.12740,0.14040,0.13470,0.13600,0.12850,1.06530,0.13310,0.29050
6:30:34,0.29130,0.16000,0.48070,0.11460,0.17030,0.17990,0.84380,0.16950,0.17400,0.17280,0.52440,0.19010,0.22780,0.30600,0.35030,0.15930,0.16890,0.18230,0.61900,0.16750,0.16520,0.26290,1.24350,0.19430,0.18870,0.25750,0.28230,0.15640,0.16280,0.15380,0.43130,0.16300,0.16230,0.21620,0.31980,0.17960,0.13240,0.21320,0.14660,0.15110,0.15650,0.16170,0.15640,0.15710,0.15610,0.18340,0.15980,0.09510,0.99280,0.14620,0.27830,0.14450,0.66220,0.15060,1.22640,0.15350,0.16430,0.14830,0.30440,0.11290,0.84160,0.11270,0.21000,1.30490,0.55440,0.14940,1.17400,0.15800,0.15630,1.32680,0.27160,0.56580,0.52780,0.14950,0.18120,1.29250,0.36860,0.14920,0.93480,0.14480,0.29850,1.24520,0.23520,0.35730,0.09180,0.13070,0.12740,1.28030,0.12890,0.14170,0.13600,0.13730,0.12980,1.07790,0.13450,0.29580
6:40:34,0.29530,0.16100,0.48890,0.11540,0.17110,0.18110,0.85730,0.17080,0.17510,0.17400,0.53350,0.19140,0.23140,0.31070,0.35600,0.16080,0.17000,0.18390,0.62880,0.16880,0.16650,0.26580,1.24370,0.19600,0.19070,0.26120,0.28660,0.15770,0.16430,0.15520,0.43880,0.16420,0.16360,0.21880,0.32460,0.18110,0.13350,0.21590,0.14770,0.15230,0.15770,0.16310,0.15770,0.15840,0.15730,0.18550,0.16110,0.09540,1.00530,0.14750,0.28200,0.14590,0.67380,0.15190,1.23280,0.15490,0.16600,0.14970,0.30930,0.11440,0.85430,0.11330,0.21280,1.30360,0.56430,0.15090,1.18490,0.15920,0.15780,1.32660,0.27610,0.57620,0.53620,0.15100,0.18360,1.29130,0.37490,0.15050,0.94900,0.14620,0.32880,1.25010,0.23860,0.36350,0.09220,0.13200,0.12850,1.28260,0.13040,0.14300,0.13710,0.13850,0.13090,1.09010,0.13580,0.30100
6:50:34,0.29960,0.16210,0.49700,0.11630,0.17210,0.18220,0.87010,0.17200,0.17620,0.17540,0.54160,0.19270,0.23500,0.31540,0.36150,0.16210,0.17090,0.18550,0.63820,0.17020,0.16760,0.26910,1.25250,0.19770,0.19300,0.26500,0.29090,0.15880,0.16560,0.15660,0.44610,0.16550,0.16490,0.22150,0.32910,0.18260,0.13460,0.21870,0.14900,0.15340,0.15890,0.16450,0.15870,0.15980,0.15860,0.18740,0.16250,0.09610,1.01780,0.14870,0.28570,0.14710,0.68520,0.15330,1.23720,0.15640,0.16750,0.15110,0.31430,0.11580,0.86640,0.11400,0.21570,1.30230,0.57380,0.15230,1.19480,0.16040,0.15930,1.32670,0.28030,0.58670,0.54470,0.15250,0.18600,1.29050,0.38120,0.15170,0.96270,0.14740,0.34110,1.25410,0.24190,0.36960,0.09240,0.13320,0.12970,1.28540,0.13150,0.14410,0.13830,0.13960,0.13210,1.10200,0.13700,0.30600
7:00:34,0.30390,0.16350,0.50540,0.11720,0.17340,0.18370,0.88250,0.17350,0.17730,0.17670,0.55030,0.19400,0.23830,0.32010,0.36740,0.16350,0.17200,0.18710,0.64800,0.17170,0.16900,0.27230,1.25470,0.19930,0.19530,0.26880,0.29530,0.16000,0.16690,0.15790,0.45360,0.16690,0.16620,0.22420,0.33420,0.18410,0.13580,0.22140,0.15020,0.15460,0.16030,0.16610,0.16000,0.16100,0.15980,0.18940,0.16370,0.09680,1.02930,0.14980,0.28960,0.14830,0.69660,0.15460,1.24180,0.15780,0.16900,0.15250,0.31920,0.11730,0.87820,0.11490,0.21890,1.30090,0.58320,0.15380,1.20440,0.16180,0.16080,1.32670,0.28480,0.59710,0.55300,0.15420,0.18850,1.28930,0.38750,0.15300,0.97560,0.14870,0.31840,1.25830,0.24530,0.37590,0.09280,0.13450,0.13090,1.28720,0.13280,0.14530,0.13950,0.14090,0.13340,1.11230,0.13820,0.31110
7:10:34,0.30810,0.16450,0.51340,0.11830,0.17450,0.18480,0.89450,0.17470,0.17840,0.17790,0.55840,0.19520,0.24130,0.32470,0.37310,0.16490,0.17300,0.18860,0.65760,0.17310,0.17050,0.27560,1.27440,0.20090,0.19720,0.27250,0.29960,0.16120,0.16820,0.15950,0.46060,0.16810,0.16750,0.22670,0.33870,0.18550,0.13690,0.22420,0.15130,0.15590,0.16150,0.16740,0.16120,0.16240,0.16110,0.19120,0.16490,0.09770,1.04020,0.15100,0.29340,0.14960,0.70740,0.15600,1.24610,0.15920,0.17060,0.15370,0.32400,0.11860,0.88990,0.11570,0.22200,1.29910,0.59280,0.15510,1.21240,0.16300,0.16220,1.32590,0.28910,0.60730,0.56150,0.15550,0.19090,1.28790,0.39400,0.15440,0.98890,0.15010,0.35300,1.26140,0.24860,0.38200,0.09330,0.13560,0.13200,1.28830,0.13410,0.14630,0.14060,0.14200,0.13450,1.12270,0.13940,0.31620
7:20:34,0.31230,0.16580,0.52170,0.11930,0.17560,0.18590,0.90660,0.17580,0.17950,0.17920,0.56710,0.19650,0.24430,0.32940,0.37890,0.16620,0.17420,0.19020,0.66740,0.17430,0.17180,0.27860,1.28160,0.20250,0.19960,0.27620,0.30390,0.16250,0.16950,0.16080,0.46780,0.16950,0.16890,0.22940,0.34360,0.18700,0.13810,0.22690,0.15260,0.15700,0.16280,0.16860,0.16230,0.16360,0.16230,0.19310,0.16630,0.09850,1.05080,0.15230,0.29730,0.15090,0.71880,0.15740,1.24960,0.16060,0.17210,0.15510,0.32890,0.12010,0.90120,0.11680,0.22520,1.29750,0.60260,0.15670,1.22130,0.16430,0.16370,1.32570,0.29340,0.61730,0.56970,0.15690,0.19340,1.28660,0.40020,0.15570,1.00120,0.15150,0.33830,1.26480,0.25200,0.38800,0.09390,0.13690,0.13310,1.29020,0.13550,0.14760,0.14190,0.14320,0.13580,1.13270,0.14060,0.32120
7:30:34,0.31640,0.16680,0.52950,0.12040,0.17650,0.18660,0.91840,0.17690,0.18070,0.18030,0.57490,0.19760,0.24720,0.33330,0.38450,0.16750,0.17520,0.19160,0.67660,0.17540,0.17290,0.28200,1.27940,0.20400,0.20170,0.27990,0.30800,0.16370,0.17060,0.16220,0.47530,0.17080,0.17010,0.23190,0.34850,0.18840,0.13930,0.22950,0.15370,0.15830,0.16400,0.16990,0.16360,0.16480,0.16340,0.19500,0.16730,0.09890,1.06130,0.15340,0.30110,0.15210,0.72960,0.15870,1.25290,0.16190,0.17360,0.15630,0.33360,0.12140,0.91240,0.11750,0.22820,1.29680,0.61200,0.15800,1.22880,0.16560,0.16520,1.32530,0.29760,0.62720,0.57780,0.15830,0.19580,1.28550,0.40620,0.15690,1.01360,0.15280,0.31970,1.26690,0.25530,0.39400,0.09420,0.13820,0.13420,1.29080,0.13680,0.14860,0.14300,0.14440,0.13700,1.14200,0.14170,0.32620
7:40:34,0.32030,0.16770,0.53710,0.12080,0.17730,0.18790,0.92930,0.17790,0.18180,0.18140,0.58270,0.19840,0.24940,0.33780,0.38990,0.16850,0.17600,0.19290,0.68560,0.17650,0.17410,0.28490,1.29520,0.20550,0.20370,0.28350,0.31200,0.16450,0.17170,0.16340,0.48210,0.17190,0.17110,0.23440,0.35220,0.18970,0.14010,0.23200,0.15480,0.15930,0.16500,0.17100,0.16470,0.16600,0.16430,0.19680,0.16850,0.09900,1.07100,0.15430,0.30480,0.15290,0.74000,0.15980,1.25480,0.16310,0.17490,0.15740,0.33810,0.12250,0.92290,0.11780,0.23110,1.29500,0.62100,0.15920,1.23630,0.16660,0.16650,1.32410,0.30160,0.63670,0.58560,0.15940,0.19800,1.28390,0.41220,0.15800,1.02510,0.15380,0.34600,1.26920,0.25840,0.39970,0.09420,0.13920,0.13520,1.29120,0.13790,0.14960,0.14400,0.14540,0.13800,1.14980,0.14280,0.33090
7:50:34,0.32440,0.16900,0.54490,0.12180,0.17820,0.18900,0.94020,0.17930,0.18310,0.18290,0.59110,0.19940,0.25250,0.34220,0.39540,0.16970,0.17680,0.19430,0.69460,0.17770,0.17530,0.28800,1.31020,0.20720,0.20560,0.28700,0.31620,0.16560,0.17290,0.16480,0.48900,0.17330,0.17220,0.23690,0.35730,0.19110,0.14110,0.23430,0.15600,0.16040,0.16610,0.17230,0.16590,0.16720,0.16540,0.19860,0.16960,0.09970,1.08020,0.15540,0.30840,0.15420,0.75010,0.16100,1.25810,0.16430,0.17640,0.15880,0.34280,0.12370,0.93340,0.11830,0.23400,1.29380,0.62980,0.16040,1.24260,0.16780,0.16780,1.32370,0.30570,0.64640,0.59370,0.16060,0.20030,1.28220,0.41840,0.15910,1.03610,0.15500,0.35300,1.27040,0.26170,0.40580,0.09440,0.14030,0.13610,1.29120,0.13910,0.15040,0.14490,0.14630,0.13910,1.15850,0.14380,0.33570
8:00:34,0.32840,0.16970,0.55250,0.12230,0.17900,0.19010,0.95060,0.18040,0.18410,0.18370,0.59920,0.20050,0.25510,0.34660,0.40070,0.17090,0.17780,0.19570,0.70350,0.17880,0.17640,0.29100,1.31370,0.20860,0.20750,0.29030,0.32020,0.16680,0.17390,0.16590,0.49670,0.17430,0.17320,0.23920,0.36200,0.19240,0.14230,0.23690,0.15700,0.16140,0.16720,0.17350,0.16700,0.16820,0.16640,0.20040,0.17060,0.10040,1.08930,0.15640,0.31210,0.15530,0.76040,0.16220,1.25900,0.16550,0.17770,0.15980,0.34740,0.12490,0.94350,0.11910,0.23700,1.29240,0.63880,0.16150,1.24730,0.16900,0.16900,1.32210,0.30980,0.65570,0.60150,0.16160,0.20260,1.28120,0.42440,0.16030,1.04720,0.15620,0.32580,1.27190,0.26480,0.41160,0.09470,0.14140,0.13710,1.29150,0.14030,0.15150,0.14590,0.14720,0.14020,1.16630,0.14500,0.34060
8:10:34,0.33240,0.17090,0.56020,0.12360,0.18010,0.19130,0.96110,0.18150,0.18520,0.18480,0.60740,0.20190,0.25780,0.35100,0.40620,0.17220,0.17880,0.19720,0.71280,0.17980,0.17750,0.29410,1.31430,0.21020,0.20950,0.29390,0.32430,0.16780,0.17490,0.16730,0.50320,0.17570,0.17450,0.24170,0.36640,0.19390,0.14330,0.23950,0.15810,0.16250,0.16840,0.17470,0.16840,0.16950,0.16750,0.20230,0.17160,0.10130,1.09790,0.15750,0.31580,0.15640,0.77050,0.16350,1.26060,0.16670,0.17930,0.16110,0.35210,0.12620,0.95330,0.11980,0.23990,1.29080,0.64780,0.16290,1.25390,0.17020,0.17040,1.32150,0.31400,0.66500,0.60940,0.16290,0.20490,1.27960,0.43030,0.16140,1.05730,0.15740,0.36200,1.27360,0.26810,0.41750,0.09510,0.14250,0.13820,1.29190,0.14160,0.15250,0.14700,0.14830,0.14140,1.17350,0.14610,0.34550
8:20:34,0.33650,0.17210,0.56760,0.12420,0.18090,0.19230,0.97120,0.18250,0.18620,0.18600,0.61480,0.20290,0.26090,0.35560,0.41160,0.17340,0.17980,0.19870,0.72150,0.18090,0.17870,0.29710,1.33300,0.21160,0.21170,0.29740,0.32820,0.16900,0.17590,0.16860,0.50990,0.17680,0.17570,0.24420,0.37090,0.19520,0.14430,0.24210,0.15930,0.16350,0.16950,0.17590,0.16950,0.17070,0.16860,0.20410,0.17280,0.10190,1.10640,0.15860,0.31960,0.15760,0.78070,0.16480,1.26310,0.16790,0.18060,0.16240,0.35690,0.12750,0.96310,0.12070,0.24280,1.28960,0.65690,0.16420,1.25890,0.17150,0.17180,1.32000,0.31810,0.67420,0.61700,0.16410,0.20720,1.27830,0.43640,0.16270,1.06800,0.15870,0.37350,1.27460,0.27130,0.42310,0.09560,0.14360,0.13920,1.29120,0.14280,0.15360,0.14790,0.14930,0.14260,1.18080,0.14720,0.35040
8:30:34,0.34020,0.17270,0.57490,0.12440,0.18180,0.19290,0.98080,0.18330,0.18720,0.18690,0.62180,0.20410,0.26260,0.35970,0.41680,0.17440,0.18050,0.19990,0.72990,0.18190,0.17960,0.29980,1.34080,0.21300,0.21340,0.30070,0.33230,0.16910,0.17680,0.16980,0.51670,0.17790,0.17670,0.24640,0.37510,0.19650,0.14500,0.24430,0.16010,0.16440,0.17040,0.17680,0.17050,0.17160,0.16960,0.20560,0.17370,0.10200,1.11390,0.15940,0.32300,0.15840,0.79030,0.16570,1.26310,0.16900,0.18190,0.16350,0.36110,0.12850,0.97240,0.12100,0.24550,1.28820,0.66520,0.16530,1.26290,0.17250,0.17300,1.31820,0.32200,0.68310,0.62450,0.16520,0.20930,1.27670,0.44200,0.16360,1.07750,0.15960,0.35780,1.27510,0.27430,0.42860,0.09540,0.14450,0.14010,1.28980,0.14370,0.15440,0.14880,0.15010,0.14350,1.18680,0.14800,0.35500
8:40:34,0.34410,0.17360,0.58210,0.12490,0.18250,0.19420,0.99020,0.18420,0.18800,0.18770,0.63020,0.20490,0.26550,0.36370,0.42200,0.17540,0.18130,0.20120,0.73860,0.18290,0.18040,0.30270,1.33770,0.21420,0.21500,0.30380,0.33600,0.17050,0.17750,0.17060,0.52320,0.17880,0.17760,0.24860,0.37930,0.19740,0.14570,0.24650,0.16080,0.16530,0.17130,0.17770,0.17140,0.17240,0.17050,0.20710,0.17440,0.10170,1.12120,0.16010,0.32640,0.15920,0.79950,0.16660,1.26410,0.17010,0.18290,0.16440,0.36520,0.12940,0.98150,0.12100,0.24810,1.28620,0.67350,0.16630,1.26800,0.17340,0.17410,1.31750,0.32570,0.69180,0.63180,0.16600,0.21140,1.27480,0.44750,0.16440,1.08650,0.16050,0.34480,1.27580,0.27720,0.43430,0.09520,0.14530,0.14080,1.28920,0.14470,0.15510,0.14950,0.15100,0.14440,1.19260,0.14890,0.35930
8:50:34,0.34780,0.17450,0.58930,0.12550,0.18340,0.19490,1.00000,0.18500,0.18890,0.18870,0.63780,0.20570,0.26830,0.36780,0.42730,0.17640,0.18220,0.20250,0.74700,0.18380,0.18130,0.30550,1.34630,0.21560,0.21700,0.30730,0.33990,0.17160,0.17860,0.17170,0.52930,0.17970,0.17880,0.25080,0.38330,0.19870,0.14660,0.24890,0.16160,0.16620,0.17210,0.17870,0.17240,0.17350,0.17140,0.20870,0.17530,0.10230,1.12810,0.16110,0.33000,0.16030,0.80890,0.16780,1.26510,0.17110,0.18410,0.16560,0.36970,0.13030,0.99010,0.12150,0.25070,1.28490,0.68230,0.16730,1.27160,0.17440,0.17520,1.31580,0.32950,0.70060,0.63910,0.16710,0.21350,1.27370,0.45340,0.16540,1.09550,0.16160,0.33140,1.27630,0.28040,0.43980,0.09530,0.14620,0.14180,1.28800,0.14570,0.15600,0.15040,0.15180,0.14540,1.19840,0.14990,0.36390
9:00:34,0.35160,0.17520,0.59650,0.12590,0.18400,0.19570,1.00910,0.18600,0.18970,0.18950,0.64440,0.20640,0.27060,0.37200,0.43220,0.17730,0.18290,0.20360,0.75520,0.18470,0.18220,0.30810,1.35880,0.21680,0.21860,0.31040,0.34360,0.17240,0.17920,0.17260,0.53560,0.18060,0.17970,0.25290,0.38790,0.19960,0.14750,0.25110,0.16240,0.16690,0.17290,0.17960,0.17330,0.17440,0.17230,0.21030,0.17620,0.10210,1.13480,0.16180,0.33340,0.16120,0.81820,0.16870,1.26420,0.17190,0.18520,0.16630,0.37390,0.13110,0.99810,0.12170,0.25340,1.28370,0.69020,0.16820,1.27460,0.17530,0.17630,1.31440,0.33330,0.70890,0.64650,0.16800,0.21540,1.27210,0.45880,0.16620,1.10470,0.16230,0.31650,1.27630,0.28330,0.44530,0.09510,0.14700,0.14240,1.28690,0.14660,0.15680,0.15100,0.15250,0.14620,1.20330,0.15060,0.36830
9:10:34,0.35540,0.17630,0.60360,0.12630,0.18500,0.19690,1.01740,0.18690,0.19070,0.19030,0.65260,0.20760,0.27280,0.37610,0.43730,0.17840,0.18380,0.20490,0.76370,0.18590,0.18330,0.31100,1.36860,0.21810,0.22040,0.31350,0.34740,0.17280,0.18010,0.17360,0.54200,0.18170,0.18060,0.25520,0.39230,0.20090,0.14830,0.25330,0.16320,0.16780,0.17390,0.18050,0.17420,0.17540,0.17330,0.21180,0.17710,0.10270,1.14110,0.16260,0.33690,0.16200,0.82710,0.16980,1.26460,0.17290,0.18650,0.16730,0.37830,0.13210,1.00660,0.12220,0.25610,1.28220,0.69860,0.16930,1.27820,0.17630,0.17740,1.31250,0.33730,0.71750,0.65380,0.16910,0.21760,1.27000,0.46440,0.16720,1.11290,0.16330,0.36120,1.27660,0.28630,0.45090,0.09530,0.14780,0.14330,1.28650,0.14750,0.15750,0.15190,0.15330,0.14710,1.20790,0.15150,0.37280
9:20:34,0.35890,0.17710,0.61060,0.12680,0.18590,0.19800,1.02570,0.18770,0.19120,0.19130,0.66000,0.20870,0.27540,0.38010,0.44240,0.17940,0.18460,0.20570,0.77220,0.18670,0.18420,0.31370,1.36870,0.21940,0.22210,0.31680,0.35120,0.17410,0.18110,0.17460,0.54870,0.18250,0.18150,0.25740,0.39640,0.20200,0.14910,0.25570,0.16410,0.16890,0.17490,0.18150,0.17510,0.17620,0.17410,0.21340,0.17810,0.10300,1.14700,0.16340,0.34040,0.16300,0.83620,0.17070,1.26530,0.17400,0.18760,0.16850,0.38250,0.13290,1.01460,0.12270,0.25880,1.28070,0.70680,0.17030,1.28060,0.17720,0.17850,1.31170,0.34110,0.72560,0.66090,0.17010,0.21960,1.26890,0.47010,0.16810,1.12120,0.16420,0.35490,1.27610,0.28930,0.45650,0.09540,0.14870,0.14410,1.28490,0.14860,0.15840,0.15270,0.15420,0.14810,1.21290,0.15240,0.37720
9:30:34,0.36250,0.17810,0.61740,0.12740,0.18660,0.19890,1.03420,0.18870,0.19230,0.19200,0.66680,0.20960,0.27780,0.38430,0.44750,0.18040,0.18540,0.20690,0.78010,0.18760,0.18520,0.31650,1.38250,0.22070,0.22380,0.31990,0.35480,0.17480,0.18190,0.17550,0.55490,0.18340,0.18250,0.25960,0.40050,0.20320,0.14970,0.25790,0.16490,0.16970,0.17570,0.18240,0.17600,0.17710,0.17500,0.21490,0.17890,0.10340,1.15240,0.16420,0.34390,0.16400,0.84500,0.17160,1.26550,0.17490,0.18860,0.16950,0.38660,0.13380,1.02230,0.12310,0.26140,1.27920,0.71460,0.17120,1.28280,0.17810,0.17960,1.30960,0.34470,0.73380,0.66800,0.17110,0.22160,1.26730,0.47530,0.16900,1.12890,0.16510,0.39830,1.27610,0.29210,0.46200,0.09540,0.14940,0.14490,1.28310,0.14950,0.15920,0.15340,0.15490,0.14890,1.21740,0.15320,0.38160
9:40:34,0.36630,0.17910,0.62430,0.12790,0.18750,0.19990,1.04180,0.18950,0.19310,0.19320,0.67400,0.21030,0.28060,0.38840,0.45260,0.18120,0.18610,0.20810,0.78840,0.18850,0.18630,0.31920,1.38420,0.22200,0.22560,0.32300,0.35840,0.17610,0.18250,0.17650,0.56150,0.18420,0.18360,0.26170,0.40440,0.20440,0.15050,0.26020,0.16560,0.17050,0.17650,0.18350,0.17700,0.17790,0.17600,0.21640,0.17970,0.10370,1.15790,0.16510,0.34730,0.16490,0.85360,0.17250,1.26500,0.17570,0.18980,0.17040,0.39080,0.13470,1.02970,0.12360,0.26410,1.27760,0.72250,0.17220,1.28580,0.17900,0.18070,1.30910,0.34870,0.74190,0.67510,0.17210,0.22360,1.26550,0.48090,0.16990,1.13660,0.16610,0.37850,1.27560,0.29500,0.46750,0.09550,0.15040,0.14580,1.28200,0.15050,0.15990,0.15440,0.15580,0.14990,1.22100,0.15420,0.38620
9:50:34,0.36980,0.18000,0.63120,0.12800,0.18830,0.20100,1.04950,0.19040,0.19420,0.19400,0.68150,0.21120,0.28280,0.39230,0.45750,0.18220,0.18700,0.20940,0.79630,0.18940,0.18710,0.32190,1.38870,0.22330,0.22750,0.32610,0.36220,0.17640,0.18350,0.17750,0.56780,0.18520,0.18440,0.26390,0.40830,0.20560,0.15140,0.26240,0.16640,0.17130,0.17740,0.18430,0.17790,0.17900,0.17680,0.21780,0.18060,0.10440,1.16320,0.16590,0.35090,0.16580,0.86200,0.17360,1.26510,0.17660,0.19090,0.17140,0.39500,0.13560,1.03710,0.12440,0.26670,1.27640,0.73050,0.17330,1.28770,0.18030,0.18180,1.30750,0.35250,0.74970,0.68220,0.17310,0.22570,1.26410,0.48630,0.17080,1.14390,0.16700,0.36600,1.27570,0.29800,0.47280,0.09570,0.15120,0.14660,1.28050,0.15150,0.16070,0.15500,0.15660,0.15080,1.22470,0.15510,0.39050
10:00:34,0.37360,0.18050,0.63770,0.12830,0.18890,0.20150,1.05670,0.19070,0.19490,0.19490,0.68850,0.21200,0.28550,0.39630,0.46250,0.18310,0.18760,0.21040,0.80410,0.19020,0.18800,0.32450,1.40250,0.22450,0.22910,0.32920,0.36590,0.17720,0.18420,0.17820,0.57330,0.18590,0.18520,0.26600,0.41230,0.20660,0.15210,0.26450,0.16710,0.17200,0.17830,0.18530,0.17870,0.17960,0.17750,0.21910,0.18110,0.10450,1.16780,0.16660,0.35420,0.16650,0.87040,0.17440,1.26350,0.17750,0.19200,0.17230,0.39940,0.13650,1.04410,0.12480,0.26920,1.27490,0.73810,0.17430,1.28950,0.18120,0.18290,1.30550,0.35610,0.75780,0.68900,0.17400,0.22770,1.26260,0.49170,0.17160,1.15070,0.16780,0.32760,1.27490,0.30080,0.47820,0.09570,0.15190,0.14730,1.27870,0.15230,0.16150,0.15580,0.15740,0.15160,1.22810,0.15600,0.39460

