420

Time,A1,A2,A3,A4,A5,A6,A7,A8,A9,A10,A11,A12,B1,B2,B3,B4,B5,B6,B7,B8,B9,B10,B11,B12,C1,C2,C3,C4,C5,C6,C7,C8,C9,C10,C11,C12,D1,D2,D3,D4,D5,D6,D7,D8,D9,D10,D11,D12,E1,E2,E3,E4,E5,E6,E7,E8,E9,E10,E11,E12,F1,F2,F3,F4,F5,F6,F7,F8,F9,F10,F11,F12,G1,G2,G3,G4,G5,G6,G7,G8,G9,G10,G11,G12,H1,H2,H3,H4,H5,H6,H7,H8,H9,H10,H11,H12
0:00:34,0.12560,0.09350,0.08940,0.09530,0.08860,0.10000,0.08710,0.09280,0.08670,0.08510,0.08860,0.08640,0.09840,0.10100,0.08610,0.09400,0.08580,0.08840,0.08490,0.09460,0.09070,0.08920,0.08730,0.09060,0.09730,0.09030,0.08660,0.09860,0.08750,0.09800,0.09330,0.10110,0.08850,0.09060,0.08720,0.09170,0.08110,0.09610,0.09590,0.10280,0.09240,0.09060,0.08880,0.09350,0.08610,0.08710,0.09370,0.08930,0.10650,0.08960,0.12220,0.09190,0.09570,0.08760,0.09070,0.09550,0.08750,0.08850,0.09400,0.08300,0.09400,0.08820,0.08730,0.09000,0.10000,0.08990,0.09580,0.08940,0.08500,0.09540,0.08450,0.08660,0.08860,0.09990,0.08770,0.09360,0.09240,0.08480,0.08310,0.08560,0.08520,0.10500,0.08780,0.08940,0.08440,0.08510,0.08460,0.08420,0.08480,0.08420,0.08190,0.08380,0.08260,0.08460,0.08240,0.08470
0:10:34,0.12700,0.09280,0.08770,0.09420,0.08710,0.09900,0.08600,0.09170,0.08830,0.08350,0.09170,0.08610,0.09920,0.09940,0.08540,0.11420,0.08550,0.08780,0.08410,0.12300,0.08990,0.08720,0.09060,0.09940,0.09760,0.08920,0.08540,0.10950,0.08640,0.09730,0.09170,0.12030,0.08770,0.08840,0.08860,0.09820,0.08030,0.10170,0.09310,0.11030,0.09090,0.08960,0.08830,0.10480,0.08480,0.08600,0.09180,0.09330,0.11310,0.08890,0.11960,0.09060,0.09460,0.08650,0.09070,0.09450,0.08750,0.08740,0.09220,0.08200,0.09930,0.08700,0.08800,0.08810,0.09840,0.09030,0.09380,0.08940,0.08500,0.09390,0.08400,0.09250,0.09110,0.09920,0.09890,0.09240,0.09070,0.08430,0.08220,0.08520,0.08440,0.10440,0.08640,0.09260,0.08390,0.08470,0.08290,0.08340,0.08390,0.08320,0.08100,0.08290,0.08180,0.08410,0.08150,0.08600
0:20:34,0.12690,0.09280,0.08800,0.09390,0.08810,0.09980,0.08750,0.09130,0.09120,0.08280,0.10390,0.08620,0.10270,0.10020,0.08590,0.14020,0.08590,0.08840,0.08470,0.16540,0.09050,0.08820,0.09810,0.11800,0.09990,0.08980,0.08500,0.12840,0.08610,0.09750,0.09580,0.14460,0.08810,0.08820,0.09180,0.10970,0.08000,0.10010,0.09090,0.11920,0.08980,0.08970,0.08820,0.11940,0.08430,0.08580,0.09060,0.09850,0.12520,0.08170,0.12010,0.09010,0.09580,0.08620,0.09190,0.09430,0.08910,0.08700,0.09120,0.08160,0.10730,0.08740,0.08980,0.08830,0.09740,0.09090,0.09300,0.09180,0.08650,0.09530,0.08490,0.10140,0.09490,0.10060,0.08820,0.09230,0.08990,0.08500,0.08220,0.08550,0.08480,0.10380,0.08650,0.09660,0.08360,0.08460,0.08170,0.08350,0.08360,0.08350,0.08060,0.08310,0.08160,0.08430,0.08130,0.08890
0:30:34,0.12660,0.09300,0.08900,0.09370,0.08870,0.10080,0.08830,0.09140,0.09450,0.08260,0.11660,0.08680,0.10600,0.10070,0.08630,0.16900,0.08640,0.08980,0.08440,0.20650,0.09210,0.08830,0.10610,0.13520,0.10290,0.09030,0.08470,0.14890,0.08620,0.09730,0.09620,0.17530,0.08890,0.08860,0.09580,0.12110,0.08010,0.09900,0.08920,0.13080,0.08920,0.08990,0.08830,0.13630,0.08390,0.08590,0.08990,0.10490,0.13610,0.08160,0.12130,0.08980,0.09700,0.08610,0.09180,0.09440,0.09150,0.08670,0.09130,0.08200,0.11570,0.08960,0.09100,0.09090,0.09660,0.09110,0.09330,0.09030,0.08770,0.09630,0.08530,0.11200,0.09900,0.10110,0.08930,0.09240,0.08950,0.08520,0.08260,0.08620,0.08550,0.10370,0.08660,0.10350,0.08350,0.08480,0.08170,0.08380,0.08370,0.08370,0.08070,0.08330,0.08150,0.08470,0.08150,0.09250
0:40:34,0.12770,0.09350,0.09060,0.09390,0.09020,0.10170,0.09000,0.09210,0.09780,0.08320,0.13130,0.08810,0.10980,0.10170,0.08660,0.20090,0.08730,0.09030,0.08500,0.25670,0.09450,0.09020,0.11470,0.15550,0.10460,0.08980,0.08480,0.17180,0.08680,0.09900,0.09700,0.20420,0.09010,0.08930,0.10100,0.13520,0.08040,0.09830,0.08830,0.14350,0.08920,0.09070,0.08870,0.15410,0.08410,0.08650,0.08960,0.11250,0.14900,0.08180,0.12270,0.08990,0.09760,0.08620,0.09310,0.09490,0.09410,0.08680,0.09270,0.08260,0.12560,0.08960,0.09430,0.09200,0.09660,0.09310,0.09350,0.09230,0.09030,0.09790,0.08660,0.12420,0.10330,0.10110,0.09080,0.09280,0.08970,0.08680,0.08330,0.08710,0.08650,0.10400,0.08760,0.11160,0.08090,0.08530,0.08200,0.08450,0.08420,0.08440,0.08110,0.08400,0.08190,0.08550,0.08210,0.09690
0:50:34,0.12970,0.09430,0.09100,0.09430,0.09210,0.10310,0.09260,0.09400,0.10230,0.08470,0.14930,0.09010,0.11430,0.10380,0.08800,0.23730,0.08890,0.09220,0.08710,0.31010,0.09780,0.09230,0.12560,0.17680,0.10700,0.09090,0.08510,0.19980,0.08780,0.10100,0.09850,0.24290,0.09250,0.09150,0.10790,0.15130,0.08100,0.09820,0.08300,0.15660,0.09020,0.09220,0.08980,0.17430,0.08530,0.08840,0.09020,0.12130,0.16500,0.07860,0.12420,0.09090,0.09970,0.08690,0.09520,0.09580,0.09730,0.08770,0.09470,0.08420,0.13630,0.09180,0.09870,0.09560,0.09760,0.09430,0.09400,0.09390,0.09340,0.09990,0.08880,0.13760,0.10780,0.10240,0.09290,0.09450,0.09060,0.08810,0.08500,0.08930,0.08800,0.10470,0.08940,0.12090,0.08090,0.08640,0.08260,0.08570,0.08520,0.08560,0.08220,0.08550,0.08280,0.08670,0.08350,0.10220
1:00:34,0.13090,0.09480,0.09230,0.07940,0.09490,0.10490,0.09650,0.09730,0.10830,0.08710,0.16920,0.09280,0.11910,0.10560,0.08980,0.27200,0.09140,0.09430,0.09100,0.35910,0.10290,0.09520,0.13670,0.19840,0.10990,0.09210,0.08640,0.22630,0.09010,0.10340,0.10110,0.27940,0.09560,0.09440,0.11560,0.16790,0.08160,0.09840,0.08440,0.16940,0.09680,0.09460,0.09170,0.19680,0.08780,0.09140,0.09220,0.13130,0.17880,0.07940,0.12640,0.09250,0.10250,0.08820,0.09770,0.09760,0.10090,0.08960,0.09760,0.08660,0.14750,0.09330,0.10430,0.09900,0.09950,0.09710,0.09530,0.09610,0.09540,0.10320,0.09130,0.15150,0.11210,0.10220,0.09560,0.09600,0.09200,0.09000,0.08690,0.09180,0.09070,0.10650,0.09160,0.12990,0.08150,0.08740,0.08350,0.08700,0.08660,0.08710,0.08400,0.08710,0.08450,0.08810,0.08550,0.10760
1:10:34,0.13400,0.09260,0.09340,0.07920,0.09710,0.10660,0.09990,0.10030,0.11450,0.08960,0.18820,0.09560,0.12350,0.10660,0.09160,0.30370,0.09410,0.09710,0.09460,0.40530,0.11140,0.09840,0.14830,0.22130,0.11360,0.09300,0.08710,0.25210,0.09260,0.10580,0.10420,0.31410,0.09890,0.09740,0.12270,0.18340,0.08160,0.09900,0.08600,0.18290,0.09790,0.09700,0.09400,0.21850,0.09080,0.09450,0.09430,0.14150,0.18810,0.08020,0.13070,0.09460,0.10450,0.08970,0.10050,0.09990,0.10470,0.09170,0.10100,0.08860,0.15820,0.09440,0.10880,0.10100,0.10140,0.09920,0.09710,0.09870,0.09780,0.10600,0.09360,0.16360,0.11820,0.10440,0.09790,0.09760,0.09350,0.09170,0.08880,0.09400,0.09350,0.10890,0.09350,0.13850,0.08260,0.08860,0.08450,0.08840,0.08820,0.08840,0.08600,0.08890,0.08590,0.08960,0.08720,0.11260
1:20:34,0.11480,0.09420,0.09500,0.08010,0.10150,0.10890,0.10430,0.10520,0.12260,0.09360,0.20780,0.10050,0.12860,0.10830,0.09430,0.33470,0.09790,0.10050,0.09850,0.45230,0.11860,0.10360,0.16100,0.24510,0.11850,0.09440,0.08800,0.27720,0.09550,0.10930,0.10770,0.34820,0.10290,0.10100,0.13050,0.19910,0.08210,0.10010,0.08790,0.19660,0.10240,0.09990,0.09680,0.24000,0.09470,0.09870,0.09700,0.15050,0.19740,0.08120,0.13430,0.09680,0.10690,0.09150,0.10330,0.10270,0.10930,0.09430,0.10510,0.09210,0.16780,0.09560,0.11400,0.10310,0.10380,0.10060,0.09920,0.10180,0.10090,0.10970,0.09630,0.17480,0.12390,0.10630,0.10090,0.09930,0.09550,0.09360,0.09090,0.09640,0.09590,0.11190,0.09550,0.14630,0.08380,0.08980,0.08580,0.08890,0.08990,0.08980,0.08830,0.09080,0.08740,0.09120,0.08910,0.11770
1:30:34,0.12640,0.09520,0.09640,0.08090,0.10540,0.11130,0.10860,0.10950,0.12980,0.09760,0.22600,0.10550,0.13320,0.10950,0.09640,0.36370,0.10130,0.10370,0.10240,0.49680,0.12430,0.10810,0.17270,0.26690,0.12070,0.09540,0.08870,0.30140,0.09850,0.11340,0.11140,0.38060,0.10710,0.10500,0.13800,0.21460,0.08300,0.10190,0.08980,0.21000,0.10580,0.10320,0.09970,0.26060,0.09900,0.10280,0.10000,0.15910,0.20970,0.08200,0.13880,0.09910,0.10970,0.09350,0.10620,0.10540,0.11410,0.09730,0.10860,0.09480,0.17700,0.09690,0.11740,0.10590,0.10650,0.10050,0.10170,0.10510,0.10430,0.11350,0.09890,0.18540,0.12860,0.10810,0.10290,0.10130,0.09770,0.09560,0.09300,0.09900,0.09860,0.11520,0.09780,0.15380,0.08490,0.09100,0.08710,0.09030,0.09160,0.09120,0.09060,0.09270,0.08880,0.09280,0.09130,0.12270
1:40:34,0.13060,0.09790,0.09800,0.08190,0.10960,0.11470,0.11360,0.10400,0.13740,0.10270,0.24420,0.11160,0.13810,0.11140,0.09920,0.39300,0.10510,0.10760,0.10720,0.53920,0.12960,0.11350,0.18480,0.28850,0.12310,0.09610,0.08960,0.32530,0.10190,0.11760,0.11560,0.41300,0.11170,0.10940,0.14590,0.23040,0.08390,0.10370,0.09200,0.22360,0.10570,0.10670,0.10300,0.28090,0.10350,0.10720,0.10310,0.16800,0.22210,0.08300,0.14340,0.10180,0.10950,0.09580,0.10940,0.10810,0.11940,0.10060,0.11220,0.09760,0.18600,0.09810,0.12090,0.10840,0.10920,0.10270,0.10460,0.10840,0.10770,0.11760,0.10170,0.19660,0.13380,0.10980,0.10440,0.10310,0.09980,0.09740,0.09500,0.10180,0.10100,0.11850,0.10020,0.16110,0.08580,0.09220,0.08830,0.09190,0.09330,0.09270,0.09260,0.09470,0.09030,0.09460,0.09330,0.12770
1:50:34,0.13450,0.09930,0.09910,0.08260,0.11320,0.11750,0.11780,0.10830,0.14390,0.10690,0.26100,0.11680,0.14160,0.11290,0.10200,0.42170,0.10870,0.11120,0.11130,0.58000,0.13500,0.11780,0.19660,0.30890,0.12480,0.09670,0.09030,0.34840,0.10510,0.12150,0.11960,0.44410,0.11590,0.11340,0.15370,0.24570,0.08460,0.10610,0.09420,0.23680,0.11010,0.11000,0.10650,0.30090,0.10770,0.11140,0.10640,0.17630,0.23480,0.08380,0.14690,0.10440,0.11250,0.09800,0.10840,0.11090,0.12470,0.10410,0.11570,0.09990,0.19460,0.09950,0.12520,0.11140,0.11220,0.10540,0.10760,0.11210,0.11160,0.12170,0.10510,0.20760,0.13860,0.11170,0.10580,0.10540,0.10210,0.09920,0.09720,0.10470,0.10370,0.12230,0.10290,0.16840,0.08620,0.09330,0.08960,0.09340,0.09520,0.09420,0.09480,0.09690,0.09200,0.09650,0.09570,0.13290
2:00:34,0.13840,0.10070,0.10030,0.08350,0.11670,0.12050,0.12210,0.11290,0.15030,0.11130,0.27730,0.12160,0.14500,0.11490,0.10490,0.45020,0.11260,0.11500,0.11560,0.61860,0.14100,0.12210,0.20780,0.32850,0.12620,0.09750,0.09120,0.37100,0.10820,0.12520,0.12330,0.47430,0.11990,0.11750,0.16120,0.26030,0.08530,0.10620,0.09640,0.25010,0.11610,0.11350,0.11000,0.32060,0.11130,0.11540,0.10920,0.18460,0.24820,0.08450,0.15250,0.10690,0.11540,0.09730,0.11190,0.11370,0.12970,0.10710,0.11910,0.10230,0.20320,0.10100,0.12930,0.11430,0.11500,0.10820,0.11050,0.11560,0.11530,0.12560,0.10820,0.21840,0.14340,0.11330,0.10750,0.10770,0.10420,0.10110,0.09940,0.10770,0.10630,0.12580,0.10530,0.17530,0.08670,0.09440,0.09070,0.09500,0.09690,0.09580,0.09680,0.09900,0.09370,0.09840,0.09800,0.13800
2:10:34,0.14200,0.10120,0.10110,0.08390,0.11930,0.12270,0.12540,0.11620,0.15560,0.11440,0.29220,0.12550,0.14780,0.11590,0.10710,0.47730,0.12580,0.11800,0.11910,0.65490,0.14580,0.12530,0.21820,0.34680,0.12750,0.09720,0.09160,0.39220,0.11070,0.12830,0.12650,0.50240,0.12440,0.12070,0.16800,0.29000,0.08580,0.10540,0.09830,0.26530,0.11560,0.11630,0.11300,0.33920,0.11430,0.11860,0.11140,0.19200,0.26080,0.08480,0.15690,0.10890,0.11790,0.09930,0.11480,0.11610,0.13390,0.10970,0.12210,0.10480,0.21140,0.10190,0.13290,0.11690,0.11750,0.11060,0.11310,0.11530,0.11920,0.12870,0.11200,0.22860,0.14790,0.11460,0.10910,0.10970,0.10600,0.10260,0.10140,0.11020,0.10860,0.12870,0.10720,0.18200,0.08670,0.09520,0.09170,0.09670,0.09850,0.09710,0.09850,0.10090,0.09530,0.09990,0.09970,0.14250
2:20:34,0.14540,0.10100,0.10200,0.08440,0.12150,0.12460,0.12840,0.11910,0.16050,0.11730,0.30640,0.12890,0.15040,0.11650,0.10870,0.50290,0.12810,0.12050,0.12210,0.68940,0.15020,0.12790,0.22800,0.36410,0.12800,0.09720,0.09210,0.41280,0.11270,0.13090,0.12890,0.52930,0.12820,0.12350,0.17410,0.30260,0.08630,0.10530,0.09960,0.28670,0.12160,0.11890,0.11690,0.35680,0.11650,0.12110,0.11300,0.19850,0.27220,0.08490,0.16090,0.11050,0.12050,0.10090,0.11720,0.11780,0.13770,0.11180,0.12470,0.10740,0.21950,0.10270,0.13600,0.11900,0.11920,0.11250,0.11510,0.11780,0.12250,0.13120,0.11390,0.23800,0.15230,0.11540,0.11060,0.11120,0.10740,0.10380,0.10280,0.11210,0.11050,0.13090,0.10880,0.18860,0.08680,0.09580,0.09240,0.09820,0.09950,0.09800,0.09970,0.10220,0.09800,0.10100,0.10100,0.14660
2:30:34,0.14890,0.10050,0.10280,0.08480,0.12360,0.12620,0.13100,0.12160,0.16500,0.11970,0.31980,0.13210,0.15280,0.11690,0.11020,0.52750,0.13000,0.12280,0.12480,0.72130,0.15420,0.13010,0.23720,0.38090,0.12870,0.09720,0.09250,0.43230,0.11450,0.13320,0.13100,0.55450,0.13100,0.12600,0.17980,0.31500,0.08670,0.10580,0.10080,0.29270,0.12590,0.12130,0.11940,0.37370,0.11860,0.12330,0.11410,0.21120,0.28290,0.08520,0.16480,0.11160,0.12230,0.10230,0.11940,0.11920,0.14130,0.11340,0.12700,0.10890,0.22730,0.10340,0.13890,0.12090,0.12070,0.11420,0.11690,0.11990,0.12490,0.13340,0.11680,0.24720,0.15870,0.11610,0.11190,0.11220,0.10850,0.10480,0.10440,0.11350,0.11190,0.13290,0.11000,0.19490,0.08660,0.09620,0.09280,0.09890,0.10040,0.09880,0.10060,0.10320,0.09870,0.10190,0.10200,0.15020
2:40:34,0.15230,0.10040,0.10400,0.08540,0.12570,0.12780,0.13370,0.12410,0.16940,0.12220,0.33330,0.13510,0.15540,0.11720,0.11160,0.55140,0.13170,0.12490,0.12750,0.75190,0.15860,0.13230,0.24650,0.39720,0.12880,0.09750,0.09290,0.45110,0.11610,0.13530,0.13310,0.57920,0.13380,0.12830,0.18540,0.32690,0.08730,0.10580,0.10180,0.29770,0.12840,0.12340,0.12110,0.39010,0.12030,0.12530,0.11620,0.21700,0.29350,0.08540,0.16850,0.11260,0.12370,0.10360,0.12180,0.12050,0.14450,0.11510,0.12930,0.10970,0.23510,0.10420,0.14150,0.12260,0.12190,0.11580,0.11850,0.12180,0.12650,0.13530,0.11870,0.25610,0.16330,0.11670,0.11330,0.11310,0.10950,0.10560,0.10570,0.11500,0.11340,0.13480,0.11120,0.20120,0.08630,0.09670,0.09310,0.09940,0.10110,0.09950,0.10150,0.10410,0.09920,0.10270,0.10300,0.15390
2:50:34,0.15660,0.10220,0.10610,0.08690,0.12830,0.12990,0.13680,0.12710,0.17430,0.12530,0.34670,0.13850,0.15890,0.11860,0.11370,0.57500,0.13400,0.12760,0.13060,0.78080,0.16260,0.13490,0.25590,0.41380,0.13150,0.09830,0.09380,0.46980,0.11820,0.13750,0.13540,0.60360,0.13690,0.13100,0.19150,0.33890,0.08810,0.10560,0.10330,0.30970,0.12690,0.12600,0.12320,0.40640,0.12240,0.12770,0.11770,0.22350,0.30400,0.08600,0.17150,0.11410,0.12590,0.10530,0.12460,0.12210,0.14810,0.11710,0.13190,0.11160,0.24310,0.10590,0.14450,0.12450,0.12370,0.11770,0.12050,0.12410,0.12970,0.13740,0.12160,0.26570,0.16760,0.11780,0.11500,0.11450,0.11070,0.10710,0.10750,0.11690,0.11530,0.14420,0.11270,0.20770,0.08660,0.09750,0.09410,0.10010,0.10240,0.10070,0.10270,0.10550,0.10030,0.10400,0.10430,0.15800
3:00:34,0.16010,0.10390,0.10750,0.08790,0.13080,0.13190,0.13970,0.13010,0.17890,0.12830,0.35960,0.14170,0.16210,0.12040,0.11580,0.59760,0.13610,0.13030,0.13380,0.80820,0.16640,0.13760,0.26560,0.42990,0.13240,0.09930,0.09460,0.48850,0.12060,0.13980,0.13790,0.62700,0.14020,0.13390,0.19770,0.35090,0.08890,0.10640,0.10510,0.32200,0.12990,0.12850,0.12540,0.42260,0.12490,0.13030,0.11970,0.23050,0.31560,0.08660,0.17550,0.11590,0.12810,0.10720,0.12770,0.12430,0.15170,0.11930,0.13460,0.11440,0.25070,0.10800,0.14820,0.12680,0.12570,0.12010,0.12290,0.12710,0.13260,0.14000,0.12460,0.27550,0.16960,0.11940,0.11670,0.11630,0.11230,0.10890,0.10960,0.11920,0.11760,0.14740,0.11470,0.21420,0.08660,0.09880,0.09550,0.10150,0.10400,0.10230,0.10430,0.10750,0.10180,0.10570,0.10610,0.16250
3:10:34,0.16430,0.10540,0.11550,0.08920,0.13330,0.13390,0.14280,0.13300,0.18350,0.13130,0.37240,0.14500,0.16580,0.12220,0.11820,0.61980,0.13810,0.13310,0.13710,0.83410,0.17030,0.14040,0.27470,0.44550,0.13460,0.10000,0.09550,0.50630,0.12290,0.14210,0.14020,0.64940,0.14330,0.13680,0.20380,0.36300,0.08970,0.10670,0.10700,0.33410,0.13460,0.13100,0.12750,0.43840,0.12700,0.13280,0.12100,0.23730,0.32650,0.08710,0.18020,0.11760,0.13030,0.10930,0.13070,0.12640,0.15530,0.12140,0.13730,0.11690,0.25830,0.10960,0.15170,0.12910,0.12780,0.12260,0.12540,0.12970,0.13500,0.14240,0.12650,0.28510,0.17330,0.12070,0.11840,0.11820,0.11420,0.11080,0.11200,0.12160,0.12010,0.15040,0.11670,0.22050,0.08690,0.10000,0.09680,0.10310,0.10570,0.10390,0.10610,0.10950,0.10330,0.10740,0.10800,0.16710
3:20:34,0.16820,0.10660,0.11770,0.09030,0.13540,0.13570,0.14550,0.13570,0.18790,0.13400,0.38460,0.14870,0.16920,0.12390,0.12040,0.64090,0.14020,0.13570,0.14020,0.85850,0.17410,0.14360,0.28370,0.46080,0.13730,0.10070,0.09640,0.52380,0.12510,0.14410,0.14250,0.67080,0.14620,0.13940,0.20970,0.37450,0.09050,0.10220,0.10880,0.34550,0.13620,0.13340,0.12950,0.45370,0.12930,0.13540,0.12300,0.24430,0.33770,0.08780,0.18400,0.11960,0.13240,0.11130,0.13360,0.12870,0.15890,0.12350,0.13980,0.11890,0.26570,0.11140,0.15550,0.13150,0.12990,0.12510,0.12780,0.13250,0.13730,0.14470,0.12890,0.29450,0.17730,0.12230,0.12010,0.12020,0.11600,0.11280,0.11440,0.12390,0.12240,0.15310,0.11870,0.22680,0.08740,0.10130,0.09830,0.10480,0.10760,0.10560,0.10790,0.11160,0.10510,0.10920,0.10980,0.17170
3:30:34,0.17230,0.10780,0.12080,0.09170,0.13740,0.13740,0.14830,0.13820,0.19220,0.13640,0.39630,0.15100,0.17260,0.12550,0.12250,0.66110,0.14200,0.13820,0.14290,0.88070,0.17780,0.14590,0.29240,0.47550,0.13730,0.10130,0.09730,0.54060,0.12700,0.14580,0.14470,0.69120,0.14890,0.14190,0.21540,0.38590,0.09110,0.10240,0.11060,0.35660,0.13430,0.13570,0.13140,0.46850,0.13130,0.13750,0.12490,0.25090,0.34930,0.08850,0.18750,0.12130,0.13450,0.11310,0.13610,0.13070,0.16240,0.12540,0.14210,0.12050,0.27300,0.11280,0.15930,0.13380,0.13180,0.12740,0.13000,0.13500,0.14000,0.14700,0.13030,0.30360,0.18130,0.12410,0.12170,0.12210,0.11770,0.11450,0.11650,0.12600,0.12460,0.15570,0.12050,0.23290,0.08750,0.10250,0.09960,0.10630,0.10910,0.10710,0.10960,0.11360,0.10670,0.11080,0.11150,0.17610
3:40:34,0.17620,0.10880,0.12530,0.09300,0.13920,0.13910,0.15090,0.14050,0.19630,0.13880,0.40820,0.15340,0.17600,0.12700,0.12450,0.68050,0.14370,0.14080,0.14550,0.90170,0.18110,0.14840,0.30110,0.48980,0.13940,0.10180,0.09800,0.55650,0.12890,0.14750,0.14650,0.71100,0.15140,0.14430,0.22090,0.39680,0.09160,0.10290,0.11220,0.36730,0.13820,0.13770,0.13300,0.48310,0.13300,0.13970,0.12680,0.25750,0.36040,0.08910,0.19210,0.12280,0.13640,0.11490,0.13870,0.13270,0.16570,0.12740,0.14440,0.12220,0.27850,0.11410,0.16290,0.13600,0.13360,0.12970,0.13220,0.13750,0.14270,0.14890,0.13170,0.31240,0.18510,0.12570,0.12330,0.12370,0.11920,0.11630,0.11840,0.12810,0.12690,0.15830,0.12240,0.23880,0.08710,0.10370,0.10090,0.10840,0.11080,0.10870,0.11120,0.11550,0.10810,0.11240,0.11320,0.18040
3:50:34,0.18040,0.11000,0.12800,0.09480,0.14120,0.14070,0.15350,0.14290,0.20040,0.14130,0.41960,0.15580,0.17940,0.12890,0.12670,0.69940,0.14560,0.14330,0.14820,0.92170,0.18470,0.15100,0.30980,0.50420,0.14100,0.10260,0.09910,0.57260,0.13090,0.14940,0.14840,0.72990,0.15420,0.14690,0.22670,0.40790,0.09250,0.10340,0.11400,0.37760,0.14100,0.13960,0.13490,0.49740,0.13490,0.14270,0.12940,0.26430,0.37150,0.08990,0.19660,0.12460,0.13840,0.11690,0.14140,0.13460,0.16900,0.12940,0.14680,0.12440,0.28540,0.11560,0.16660,0.13830,0.13560,0.13210,0.13460,0.14000,0.14570,0.15120,0.13320,0.32130,0.18920,0.12750,0.12520,0.12560,0.12080,0.11820,0.12060,0.13030,0.12920,0.16090,0.12440,0.24490,0.08700,0.10480,0.10230,0.11110,0.11240,0.11030,0.11300,0.11740,0.10970,0.11420,0.11500,0.18470
4:00:34,0.18440,0.11100,0.12950,0.09620,0.14330,0.14230,0.15620,0.14500,0.20420,0.14360,0.43060,0.15820,0.18270,0.13040,0.12890,0.71770,0.14710,0.14570,0.15080,0.93950,0.18800,0.15310,0.31800,0.51790,0.14220,0.10330,0.09990,0.58740,0.13280,0.15100,0.15050,0.74810,0.15670,0.14910,0.23200,0.41850,0.09320,0.10380,0.11570,0.38630,0.14090,0.14150,0.13650,0.51530,0.13660,0.14630,0.13120,0.27080,0.38230,0.09050,0.20080,0.12600,0.14040,0.11860,0.14400,0.13640,0.17220,0.13110,0.14910,0.12670,0.29220,0.11710,0.17020,0.14050,0.13740,0.13440,0.13670,0.14230,0.14830,0.15320,0.13580,0.32980,0.19300,0.12900,0.12670,0.12730,0.12220,0.12000,0.12270,0.13240,0.13130,0.16350,0.12610,0.25160,0.08710,0.10600,0.10370,0.11280,0.11400,0.11180,0.11460,0.11920,0.11130,0.11570,0.11660,0.18850
4:10:34,0.18840,0.11200,0.13020,0.09760,0.14520,0.14360,0.15870,0.14710,0.20800,0.14560,0.44130,0.16010,0.18580,0.13200,0.12900,0.73480,0.14860,0.14780,0.15320,0.95610,0.19100,0.15510,0.32610,0.53120,0.14430,0.10380,0.10070,0.60240,0.13460,0.15250,0.15220,0.76520,0.15910,0.15130,0.23730,0.42870,0.09380,0.10430,0.11720,0.39460,0.13970,0.14320,0.13800,0.52900,0.13830,0.15370,0.13280,0.27720,0.39200,0.09100,0.20490,0.12740,0.14210,0.12010,0.14630,0.13790,0.17510,0.13290,0.15130,0.12810,0.29900,0.11850,0.17370,0.14250,0.13900,0.13650,0.13860,0.14450,0.15070,0.15500,0.13730,0.33810,0.19670,0.13070,0.12820,0.12890,0.12360,0.12160,0.12450,0.13430,0.13330,0.16570,0.12780,0.25760,0.08730,0.10700,0.10490,0.11410,0.11540,0.11310,0.11620,0.12100,0.11260,0.11720,0.11860,0.19220
4:20:34,0.19200,0.11220,0.13040,0.09870,0.14700,0.14490,0.16090,0.14890,0.21160,0.14750,0.45150,0.16220,0.18870,0.13310,0.13050,0.75100,0.15000,0.15000,0.15520,0.97160,0.19360,0.15690,0.33390,0.54400,0.14480,0.10420,0.10130,0.61630,0.13630,0.15370,0.15370,0.78180,0.16140,0.15330,0.24240,0.43880,0.09420,0.10460,0.11870,0.40400,0.14310,0.14480,0.13950,0.54210,0.13970,0.15800,0.13430,0.28330,0.40190,0.09150,0.20840,0.12870,0.14380,0.12160,0.14840,0.13940,0.17810,0.13440,0.15330,0.12940,0.30580,0.11980,0.17710,0.14450,0.14050,0.13860,0.14050,0.14670,0.15310,0.15680,0.14020,0.34630,0.20030,0.13220,0.12980,0.13040,0.12490,0.12360,0.12610,0.13610,0.13530,0.16790,0.12920,0.26310,0.08720,0.10800,0.10630,0.11550,0.11680,0.11450,0.11750,0.12250,0.11390,0.11850,0.11990,0.19610
4:30:34,0.19530,0.11270,0.12960,0.09950,0.14860,0.14590,0.16300,0.15050,0.21500,0.14920,0.46180,0.16380,0.19120,0.13420,0.13200,0.76670,0.15110,0.15190,0.15730,0.98600,0.19630,0.15860,0.34150,0.55650,0.14600,0.10440,0.10150,0.62980,0.13780,0.15490,0.15500,0.79770,0.16350,0.15500,0.24720,0.44860,0.09440,0.10540,0.12000,0.41350,0.14510,0.14590,0.14050,0.55460,0.14090,0.15970,0.13570,0.28890,0.41130,0.09170,0.21130,0.12970,0.14530,0.12300,0.15050,0.14060,0.18060,0.13560,0.15520,0.13080,0.31240,0.12070,0.18030,0.14620,0.14170,0.14040,0.14220,0.14860,0.15520,0.15820,0.14120,0.35400,0.20370,0.13340,0.13120,0.13190,0.12610,0.12520,0.12730,0.13770,0.13710,0.17000,0.13050,0.26850,0.08700,0.10870,0.10740,0.11670,0.11800,0.11560,0.11870,0.12390,0.11500,0.11970,0.12110,0.19970
4:40:34,0.19850,0.11300,0.12880,0.10000,0.15020,0.14670,0.16490,0.15190,0.21820,0.15050,0.47180,0.16540,0.19350,0.13480,0.13340,0.78150,0.15200,0.15360,0.15920,0.99900,0.19860,0.16000,0.34880,0.56860,0.14780,0.10430,0.10160,0.64310,0.13910,0.15550,0.15640,0.81210,0.16540,0.15660,0.25160,0.45780,0.09440,0.10560,0.12100,0.42250,0.14440,0.14680,0.14160,0.56660,0.14210,0.16180,0.13680,0.29430,0.41990,0.09140,0.21480,0.13030,0.14640,0.12420,0.15240,0.14150,0.18320,0.13680,0.15680,0.13200,0.31870,0.12120,0.18330,0.14780,0.14290,0.14220,0.14370,0.15030,0.15700,0.15950,0.14230,0.36130,0.20710,0.13450,0.13230,0.13310,0.12690,0.12660,0.12850,0.13900,0.13860,0.17130,0.13250,0.27360,0.08700,0.10920,0.10830,0.11760,0.11890,0.11650,0.11970,0.12500,0.11580,0.12060,0.12200,0.20310
4:50:34,0.20160,0.11290,0.12840,0.10050,0.15180,0.14740,0.16680,0.15310,0.22130,0.15190,0.48150,0.16690,0.19570,0.13560,0.13470,0.79560,0.15300,0.15530,0.16100,1.01120,0.20100,0.16090,0.35590,0.58060,0.14780,0.10430,0.10170,0.65600,0.14030,0.15650,0.15730,0.82640,0.16690,0.15810,0.25610,0.46700,0.09440,0.10590,0.12220,0.43120,0.14150,0.14790,0.14240,0.57860,0.14300,0.16300,0.13790,0.29960,0.42860,0.09120,0.21800,0.13070,0.14730,0.12540,0.15410,0.14250,0.18530,0.13790,0.15840,0.13370,0.32490,0.12170,0.18620,0.14930,0.14400,0.14390,0.14510,0.15200,0.15890,0.16080,0.14440,0.36860,0.21070,0.13530,0.13350,0.13430,0.12770,0.12790,0.12860,0.14040,0.14010,0.17300,0.13350,0.27870,0.08700,0.10960,0.10910,0.11840,0.11980,0.11730,0.12060,0.12600,0.11680,0.12150,0.12300,0.20640
5:00:34,0.20560,0.11150,0.12890,0.10170,0.15350,0.14850,0.16900,0.15490,0.22490,0.15370,0.49130,0.16870,0.19840,0.13650,0.13630,0.80980,0.15430,0.15730,0.16320,1.02320,0.20380,0.16190,0.36330,0.59260,0.14870,0.10510,0.10240,0.66870,0.14190,0.15720,0.15880,0.84030,0.16880,0.15970,0.26090,0.47610,0.09510,0.10650,0.12330,0.44000,0.14320,0.14890,0.14360,0.59000,0.14430,0.16410,0.13920,0.30520,0.43650,0.09180,0.22160,0.13130,0.14880,0.12660,0.15590,0.14360,0.18810,0.13920,0.16020,0.13540,0.33150,0.12240,0.18930,0.15100,0.14520,0.14570,0.14680,0.15370,0.16090,0.16240,0.14570,0.37600,0.21550,0.13650,0.13500,0.13560,0.12890,0.12920,0.12940,0.14190,0.14120,0.17450,0.13460,0.28420,0.08730,0.11020,0.10990,0.11890,0.12080,0.11830,0.12170,0.12720,0.11770,0.12260,0.12400,0.20980
5:10:34,0.20960,0.11210,0.12980,0.10290,0.15520,0.14930,0.17120,0.15670,0.22840,0.15530,0.50100,0.17030,0.20110,0.13760,0.13780,0.82310,0.15540,0.15910,0.16530,1.03300,0.20620,0.16340,0.37060,0.60410,0.15100,0.10570,0.10330,0.68070,0.14330,0.15850,0.16000,0.85370,0.17060,0.16140,0.26560,0.48540,0.09570,0.10680,0.12450,0.44870,0.14690,0.15000,0.14500,0.60160,0.14550,0.16550,0.14060,0.31070,0.44560,0.09220,0.22530,0.13210,0.14990,0.12790,0.15800,0.14480,0.19080,0.14050,0.16190,0.13630,0.33790,0.12350,0.19250,0.15240,0.14650,0.14780,0.14850,0.15570,0.16290,0.16400,0.14800,0.38350,0.21920,0.13770,0.13650,0.13720,0.12980,0.13060,0.13070,0.14340,0.14280,0.17640,0.13590,0.28960,0.08750,0.11090,0.11070,0.11960,0.12190,0.11940,0.12280,0.12860,0.11870,0.12380,0.12510,0.21330
5:20:34,0.21350,0.11240,0.13090,0.10400,0.15710,0.15020,0.17340,0.15830,0.23210,0.15700,0.51040,0.17200,0.20380,0.13840,0.13930,0.83590,0.15650,0.16090,0.16730,1.04240,0.20860,0.16510,0.37780,0.61570,0.15120,0.10610,0.10400,0.69240,0.14460,0.15930,0.16130,0.86620,0.17260,0.16290,0.27010,0.49440,0.09600,0.10700,0.12580,0.45710,0.14760,0.15110,0.14620,0.61260,0.14670,0.16670,0.14190,0.31620,0.45360,0.09250,0.22960,0.13290,0.15110,0.12930,0.16010,0.14570,0.19360,0.14170,0.16350,0.13710,0.34460,0.12480,0.19590,0.15410,0.14770,0.15000,0.15010,0.15770,0.16500,0.16560,0.14910,0.39090,0.22270,0.13920,0.13810,0.13870,0.13060,0.13210,0.13200,0.14490,0.14440,0.17780,0.13700,0.29490,0.08760,0.11160,0.11150,0.12030,0.12300,0.12040,0.12380,0.12990,0.11980,0.12490,0.12610,0.21660
5:30:34,0.21690,0.11270,0.13140,0.10490,0.15870,0.15090,0.17520,0.15960,0.23530,0.15820,0.51950,0.17320,0.20630,0.13940,0.14080,0.84830,0.15750,0.16260,0.16920,1.05110,0.21080,0.16680,0.38470,0.62680,0.15240,0.10640,0.10460,0.70390,0.14580,0.16030,0.16240,0.87870,0.17410,0.16430,0.27450,0.50370,0.09630,0.10710,0.12680,0.46560,0.14750,0.15210,0.14710,0.62360,0.14770,0.16790,0.14300,0.32150,0.46250,0.09270,0.23310,0.13350,0.15240,0.13070,0.16210,0.14670,0.19610,0.14280,0.16490,0.13820,0.35080,0.12600,0.19920,0.15570,0.14880,0.15200,0.15180,0.15960,0.16700,0.16730,0.15040,0.39810,0.22590,0.14060,0.13940,0.14000,0.13140,0.13330,0.13310,0.14620,0.14590,0.17930,0.13810,0.29990,0.08770,0.11210,0.11210,0.12140,0.12390,0.12140,0.12470,0.13100,0.12080,0.12600,0.12700,0.21980
5:40:34,0.22060,0.11280,0.13220,0.10580,0.16040,0.15160,0.17740,0.16120,0.23870,0.15950,0.52870,0.17450,0.20890,0.14030,0.14220,0.85980,0.15860,0.16430,0.17110,1.05880,0.21310,0.16870,0.39170,0.63790,0.15340,0.10690,0.10520,0.71500,0.14680,0.16110,0.16350,0.89000,0.17570,0.16580,0.27870,0.51240,0.09650,0.10710,0.12790,0.47370,0.14710,0.15610,0.14810,0.63400,0.14880,0.16850,0.14420,0.32690,0.47020,0.09290,0.23620,0.13410,0.15340,0.13170,0.16420,0.14760,0.19900,0.14420,0.16640,0.13930,0.35700,0.12730,0.20230,0.15730,0.15000,0.15430,0.15340,0.16160,0.16900,0.16900,0.15220,0.40540,0.22900,0.14180,0.14070,0.14140,0.13260,0.13460,0.13440,0.14810,0.14730,0.18070,0.13910,0.30510,0.08790,0.11270,0.11290,0.12250,0.12480,0.12230,0.12560,0.13220,0.12170,0.12700,0.12780,0.22300
5:50:34,0.22430,0.11320,0.13330,0.10650,0.16200,0.15220,0.17960,0.16240,0.24260,0.16080,0.53720,0.17600,0.21150,0.14130,0.14370,0.87160,0.15980,0.16590,0.17290,1.06640,0.21540,0.16970,0.39860,0.64870,0.15440,0.10720,0.10560,0.72580,0.14800,0.16220,0.16480,0.90140,0.17740,0.16720,0.28310,0.52120,0.09680,0.10740,0.12900,0.48180,0.14670,0.15690,0.14910,0.64410,0.14970,0.16730,0.14530,0.33210,0.47830,0.09310,0.23950,0.13480,0.15450,0.13290,0.16610,0.14850,0.20190,0.14530,0.16780,0.14040,0.36330,0.12870,0.20550,0.15860,0.15130,0.15640,0.15500,0.16350,0.17100,0.17070,0.15350,0.41260,0.23230,0.14320,0.14200,0.14280,0.13360,0.13600,0.13560,0.14970,0.14880,0.18210,0.14010,0.31040,0.08810,0.11330,0.11360,0.12290,0.12550,0.12330,0.12660,0.13340,0.12260,0.12810,0.12870,0.22610
6:00:34,0.22790,0.11340,0.13430,0.10740,0.16370,0.15280,0.18170,0.16380,0.24610,0.16190,0.54580,0.17750,0.21420,0.14210,0.14490,0.88220,0.16080,0.16780,0.17460,1.07280,0.21750,0.17120,0.40540,0.65920,0.15600,0.10770,0.10620,0.73620,0.14910,0.16300,0.16580,0.91190,0.17880,0.16840,0.28730,0.52990,0.09700,0.10720,0.12990,0.48980,0.14860,0.15760,0.15000,0.65430,0.15060,0.16930,0.14620,0.33700,0.48680,0.09330,0.24280,0.13540,0.15560,0.13410,0.16790,0.14940,0.20440,0.14630,0.16920,0.14170,0.36970,0.13000,0.20850,0.15990,0.15260,0.15840,0.15650,0.16530,0.17280,0.17210,0.15530,0.41960,0.23560,0.14440,0.14320,0.14420,0.13440,0.13730,0.13660,0.15110,0.15020,0.18330,0.14100,0.31540,0.08820,0.11380,0.11410,0.12390,0.12630,0.12410,0.12740,0.13440,0.12340,0.12900,0.12940,0.22920
6:10:34,0.23230,0.11430,0.13570,0.10880,0.16560,0.15390,0.18440,0.16530,0.25010,0.16360,0.55460,0.17940,0.21730,0.14330,0.14650,0.89290,0.16220,0.16980,0.17670,1.07890,0.22010,0.17310,0.41260,0.67000,0.15710,0.10890,0.10730,0.74660,0.15040,0.16430,0.16720,0.92230,0.18070,0.17000,0.29170,0.53890,0.09780,0.10770,0.13110,0.49790,0.14940,0.15850,0.15130,0.66470,0.15190,0.16930,0.14750,0.34240,0.49480,0.09410,0.24630,0.13610,0.15690,0.13530,0.16980,0.15040,0.20730,0.14760,0.17070,0.14340,0.37640,0.13150,0.21160,0.16140,0.15410,0.16030,0.15820,0.16740,0.17510,0.17370,0.15700,0.42670,0.23940,0.14620,0.14490,0.14570,0.13520,0.13910,0.13790,0.15280,0.15180,0.18470,0.14230,0.32100,0.08870,0.11470,0.11500,0.12460,0.12720,0.12530,0.12840,0.13560,0.12450,0.13020,0.13050,0.23250
6:20:34,0.23720,0.11550,0.13740,0.11070,0.16740,0.15500,0.18680,0.16700,0.25380,0.16510,0.56330,0.18110,0.22060,0.14480,0.14850,0.90300,0.16380,0.17210,0.17860,1.08420,0.22280,0.17510,0.41980,0.68070,0.15930,0.11050,0.10900,0.75670,0.15200,0.16570,0.16860,0.93250,0.18280,0.17180,0.29620,0.54760,0.09910,0.10880,0.13260,0.50580,0.14980,0.15950,0.15260,0.67500,0.15320,0.16760,0.14910,0.34820,0.50340,0.09530,0.25010,0.13730,0.15850,0.13680,0.17200,0.15170,0.21010,0.14910,0.17240,0.14490,0.38280,0.13340,0.21510,0.16340,0.15580,0.16290,0.16040,0.16940,0.17760,0.17540,0.15910,0.43430,0.24320,0.14800,0.14720,0.14760,0.13690,0.14090,0.13960,0.15460,0.15380,0.18650,0.14370,0.32710,0.08940,0.11600,0.11630,0.12600,0.12830,0.12670,0.12970,0.13720,0.12590,0.13170,0.13170,0.23610
6:30:34,0.24170,0.11650,0.13910,0.11220,0.16910,0.15580,0.18910,0.16830,0.25700,0.16680,0.57190,0.18270,0.22380,0.14610,0.15020,0.91210,0.16510,0.17420,0.18040,1.08900,0.22530,0.17700,0.42670,0.69050,0.16150,0.11190,0.11060,0.76660,0.15340,0.16700,0.17010,0.94150,0.18460,0.17330,0.30060,0.55610,0.10010,0.10970,0.13390,0.51380,0.15030,0.16040,0.15390,0.68480,0.15440,0.16690,0.15040,0.35380,0.51070,0.09620,0.25390,0.13810,0.15970,0.13840,0.17400,0.15260,0.21270,0.15060,0.17400,0.14590,0.38900,0.13500,0.21840,0.16520,0.15740,0.16480,0.16220,0.17120,0.17990,0.17680,0.16100,0.44140,0.24670,0.14970,0.14920,0.14930,0.13870,0.14260,0.14090,0.15630,0.15550,0.18790,0.14490,0.33260,0.08960,0.11710,0.11740,0.12720,0.12950,0.12790,0.13090,0.13850,0.12700,0.13310,0.13270,0.23940
6:40:34,0.24580,0.11740,0.14080,0.11370,0.17080,0.15670,0.19120,0.16970,0.26020,0.16810,0.58020,0.18440,0.22690,0.14730,0.15200,0.92070,0.16640,0.17620,0.18240,1.09330,0.22770,0.17910,0.43360,0.70050,0.16330,0.11310,0.11210,0.77650,0.15490,0.16870,0.17160,0.95010,0.18640,0.17500,0.30500,0.56460,0.10110,0.11040,0.13520,0.52170,0.15110,0.16150,0.15540,0.69470,0.15550,0.16880,0.15180,0.35860,0.51790,0.09700,0.25760,0.13910,0.16130,0.13960,0.17600,0.15380,0.21520,0.15200,0.17580,0.14690,0.39420,0.13670,0.22170,0.16710,0.15890,0.16680,0.16400,0.17300,0.18230,0.17830,0.16280,0.44860,0.25040,0.15140,0.15120,0.15080,0.13990,0.14420,0.14250,0.15800,0.15730,0.18940,0.14620,0.33820,0.08980,0.11820,0.11850,0.12840,0.13060,0.12920,0.13200,0.13980,0.12820,0.13440,0.13380,0.24270
6:50:34,0.25030,0.11850,0.14280,0.11530,0.17260,0.15780,0.19330,0.17150,0.26370,0.16960,0.58890,0.18620,0.23010,0.14860,0.15370,0.92930,0.16790,0.17840,0.18440,1.09690,0.23030,0.18130,0.44060,0.71030,0.16630,0.11450,0.11370,0.78600,0.15640,0.17040,0.17300,0.95870,0.18830,0.17660,0.30940,0.57310,0.10210,0.11140,0.13650,0.52920,0.15240,0.16250,0.15670,0.70410,0.15690,0.17000,0.15310,0.36370,0.52520,0.09790,0.26120,0.14020,0.16300,0.14090,0.17780,0.15510,0.21780,0.15340,0.17730,0.14810,0.40030,0.13840,0.22490,0.16900,0.16030,0.16880,0.16580,0.17480,0.18480,0.17960,0.16500,0.45560,0.25410,0.15270,0.15320,0.15250,0.14100,0.14580,0.14390,0.15960,0.15900,0.19090,0.14760,0.34360,0.09020,0.11940,0.11960,0.12980,0.13180,0.13050,0.13280,0.14110,0.12940,0.13580,0.13490,0.24620
7:00:34,0.25440,0.11950,0.14420,0.11670,0.17410,0.15870,0.19530,0.17310,0.26660,0.17090,0.59650,0.18750,0.23310,0.14970,0.15530,0.93710,0.16910,0.18020,0.18630,1.09990,0.23270,0.18270,0.44710,0.71960,0.16750,0.11550,0.11510,0.79510,0.15780,0.17160,0.17440,0.96660,0.19010,0.17810,0.31350,0.58130,0.10300,0.11180,0.13780,0.53700,0.15340,0.16360,0.15790,0.71320,0.15790,0.16900,0.15440,0.36930,0.53190,0.09860,0.26480,0.14120,0.16450,0.14210,0.17970,0.15630,0.22010,0.15470,0.17900,0.15010,0.40590,0.14000,0.22790,0.17090,0.16150,0.17070,0.16740,0.17650,0.18670,0.18110,0.16650,0.46250,0.25770,0.15420,0.15510,0.15390,0.14190,0.14730,0.14540,0.16120,0.16080,0.19200,0.14890,0.34880,0.09030,0.12060,0.12070,0.13100,0.13280,0.13170,0.13390,0.14240,0.13050,0.13710,0.13600,0.24950
7:10:34,0.25870,0.12070,0.14600,0.11840,0.17590,0.15980,0.19740,0.17460,0.27000,0.17230,0.60460,0.18920,0.23630,0.15090,0.15690,0.94460,0.17050,0.18230,0.18830,1.10540,0.23550,0.18370,0.45380,0.72880,0.17100,0.11680,0.11680,0.80410,0.15940,0.17280,0.17590,0.97460,0.19200,0.17970,0.31800,0.58930,0.10390,0.11270,0.13910,0.54450,0.15410,0.16460,0.15920,0.72270,0.15920,0.17030,0.15590,0.37520,0.53930,0.09950,0.26830,0.14230,0.16620,0.14340,0.18160,0.15770,0.22270,0.15610,0.18090,0.15170,0.41190,0.14180,0.23110,0.17280,0.16290,0.17240,0.16910,0.17820,0.18870,0.18240,0.16850,0.46960,0.26130,0.15580,0.15710,0.15540,0.14310,0.14870,0.14700,0.16270,0.16250,0.19350,0.15040,0.35410,0.09070,0.12180,0.12180,0.13240,0.13390,0.13300,0.13510,0.14380,0.13180,0.13850,0.13710,0.25290
7:20:34,0.26280,0.12170,0.14760,0.11990,0.17740,0.16080,0.19930,0.17580,0.27310,0.17370,0.61250,0.19050,0.23930,0.15210,0.15850,0.95180,0.17190,0.18410,0.19020,1.10710,0.23790,0.18470,0.46010,0.73750,0.17170,0.11800,0.11820,0.81250,0.16080,0.17400,0.17720,0.98120,0.19390,0.18110,0.32200,0.59700,0.10470,0.11340,0.14040,0.55150,0.15360,0.16560,0.16020,0.73120,0.16030,0.17280,0.15710,0.38090,0.54630,0.10040,0.27180,0.14330,0.16770,0.14450,0.18330,0.15870,0.22490,0.15740,0.18260,0.15270,0.41750,0.14350,0.23410,0.17470,0.16410,0.17410,0.17070,0.17980,0.19070,0.18360,0.16990,0.47630,0.26480,0.15730,0.15910,0.15680,0.14440,0.15030,0.14830,0.16410,0.16420,0.19480,0.15160,0.35900,0.09080,0.12300,0.12280,0.13360,0.13490,0.13410,0.13610,0.14500,0.13290,0.13960,0.13810,0.25620
7:30:34,0.26630,0.12240,0.14880,0.12130,0.17890,0.16170,0.20120,0.17710,0.27570,0.17470,0.62030,0.19190,0.24220,0.15310,0.15990,0.95810,0.17300,0.18570,0.19190,1.10890,0.24010,0.18620,0.46640,0.74590,0.17460,0.11860,0.11940,0.82090,0.16190,0.17510,0.17860,0.98800,0.19550,0.18250,0.32610,0.60430,0.10510,0.11370,0.14150,0.55840,0.15540,0.16650,0.16130,0.73980,0.16110,0.17440,0.15820,0.38620,0.55350,0.10070,0.27530,0.14430,0.16920,0.14570,0.18560,0.15960,0.22710,0.15860,0.18410,0.15400,0.42270,0.14500,0.23700,0.17620,0.16520,0.17570,0.17220,0.18120,0.19260,0.18470,0.17110,0.48290,0.26790,0.15850,0.16090,0.15810,0.14560,0.15160,0.14960,0.16540,0.16580,0.19590,0.15280,0.36360,0.09080,0.12400,0.12380,0.13480,0.13590,0.13520,0.13710,0.14610,0.13390,0.14080,0.13890,0.25930
7:40:34,0.27010,0.12310,0.15020,0.12230,0.18030,0.16260,0.20290,0.17810,0.27860,0.17580,0.62800,0.19310,0.24490,0.15400,0.16120,0.96420,0.17420,0.18720,0.19350,1.10980,0.24230,0.18870,0.47240,0.75410,0.17530,0.11930,0.12050,0.82840,0.16310,0.17610,0.17990,0.99420,0.19710,0.18380,0.33000,0.61190,0.10530,0.11370,0.14260,0.56550,0.15640,0.16740,0.16230,0.74820,0.16220,0.17390,0.15920,0.39150,0.55980,0.10090,0.27880,0.14490,0.17030,0.14660,0.18720,0.16050,0.22930,0.15970,0.18550,0.15450,0.42790,0.14650,0.23980,0.17790,0.16610,0.17720,0.17360,0.18240,0.19410,0.18580,0.17240,0.48930,0.27090,0.15980,0.16230,0.15930,0.14680,0.15280,0.15070,0.16660,0.16710,0.19680,0.15380,0.36800,0.09070,0.12480,0.12460,0.13580,0.13660,0.13610,0.13800,0.14710,0.13490,0.14180,0.13990,0.26220
7:50:34,0.27370,0.12390,0.15150,0.12350,0.18170,0.16360,0.20480,0.17920,0.28150,0.17700,0.63550,0.19430,0.24750,0.15480,0.16260,0.96980,0.17530,0.18890,0.19520,1.11070,0.24450,0.19000,0.47870,0.76210,0.17820,0.11990,0.12170,0.83630,0.16450,0.17710,0.18130,1.00030,0.19880,0.18510,0.33390,0.61900,0.10570,0.11390,0.14360,0.57240,0.15700,0.16830,0.16340,0.75660,0.16310,0.17440,0.16020,0.39680,0.56600,0.10140,0.28220,0.14570,0.17180,0.14790,0.18900,0.16150,0.23140,0.16070,0.18700,0.15550,0.43310,0.14790,0.24270,0.17950,0.16710,0.17860,0.17500,0.18360,0.19580,0.18700,0.17370,0.49570,0.27410,0.16100,0.16400,0.16050,0.14810,0.15390,0.15190,0.16790,0.16870,0.19760,0.15480,0.37260,0.09060,0.12560,0.12550,0.13680,0.13780,0.13710,0.13900,0.14820,0.13590,0.14280,0.14080,0.26530
8:00:34,0.27730,0.12470,0.15280,0.12460,0.18320,0.16450,0.20650,0.18030,0.28450,0.17820,0.64280,0.19560,0.25040,0.15570,0.16380,0.97560,0.17650,0.19050,0.19680,1.11160,0.24680,0.19110,0.48460,0.77030,0.17870,0.12060,0.12300,0.84380,0.16580,0.17810,0.18270,1.00560,0.20050,0.18660,0.33800,0.62640,0.10590,0.11400,0.14470,0.57840,0.15750,0.16910,0.16450,0.76450,0.16420,0.17700,0.16120,0.40200,0.57210,0.10160,0.28580,0.14650,0.17310,0.14900,0.19060,0.16240,0.23370,0.16170,0.18850,0.15710,0.43840,0.14930,0.24550,0.18110,0.16810,0.18010,0.17640,0.18500,0.19740,0.18810,0.17500,0.50210,0.27710,0.16230,0.16550,0.16180,0.14940,0.15520,0.15310,0.16910,0.17020,0.19870,0.15600,0.37710,0.09070,0.12660,0.12640,0.13790,0.13850,0.13810,0.13980,0.14920,0.13680,0.14380,0.14170,0.26820
8:10:34,0.28090,0.12540,0.15400,0.12590,0.18470,0.16550,0.20830,0.18140,0.28760,0.17940,0.65010,0.19700,0.25320,0.15690,0.16520,0.98080,0.17770,0.19200,0.19840,1.11170,0.24900,0.19240,0.49060,0.77810,0.18170,0.12150,0.12410,0.85140,0.16700,0.17940,0.18400,1.01100,0.20200,0.18790,0.34180,0.63320,0.10640,0.11440,0.14570,0.58500,0.15840,0.16970,0.16540,0.77240,0.16530,0.17860,0.16220,0.40730,0.57770,0.10220,0.28940,0.14740,0.17440,0.15000,0.19210,0.16350,0.23580,0.16270,0.19000,0.15860,0.44380,0.15080,0.24830,0.18280,0.16900,0.18160,0.17790,0.18630,0.19920,0.18930,0.17630,0.50840,0.28010,0.16350,0.16720,0.16310,0.15050,0.15630,0.15430,0.17020,0.17170,0.19960,0.15710,0.38160,0.09080,0.12750,0.12730,0.13880,0.13940,0.13910,0.14080,0.15020,0.13790,0.14500,0.14260,0.27120
8:20:34,0.28450,0.12620,0.15530,0.12690,0.18650,0.16650,0.20980,0.18250,0.29030,0.18050,0.65670,0.19840,0.25590,0.15780,0.16650,0.98570,0.17890,0.19360,0.19990,1.11200,0.25100,0.19350,0.49660,0.78530,0.18210,0.12210,0.12530,0.85790,0.16820,0.18020,0.18530,1.01610,0.20360,0.18910,0.34550,0.64000,0.10680,0.11460,0.14680,0.59160,0.15930,0.17070,0.16640,0.78010,0.16650,0.17820,0.16310,0.41240,0.58330,0.10260,0.29280,0.14830,0.17570,0.15100,0.19350,0.16430,0.23810,0.16370,0.19140,0.15980,0.44890,0.15210,0.25100,0.18430,0.17000,0.18300,0.17920,0.18760,0.20090,0.19060,0.17760,0.51460,0.28310,0.16460,0.16880,0.16430,0.15140,0.15750,0.15540,0.17140,0.17310,0.20050,0.15810,0.38610,0.09090,0.12830,0.12800,0.13980,0.14020,0.14000,0.14160,0.15130,0.13870,0.14590,0.14350,0.27410
8:30:34,0.28770,0.12680,0.15640,0.12790,0.18780,0.16720,0.21140,0.18360,0.29300,0.18140,0.66370,0.19950,0.25870,0.15860,0.16760,0.99040,0.17990,0.19480,0.20150,1.11200,0.25310,0.19450,0.50280,0.79300,0.18550,0.12280,0.12620,0.86470,0.16930,0.18130,0.18630,1.02050,0.20510,0.19040,0.34910,0.64690,0.10710,0.11480,0.14770,0.59820,0.16010,0.17170,0.16720,0.78780,0.16740,0.17730,0.16400,0.41710,0.58910,0.10280,0.29620,0.14900,0.17680,0.15190,0.19490,0.16530,0.24010,0.16470,0.19270,0.16070,0.45380,0.15340,0.25360,0.18580,0.17070,0.18440,0.18050,0.18890,0.20240,0.19160,0.17880,0.52060,0.28570,0.16560,0.17020,0.16550,0.15190,0.15860,0.15640,0.17250,0.17440,0.20120,0.15900,0.39040,0.09090,0.12900,0.12870,0.14080,0.14080,0.14080,0.14240,0.15220,0.13950,0.14680,0.14420,0.27690
8:40:34,0.29110,0.12730,0.15750,0.12880,0.18910,0.16790,0.21300,0.18420,0.29610,0.18240,0.67000,0.20060,0.26130,0.15830,0.16890,0.99470,0.18090,0.19620,0.20290,1.11170,0.25530,0.19560,0.50860,0.80030,0.18510,0.12320,0.12720,0.87130,0.17030,0.18220,0.18740,1.02490,0.20640,0.19160,0.35330,0.65380,0.10750,0.11460,0.14850,0.60470,0.16080,0.17250,0.16820,0.79490,0.16840,0.17880,0.16470,0.42210,0.59530,0.10300,0.29960,0.14970,0.17790,0.15270,0.19630,0.16600,0.24210,0.16560,0.19410,0.16120,0.45870,0.15450,0.25610,0.18740,0.17150,0.18550,0.18160,0.19000,0.20390,0.19270,0.17980,0.52640,0.28840,0.16660,0.17160,0.16660,0.15240,0.15960,0.15740,0.17330,0.17560,0.20210,0.15990,0.39450,0.09060,0.12980,0.12940,0.14170,0.14140,0.14170,0.14310,0.15300,0.14020,0.14760,0.14500,0.27960
8:50:34,0.29440,0.12800,0.15880,0.12980,0.19030,0.16870,0.21460,0.18540,0.29980,0.18320,0.67710,0.20160,0.26390,0.15930,0.17010,0.99880,0.18200,0.19750,0.20420,1.11170,0.25710,0.19690,0.51410,0.80730,0.18850,0.12360,0.12820,0.87720,0.17140,0.18310,0.18860,1.02890,0.20790,0.19270,0.35700,0.66040,0.10770,0.11470,0.14940,0.61130,0.16150,0.17330,0.16900,0.80210,0.16920,0.18150,0.16550,0.42690,0.60160,0.10310,0.30290,0.15040,0.17910,0.15360,0.19770,0.16680,0.24410,0.16640,0.19530,0.16150,0.46360,0.15560,0.25880,0.18890,0.17240,0.18680,0.18270,0.19120,0.20550,0.19380,0.18090,0.53230,0.29150,0.16770,0.17300,0.16780,0.15310,0.16070,0.15840,0.17430,0.17690,0.20260,0.16080,0.39930,0.09060,0.13030,0.13010,0.14250,0.14210,0.14250,0.14390,0.15380,0.14090,0.14850,0.14570,0.28230
9:00:34,0.29780,0.12860,0.16000,0.13090,0.19150,0.16950,0.21610,0.18640,0.30320,0.18400,0.68400,0.20330,0.26670,0.16030,0.17130,1.00230,0.18320,0.19890,0.20560,1.11110,0.25920,0.19830,0.51970,0.81450,0.18880,0.12430,0.12920,0.88360,0.17250,0.18420,0.18990,1.03290,0.20940,0.19400,0.36040,0.66730,0.10800,0.11500,0.15040,0.61760,0.16240,0.17440,0.17000,0.80930,0.17010,0.18220,0.16630,0.43200,0.60850,0.10340,0.30650,0.15110,0.18040,0.15450,0.19910,0.16760,0.24630,0.16740,0.19690,0.16230,0.46840,0.15680,0.26140,0.19040,0.17330,0.18810,0.18390,0.19250,0.20730,0.19500,0.18200,0.53820,0.29480,0.16860,0.17450,0.16900,0.15410,0.16180,0.15950,0.17530,0.17830,0.20380,0.16170,0.40320,0.09070,0.13110,0.13090,0.14340,0.14290,0.14330,0.14480,0.15460,0.14180,0.14950,0.14660,0.28510
9:10:34,0.30100,0.12920,0.16110,0.13180,0.19260,0.16990,0.21760,0.18720,0.30570,0.18480,0.69050,0.20440,0.26950,0.16120,0.17240,1.00550,0.18420,0.20010,0.20710,1.11120,0.26120,0.19940,0.52500,0.82130,0.19150,0.12480,0.13020,0.88910,0.17350,0.18530,0.19070,1.03630,0.21060,0.19500,0.36440,0.67350,0.10820,0.11510,0.15120,0.62420,0.16310,0.17510,0.17080,0.81640,0.17090,0.18270,0.16720,0.43670,0.61470,0.10360,0.31020,0.15180,0.18150,0.15530,0.20040,0.16790,0.24820,0.16820,0.19800,0.16300,0.47330,0.15780,0.26400,0.19180,0.17410,0.18940,0.18510,0.19370,0.20870,0.19600,0.18300,0.54400,0.29780,0.16960,0.17590,0.17000,0.15500,0.16280,0.16040,0.17620,0.17960,0.20430,0.16250,0.40700,0.09070,0.13180,0.13160,0.14420,0.14360,0.14410,0.14550,0.15540,0.14250,0.15020,0.14710,0.28780
9:20:34,0.30450,0.12970,0.16230,0.13260,0.19370,0.17070,0.21900,0.18810,0.30830,0.18570,0.69700,0.20540,0.27210,0.16210,0.17350,1.00930,0.18530,0.20130,0.20840,1.11120,0.26320,0.20070,0.53030,0.82770,0.19320,0.12540,0.13110,0.89500,0.17450,0.18630,0.19180,1.03920,0.21210,0.19600,0.36780,0.67980,0.10860,0.11530,0.15210,0.63040,0.16370,0.17600,0.17170,0.82270,0.17180,0.18190,0.16800,0.44150,0.62110,0.10390,0.31330,0.15240,0.18260,0.15620,0.20180,0.16870,0.25020,0.16920,0.19920,0.16390,0.47820,0.15870,0.26650,0.19320,0.17500,0.19070,0.18630,0.19480,0.21010,0.19700,0.18410,0.54950,0.30100,0.17050,0.17720,0.17110,0.15570,0.16380,0.16130,0.17720,0.18090,0.20520,0.16330,0.41110,0.09060,0.13240,0.13220,0.14510,0.14430,0.14480,0.14620,0.15620,0.14320,0.15110,0.14780,0.29050
9:30:34,0.30790,0.13040,0.16350,0.13390,0.19510,0.17170,0.22070,0.18900,0.31080,0.18660,0.70340,0.20640,0.27490,0.16310,0.17470,1.01220,0.18640,0.20250,0.20980,1.11050,0.26530,0.20210,0.53590,0.83450,0.19360,0.12620,0.13220,0.90130,0.17550,0.18730,0.19300,1.04260,0.21360,0.19730,0.37150,0.68640,0.10900,0.11540,0.15310,0.63690,0.16460,0.17690,0.17260,0.82950,0.17270,0.18360,0.16880,0.44620,0.62740,0.10410,0.31680,0.15310,0.18380,0.15710,0.20310,0.16950,0.25220,0.17000,0.20070,0.16530,0.48330,0.16000,0.26900,0.19460,0.17590,0.19200,0.18750,0.19590,0.21180,0.19820,0.18530,0.55540,0.30400,0.17150,0.17870,0.17220,0.15600,0.16490,0.16230,0.17810,0.18210,0.20580,0.16410,0.41530,0.09080,0.13310,0.13300,0.14590,0.14490,0.14570,0.14710,0.15710,0.14410,0.15200,0.14860,0.29310
9:40:34,0.31140,0.13130,0.16490,0.13480,0.19650,0.17270,0.22230,0.19020,0.31300,0.18770,0.70990,0.20750,0.27790,0.16410,0.17600,1.01500,0.18770,0.20390,0.21130,1.11010,0.26770,0.20360,0.54160,0.84100,0.19750,0.12720,0.13340,0.90670,0.17680,0.18840,0.19430,1.04590,0.21510,0.19860,0.37530,0.69300,0.10960,0.11590,0.15400,0.64310,0.16550,0.17790,0.17370,0.83580,0.17380,0.18570,0.16980,0.45110,0.63360,0.10480,0.31990,0.15400,0.18500,0.15810,0.20460,0.17060,0.25450,0.17100,0.20210,0.16660,0.48830,0.16140,0.27170,0.19610,0.17700,0.19330,0.18890,0.19740,0.21340,0.19940,0.18650,0.56120,0.30700,0.17260,0.18050,0.17350,0.15670,0.16600,0.16340,0.17920,0.18360,0.20670,0.16520,0.42000,0.09110,0.13400,0.13390,0.14690,0.14570,0.14660,0.14790,0.15800,0.14490,0.15300,0.14930,0.29590
9:50:34,0.31500,0.13210,0.16630,0.13600,0.19780,0.17370,0.22390,0.19140,0.31500,0.18850,0.71650,0.20880,0.28070,0.16530,0.17720,1.01770,0.18900,0.20520,0.21260,1.10970,0.26980,0.20500,0.54710,0.84750,0.19780,0.12790,0.13470,0.91240,0.17790,0.18950,0.19550,1.04830,0.21670,0.19960,0.37890,0.69910,0.11010,0.11660,0.15500,0.64940,0.16670,0.17880,0.17470,0.84240,0.17490,0.18800,0.17060,0.45610,0.63960,0.10530,0.32330,0.15470,0.18620,0.15910,0.20610,0.17150,0.25650,0.17190,0.20340,0.16710,0.49320,0.16250,0.27430,0.19760,0.17790,0.19470,0.19020,0.19860,0.21510,0.20070,0.18780,0.56720,0.31010,0.17370,0.18220,0.17460,0.15740,0.16720,0.16430,0.18040,0.18500,0.20750,0.16630,0.42430,0.09130,0.13480,0.13460,0.14780,0.14650,0.14750,0.14870,0.15900,0.14580,0.15400,0.15010,0.29860
10:00:34,0.31830,0.13290,0.16770,0.13700,0.19900,0.17460,0.22540,0.19230,0.31720,0.18950,0.72270,0.20920,0.28360,0.16640,0.17850,1.02050,0.19010,0.20660,0.21400,1.10860,0.27200,0.20640,0.55260,0.85370,0.20060,0.12870,0.13590,0.91740,0.17910,0.19070,0.19660,1.05120,0.21810,0.20090,0.38260,0.70530,0.11080,0.11730,0.15590,0.65560,0.16920,0.17980,0.17580,0.84840,0.17580,0.18930,0.17140,0.46090,0.64580,0.10600,0.32660,0.15540,0.18730,0.16010,0.20740,0.17250,0.25870,0.17290,0.20490,0.16770,0.49810,0.16370,0.27690,0.19910,0.17900,0.19620,0.19140,0.20000,0.21680,0.20180,0.18910,0.57280,0.31320,0.17490,0.18390,0.17590,0.15840,0.16840,0.16540,0.18140,0.18640,0.20840,0.16730,0.42870,0.09150,0.13560,0.13540,0.14870,0.14730,0.14840,0.14950,0.15990,0.14670,0.15510,0.15070,0.30150

