Corrected [600]
	1	2	3	4	5	6	7	8	9	10	11	12
A	0.46719	0.07562	0.37406	0.07544	0.45866	0.07473	0.42028	0.07416	0.42202	0.07371	0.34585	0.07389	Corrected [600]
B	0.34593	0.51516	0.31566	0.46194	0.34420	0.43995	0.33845	0.39426	0.33699	0.42563	0.26712	0.43023	Corrected [600]
C	0.22500	0.36495	0.20838	0.33656	0.22313	0.35692	0.22495	0.30502	0.21853	0.36247	0.18974	0.34375	Corrected [600]
D	0.07413	0.23783	0.07339	0.22155	0.07418	0.22505	0.07336	0.20753	0.07307	0.22451	0.07318	0.22427	Corrected [600]
E	0.49452	0.07369	0.42249	0.07354	0.47979	0.07262	0.49888	0.07344	0.50127	0.07322	0.46353	0.07288	Corrected [600]
F	0.39233	0.52823	0.31510	0.52951	0.36621	0.48079	0.35245	0.45455	0.37814	0.39282	0.33051	0.40765	Corrected [600]
G	0.23002	0.36394	0.20318	0.40537	0.22818	0.33804	0.22978	0.34805	0.23788	0.29125	0.22343	0.31691	Corrected [600]
H	0.07361	0.24000	0.07437	0.25401	0.09519	0.21320	0.07314	0.23974	0.07288	0.19353	0.07288	0.20605	Corrected [600]

