420

Time,A1,A2,A3,A4,A5,A6,A7,A8,A9,A10,A11,A12,B1,B2,B3,B4,B5,B6,B7,B8,B9,B10,B11,B12,C1,C2,C3,C4,C5,C6,C7,C8,C9,C10,C11,C12,D1,D2,D3,D4,D5,D6,D7,D8,D9,D10,D11,D12,E1,E2,E3,E4,E5,E6,E7,E8,E9,E10,E11,E12,F1,F2,F3,F4,F5,F6,F7,F8,F9,F10,F11,F12,G1,G2,G3,G4,G5,G6,G7,G8,G9,G10,G11,G12,H1,H2,H3,H4,H5,H6,H7,H8,H9,H10,H11,H12
0:00:19,0.43430,0.09020,0.10440,0.07760,0.09960,0.08340,0.10080,0.08390,0.09900,0.09020,0.09090,0.07550,0.47440,0.09400,0.09310,0.09050,0.11220,0.21460,0.11840,0.09710,0.11070,0.09350,0.09300,0.08850,0.42910,0.09670,0.09830,0.09540,0.09820,0.18960,0.16170,0.10780,0.11490,0.11240,0.08940,0.10220,0.08620,0.09960,0.08520,0.09520,0.07480,0.29150,0.08460,0.10750,0.09580,0.13300,0.07520,0.08930,0.10840,0.08470,0.09290,0.07630,0.11160,0.08950,0.19220,0.07790,0.16460,0.08550,0.11060,0.07580,0.09970,0.09370,0.08800,0.11440,0.09230,0.29730,0.11200,0.13050,0.14460,0.09680,0.10170,0.09870,0.08890,0.10410,0.08670,0.09960,0.09300,0.09710,0.11250,0.10200,0.10110,0.10680,0.08730,0.10170,0.08230,0.08770,0.07630,0.10840,0.08450,0.08550,0.08200,0.09130,0.07510,0.12560,0.08830,0.08920
0:15:19,1.03040,0.09050,0.10010,0.07560,0.09450,0.08140,0.09930,0.07960,0.09400,0.09300,0.08500,0.07490,1.02890,0.09080,0.08710,0.08710,0.10430,0.19310,0.10940,0.09630,0.09340,0.08900,0.08750,0.08290,0.87940,0.09190,0.09240,0.09210,0.09270,0.16840,0.14020,0.10550,0.08390,0.10590,0.08720,0.09540,0.07540,0.09540,0.08380,0.09110,0.07400,0.25810,0.07520,0.10330,0.07650,0.12130,0.07430,0.08390,0.09740,0.08290,0.08880,0.07540,0.10290,0.08560,0.15180,0.07650,0.10990,0.07790,0.10870,0.07520,0.09390,0.09130,0.08440,0.11050,0.08920,0.28040,0.08850,0.11940,0.12580,0.08790,0.09920,0.10780,0.08410,0.09790,0.08400,0.09270,0.08660,0.08720,0.10540,0.09650,0.09470,0.10150,0.08390,0.10140,0.07540,0.08530,0.07560,0.10000,0.08390,0.08620,0.08050,0.09040,0.07450,0.11300,0.08640,0.08720
0:30:19,1.42660,0.08680,0.10070,0.07660,0.09620,0.08480,0.10300,0.07610,0.09520,0.09210,0.08850,0.08100,1.39780,0.08920,0.08560,0.08680,0.10440,0.17250,0.10580,0.10310,0.09080,0.08910,0.08810,0.08690,1.24790,0.09270,0.09150,0.09230,0.09110,0.15270,0.16780,0.10790,0.08330,0.08060,0.08830,0.09890,0.07580,0.09540,0.08410,0.08990,0.07430,0.19220,0.07550,0.10340,0.07650,0.11120,0.07510,0.08410,0.08460,0.08390,0.08880,0.07570,0.10100,0.07890,0.12070,0.07660,0.11030,0.07810,0.10950,0.07700,0.09150,0.09020,0.08540,0.11510,0.08930,0.26170,0.09390,0.11100,0.10820,0.08960,0.09910,0.12650,0.08300,0.09740,0.08420,0.09360,0.08620,0.09340,0.10110,0.09410,0.09090,0.09730,0.08510,0.10950,0.07590,0.08540,0.07650,0.10000,0.08460,0.08940,0.08010,0.09070,0.07480,0.10400,0.08050,0.09430
0:45:19,1.26730,0.09210,0.10320,0.08180,0.10270,0.08570,0.11160,0.08060,0.08270,0.08700,0.09980,0.09570,1.22060,0.09320,0.08860,0.09080,0.10770,0.08330,0.10890,0.11580,0.09220,0.09520,0.09400,0.09700,1.11040,0.09730,0.09440,0.09620,0.09980,0.14770,0.13950,0.10200,0.08610,0.08280,0.09440,0.10700,0.07800,0.09960,0.08730,0.09360,0.07570,0.16990,0.07880,0.11020,0.07840,0.10900,0.08140,0.08860,0.08780,0.08600,0.09220,0.07800,0.10200,0.08020,0.16470,0.07870,0.10970,0.08100,0.11230,0.08400,0.09070,0.09130,0.08850,0.11860,0.09290,0.24800,0.10440,0.10850,0.10320,0.09450,0.10210,0.15200,0.07920,0.10090,0.08510,0.09740,0.08890,0.09630,0.10450,0.09390,0.08100,0.09630,0.08770,0.12240,0.07760,0.08730,0.07990,0.09310,0.08730,0.09400,0.07960,0.09380,0.07650,0.09870,0.08060,0.10400
1:00:19,1.21660,0.09700,0.10620,0.08890,0.11110,0.09150,0.12300,0.08730,0.08830,0.09240,0.11450,0.10830,1.21930,0.09690,0.09250,0.09570,0.11400,0.08880,0.11720,0.13170,0.10150,0.10280,0.10380,0.11050,1.19880,0.10200,0.09840,0.10110,0.10480,0.13340,0.09150,0.11360,0.09130,0.08870,0.10360,0.11630,0.08140,0.10560,0.09030,0.09990,0.07820,0.14620,0.08470,0.12020,0.08310,0.10990,0.08890,0.09470,0.09040,0.09190,0.09450,0.08230,0.10980,0.08360,0.17130,0.08310,0.11840,0.08620,0.12380,0.09100,0.09140,0.09330,0.09240,0.12980,0.09750,0.24530,0.11730,0.09230,0.10450,0.09930,0.11020,0.15220,0.08110,0.09230,0.08790,0.10290,0.09230,0.10570,0.11170,0.09640,0.08470,0.09730,0.09200,0.13600,0.07970,0.08870,0.08460,0.09450,0.08820,0.09980,0.08080,0.09750,0.07910,0.09520,0.08420,0.11500
1:15:19,1.20570,0.09640,0.10930,0.09550,0.11950,0.09700,0.13490,0.09410,0.09410,0.10050,0.12710,0.11930,1.20170,0.10090,0.09640,0.10000,0.12040,0.09450,0.12580,0.14800,0.10940,0.11230,0.11600,0.12140,1.22180,0.10690,0.10260,0.10670,0.11020,0.11940,0.09670,0.12720,0.09710,0.09480,0.11410,0.11750,0.08490,0.11120,0.09520,0.10610,0.08070,0.12700,0.09090,0.21060,0.08820,0.11290,0.09660,0.10140,0.09340,0.09600,0.09930,0.08710,0.11550,0.08540,0.17500,0.08760,0.12490,0.09120,0.12940,0.09780,0.09250,0.09490,0.09690,0.14220,0.10250,0.23640,0.13020,0.09710,0.09580,0.10420,0.11390,0.17640,0.08300,0.09520,0.08920,0.10900,0.09670,0.11460,0.11640,0.09830,0.08810,0.09910,0.09590,0.15040,0.08180,0.09040,0.08860,0.09770,0.09280,0.10510,0.08130,0.10120,0.08170,0.09300,0.08760,0.12690
1:30:19,1.20290,0.10170,0.10160,0.10150,0.12750,0.09810,0.17630,0.10060,0.10050,0.10830,0.13730,0.12840,1.19370,0.10520,0.10060,0.10420,0.12560,0.10060,0.13420,0.16260,0.11620,0.12100,0.12540,0.13060,1.22120,0.10410,0.10650,0.11240,0.11480,0.11200,0.10260,0.13930,0.10270,0.10150,0.12220,0.12320,0.08800,0.11600,0.09970,0.14670,0.08290,0.11620,0.09650,0.19180,0.09310,0.11700,0.10310,0.10850,0.09590,0.09970,0.10410,0.09160,0.12010,0.08880,0.18030,0.09180,0.13180,0.09610,0.13630,0.10350,0.09360,0.09620,0.10120,0.14890,0.10740,0.22490,0.14310,0.09850,0.10110,0.10900,0.11960,0.20050,0.08480,0.09830,0.09220,0.11550,0.09610,0.12300,0.12270,0.09950,0.09150,0.10040,0.09990,0.16600,0.08370,0.09180,0.09240,0.10190,0.09240,0.11000,0.08290,0.10590,0.08400,0.09240,0.09110,0.13810
1:45:19,1.19850,0.10680,0.10550,0.10690,0.13500,0.10330,0.17530,0.10670,0.10700,0.11540,0.14590,0.13620,1.18790,0.10960,0.10480,0.10830,0.12060,0.10660,0.14190,0.17650,0.12270,0.12860,0.13330,0.13880,1.21410,0.10830,0.11020,0.11720,0.10570,0.10960,0.10820,0.14980,0.10810,0.10750,0.12910,0.12170,0.09110,0.11980,0.10050,0.13120,0.08520,0.11110,0.10130,0.17770,0.09760,0.12090,0.10890,0.11430,0.09880,0.10820,0.10380,0.09540,0.12450,0.09220,0.18810,0.09580,0.13800,0.10040,0.14140,0.10860,0.09490,0.09800,0.10500,0.15420,0.11130,0.21710,0.15610,0.10300,0.10570,0.11300,0.12450,0.22340,0.08690,0.10130,0.09540,0.11900,0.09990,0.13160,0.12890,0.10140,0.09480,0.10210,0.10340,0.17930,0.08580,0.09350,0.09560,0.10570,0.09380,0.11490,0.08470,0.10860,0.08630,0.09330,0.09400,0.14870
2:00:19,1.19250,0.11170,0.10850,0.11210,0.14100,0.10850,0.17580,0.11240,0.11310,0.12150,0.15070,0.14300,1.18310,0.11360,0.10860,0.11250,0.11880,0.11210,0.14910,0.17270,0.12900,0.13530,0.14030,0.14570,1.20530,0.11230,0.10780,0.12160,0.11080,0.10990,0.11390,0.16100,0.11350,0.11360,0.13590,0.12860,0.09390,0.10520,0.10490,0.12580,0.08720,0.10860,0.10640,0.12830,0.10250,0.12550,0.11460,0.12020,0.10150,0.10320,0.10840,0.09930,0.12850,0.09570,0.19820,0.10010,0.14320,0.10520,0.14670,0.11390,0.09590,0.09920,0.10890,0.16180,0.11530,0.21200,0.17140,0.10780,0.11030,0.11750,0.12930,0.24570,0.08860,0.10430,0.09850,0.12420,0.10380,0.14010,0.12910,0.10330,0.09850,0.10350,0.10740,0.19310,0.08770,0.09500,0.09940,0.10980,0.09720,0.11930,0.08640,0.11240,0.08900,0.09270,0.09760,0.15940
2:15:19,1.18690,0.11610,0.11090,0.11670,0.14560,0.11310,0.14670,0.11720,0.11840,0.12700,0.15630,0.14890,1.17840,0.11690,0.11180,0.11590,0.12320,0.11690,0.13760,0.18490,0.13470,0.14110,0.14230,0.15180,1.19750,0.11560,0.10980,0.12510,0.11540,0.11140,0.11920,0.17150,0.11830,0.11900,0.14190,0.13460,0.09640,0.10850,0.10890,0.12510,0.08890,0.10780,0.11090,0.13580,0.10680,0.12920,0.11950,0.12540,0.10380,0.10690,0.11220,0.10260,0.13230,0.09850,0.20850,0.10400,0.14780,0.10930,0.15220,0.11850,0.09680,0.10010,0.10850,0.16850,0.11840,0.21070,0.17980,0.11190,0.11450,0.12120,0.13330,0.26700,0.09010,0.10660,0.10110,0.12870,0.10720,0.14820,0.13570,0.10450,0.10180,0.10460,0.11090,0.20620,0.08940,0.09160,0.10240,0.11300,0.10010,0.12350,0.08780,0.11490,0.09130,0.09380,0.10060,0.16970
2:30:19,1.18200,0.12030,0.11350,0.12100,0.15000,0.11780,0.15440,0.12180,0.12360,0.13190,0.15640,0.15410,1.17440,0.12010,0.11500,0.11940,0.12720,0.12170,0.14280,0.19500,0.13970,0.14600,0.14710,0.15730,1.19050,0.11870,0.11230,0.12850,0.11980,0.11360,0.12440,0.18150,0.12280,0.12400,0.14700,0.14000,0.09890,0.11170,0.11270,0.12710,0.09060,0.10860,0.11510,0.14310,0.11070,0.13240,0.12390,0.13020,0.10630,0.11290,0.11600,0.10580,0.13610,0.10150,0.21930,0.10770,0.15210,0.11320,0.15650,0.12270,0.09800,0.09570,0.11170,0.17400,0.12150,0.21240,0.19120,0.11600,0.11840,0.12480,0.13820,0.28730,0.09180,0.10890,0.10350,0.12990,0.11050,0.15620,0.14230,0.10630,0.10510,0.10590,0.11420,0.21920,0.09100,0.09330,0.10520,0.11620,0.10290,0.12780,0.08930,0.11830,0.09370,0.09520,0.10340,0.17980
2:45:19,1.17740,0.12410,0.11580,0.12500,0.15370,0.12200,0.16140,0.12600,0.12850,0.13650,0.16150,0.15870,1.17100,0.12300,0.11670,0.12250,0.13130,0.12600,0.14850,0.20650,0.14420,0.15040,0.15130,0.16180,1.18430,0.12170,0.11470,0.13140,0.12380,0.11560,0.12920,0.19090,0.12670,0.12850,0.15170,0.14480,0.10120,0.11470,0.11610,0.12960,0.09210,0.11000,0.11880,0.15010,0.11450,0.13520,0.12790,0.13460,0.10840,0.11130,0.11930,0.10890,0.13950,0.10420,0.23010,0.11110,0.15570,0.11660,0.16050,0.12640,0.09890,0.09720,0.11470,0.18050,0.12410,0.21720,0.20240,0.11980,0.12210,0.12790,0.14210,0.30720,0.09320,0.11100,0.10570,0.13370,0.11350,0.16390,0.14870,0.10790,0.10820,0.10700,0.11730,0.23210,0.09260,0.09470,0.10840,0.11920,0.10550,0.13190,0.09070,0.12120,0.09590,0.09660,0.10600,0.18930
3:00:19,1.17440,0.12790,0.11810,0.12880,0.15720,0.12600,0.16830,0.13000,0.13320,0.14080,0.16620,0.16330,1.16740,0.12620,0.12010,0.12590,0.13540,0.13000,0.15420,0.21780,0.14860,0.15440,0.15610,0.16650,1.17910,0.12480,0.11740,0.13410,0.12770,0.10950,0.13410,0.20020,0.13080,0.13300,0.15600,0.14950,0.10360,0.11800,0.11960,0.13230,0.09380,0.11200,0.12240,0.15730,0.11810,0.13770,0.13190,0.13910,0.11070,0.11510,0.12280,0.11200,0.14300,0.10720,0.23870,0.11440,0.15950,0.12020,0.16480,0.13010,0.10010,0.09900,0.11790,0.18560,0.12700,0.22450,0.21590,0.12360,0.12600,0.13130,0.14550,0.32690,0.09470,0.11320,0.10820,0.13820,0.11670,0.17180,0.15530,0.10960,0.11140,0.10840,0.12050,0.24480,0.09410,0.09640,0.11100,0.12240,0.10810,0.13610,0.09230,0.12410,0.09830,0.09840,0.10880,0.19900
3:15:19,1.17150,0.13130,0.12150,0.13290,0.14660,0.13030,0.17520,0.13420,0.13830,0.14540,0.17070,0.16800,1.16520,0.13000,0.12420,0.12970,0.13990,0.13470,0.16020,0.22880,0.15330,0.15860,0.16110,0.17100,1.17550,0.12860,0.12100,0.13740,0.13200,0.11380,0.13950,0.20970,0.13490,0.13770,0.16090,0.15430,0.10680,0.12160,0.12340,0.13560,0.09630,0.11510,0.12640,0.16460,0.12230,0.14050,0.13610,0.14380,0.11370,0.11940,0.12670,0.11540,0.14680,0.11100,0.24980,0.11810,0.16380,0.12420,0.16900,0.13400,0.10200,0.10170,0.12170,0.19170,0.13020,0.21070,0.22650,0.12780,0.12990,0.13520,0.15000,0.34660,0.09690,0.11610,0.11120,0.14320,0.12020,0.18030,0.16250,0.11250,0.11520,0.11070,0.12430,0.25770,0.09640,0.09880,0.11440,0.12610,0.11120,0.13800,0.09460,0.12730,0.10120,0.10090,0.11200,0.20890
3:30:19,1.16860,0.13470,0.12340,0.13570,0.14960,0.13350,0.18090,0.13740,0.14190,0.14870,0.17430,0.17170,1.16280,0.13240,0.12690,0.13230,0.14320,0.13780,0.16500,0.23860,0.15680,0.16140,0.16480,0.17430,1.17160,0.13100,0.12320,0.13910,0.13500,0.11640,0.14350,0.21800,0.13800,0.14120,0.16420,0.15780,0.10860,0.12410,0.12610,0.13770,0.09740,0.11630,0.12930,0.17090,0.12520,0.14180,0.13930,0.14710,0.11550,0.12080,0.12940,0.11800,0.14950,0.11350,0.25980,0.12080,0.16670,0.12690,0.17260,0.13680,0.10250,0.10180,0.12430,0.19580,0.13240,0.22040,0.23550,0.13080,0.13300,0.13770,0.15290,0.36490,0.09720,0.11780,0.11310,0.14700,0.12280,0.18750,0.16850,0.11380,0.11780,0.11160,0.12690,0.26950,0.09710,0.09960,0.11630,0.12870,0.11320,0.14160,0.09550,0.12940,0.10310,0.10220,0.11410,0.21780
3:45:19,1.16580,0.13760,0.12530,0.13870,0.15250,0.13650,0.18660,0.14060,0.14550,0.15200,0.17760,0.17530,1.16000,0.13480,0.12960,0.13530,0.14640,0.14100,0.16970,0.24840,0.16000,0.16160,0.16820,0.17780,1.16800,0.13340,0.12530,0.14080,0.13790,0.11890,0.14740,0.22600,0.14090,0.14450,0.16760,0.16120,0.11040,0.12650,0.12860,0.13950,0.09840,0.11130,0.13210,0.17700,0.12800,0.14250,0.14220,0.15040,0.11710,0.12720,0.13190,0.12030,0.15210,0.11590,0.26910,0.12340,0.16940,0.12960,0.17540,0.13970,0.10320,0.10260,0.12670,0.20050,0.13440,0.22990,0.24620,0.13350,0.13590,0.13880,0.15620,0.38260,0.09800,0.11940,0.11480,0.15080,0.12530,0.19440,0.17440,0.11510,0.12020,0.11250,0.12930,0.28140,0.09790,0.10040,0.11850,0.13140,0.11510,0.14550,0.09640,0.13180,0.10500,0.10340,0.11630,0.22650
4:00:19,1.16350,0.14050,0.12720,0.14150,0.15540,0.13960,0.19200,0.14370,0.14900,0.15520,0.18110,0.17870,1.15740,0.13730,0.13250,0.13790,0.14960,0.14410,0.17420,0.25740,0.16340,0.16460,0.17170,0.18110,1.16490,0.13580,0.12760,0.14250,0.14090,0.12160,0.15140,0.23400,0.14400,0.14780,0.17090,0.16470,0.11240,0.12890,0.13110,0.14130,0.09980,0.11350,0.13480,0.18310,0.13080,0.14370,0.14520,0.15380,0.11900,0.12480,0.13450,0.12270,0.15490,0.11840,0.27850,0.12610,0.17200,0.13230,0.17820,0.14240,0.10440,0.10430,0.12930,0.20530,0.13640,0.23960,0.26050,0.13630,0.13890,0.14160,0.15900,0.40030,0.09930,0.12010,0.11670,0.15470,0.12780,0.20170,0.18030,0.11670,0.12270,0.11400,0.13160,0.29330,0.09920,0.10150,0.12040,0.13400,0.11720,0.14980,0.09790,0.13430,0.10700,0.10530,0.11840,0.23540
4:15:19,1.16010,0.14300,0.12930,0.14410,0.15800,0.14250,0.19710,0.14660,0.15220,0.15820,0.18430,0.18180,1.15540,0.13970,0.13510,0.14030,0.15260,0.14700,0.17860,0.26620,0.16640,0.16730,0.17500,0.18430,1.16300,0.13820,0.12980,0.14410,0.14370,0.12440,0.15510,0.24200,0.14670,0.15090,0.17380,0.16770,0.11450,0.13130,0.13360,0.14310,0.10130,0.11590,0.13740,0.18910,0.13350,0.14490,0.14790,0.15680,0.12100,0.13270,0.13700,0.12510,0.15750,0.12090,0.28750,0.12850,0.17470,0.13490,0.18090,0.14500,0.10560,0.10580,0.13170,0.20930,0.13830,0.24900,0.26550,0.13910,0.14180,0.14420,0.16180,0.41730,0.10060,0.12200,0.11880,0.15850,0.13020,0.20880,0.18620,0.11840,0.12520,0.11560,0.13400,0.30500,0.10040,0.10270,0.12250,0.13680,0.11930,0.15400,0.09930,0.13660,0.10900,0.10700,0.12040,0.24390
4:30:19,1.15740,0.14490,0.13110,0.14650,0.16050,0.14500,0.20210,0.14920,0.15500,0.16100,0.18730,0.18450,1.15270,0.14180,0.13750,0.14270,0.15540,0.14950,0.18280,0.27560,0.16930,0.16980,0.17790,0.18730,1.15940,0.14020,0.13180,0.14530,0.14630,0.12690,0.15870,0.24950,0.14930,0.15370,0.17650,0.17070,0.11620,0.13340,0.13590,0.14470,0.10250,0.11800,0.13970,0.19560,0.13600,0.14600,0.15040,0.15970,0.12270,0.12900,0.13930,0.12720,0.15990,0.12320,0.29630,0.13090,0.17680,0.13730,0.18330,0.14740,0.10650,0.10660,0.13390,0.21290,0.14010,0.25810,0.27530,0.14150,0.14440,0.14640,0.16450,0.43390,0.10140,0.12390,0.12050,0.16200,0.13250,0.21580,0.19180,0.12000,0.12740,0.11700,0.13620,0.31610,0.10120,0.10370,0.12480,0.13930,0.12100,0.15780,0.10050,0.13850,0.11080,0.10850,0.12220,0.25230
4:45:19,1.15550,0.14790,0.13330,0.14900,0.16310,0.14760,0.20720,0.15210,0.15790,0.16360,0.19030,0.18710,1.15120,0.14420,0.14010,0.14500,0.15810,0.15230,0.18710,0.28410,0.17230,0.17240,0.18080,0.19030,1.15710,0.14250,0.13410,0.14680,0.14880,0.12970,0.16210,0.25710,0.15190,0.15650,0.17910,0.17350,0.11830,0.13560,0.13820,0.14630,0.10400,0.12040,0.14210,0.20060,0.13850,0.14740,0.15280,0.16260,0.12460,0.13110,0.14160,0.12930,0.16220,0.12570,0.30510,0.13300,0.17940,0.13960,0.18570,0.14960,0.10780,0.10820,0.13620,0.21730,0.14200,0.26740,0.28930,0.14400,0.14700,0.14880,0.16720,0.45060,0.10270,0.12580,0.12230,0.16550,0.13470,0.22290,0.19760,0.12180,0.12980,0.11870,0.13830,0.32780,0.10250,0.10480,0.12680,0.14200,0.12280,0.16200,0.10190,0.14080,0.11260,0.11020,0.12410,0.26050
5:00:19,1.15320,0.15060,0.13610,0.15150,0.16590,0.15050,0.21250,0.15480,0.16130,0.16660,0.19350,0.19010,1.14920,0.14720,0.14320,0.14770,0.16140,0.15530,0.19170,0.29360,0.17560,0.17510,0.18420,0.19360,1.15510,0.14520,0.13680,0.14860,0.15170,0.13280,0.16600,0.26490,0.15450,0.15950,0.18220,0.17660,0.12080,0.13820,0.14080,0.14820,0.10610,0.12340,0.14470,0.20690,0.14120,0.14920,0.15550,0.16550,0.12700,0.13670,0.14430,0.13180,0.16490,0.12840,0.31410,0.13550,0.18190,0.14230,0.18790,0.15220,0.10980,0.11040,0.13890,0.22140,0.14410,0.27690,0.29450,0.14690,0.14990,0.15170,0.17020,0.46720,0.10470,0.12820,0.12470,0.16950,0.13730,0.23060,0.20370,0.12430,0.13250,0.12100,0.14090,0.33950,0.10440,0.10680,0.12910,0.14530,0.12500,0.16690,0.10400,0.14330,0.11470,0.11250,0.12640,0.26910
5:15:19,1.15140,0.15330,0.13930,0.15420,0.16900,0.15320,0.21780,0.15760,0.16450,0.16960,0.19670,0.19290,1.14740,0.15030,0.14640,0.15040,0.16460,0.15850,0.19620,0.30240,0.17890,0.17800,0.18720,0.19680,1.15370,0.14810,0.13980,0.15090,0.15460,0.13610,0.17000,0.27280,0.15750,0.16270,0.18510,0.17970,0.12360,0.14110,0.14350,0.15040,0.10880,0.12670,0.14750,0.21250,0.14400,0.15130,0.15810,0.16880,0.12990,0.14090,0.14710,0.13440,0.16780,0.13160,0.32300,0.13810,0.18460,0.14490,0.19060,0.15500,0.11220,0.11310,0.14180,0.22570,0.14670,0.28630,0.30430,0.14990,0.15300,0.15450,0.17300,0.48350,0.10700,0.13110,0.12740,0.17360,0.14020,0.23820,0.21010,0.12720,0.13530,0.12360,0.14360,0.35130,0.10660,0.10910,0.13170,0.14860,0.12740,0.17200,0.10630,0.14610,0.11700,0.11500,0.12870,0.27740
5:30:19,1.14910,0.15580,0.14180,0.15670,0.17150,0.15570,0.22270,0.16040,0.16730,0.17220,0.19920,0.19540,1.14610,0.15290,0.14910,0.15280,0.16730,0.16130,0.20040,0.31070,0.18170,0.18050,0.18990,0.19940,1.15060,0.15060,0.14230,0.15270,0.15720,0.13910,0.17350,0.28020,0.16010,0.16550,0.18790,0.18210,0.12600,0.14350,0.14590,0.15210,0.11100,0.12960,0.14990,0.21790,0.14660,0.15340,0.16050,0.17140,0.13230,0.13790,0.14950,0.13680,0.17030,0.13420,0.33150,0.14050,0.18710,0.14740,0.19270,0.15710,0.11420,0.11520,0.14440,0.22930,0.14880,0.29550,0.31850,0.15240,0.15570,0.15710,0.17580,0.49930,0.10890,0.13360,0.12990,0.17730,0.14260,0.24560,0.21600,0.12960,0.13780,0.12590,0.14600,0.36290,0.10840,0.11100,0.13380,0.15160,0.12930,0.17680,0.10840,0.14850,0.11910,0.11740,0.13080,0.28560
5:45:19,1.14690,0.15830,0.14420,0.15880,0.17400,0.15810,0.22740,0.16240,0.17000,0.17450,0.20190,0.19790,1.14390,0.15530,0.15160,0.15510,0.17000,0.16370,0.20440,0.31910,0.18440,0.18280,0.19240,0.20150,1.14910,0.15290,0.14470,0.15440,0.15970,0.14170,0.17680,0.28740,0.16230,0.16830,0.19040,0.18460,0.12830,0.14580,0.14820,0.15360,0.11300,0.13230,0.15220,0.22470,0.14900,0.15510,0.16270,0.17390,0.13450,0.14000,0.15180,0.13920,0.17280,0.13670,0.33990,0.14270,0.18930,0.14950,0.19470,0.15940,0.11580,0.11690,0.14680,0.23300,0.15080,0.30440,0.32580,0.15490,0.15820,0.15950,0.17840,0.51470,0.11060,0.13590,0.13200,0.18090,0.14480,0.25280,0.22180,0.13200,0.14010,0.12800,0.14810,0.37370,0.11000,0.11270,0.13540,0.15450,0.13130,0.18120,0.11020,0.15050,0.12110,0.11950,0.13270,0.29360
6:00:19,1.14490,0.16060,0.14640,0.16110,0.17630,0.16020,0.23180,0.16450,0.17240,0.17670,0.20460,0.20020,1.14170,0.15770,0.15410,0.15720,0.17240,0.16600,0.20830,0.32720,0.18690,0.18490,0.19480,0.20390,1.14710,0.15510,0.14680,0.15610,0.16190,0.14420,0.18000,0.29430,0.16450,0.17060,0.19270,0.18710,0.13040,0.14790,0.15020,0.15490,0.11480,0.13470,0.15430,0.22890,0.15110,0.15710,0.16490,0.17620,0.13660,0.14200,0.15380,0.14110,0.17500,0.13890,0.34810,0.14490,0.19130,0.15160,0.19640,0.16140,0.11730,0.11830,0.14890,0.23670,0.15270,0.31320,0.33180,0.15700,0.16040,0.16170,0.18080,0.52950,0.11190,0.13780,0.13400,0.18430,0.14700,0.25990,0.22740,0.13400,0.14230,0.12990,0.15030,0.38410,0.11130,0.11410,0.13780,0.15720,0.13310,0.18540,0.11180,0.15250,0.12280,0.12140,0.13460,0.30140
6:15:19,1.14240,0.16280,0.14830,0.16290,0.17860,0.16230,0.23610,0.16650,0.17490,0.17870,0.20690,0.20230,1.13960,0.15970,0.15610,0.15900,0.17460,0.16810,0.21190,0.33450,0.18900,0.18690,0.19720,0.20610,1.14440,0.15710,0.14870,0.15760,0.16400,0.14650,0.18310,0.30090,0.16650,0.17280,0.19470,0.18920,0.13230,0.14980,0.15210,0.15590,0.11610,0.13690,0.15640,0.23400,0.15290,0.15890,0.16670,0.17830,0.13840,0.14380,0.15560,0.14300,0.17720,0.14100,0.34490,0.14670,0.19340,0.15340,0.19830,0.16320,0.11830,0.11940,0.15070,0.23970,0.15430,0.32130,0.34250,0.15910,0.16260,0.16370,0.18310,0.54400,0.11290,0.13960,0.13570,0.18740,0.14890,0.26640,0.23260,0.13590,0.14420,0.13160,0.15210,0.39470,0.11240,0.11530,0.13910,0.15970,0.13470,0.18940,0.11320,0.15450,0.12450,0.12310,0.13610,0.30890
6:30:19,1.13990,0.16510,0.15080,0.16510,0.18100,0.16460,0.24070,0.16880,0.17730,0.18100,0.20960,0.20460,1.13740,0.16220,0.15850,0.16130,0.17720,0.17040,0.21590,0.34270,0.19160,0.18940,0.19970,0.20860,1.14320,0.15940,0.15100,0.15950,0.16640,0.14900,0.18650,0.30790,0.16890,0.17550,0.19720,0.19150,0.13460,0.15210,0.15430,0.15740,0.11820,0.13940,0.15860,0.24100,0.15510,0.16120,0.16870,0.18070,0.14070,0.14880,0.15770,0.14510,0.17950,0.14340,0.35430,0.14890,0.19580,0.15560,0.20020,0.16520,0.12020,0.12140,0.15290,0.24340,0.15630,0.33010,0.35400,0.16130,0.16500,0.16590,0.18550,0.55850,0.11460,0.14180,0.13780,0.19090,0.15120,0.27350,0.23820,0.13800,0.14650,0.13370,0.15430,0.40550,0.11390,0.11710,0.14110,0.16250,0.13650,0.19390,0.11500,0.15650,0.12610,0.12520,0.13810,0.31650
6:45:19,1.13820,0.16700,0.15310,0.16700,0.18360,0.16670,0.24520,0.17100,0.17970,0.18300,0.21180,0.20660,1.13630,0.16460,0.16080,0.16340,0.17960,0.17270,0.21960,0.35070,0.19420,0.19160,0.20190,0.21100,1.14170,0.16160,0.15320,0.16130,0.16860,0.15140,0.18980,0.31460,0.17090,0.17780,0.19940,0.19370,0.13670,0.15430,0.15640,0.15890,0.12000,0.14170,0.16080,0.24480,0.15720,0.16330,0.17070,0.18320,0.14290,0.15110,0.15990,0.14700,0.18190,0.14560,0.36330,0.15090,0.19790,0.15760,0.20220,0.16720,0.12200,0.12320,0.15500,0.24690,0.15820,0.33830,0.35800,0.16340,0.16740,0.16820,0.18800,0.57260,0.11640,0.14380,0.13990,0.19420,0.15340,0.28030,0.24360,0.14030,0.14870,0.13580,0.15660,0.41610,0.11550,0.11880,0.14330,0.16530,0.13820,0.19840,0.11680,0.15870,0.12790,0.12710,0.13980,0.32400
7:00:19,1.13540,0.16940,0.15540,0.16900,0.18590,0.16870,0.24930,0.17310,0.18200,0.18490,0.21430,0.20850,1.13460,0.16710,0.16310,0.16550,0.18200,0.17490,0.22330,0.35840,0.19660,0.19370,0.20420,0.21310,1.13980,0.16390,0.15540,0.16300,0.17070,0.15400,0.19280,0.32130,0.17290,0.18010,0.20180,0.19590,0.13890,0.15630,0.15830,0.16040,0.12200,0.14400,0.16270,0.24990,0.15920,0.16530,0.17250,0.18520,0.14500,0.15330,0.16190,0.14890,0.18410,0.14790,0.37210,0.15290,0.19990,0.15940,0.20380,0.16900,0.12390,0.12510,0.15710,0.25040,0.16020,0.34660,0.36640,0.16560,0.16960,0.17050,0.19030,0.58640,0.11820,0.14590,0.14190,0.19750,0.15540,0.28700,0.24900,0.14250,0.15080,0.13790,0.15880,0.42620,0.11710,0.12040,0.14510,0.16800,0.14000,0.20300,0.11860,0.16060,0.12970,0.12910,0.14150,0.33160
7:15:19,1.13350,0.17110,0.15740,0.17070,0.18810,0.17060,0.25320,0.17490,0.18400,0.18670,0.21620,0.21050,1.13210,0.16910,0.16500,0.16740,0.18410,0.17690,0.22650,0.36560,0.19860,0.19560,0.20620,0.21520,1.13750,0.16580,0.15740,0.16460,0.17260,0.15620,0.19570,0.32760,0.17500,0.18220,0.20390,0.19790,0.14070,0.15820,0.16010,0.16190,0.12370,0.14610,0.16430,0.25490,0.16100,0.16700,0.17440,0.18720,0.14680,0.15170,0.16370,0.15070,0.18630,0.14990,0.38050,0.15460,0.20160,0.16110,0.20550,0.17070,0.12530,0.12670,0.15890,0.25370,0.16200,0.35450,0.37460,0.16750,0.17160,0.17250,0.19220,0.59950,0.11960,0.14760,0.14360,0.20060,0.15730,0.29340,0.25400,0.14440,0.15270,0.13970,0.16020,0.43630,0.11840,0.12190,0.14660,0.17050,0.14160,0.20720,0.12030,0.16260,0.13130,0.13080,0.14300,0.33870
7:30:19,1.13100,0.17320,0.15940,0.17240,0.19030,0.17250,0.25720,0.17660,0.18610,0.18820,0.21800,0.21250,1.13050,0.17110,0.16700,0.16920,0.18620,0.17860,0.22990,0.37320,0.20070,0.19760,0.20820,0.21710,1.13640,0.16790,0.15930,0.16600,0.17460,0.15830,0.19850,0.33400,0.17670,0.18420,0.20590,0.19960,0.14260,0.16010,0.16180,0.16330,0.12540,0.14820,0.16620,0.26150,0.16280,0.16890,0.17600,0.18920,0.14870,0.15340,0.16550,0.15230,0.18810,0.15190,0.38880,0.15640,0.20360,0.16290,0.20720,0.17250,0.12690,0.12820,0.16070,0.25700,0.16370,0.36240,0.38710,0.16920,0.17350,0.17440,0.19440,0.61250,0.12110,0.14930,0.14530,0.20370,0.15920,0.29980,0.25910,0.14640,0.15450,0.14160,0.16280,0.44610,0.11970,0.12330,0.14830,0.17300,0.14310,0.21140,0.12190,0.16430,0.13280,0.13260,0.14460,0.34590
7:45:19,1.12860,0.17510,0.16150,0.17420,0.19240,0.17450,0.26110,0.17840,0.18830,0.19000,0.22010,0.21390,1.12870,0.17320,0.16900,0.17100,0.18830,0.18060,0.23330,0.38020,0.20260,0.19970,0.21010,0.21930,1.13330,0.16990,0.16140,0.16780,0.17660,0.16050,0.20140,0.34020,0.17850,0.18640,0.20800,0.20170,0.14450,0.16190,0.16350,0.16490,0.12710,0.15020,0.16780,0.26500,0.16460,0.17080,0.17770,0.19100,0.15060,0.15510,0.16720,0.15420,0.19010,0.15390,0.39710,0.15820,0.20520,0.16470,0.20860,0.17410,0.12860,0.12990,0.16260,0.26020,0.16540,0.37020,0.39410,0.17120,0.17550,0.17630,0.19660,0.62520,0.12270,0.15110,0.14710,0.20680,0.16110,0.30620,0.26430,0.14830,0.15640,0.14360,0.16430,0.45590,0.12110,0.12480,0.14970,0.17540,0.14470,0.21570,0.12360,0.16610,0.13440,0.13430,0.14620,0.35300
8:00:19,1.12690,0.17680,0.16330,0.17580,0.19430,0.17620,0.26480,0.18010,0.19000,0.19160,0.22210,0.21570,1.12680,0.17520,0.17070,0.17280,0.19050,0.18230,0.23640,0.38700,0.20450,0.20130,0.21180,0.22140,1.13100,0.17170,0.16300,0.16920,0.17840,0.16220,0.20400,0.34620,0.18010,0.18810,0.20980,0.20350,0.14620,0.16340,0.16510,0.16620,0.12870,0.15210,0.16950,0.26920,0.16610,0.17240,0.17910,0.19280,0.15230,0.15670,0.16880,0.15570,0.19200,0.15560,0.40500,0.15960,0.20690,0.16620,0.21020,0.17560,0.13000,0.13110,0.16420,0.26350,0.16700,0.37750,0.39920,0.17280,0.17720,0.17810,0.19850,0.63750,0.12400,0.15260,0.14870,0.20970,0.16280,0.31220,0.26900,0.15010,0.15800,0.14530,0.16550,0.46540,0.12230,0.12600,0.15100,0.17770,0.14600,0.21960,0.12490,0.16780,0.13590,0.13590,0.14760,0.36000
8:15:19,1.12420,0.17850,0.16500,0.17720,0.19610,0.17760,0.26860,0.18170,0.19180,0.19280,0.22400,0.21750,1.12500,0.17700,0.17240,0.17450,0.19230,0.18390,0.23940,0.39370,0.20630,0.20310,0.21370,0.22290,1.12790,0.17350,0.16470,0.17060,0.18020,0.16400,0.20660,0.35210,0.18160,0.18950,0.21170,0.20520,0.14790,0.16510,0.16660,0.16750,0.13020,0.15390,0.17100,0.27450,0.16760,0.17410,0.18060,0.19460,0.15390,0.15810,0.17030,0.15720,0.19390,0.15730,0.41300,0.16110,0.20840,0.16790,0.21170,0.17710,0.13140,0.13250,0.16570,0.26670,0.16850,0.38520,0.40710,0.17450,0.17890,0.17970,0.20030,0.64990,0.12520,0.15420,0.15030,0.21260,0.16440,0.31830,0.27380,0.15180,0.15970,0.14700,0.16780,0.47490,0.12350,0.12720,0.15250,0.17990,0.14730,0.22370,0.12640,0.16940,0.13720,0.13740,0.14900,0.36680
8:30:19,1.12170,0.18020,0.16680,0.17860,0.19780,0.17940,0.27230,0.18340,0.19360,0.19410,0.22580,0.21930,1.12300,0.17900,0.17420,0.17610,0.19410,0.18550,0.24240,0.40040,0.20800,0.20470,0.21550,0.22470,1.12690,0.17530,0.16630,0.17210,0.18200,0.16600,0.20930,0.35800,0.18340,0.19120,0.21380,0.20720,0.14960,0.16670,0.16820,0.16890,0.13170,0.15570,0.17240,0.28000,0.16920,0.17580,0.18210,0.19640,0.15560,0.15960,0.17190,0.15880,0.19570,0.15910,0.42090,0.16280,0.21000,0.16940,0.21340,0.17870,0.13280,0.13410,0.16740,0.26990,0.17010,0.39250,0.41500,0.17620,0.18070,0.18140,0.20210,0.66180,0.12670,0.15570,0.15190,0.21560,0.16600,0.32450,0.27860,0.15350,0.16130,0.14870,0.16950,0.48430,0.12460,0.12850,0.15410,0.18230,0.14870,0.22770,0.12790,0.17110,0.13870,0.13900,0.15050,0.37350
8:45:19,1.11980,0.18180,0.16860,0.18020,0.19960,0.18110,0.27600,0.18500,0.19530,0.19550,0.22760,0.22010,1.12090,0.18090,0.17590,0.17760,0.19600,0.18710,0.24550,0.40750,0.20960,0.20650,0.21730,0.22640,1.12500,0.17710,0.16800,0.17340,0.18360,0.16760,0.21180,0.36380,0.18490,0.19290,0.21560,0.20910,0.15130,0.16810,0.16960,0.17030,0.13320,0.15730,0.17380,0.28430,0.17070,0.17760,0.18360,0.19800,0.15730,0.16110,0.17330,0.16020,0.19750,0.16080,0.42850,0.16420,0.21140,0.17090,0.21480,0.18010,0.13430,0.13550,0.16900,0.27290,0.17160,0.39970,0.42610,0.17790,0.18230,0.18300,0.20400,0.67330,0.12800,0.15720,0.15340,0.21840,0.16760,0.33030,0.28330,0.15530,0.16290,0.15030,0.17040,0.49320,0.12570,0.12980,0.15530,0.18450,0.15010,0.23170,0.12940,0.17260,0.14020,0.14040,0.15200,0.38040
9:00:19,1.11720,0.18380,0.17030,0.18140,0.20140,0.18290,0.27970,0.18620,0.19680,0.19670,0.22930,0.22160,1.11950,0.18290,0.17740,0.17900,0.19770,0.18870,0.24860,0.41440,0.21110,0.20830,0.21880,0.22830,1.12260,0.17890,0.16960,0.17480,0.18530,0.16930,0.21440,0.36950,0.18640,0.19460,0.21720,0.21080,0.15290,0.16970,0.17110,0.17160,0.13460,0.15900,0.17530,0.28800,0.17220,0.17920,0.18510,0.19970,0.15880,0.16260,0.17470,0.16180,0.19940,0.16240,0.43620,0.16560,0.21290,0.17230,0.21640,0.18160,0.13570,0.13690,0.17060,0.27620,0.17320,0.40690,0.42970,0.17960,0.18390,0.18450,0.20570,0.68430,0.12930,0.15870,0.15490,0.22110,0.16920,0.33620,0.28800,0.15700,0.16440,0.15190,0.17290,0.50240,0.12680,0.13100,0.15710,0.18680,0.15140,0.23560,0.13080,0.17420,0.14140,0.14200,0.15330,0.38680
9:15:19,1.11470,0.18510,0.17170,0.18270,0.20290,0.18410,0.28290,0.18760,0.19810,0.19800,0.23020,0.22260,1.11730,0.18450,0.17870,0.18020,0.19920,0.18990,0.25150,0.42060,0.21270,0.20980,0.22010,0.22980,1.12140,0.18040,0.17090,0.17600,0.18670,0.17070,0.21650,0.37520,0.18780,0.19580,0.21890,0.21220,0.15420,0.17090,0.17230,0.17280,0.13580,0.16040,0.17650,0.29100,0.17350,0.18080,0.18640,0.20110,0.16020,0.16380,0.17590,0.16290,0.20090,0.16380,0.44360,0.16690,0.21440,0.17360,0.21750,0.18270,0.13670,0.13790,0.17180,0.27910,0.17440,0.41380,0.43670,0.18100,0.18540,0.18590,0.20710,0.69550,0.13020,0.15980,0.15600,0.22370,0.17050,0.34180,0.29240,0.15840,0.16570,0.15320,0.17450,0.51140,0.12750,0.13180,0.15830,0.18860,0.15250,0.23920,0.13190,0.17540,0.14250,0.14340,0.15440,0.39310
9:30:19,1.11240,0.18670,0.17330,0.18400,0.20450,0.18560,0.28640,0.18910,0.19960,0.19930,0.23180,0.22420,1.11520,0.18650,0.18020,0.18150,0.20100,0.19130,0.25440,0.42730,0.21450,0.21160,0.22150,0.23160,1.11870,0.18210,0.17250,0.17750,0.18830,0.17240,0.21890,0.38070,0.18930,0.19720,0.22080,0.21370,0.15580,0.17230,0.17360,0.17410,0.13710,0.16200,0.17780,0.29440,0.17500,0.18220,0.18780,0.20250,0.16160,0.16520,0.17730,0.16430,0.20230,0.16520,0.45090,0.16820,0.21580,0.17490,0.21890,0.18390,0.13800,0.13920,0.17320,0.28210,0.17580,0.42070,0.44390,0.18260,0.18690,0.18760,0.20860,0.70590,0.13140,0.16110,0.15730,0.22640,0.17200,0.34750,0.29690,0.16000,0.16720,0.15480,0.17590,0.52040,0.12860,0.13300,0.15960,0.19080,0.15370,0.24310,0.13320,0.17700,0.14380,0.14520,0.15580,0.39930
9:45:19,1.11030,0.18830,0.17500,0.18530,0.20620,0.18720,0.28980,0.19090,0.20100,0.20070,0.23360,0.22510,1.11330,0.18840,0.18170,0.18300,0.20290,0.19280,0.25730,0.43350,0.21620,0.21330,0.22310,0.23310,1.11790,0.18380,0.17390,0.17890,0.18980,0.17400,0.22140,0.38650,0.19080,0.19880,0.22270,0.21540,0.15740,0.17370,0.17510,0.17530,0.13850,0.16360,0.17900,0.29840,0.17640,0.18390,0.18910,0.20420,0.16320,0.16650,0.17870,0.16590,0.20410,0.16680,0.45820,0.16970,0.21730,0.17630,0.22030,0.18510,0.13950,0.14060,0.17460,0.28540,0.17750,0.42780,0.45130,0.18410,0.18840,0.18900,0.21050,0.71690,0.13270,0.16260,0.15890,0.22910,0.17340,0.35320,0.30150,0.16170,0.16850,0.15630,0.17710,0.52880,0.12970,0.13420,0.16040,0.19310,0.15500,0.24690,0.13470,0.17850,0.14510,0.14690,0.15700,0.40590
10:00:19,1.10810,0.18990,0.17650,0.18660,0.20790,0.18860,0.29310,0.19220,0.20270,0.20200,0.23520,0.22640,1.11130,0.19020,0.18310,0.18440,0.20460,0.19420,0.26010,0.44000,0.21760,0.21470,0.22480,0.23500,1.11580,0.18540,0.17540,0.18010,0.19140,0.17550,0.22360,0.39190,0.19240,0.20020,0.22410,0.21690,0.15890,0.17520,0.17620,0.17660,0.14000,0.16510,0.18050,0.30250,0.17780,0.18530,0.19040,0.20570,0.16470,0.16780,0.18000,0.16710,0.20570,0.16820,0.46520,0.17090,0.21870,0.17760,0.22180,0.18650,0.14090,0.14200,0.17600,0.28820,0.17890,0.43440,0.45830,0.18560,0.19000,0.19040,0.21220,0.72650,0.13400,0.16410,0.16020,0.23180,0.17490,0.35880,0.30610,0.16340,0.16990,0.15790,0.17830,0.53750,0.13080,0.13540,0.16160,0.19510,0.15640,0.25070,0.13610,0.17980,0.14630,0.14840,0.15830,0.41190
10:15:19,1.10580,0.19150,0.17820,0.18780,0.20960,0.18980,0.29630,0.19360,0.20420,0.20320,0.23710,0.22700,1.10960,0.19180,0.18460,0.18570,0.20610,0.19580,0.26290,0.44650,0.21930,0.21630,0.22630,0.23630,1.11460,0.18710,0.17690,0.18150,0.19280,0.17710,0.22580,0.39750,0.19380,0.20160,0.22580,0.21840,0.16050,0.17640,0.17740,0.17790,0.14140,0.16670,0.18200,0.30680,0.17920,0.18680,0.19180,0.20720,0.16620,0.16910,0.18140,0.16860,0.20730,0.16960,0.47270,0.17210,0.22050,0.17890,0.22310,0.18780,0.14220,0.14340,0.17730,0.29120,0.18040,0.44140,0.46540,0.18690,0.19160,0.19190,0.21370,0.73680,0.13530,0.16550,0.16150,0.23440,0.17630,0.36450,0.31050,0.16510,0.17130,0.15940,0.17970,0.54570,0.13190,0.13670,0.16290,0.19720,0.15770,0.25460,0.13740,0.18130,0.14750,0.14990,0.15960,0.41800
10:30:19,1.10390,0.19300,0.17990,0.18930,0.21140,0.19110,0.30000,0.19480,0.20580,0.20450,0.23880,0.22750,1.10850,0.19370,0.18620,0.18710,0.20790,0.19720,0.26610,0.45270,0.22090,0.21830,0.22780,0.23800,1.11290,0.18890,0.17860,0.18290,0.19470,0.17900,0.22830,0.40300,0.19560,0.20320,0.22720,0.22000,0.16220,0.17810,0.17880,0.17900,0.14300,0.16850,0.18330,0.31210,0.18090,0.18830,0.19300,0.20900,0.16790,0.17070,0.18280,0.17020,0.20910,0.17140,0.48000,0.17360,0.22210,0.18020,0.22430,0.18920,0.14390,0.14530,0.17880,0.29430,0.18200,0.44820,0.47260,0.18870,0.19320,0.19360,0.21540,0.74670,0.13690,0.16710,0.16320,0.23720,0.17780,0.37020,0.31510,0.16700,0.17290,0.16110,0.18120,0.55500,0.13320,0.13820,0.16430,0.19940,0.15910,0.25860,0.13900,0.18290,0.14890,0.15150,0.16100,0.42420
10:45:19,1.10160,0.19490,0.18140,0.19070,0.21300,0.19240,0.30340,0.19620,0.20730,0.20570,0.24040,0.22740,1.10630,0.19560,0.18770,0.18860,0.20960,0.19860,0.26890,0.45900,0.22230,0.22000,0.22910,0.23950,1.10960,0.19070,0.18010,0.18430,0.19610,0.18050,0.23050,0.40850,0.19670,0.20480,0.22880,0.22150,0.16390,0.17950,0.18000,0.18030,0.14460,0.17000,0.18460,0.31680,0.18210,0.18970,0.19410,0.21040,0.16950,0.17220,0.18420,0.17150,0.21080,0.17300,0.48720,0.17490,0.22380,0.18150,0.22580,0.19070,0.14540,0.14670,0.18030,0.29740,0.18340,0.45500,0.48220,0.19010,0.19460,0.19520,0.21730,0.75670,0.13820,0.16850,0.16460,0.23980,0.17930,0.37590,0.31960,0.16870,0.17430,0.16280,0.18190,0.56310,0.13440,0.13950,0.16580,0.20140,0.16040,0.26250,0.14030,0.18450,0.15020,0.15320,0.16230,0.43070
11:00:19,1.10000,0.19580,0.18270,0.19160,0.21450,0.19370,0.30650,0.19760,0.20870,0.20680,0.24170,0.22880,1.10440,0.19720,0.18910,0.18990,0.21090,0.19970,0.27150,0.46490,0.22400,0.22130,0.23030,0.24080,1.10740,0.19210,0.18130,0.18550,0.19750,0.18200,0.23280,0.41370,0.19810,0.20600,0.23040,0.22260,0.16540,0.18070,0.18130,0.18150,0.14600,0.17140,0.18570,0.32050,0.18340,0.19110,0.19530,0.21170,0.17090,0.17330,0.18520,0.17260,0.21230,0.17430,0.49390,0.17610,0.22530,0.18260,0.22700,0.19190,0.14670,0.14810,0.18130,0.30020,0.18470,0.46150,0.49010,0.19150,0.19620,0.19650,0.21870,0.76580,0.13930,0.16970,0.16570,0.24220,0.18050,0.38120,0.32390,0.17010,0.17560,0.16410,0.18360,0.57120,0.13550,0.14050,0.16670,0.20340,0.16150,0.26610,0.14150,0.18580,0.15130,0.15440,0.16350,0.43630
11:15:19,1.09760,0.19720,0.18400,0.19280,0.21580,0.19460,0.30960,0.19890,0.20990,0.20750,0.24270,0.22920,1.10280,0.19870,0.19040,0.19100,0.21230,0.20110,0.27400,0.47090,0.22520,0.22270,0.23180,0.24220,1.10520,0.19330,0.18260,0.18620,0.19860,0.18300,0.23500,0.41880,0.19930,0.20750,0.23160,0.22400,0.16660,0.18170,0.18220,0.18240,0.14700,0.17250,0.18690,0.32420,0.18470,0.19230,0.19640,0.21290,0.17190,0.17430,0.18630,0.17360,0.21370,0.17540,0.50070,0.17710,0.22660,0.18340,0.22790,0.19310,0.14780,0.14910,0.18240,0.30290,0.18570,0.46780,0.49640,0.19270,0.19740,0.19770,0.21990,0.77470,0.14020,0.17090,0.16670,0.24430,0.18170,0.38640,0.32810,0.17150,0.17670,0.16540,0.18550,0.57900,0.13630,0.14140,0.16790,0.20510,0.16230,0.26950,0.14270,0.18700,0.15260,0.15560,0.16470,0.44190
11:30:19,1.09550,0.19870,0.18550,0.19380,0.21740,0.19560,0.31260,0.20000,0.21150,0.20870,0.24400,0.23020,1.10070,0.20030,0.19160,0.19250,0.21360,0.20240,0.27650,0.47700,0.22660,0.22410,0.23270,0.24350,1.10130,0.19470,0.18390,0.18740,0.20000,0.18430,0.23710,0.42400,0.20070,0.20920,0.23290,0.22530,0.16810,0.18300,0.18310,0.18350,0.14850,0.17380,0.18810,0.32790,0.18610,0.19360,0.19740,0.21420,0.17340,0.17550,0.18760,0.17490,0.21520,0.17680,0.50770,0.17820,0.22820,0.18460,0.22920,0.19440,0.14910,0.15050,0.18370,0.30570,0.18710,0.47430,0.50300,0.19410,0.19870,0.19900,0.22140,0.78370,0.14140,0.17220,0.16800,0.24660,0.18290,0.39170,0.33220,0.17300,0.17800,0.16680,0.18680,0.58730,0.13730,0.14260,0.16890,0.20720,0.16350,0.27320,0.14390,0.18830,0.15370,0.15680,0.16590,0.44780
11:45:19,1.09300,0.20010,0.18710,0.19520,0.21900,0.19710,0.31600,0.20150,0.21290,0.21010,0.24570,0.22940,1.09890,0.20200,0.19290,0.19370,0.21500,0.20380,0.27930,0.48260,0.22800,0.22570,0.23430,0.24510,1.10060,0.19620,0.18520,0.18880,0.20140,0.18590,0.23940,0.42920,0.20230,0.21050,0.23400,0.22660,0.16980,0.18410,0.18440,0.18470,0.14990,0.17530,0.18960,0.33180,0.18740,0.19500,0.19830,0.21570,0.17480,0.17690,0.18870,0.17610,0.21670,0.17840,0.51410,0.17940,0.22960,0.18590,0.23050,0.19570,0.15070,0.15200,0.18500,0.30870,0.18860,0.48070,0.50860,0.19550,0.20020,0.20040,0.22290,0.79210,0.14280,0.17350,0.16930,0.24910,0.18440,0.39710,0.33660,0.17460,0.17920,0.16830,0.18750,0.59510,0.13860,0.14380,0.17020,0.20930,0.16480,0.27700,0.14540,0.18980,0.15490,0.15840,0.16720,0.45360
12:00:19,1.09100,0.20190,0.18890,0.19640,0.22060,0.19830,0.31910,0.20290,0.21450,0.21090,0.24710,0.23060,1.09720,0.20380,0.19430,0.19520,0.21660,0.20500,0.28220,0.48840,0.22940,0.22740,0.23580,0.24670,1.09930,0.19780,0.18650,0.19010,0.20280,0.18740,0.24160,0.43470,0.20380,0.21200,0.23550,0.22810,0.17140,0.18570,0.18570,0.18610,0.15150,0.17700,0.19080,0.33580,0.18870,0.19630,0.19960,0.21710,0.17630,0.17800,0.19010,0.17730,0.21830,0.17970,0.52110,0.18050,0.23130,0.18710,0.23190,0.19700,0.15220,0.15360,0.18610,0.31160,0.18990,0.48700,0.51460,0.19690,0.20180,0.20190,0.22440,0.80070,0.14420,0.17500,0.17050,0.25170,0.18580,0.40270,0.34100,0.17610,0.18060,0.16990,0.18900,0.60300,0.13980,0.14530,0.17110,0.21140,0.16600,0.28090,0.14690,0.19120,0.15620,0.15990,0.16850,0.45960
12:15:19,1.08870,0.20340,0.19030,0.19750,0.22180,0.19960,0.32230,0.20410,0.21580,0.21220,0.24860,0.23180,1.09560,0.20540,0.19570,0.19630,0.21800,0.20620,0.28490,0.49450,0.23080,0.22850,0.23690,0.24810,1.09860,0.19930,0.18800,0.19130,0.20400,0.18860,0.24380,0.43960,0.20510,0.21350,0.23690,0.22920,0.17280,0.18700,0.18690,0.18720,0.15290,0.17850,0.19180,0.33980,0.18990,0.19760,0.20050,0.21830,0.17780,0.17930,0.19150,0.17860,0.21980,0.18110,0.52760,0.18160,0.23280,0.18810,0.23320,0.19790,0.15360,0.15530,0.18740,0.31450,0.19150,0.49310,0.52060,0.19840,0.20310,0.20320,0.22580,0.80900,0.14560,0.17630,0.17190,0.25400,0.18720,0.40810,0.34490,0.17790,0.18200,0.17150,0.19080,0.61040,0.14110,0.14660,0.17220,0.21340,0.16730,0.28450,0.14820,0.19250,0.15730,0.16130,0.16980,0.46510
12:30:19,1.08650,0.20460,0.19150,0.19820,0.22300,0.20080,0.32520,0.20500,0.21700,0.21310,0.25000,0.23170,1.09390,0.20660,0.19680,0.19730,0.21910,0.20720,0.28720,0.49990,0.23160,0.22980,0.23810,0.24910,1.09470,0.20020,0.18890,0.19210,0.20520,0.18960,0.24560,0.44430,0.20630,0.21480,0.23790,0.23010,0.17380,0.18800,0.18800,0.18820,0.15410,0.17940,0.19270,0.34340,0.19090,0.19870,0.20130,0.21950,0.17870,0.18030,0.19230,0.17930,0.22100,0.18200,0.53370,0.18270,0.23400,0.18870,0.23430,0.19880,0.15470,0.15640,0.18840,0.31700,0.19250,0.49930,0.52490,0.19950,0.20430,0.20420,0.22690,0.81670,0.14650,0.17730,0.17300,0.25610,0.18820,0.41310,0.34870,0.17920,0.18290,0.17250,0.19140,0.61760,0.14180,0.14750,0.17310,0.21500,0.16830,0.28780,0.14930,0.19380,0.15830,0.16220,0.17080,0.47040
12:45:19,1.08420,0.20560,0.19270,0.19890,0.22440,0.20140,0.32760,0.20610,0.21810,0.21410,0.25110,0.23260,1.09190,0.20780,0.19760,0.19830,0.22020,0.20810,0.28970,0.50520,0.23280,0.23070,0.23870,0.25020,1.09410,0.20140,0.18980,0.19320,0.20610,0.19060,0.24750,0.44900,0.20730,0.21590,0.23890,0.23130,0.17500,0.18900,0.18880,0.18900,0.15500,0.18040,0.19360,0.34680,0.19190,0.19950,0.20220,0.22060,0.17980,0.18100,0.19310,0.18020,0.22200,0.18310,0.53990,0.18380,0.23520,0.18960,0.23540,0.19960,0.15560,0.15730,0.18930,0.31950,0.19340,0.50530,0.53090,0.20060,0.20550,0.20540,0.22810,0.82470,0.14740,0.17840,0.17370,0.25810,0.18910,0.41790,0.35270,0.18040,0.18400,0.17350,0.19200,0.62470,0.14260,0.14830,0.17370,0.21650,0.16910,0.29090,0.15040,0.19470,0.15920,0.16300,0.17160,0.47570
13:00:19,1.08160,0.20700,0.19400,0.20000,0.22560,0.20250,0.33070,0.20690,0.21930,0.21540,0.25260,0.23330,1.08990,0.20920,0.19860,0.19920,0.22140,0.20940,0.29200,0.51030,0.23370,0.23220,0.23990,0.25160,1.09260,0.20260,0.19080,0.19410,0.20720,0.19190,0.24940,0.45370,0.20830,0.21700,0.23970,0.23230,0.17610,0.18990,0.18970,0.19000,0.15610,0.18160,0.19470,0.35040,0.19280,0.20050,0.20280,0.22170,0.18080,0.18190,0.19400,0.18130,0.22340,0.18410,0.54600,0.18440,0.23650,0.19050,0.23660,0.20070,0.15670,0.15830,0.19040,0.32210,0.19460,0.51110,0.53700,0.20180,0.20660,0.20640,0.22910,0.83170,0.14840,0.17930,0.17470,0.26020,0.19010,0.42270,0.35660,0.18170,0.18500,0.17460,0.19390,0.63210,0.14340,0.14920,0.17460,0.21810,0.16990,0.29440,0.15150,0.19580,0.16000,0.16410,0.17260,0.48100
13:15:19,1.07980,0.20820,0.19500,0.20080,0.22710,0.20360,0.33380,0.20820,0.22020,0.21640,0.25330,0.23330,1.08800,0.21060,0.19980,0.20030,0.22260,0.21010,0.29450,0.51550,0.23500,0.23340,0.24110,0.25320,1.09030,0.20370,0.19200,0.19510,0.20830,0.19300,0.25130,0.45830,0.20940,0.21830,0.24100,0.23330,0.17750,0.19120,0.19070,0.19100,0.15730,0.18270,0.19580,0.35390,0.19400,0.20170,0.20390,0.22290,0.18190,0.18290,0.19510,0.18220,0.22470,0.18520,0.55200,0.18550,0.23750,0.19120,0.23770,0.20100,0.15770,0.15940,0.19140,0.32450,0.19590,0.51650,0.54310,0.20300,0.20780,0.20750,0.23030,0.83880,0.14930,0.18040,0.17560,0.26250,0.19130,0.42760,0.36050,0.18290,0.18620,0.17580,0.19500,0.63910,0.14430,0.15010,0.17560,0.21990,0.17090,0.29770,0.15260,0.19700,0.16100,0.16520,0.17380,0.48620
13:30:19,1.07780,0.20960,0.19640,0.20130,0.22850,0.20410,0.33700,0.20930,0.22140,0.21760,0.25410,0.23370,1.08650,0.21190,0.20090,0.20120,0.22370,0.21110,0.29690,0.52120,0.23580,0.23480,0.24240,0.25420,1.08850,0.20500,0.19290,0.19620,0.20940,0.19400,0.25350,0.46290,0.21060,0.21910,0.24120,0.23430,0.17890,0.19210,0.19150,0.19160,0.15830,0.18380,0.19670,0.35740,0.19490,0.20270,0.20420,0.22400,0.18290,0.18390,0.19600,0.18320,0.22590,0.18630,0.55820,0.18650,0.23870,0.19220,0.23890,0.20190,0.15880,0.16060,0.19240,0.32690,0.19700,0.52220,0.54940,0.20410,0.20880,0.20850,0.23180,0.84580,0.15030,0.18150,0.17670,0.26460,0.19250,0.43230,0.36430,0.18420,0.18730,0.17690,0.19590,0.64610,0.14510,0.15110,0.17640,0.22170,0.17190,0.30090,0.15370,0.19810,0.16190,0.16630,0.17460,0.49140
13:45:19,1.07600,0.21100,0.19770,0.20240,0.22990,0.20540,0.34010,0.21050,0.22280,0.21870,0.25580,0.23430,1.08530,0.21350,0.20180,0.20220,0.22470,0.21210,0.29940,0.52630,0.23700,0.23640,0.24340,0.25470,1.08630,0.20630,0.19410,0.19730,0.21040,0.19530,0.25540,0.46750,0.21180,0.22030,0.24190,0.23560,0.18020,0.19310,0.19260,0.19250,0.15950,0.18490,0.19760,0.36070,0.19600,0.20390,0.20490,0.22520,0.18410,0.18500,0.19700,0.18420,0.22710,0.18760,0.56400,0.18770,0.24000,0.19340,0.23990,0.20300,0.16010,0.16190,0.19340,0.32960,0.19830,0.52780,0.55870,0.20520,0.20990,0.20950,0.23300,0.85260,0.15150,0.18260,0.17770,0.26680,0.19370,0.43720,0.36840,0.18560,0.18830,0.17820,0.19710,0.65330,0.14620,0.15210,0.17760,0.22340,0.17290,0.30430,0.15490,0.19920,0.16280,0.16740,0.17540,0.49650
14:00:19,1.07370,0.21190,0.19900,0.20320,0.23140,0.20650,0.34310,0.21120,0.22400,0.21970,0.25700,0.23410,1.08310,0.21480,0.20290,0.20310,0.22590,0.21300,0.30180,0.53070,0.23770,0.23740,0.24460,0.25480,1.08360,0.20770,0.19490,0.19800,0.21170,0.19610,0.25740,0.47230,0.21290,0.22150,0.24290,0.23640,0.18150,0.19420,0.19350,0.19350,0.16070,0.18590,0.19870,0.36440,0.19650,0.20510,0.20570,0.22610,0.18510,0.18580,0.19800,0.18510,0.22850,0.18880,0.56970,0.18870,0.24120,0.19430,0.24070,0.20420,0.16120,0.16300,0.19440,0.33220,0.19940,0.53350,0.56470,0.20640,0.21090,0.21080,0.23450,0.85920,0.15250,0.18360,0.17890,0.26880,0.19470,0.44200,0.37220,0.18690,0.18940,0.17940,0.19770,0.65990,0.14710,0.15310,0.17860,0.22510,0.17390,0.30770,0.15610,0.20020,0.16370,0.16840,0.17640,0.50130
14:15:19,1.07130,0.21310,0.19990,0.20370,0.23240,0.20710,0.34540,0.21200,0.22480,0.22060,0.25750,0.23490,1.08100,0.21590,0.20360,0.20400,0.22690,0.21390,0.30380,0.53570,0.23870,0.23820,0.24520,0.25550,1.08150,0.20860,0.19590,0.19890,0.21250,0.19700,0.25920,0.47680,0.21360,0.22220,0.24350,0.23740,0.18230,0.19510,0.19400,0.19430,0.16160,0.18700,0.19920,0.36770,0.19740,0.20600,0.20640,0.22710,0.18610,0.18660,0.19900,0.18580,0.22970,0.18980,0.57540,0.18960,0.24200,0.19500,0.24190,0.20480,0.16200,0.16380,0.19510,0.33430,0.20030,0.53880,0.57020,0.20740,0.21180,0.21130,0.23540,0.86560,0.15310,0.18430,0.17940,0.27060,0.19550,0.44660,0.37570,0.18790,0.19030,0.18010,0.19860,0.66630,0.14760,0.15380,0.17900,0.22650,0.17460,0.31070,0.15690,0.20110,0.16440,0.16920,0.17710,0.50650
14:30:19,1.06880,0.21370,0.20080,0.20450,0.23350,0.20800,0.34810,0.21300,0.22560,0.22130,0.25870,0.23480,1.07900,0.21710,0.20440,0.20470,0.22790,0.21470,0.30580,0.54080,0.23960,0.23930,0.24550,0.25680,1.07980,0.20960,0.19650,0.19960,0.21350,0.19790,0.26060,0.48090,0.21440,0.22280,0.24430,0.23830,0.18320,0.19580,0.19470,0.19490,0.16240,0.18770,0.19990,0.37060,0.19810,0.20660,0.20720,0.22800,0.18680,0.18720,0.19940,0.18650,0.23060,0.19030,0.58100,0.19030,0.24280,0.19550,0.24300,0.20550,0.16250,0.16450,0.19540,0.33620,0.20120,0.54370,0.57580,0.20820,0.21260,0.21180,0.23600,0.87140,0.15370,0.18490,0.18000,0.27240,0.19620,0.45100,0.37920,0.18890,0.19110,0.18080,0.19960,0.67270,0.14790,0.15440,0.17990,0.22790,0.17540,0.31350,0.15770,0.20180,0.16490,0.16970,0.17790,0.51140
14:45:19,1.06660,0.21430,0.20190,0.20540,0.23480,0.20880,0.35050,0.21400,0.22670,0.22220,0.25940,0.23560,1.07690,0.21840,0.20520,0.20570,0.22890,0.21510,0.30810,0.54550,0.24050,0.24040,0.24700,0.25750,1.07720,0.21050,0.19750,0.20050,0.21430,0.19890,0.26240,0.48500,0.21540,0.22400,0.24550,0.23890,0.18440,0.19650,0.19540,0.19540,0.16310,0.18860,0.20050,0.37400,0.19900,0.20770,0.20810,0.22830,0.18780,0.18800,0.20020,0.18720,0.23180,0.19130,0.58670,0.19120,0.24420,0.19640,0.24420,0.20620,0.16330,0.16530,0.19650,0.33880,0.20230,0.54920,0.58110,0.20930,0.21350,0.21270,0.23710,0.87750,0.15440,0.18570,0.18080,0.27420,0.19690,0.45550,0.38280,0.19000,0.19200,0.18190,0.20140,0.67930,0.14850,0.15510,0.18040,0.22940,0.17620,0.31650,0.15860,0.20260,0.16570,0.17060,0.17870,0.51600
15:00:19,1.06490,0.21550,0.20320,0.20610,0.23590,0.20960,0.35360,0.21490,0.22790,0.22240,0.26050,0.23660,1.07500,0.21980,0.20620,0.20670,0.23020,0.21630,0.31070,0.55100,0.24180,0.24140,0.24800,0.25840,1.07500,0.21170,0.19830,0.20160,0.21550,0.20000,0.26430,0.48970,0.21660,0.22480,0.24670,0.24040,0.18550,0.19780,0.19630,0.19650,0.16420,0.18960,0.20160,0.37720,0.19990,0.20880,0.20920,0.22950,0.18890,0.18900,0.20130,0.18780,0.23300,0.19240,0.59240,0.19220,0.24550,0.19730,0.24530,0.20700,0.16440,0.16630,0.19750,0.34130,0.20340,0.55480,0.58700,0.21040,0.21450,0.21400,0.23820,0.88340,0.15540,0.18670,0.18180,0.27630,0.19800,0.46010,0.38660,0.19130,0.19310,0.18290,0.20250,0.68590,0.14940,0.15590,0.18100,0.23100,0.17730,0.31970,0.15970,0.20360,0.16660,0.17150,0.17980,0.52090
15:15:19,1.06250,0.21650,0.20410,0.20580,0.23720,0.21020,0.35630,0.21580,0.22850,0.22320,0.26110,0.23710,1.07350,0.22100,0.20720,0.20760,0.23120,0.21720,0.31270,0.55580,0.24250,0.24180,0.24900,0.25910,1.07300,0.21280,0.19930,0.20260,0.21640,0.20090,0.26600,0.49410,0.21740,0.22590,0.24770,0.24100,0.18650,0.19860,0.19720,0.19730,0.16510,0.19070,0.20260,0.38060,0.20110,0.20990,0.20990,0.23040,0.18970,0.18950,0.20210,0.18870,0.23420,0.19340,0.59800,0.19320,0.24670,0.19810,0.24620,0.20740,0.16520,0.16720,0.19830,0.34340,0.20430,0.56010,0.59220,0.21140,0.21550,0.21510,0.23940,0.88910,0.15620,0.18750,0.18250,0.27830,0.19900,0.46460,0.39000,0.19250,0.19400,0.18400,0.20320,0.69190,0.15010,0.15670,0.18160,0.23240,0.17810,0.32280,0.16060,0.20460,0.16740,0.17250,0.18050,0.52560
15:30:19,1.06090,0.21760,0.20520,0.20690,0.23830,0.21070,0.35920,0.21670,0.22970,0.22400,0.26230,0.23800,1.07150,0.22220,0.20810,0.20860,0.23240,0.21810,0.31510,0.56050,0.24320,0.24270,0.25030,0.25990,1.07170,0.21400,0.20020,0.20290,0.21750,0.20210,0.26770,0.49830,0.21890,0.22710,0.24860,0.24230,0.18760,0.19960,0.19810,0.19800,0.16610,0.19170,0.20370,0.38380,0.20190,0.21060,0.21070,0.23160,0.19060,0.19040,0.20260,0.18950,0.23530,0.19450,0.60310,0.19370,0.24760,0.19900,0.24710,0.20830,0.16600,0.16810,0.19900,0.34570,0.20520,0.56550,0.59710,0.21260,0.21650,0.21620,0.24030,0.89440,0.15690,0.18840,0.18350,0.28020,0.20000,0.46910,0.39350,0.19370,0.19500,0.18500,0.20390,0.69860,0.15080,0.15750,0.18240,0.23390,0.17900,0.32600,0.16160,0.20550,0.16830,0.17330,0.18140,0.53030
15:45:19,1.05860,0.21890,0.20620,0.20740,0.23960,0.21170,0.36190,0.21690,0.23070,0.22480,0.26330,0.23870,1.06990,0.22360,0.20910,0.20940,0.23360,0.21920,0.31720,0.56540,0.24410,0.24370,0.25120,0.26110,1.06960,0.21510,0.20110,0.20390,0.21860,0.20300,0.26950,0.50310,0.21980,0.22830,0.24970,0.24290,0.18880,0.20060,0.19900,0.19890,0.16690,0.19270,0.20470,0.38700,0.20260,0.21160,0.21170,0.23260,0.19160,0.19110,0.20350,0.19020,0.23660,0.19510,0.60890,0.19460,0.24880,0.19990,0.24790,0.20900,0.16700,0.16910,0.19990,0.34840,0.20650,0.57080,0.60240,0.21360,0.21740,0.21750,0.24130,0.89970,0.15780,0.18930,0.18450,0.28230,0.20100,0.47380,0.39710,0.19490,0.19600,0.18620,0.20450,0.70430,0.15160,0.15840,0.18310,0.23550,0.17980,0.32900,0.16260,0.20650,0.16910,0.17420,0.18220,0.53490
16:00:19,1.05650,0.22000,0.20750,0.20840,0.24100,0.21250,0.36400,0.21760,0.23200,0.22600,0.26470,0.23920,1.06840,0.22500,0.20990,0.21050,0.23480,0.22020,0.31910,0.57080,0.24540,0.24470,0.25210,0.26160,1.06800,0.21630,0.20200,0.20490,0.21960,0.20400,0.27140,0.50700,0.22070,0.22950,0.25100,0.24390,0.19000,0.20160,0.19990,0.20000,0.16800,0.19380,0.20560,0.39020,0.20360,0.21250,0.21250,0.23370,0.19270,0.19200,0.20400,0.19100,0.23780,0.19630,0.61420,0.19560,0.25000,0.20080,0.24900,0.20980,0.16820,0.17010,0.20090,0.35070,0.20710,0.57590,0.60790,0.21450,0.21840,0.21840,0.24260,0.90490,0.15890,0.19020,0.18530,0.28430,0.20190,0.47830,0.40050,0.19630,0.19720,0.18730,0.20560,0.71010,0.15240,0.15940,0.18410,0.23710,0.18030,0.33230,0.16380,0.20740,0.17000,0.17530,0.18320,0.53960
16:15:19,1.05420,0.22130,0.20880,0.20930,0.24230,0.21330,0.36680,0.21880,0.23300,0.22700,0.26600,0.23990,1.06670,0.22640,0.21090,0.21150,0.23600,0.22090,0.32140,0.57510,0.24680,0.24600,0.25310,0.26230,1.06620,0.21770,0.20320,0.20620,0.22050,0.20510,0.27340,0.51170,0.22150,0.23040,0.25140,0.24480,0.19130,0.20270,0.20080,0.20100,0.16910,0.19500,0.20650,0.39350,0.20430,0.21320,0.21260,0.23470,0.19370,0.19310,0.20500,0.19200,0.23900,0.19750,0.61990,0.19690,0.25140,0.20180,0.25030,0.21070,0.16940,0.17150,0.20200,0.35340,0.20840,0.58160,0.61340,0.21580,0.21960,0.21980,0.24330,0.90990,0.15990,0.19150,0.18640,0.28660,0.20290,0.48310,0.40430,0.19770,0.19820,0.18840,0.20680,0.71590,0.15340,0.16040,0.18490,0.23890,0.18160,0.33560,0.16480,0.20860,0.17090,0.17630,0.18420,0.54440
16:30:19,1.05230,0.22280,0.20970,0.21000,0.24360,0.21420,0.36950,0.21970,0.23370,0.22740,0.26670,0.24040,1.06540,0.22770,0.21170,0.21220,0.23710,0.22200,0.32400,0.57980,0.24750,0.24730,0.25400,0.26040,1.06400,0.21860,0.20410,0.20690,0.22150,0.20540,0.27520,0.51560,0.22240,0.23140,0.25220,0.24580,0.19220,0.20370,0.20150,0.20160,0.17030,0.19560,0.20750,0.39670,0.20520,0.21430,0.21310,0.23570,0.19480,0.19370,0.20610,0.19290,0.24010,0.19850,0.62510,0.19750,0.25240,0.20270,0.25110,0.21150,0.17040,0.17250,0.20280,0.35570,0.20940,0.58570,0.61810,0.21680,0.22040,0.22080,0.24450,0.91450,0.16090,0.19210,0.18720,0.28830,0.20390,0.48710,0.40760,0.19860,0.19930,0.18940,0.20770,0.72160,0.15410,0.16120,0.18570,0.24040,0.18240,0.33860,0.16580,0.20970,0.17170,0.17720,0.18490,0.54900
16:45:19,1.05030,0.22380,0.21060,0.21080,0.24470,0.21520,0.37220,0.22050,0.23480,0.22760,0.26820,0.24070,1.06350,0.22890,0.21270,0.21310,0.23830,0.22300,0.32600,0.58440,0.24860,0.24800,0.25540,0.26130,1.06250,0.21980,0.20490,0.20770,0.22220,0.20660,0.27690,0.51970,0.22320,0.23240,0.25310,0.24680,0.19330,0.20460,0.20240,0.20230,0.17110,0.19630,0.20830,0.39970,0.20610,0.21530,0.21390,0.23650,0.19550,0.19450,0.20690,0.19340,0.24120,0.19960,0.63020,0.19820,0.25340,0.20350,0.25230,0.21250,0.17120,0.17340,0.20350,0.35820,0.21030,0.59100,0.62310,0.21790,0.22150,0.22170,0.24560,0.91910,0.16160,0.19300,0.18790,0.29020,0.20480,0.49160,0.41110,0.19970,0.20010,0.19040,0.20880,0.72730,0.15480,0.16200,0.18660,0.24170,0.18330,0.34150,0.16660,0.21060,0.17250,0.17800,0.18580,0.55340
17:00:19,1.04810,0.22490,0.21180,0.21170,0.24600,0.21590,0.37510,0.22120,0.23510,0.22910,0.26960,0.24170,1.06170,0.23000,0.21350,0.21410,0.23930,0.22360,0.32820,0.58910,0.24960,0.24860,0.25610,0.26250,1.05990,0.22070,0.20580,0.20870,0.22340,0.20760,0.27900,0.52370,0.22400,0.23230,0.25400,0.24800,0.19440,0.20550,0.20340,0.20300,0.17230,0.19710,0.20880,0.40290,0.20670,0.21630,0.21460,0.23770,0.19650,0.19540,0.20790,0.19410,0.24210,0.20060,0.63540,0.19930,0.25410,0.20440,0.25310,0.21340,0.17230,0.17450,0.20420,0.36030,0.21150,0.59610,0.62830,0.21880,0.22250,0.22280,0.24660,0.92340,0.16260,0.19400,0.18890,0.29230,0.20600,0.49590,0.41450,0.20090,0.20110,0.19150,0.20970,0.73260,0.15570,0.16290,0.18710,0.24340,0.18400,0.34460,0.16770,0.21170,0.17330,0.17900,0.18660,0.55790
17:15:19,1.04630,0.22590,0.21290,0.21260,0.24700,0.21660,0.37720,0.22180,0.23600,0.22930,0.27070,0.24260,1.05940,0.23140,0.21430,0.21470,0.24040,0.22480,0.33060,0.59310,0.25060,0.24970,0.25700,0.26320,1.05870,0.22170,0.20690,0.20950,0.22410,0.20850,0.28080,0.52790,0.22490,0.23360,0.25480,0.24820,0.19540,0.20640,0.20410,0.20380,0.17320,0.19820,0.20900,0.40590,0.20770,0.21710,0.21520,0.23840,0.19740,0.19590,0.20880,0.19510,0.24330,0.20160,0.64040,0.20020,0.25510,0.20530,0.25370,0.21420,0.17310,0.17550,0.20510,0.36280,0.21250,0.60090,0.63350,0.21990,0.22330,0.22380,0.24760,0.92760,0.16340,0.19490,0.18970,0.29420,0.20710,0.50020,0.41790,0.20200,0.20190,0.19260,0.21060,0.73810,0.15650,0.16370,0.18790,0.24500,0.18480,0.34760,0.16860,0.21250,0.17430,0.17990,0.18760,0.56230
17:30:19,1.04450,0.22650,0.21390,0.21300,0.24820,0.21710,0.37980,0.22260,0.23720,0.22910,0.27070,0.24340,1.05790,0.23250,0.21540,0.21560,0.24150,0.22560,0.33290,0.59740,0.25150,0.25010,0.25790,0.26370,1.05700,0.22280,0.20760,0.21020,0.22510,0.20950,0.28240,0.53200,0.22580,0.23440,0.25580,0.24920,0.19640,0.20710,0.20480,0.20450,0.17410,0.19920,0.21030,0.40890,0.20850,0.21780,0.21610,0.23920,0.19840,0.19670,0.20980,0.19560,0.24450,0.20250,0.64530,0.20110,0.25610,0.20610,0.25470,0.21510,0.17420,0.17640,0.20600,0.36480,0.21360,0.60530,0.63820,0.22070,0.22440,0.22480,0.24840,0.93160,0.16420,0.19560,0.19060,0.29610,0.20780,0.50440,0.42140,0.20270,0.20290,0.19360,0.21160,0.74300,0.15720,0.16450,0.18880,0.24650,0.18560,0.35050,0.16970,0.21330,0.17510,0.18090,0.18850,0.56650
17:45:19,1.04250,0.22770,0.21510,0.21360,0.24940,0.21810,0.38190,0.22320,0.23800,0.22960,0.27120,0.24410,1.05530,0.23370,0.21660,0.21650,0.24290,0.22650,0.33480,0.60160,0.25220,0.25050,0.25900,0.26410,1.05520,0.22410,0.20870,0.21110,0.22630,0.21050,0.28410,0.53610,0.22670,0.23510,0.25690,0.25030,0.19750,0.20820,0.20540,0.20480,0.17530,0.20030,0.21170,0.41170,0.20950,0.21900,0.21700,0.24020,0.19930,0.19760,0.21070,0.19640,0.24540,0.20370,0.65040,0.20220,0.25710,0.20690,0.25600,0.21580,0.17530,0.17760,0.20700,0.36740,0.21470,0.61030,0.64310,0.22200,0.22520,0.22600,0.24970,0.93560,0.16530,0.19650,0.19150,0.29820,0.20910,0.50870,0.42480,0.20370,0.20410,0.19460,0.21280,0.74800,0.15790,0.16560,0.18940,0.24820,0.18650,0.35360,0.17080,0.21420,0.17610,0.18190,0.18950,0.57120
18:00:19,1.04040,0.22850,0.21620,0.21440,0.25080,0.21890,0.38440,0.22430,0.23890,0.23090,0.27210,0.24410,1.05370,0.23510,0.21740,0.21730,0.24380,0.22730,0.33720,0.60610,0.25340,0.25200,0.25920,0.26490,1.05320,0.22500,0.20970,0.21180,0.22750,0.21160,0.28590,0.54030,0.22770,0.23600,0.25780,0.25100,0.19870,0.20910,0.20610,0.20580,0.17640,0.20130,0.21240,0.41450,0.21060,0.22010,0.21780,0.24130,0.20030,0.19850,0.21170,0.19690,0.24650,0.20440,0.65530,0.20310,0.25840,0.20790,0.25680,0.21690,0.17630,0.17870,0.20800,0.37000,0.21560,0.61520,0.64800,0.22300,0.22630,0.22690,0.25080,0.93920,0.16630,0.19740,0.19250,0.30030,0.21020,0.51270,0.42830,0.20510,0.20510,0.19580,0.21380,0.75350,0.15880,0.16650,0.19050,0.24960,0.18750,0.35660,0.17190,0.21510,0.17680,0.18240,0.19040,0.57510
18:15:19,1.03860,0.22950,0.21720,0.21520,0.25190,0.21970,0.38680,0.22520,0.24020,0.23060,0.27240,0.24480,1.05200,0.23620,0.21830,0.21820,0.24480,0.22780,0.33810,0.61070,0.25420,0.25260,0.25880,0.26510,1.05070,0.22580,0.20990,0.21230,0.22810,0.21210,0.28720,0.54400,0.22830,0.23680,0.25870,0.25170,0.19970,0.20960,0.20700,0.20620,0.17730,0.20210,0.21330,0.41740,0.21110,0.22100,0.21800,0.24210,0.20100,0.19910,0.21220,0.19740,0.24750,0.20530,0.66030,0.20400,0.25950,0.20860,0.25760,0.21780,0.17720,0.17950,0.20860,0.37200,0.21630,0.61970,0.65250,0.22380,0.22660,0.22770,0.25190,0.94270,0.16700,0.19810,0.19320,0.30200,0.21100,0.51660,0.43160,0.20600,0.20580,0.19660,0.21460,0.75780,0.15940,0.16730,0.19090,0.25090,0.18820,0.35950,0.17260,0.21580,0.17740,0.18310,0.19110,0.57940
18:30:19,1.03640,0.23040,0.21810,0.21550,0.25230,0.22050,0.38930,0.22600,0.24140,0.23140,0.27340,0.24580,1.05040,0.23720,0.21940,0.21930,0.24590,0.22860,0.34060,0.61470,0.25480,0.25300,0.25990,0.26660,1.04960,0.22690,0.21060,0.21330,0.22920,0.21330,0.28910,0.54820,0.22880,0.23770,0.25740,0.25250,0.20080,0.21070,0.20770,0.20710,0.17820,0.20290,0.21430,0.42030,0.21200,0.22170,0.21870,0.24280,0.20200,0.19970,0.21290,0.19810,0.24830,0.20620,0.66500,0.20490,0.26070,0.20940,0.25870,0.21870,0.17810,0.18040,0.20930,0.37450,0.21740,0.62430,0.65730,0.22470,0.22760,0.22830,0.25200,0.94640,0.16800,0.19880,0.19400,0.30380,0.21190,0.52060,0.43510,0.20700,0.20660,0.19750,0.21550,0.76300,0.16010,0.16810,0.19190,0.25240,0.18890,0.36210,0.17360,0.21660,0.17820,0.18400,0.19200,0.58360
18:45:19,1.03420,0.23170,0.21860,0.21620,0.25370,0.22120,0.39180,0.22530,0.24260,0.23250,0.27410,0.24420,1.04900,0.23820,0.22030,0.22030,0.24660,0.22930,0.34250,0.61870,0.25580,0.25370,0.26110,0.26730,1.04690,0.22780,0.21140,0.21420,0.22930,0.21430,0.29080,0.55130,0.22990,0.23870,0.25900,0.25310,0.20190,0.21130,0.20840,0.20760,0.17930,0.20390,0.21460,0.42330,0.21280,0.22250,0.21920,0.24390,0.20290,0.20050,0.21390,0.19870,0.24940,0.20720,0.66950,0.20590,0.26150,0.20990,0.25950,0.21970,0.17900,0.18140,0.21010,0.37680,0.21840,0.62890,0.66170,0.22580,0.22830,0.22920,0.25270,0.94920,0.16870,0.19960,0.19490,0.30570,0.21280,0.52440,0.43840,0.20790,0.20750,0.19820,0.21650,0.76750,0.16070,0.16890,0.19220,0.25380,0.18990,0.36490,0.17450,0.21740,0.17890,0.18490,0.19280,0.58780
19:00:19,1.03250,0.23300,0.21940,0.21710,0.25470,0.22140,0.39440,0.22620,0.24350,0.23330,0.27490,0.24480,1.04700,0.23950,0.22100,0.22110,0.24750,0.23000,0.34460,0.62280,0.25650,0.25460,0.26200,0.26800,1.04600,0.22880,0.21220,0.21470,0.23010,0.21460,0.29250,0.55490,0.23040,0.23970,0.25910,0.25360,0.20270,0.21240,0.20800,0.20800,0.18010,0.20470,0.21540,0.42590,0.21350,0.22340,0.21900,0.24400,0.20370,0.20120,0.21450,0.19960,0.25030,0.20820,0.67370,0.20660,0.26190,0.21070,0.26050,0.22050,0.17970,0.18240,0.21070,0.37880,0.21930,0.63320,0.66580,0.22650,0.22910,0.23020,0.25360,0.95220,0.16940,0.20040,0.19570,0.30760,0.21360,0.52840,0.44160,0.20890,0.20840,0.19910,0.21710,0.77190,0.16140,0.16960,0.19300,0.25530,0.19050,0.36770,0.17540,0.21820,0.17970,0.18550,0.19350,0.59170
19:15:19,1.03070,0.23380,0.22050,0.21730,0.25580,0.22130,0.39660,0.22670,0.24430,0.23370,0.27560,0.23770,1.04530,0.24090,0.22110,0.22170,0.24840,0.23080,0.34650,0.62750,0.25750,0.25530,0.26210,0.26860,1.04350,0.22980,0.21300,0.21540,0.23100,0.21550,0.29410,0.55840,0.23170,0.24040,0.25970,0.25430,0.20360,0.21310,0.20890,0.20860,0.18050,0.20550,0.21600,0.42830,0.21440,0.22400,0.21930,0.24460,0.20440,0.20180,0.21520,0.20050,0.25080,0.20880,0.67850,0.20740,0.26300,0.21110,0.26130,0.22090,0.18030,0.18310,0.21130,0.38090,0.22010,0.63790,0.67040,0.22720,0.22970,0.23100,0.25450,0.95530,0.17010,0.20110,0.19620,0.30910,0.21460,0.53230,0.44470,0.20970,0.20930,0.20000,0.21790,0.77580,0.16190,0.17020,0.19350,0.25650,0.19120,0.37040,0.17620,0.21880,0.18040,0.18620,0.19440,0.59580
19:30:19,1.02880,0.23510,0.22160,0.21840,0.25680,0.22230,0.39920,0.22670,0.24470,0.23480,0.27720,0.23680,1.04410,0.24190,0.22200,0.22270,0.24950,0.23160,0.34860,0.63170,0.25800,0.25610,0.26310,0.26890,1.04150,0.23060,0.21340,0.21620,0.23180,0.21580,0.29570,0.56140,0.23250,0.24140,0.26050,0.25470,0.20470,0.21420,0.20970,0.20940,0.18140,0.20600,0.21710,0.43160,0.21530,0.22520,0.22040,0.24510,0.20520,0.20230,0.21590,0.20140,0.25150,0.20990,0.68260,0.20810,0.26390,0.21200,0.26160,0.22200,0.18150,0.18390,0.21200,0.38340,0.22120,0.64220,0.67510,0.22820,0.23080,0.23200,0.25560,0.95810,0.17090,0.20180,0.19700,0.31100,0.21550,0.53620,0.44790,0.21080,0.21020,0.20100,0.21900,0.78040,0.16270,0.17100,0.19420,0.25810,0.19210,0.37310,0.17720,0.21960,0.18110,0.18730,0.19510,0.59930
19:45:19,1.02660,0.23580,0.22230,0.21910,0.25810,0.22330,0.40130,0.22750,0.24570,0.23570,0.27800,0.23770,1.04210,0.24270,0.22280,0.22370,0.25030,0.23200,0.35080,0.63560,0.25750,0.25710,0.26340,0.27020,1.03950,0.23160,0.21410,0.21700,0.23290,0.21650,0.29700,0.56580,0.23320,0.24240,0.26140,0.25580,0.20550,0.21480,0.21070,0.21050,0.18230,0.20680,0.21770,0.43450,0.21610,0.22600,0.22140,0.24580,0.20600,0.20290,0.21660,0.20200,0.25260,0.21100,0.68690,0.20900,0.26510,0.21270,0.26240,0.22260,0.18240,0.18490,0.21260,0.38590,0.22180,0.64670,0.67940,0.22930,0.23180,0.23300,0.25620,0.96110,0.17150,0.20240,0.19790,0.31240,0.21630,0.53990,0.45100,0.21200,0.21100,0.20190,0.22010,0.78480,0.16340,0.17190,0.19510,0.25950,0.19280,0.37590,0.17820,0.22050,0.18180,0.18830,0.19600,0.60350
20:00:19,1.02460,0.23700,0.22330,0.22000,0.25920,0.22420,0.40260,0.22860,0.24670,0.23600,0.27910,0.23850,1.04070,0.24360,0.22370,0.22410,0.25130,0.23280,0.35230,0.63950,0.25860,0.25810,0.26460,0.27070,1.03770,0.23260,0.21510,0.21770,0.23370,0.21730,0.29880,0.56950,0.23390,0.24330,0.26240,0.25660,0.20670,0.21590,0.21090,0.21120,0.18320,0.20770,0.21880,0.43720,0.21680,0.22720,0.22220,0.24690,0.20710,0.20350,0.21750,0.20310,0.25360,0.21150,0.69060,0.21020,0.26590,0.21330,0.26310,0.22340,0.18340,0.18590,0.21350,0.38720,0.22310,0.65110,0.68380,0.23020,0.23240,0.23420,0.25720,0.96390,0.17250,0.20340,0.19870,0.31440,0.21730,0.54370,0.45400,0.21290,0.21190,0.20290,0.22110,0.78910,0.16420,0.17280,0.19560,0.26100,0.19360,0.37870,0.17910,0.22150,0.18260,0.18920,0.19680,0.60750

