420

Time,A1,A2,A3,A4,A5,A6,A7,A8,A9,A10,A11,A12,B1,B2,B3,B4,B5,B6,B7,B8,B9,B10,B11,B12,C1,C2,C3,C4,C5,C6,C7,C8,C9,C10,C11,C12,D1,D2,D3,D4,D5,D6,D7,D8,D9,D10,D11,D12,E1,E2,E3,E4,E5,E6,E7,E8,E9,E10,E11,E12,F1,F2,F3,F4,F5,F6,F7,F8,F9,F10,F11,F12,G1,G2,G3,G4,G5,G6,G7,G8,G9,G10,G11,G12,H1,H2,H3,H4,H5,H6,H7,H8,H9,H10,H11,H12
0:00:34,0.09760,0.08810,0.09570,0.08830,0.10000,0.08820,0.09900,0.09470,0.11020,0.08800,0.09760,0.08240,0.08860,0.08980,0.09100,0.10300,0.09860,0.09900,0.09010,0.09710,0.10280,0.16460,0.08930,0.08810,0.08780,0.08880,0.08990,0.12210,0.08960,0.08810,0.08700,0.09950,0.09850,0.14200,0.08370,0.08610,0.08470,0.08990,0.08720,0.08880,0.08570,0.08860,0.08260,0.09680,0.08380,0.11610,0.08250,0.08460,0.09310,0.08340,0.09280,0.09460,0.11080,0.08700,0.08560,0.08650,0.08870,0.08200,0.11410,0.08260,0.09010,0.12200,0.09190,0.09370,0.12180,0.10680,0.08900,0.10350,0.08770,0.08990,0.10200,0.08760,0.08900,0.10980,0.08760,0.08980,0.08640,0.10290,0.08820,0.09170,0.08650,0.08410,0.09580,0.09200,0.08240,0.09460,0.08310,0.08560,0.09310,0.09280,0.08200,0.08640,0.08620,0.08750,0.08150,0.08770
0:10:34,0.10030,0.08730,0.09410,0.08670,0.10370,0.08720,0.09880,0.09320,0.16730,0.08720,0.09790,0.08130,0.08790,0.09460,0.08610,0.10100,0.09980,0.10270,0.08990,0.09940,0.14590,0.49650,0.08700,0.08720,0.08650,0.09150,0.08790,0.11820,0.09070,0.09010,0.08530,0.09930,0.12120,0.37930,0.08280,0.08570,0.08070,0.09060,0.08560,0.08740,0.08470,0.08920,0.08170,0.09600,0.08280,0.25060,0.08140,0.08450,0.10140,0.08260,0.09120,0.09190,0.10740,0.08410,0.08690,0.08500,0.08970,0.08100,0.21910,0.08170,0.09580,0.18950,0.08940,0.09550,0.11760,0.15670,0.08960,0.10920,0.08710,0.09320,0.16150,0.08990,0.09070,0.15420,0.08600,0.09100,0.08530,0.13760,0.08730,0.09300,0.08480,0.08610,0.13380,0.08950,0.08160,0.11530,0.08230,0.08510,0.09000,0.10660,0.08100,0.08790,0.08480,0.08590,0.08050,0.08770
0:20:34,0.10130,0.08700,0.09550,0.08580,0.11210,0.08670,0.10160,0.09260,0.23310,0.08680,0.10100,0.08090,0.08850,0.10150,0.08680,0.10280,0.10600,0.11040,0.09130,0.10370,0.19310,0.78760,0.08930,0.09140,0.08670,0.09590,0.08760,0.11430,0.09340,0.09420,0.08610,0.10190,0.14560,0.60540,0.08380,0.08860,0.08030,0.09270,0.08510,0.08780,0.08420,0.09110,0.08130,0.09690,0.08240,0.38760,0.08100,0.08610,0.11310,0.08210,0.09350,0.09080,0.10830,0.08330,0.09000,0.08420,0.09270,0.08060,0.34710,0.08130,0.10290,0.26790,0.09050,0.10040,0.11590,0.21150,0.09200,0.11840,0.08840,0.09900,0.23940,0.09470,0.09440,0.20420,0.08630,0.09360,0.08570,0.17510,0.08800,0.09870,0.08510,0.09060,0.17830,0.09300,0.08120,0.13850,0.08210,0.08630,0.08830,0.12540,0.08050,0.09100,0.08410,0.08790,0.08010,0.08920
0:30:34,0.10160,0.08690,0.09750,0.08520,0.12260,0.08660,0.10570,0.09240,0.30010,0.08690,0.10650,0.08180,0.08960,0.10890,0.08780,0.10560,0.11270,0.11940,0.09340,0.10850,0.24690,1.04400,0.09340,0.09670,0.08730,0.10060,0.08830,0.11210,0.09680,0.09970,0.08740,0.10650,0.17460,0.83190,0.08600,0.09340,0.07640,0.09490,0.08510,0.08850,0.08420,0.09360,0.08120,0.09880,0.08240,0.51470,0.08100,0.08810,0.12460,0.08210,0.09580,0.09020,0.11000,0.07660,0.09490,0.08410,0.09650,0.08060,0.47660,0.08280,0.11140,0.34670,0.09210,0.10590,0.11480,0.27280,0.09460,0.12970,0.09070,0.10650,0.32840,0.10100,0.09850,0.25690,0.08720,0.09740,0.08680,0.21510,0.08940,0.10570,0.08640,0.09520,0.22510,0.09860,0.08030,0.16300,0.08230,0.08810,0.08700,0.14620,0.08010,0.09470,0.08390,0.09020,0.08000,0.09120
0:40:34,0.10410,0.08750,0.10010,0.08520,0.13540,0.08790,0.11140,0.09260,0.38000,0.08750,0.11270,0.08660,0.09180,0.11650,0.08970,0.11020,0.12160,0.13100,0.09800,0.11480,0.30400,1.21490,0.10170,0.10480,0.08900,0.10790,0.09020,0.11160,0.10180,0.10720,0.09020,0.11180,0.20950,1.01820,0.09050,0.10310,0.07660,0.09770,0.08650,0.08980,0.08540,0.09820,0.08200,0.10330,0.08490,0.64970,0.08200,0.09340,0.13850,0.08340,0.10000,0.09090,0.11460,0.07770,0.10120,0.08350,0.10360,0.08290,0.60850,0.08710,0.12230,0.43090,0.09470,0.10910,0.11630,0.33650,0.09850,0.14410,0.09550,0.11590,0.42520,0.10930,0.10290,0.31440,0.08970,0.10290,0.08960,0.26390,0.09210,0.11490,0.08990,0.10270,0.27370,0.10700,0.08050,0.18880,0.08300,0.09070,0.08680,0.16890,0.07810,0.09940,0.08420,0.09410,0.08020,0.09380
0:50:34,0.10750,0.08840,0.10300,0.08520,0.14840,0.09030,0.11760,0.09330,0.45380,0.08900,0.12020,0.09250,0.09440,0.12560,0.09190,0.11590,0.13180,0.14330,0.10340,0.12230,0.35920,1.28670,0.10950,0.11420,0.09150,0.11620,0.09340,0.11330,0.10830,0.11560,0.09430,0.11860,0.24490,1.15000,0.09590,0.11150,0.07700,0.10180,0.08910,0.09180,0.08820,0.10390,0.08430,0.10880,0.08910,0.77920,0.08400,0.09940,0.15370,0.08590,0.10520,0.09290,0.12030,0.08000,0.10860,0.08250,0.11150,0.08620,0.72940,0.09050,0.13420,0.51780,0.09800,0.11610,0.11930,0.40230,0.10340,0.15910,0.10140,0.12630,0.51780,0.11860,0.10780,0.37020,0.09290,0.10910,0.09310,0.31010,0.09580,0.12590,0.09420,0.11030,0.32540,0.11470,0.08250,0.21480,0.08410,0.09390,0.08760,0.19400,0.07850,0.10500,0.08430,0.09860,0.08080,0.09590
1:00:34,0.10990,0.08920,0.10510,0.08540,0.15920,0.09160,0.12250,0.09410,0.51710,0.09000,0.12670,0.09470,0.09660,0.13460,0.09430,0.12120,0.14070,0.15350,0.10750,0.12900,0.40960,1.30470,0.11520,0.12010,0.09350,0.12310,0.09590,0.11510,0.11370,0.12290,0.09770,0.12440,0.27600,1.22140,0.09950,0.11680,0.07750,0.10580,0.09080,0.09420,0.09010,0.10870,0.08640,0.11320,0.09180,0.88690,0.08540,0.10260,0.16750,0.08770,0.10940,0.09460,0.12500,0.08180,0.11490,0.08280,0.11770,0.08830,0.83290,0.09250,0.14570,0.59690,0.10130,0.12330,0.12140,0.46260,0.10840,0.17280,0.10610,0.13360,0.59800,0.12650,0.11290,0.42150,0.09540,0.11430,0.09600,0.35310,0.09900,0.13560,0.09700,0.11670,0.37560,0.12050,0.08280,0.23930,0.08490,0.09690,0.08820,0.21760,0.07870,0.11030,0.08550,0.10230,0.08130,0.09790
1:10:34,0.11360,0.08940,0.10790,0.08630,0.17050,0.09350,0.12740,0.09570,0.57840,0.09180,0.13350,0.10030,0.09900,0.14370,0.09680,0.12640,0.14930,0.16350,0.11170,0.13550,0.45790,1.29270,0.12190,0.12700,0.09560,0.13010,0.09840,0.11730,0.11920,0.12980,0.10060,0.13000,0.30500,1.24870,0.10320,0.12260,0.07830,0.10980,0.09250,0.09660,0.09180,0.11910,0.08800,0.11710,0.09410,0.97710,0.08670,0.10590,0.18080,0.08920,0.11350,0.09630,0.12880,0.08340,0.12120,0.08460,0.12310,0.08980,0.91740,0.09430,0.15640,0.66460,0.10440,0.13020,0.12310,0.51790,0.11240,0.18540,0.11040,0.14170,0.66850,0.13360,0.11810,0.46940,0.09760,0.11910,0.09850,0.39340,0.10160,0.14450,0.09940,0.12330,0.42220,0.12560,0.08300,0.26310,0.08530,0.09980,0.08850,0.23950,0.07910,0.11550,0.08670,0.10560,0.08200,0.09800
1:20:34,0.11720,0.09270,0.11110,0.08770,0.18250,0.09610,0.13410,0.09750,0.63710,0.09410,0.14080,0.10740,0.10170,0.15300,0.09970,0.13230,0.15890,0.17470,0.11710,0.14230,0.50570,1.27710,0.13010,0.13540,0.09800,0.13770,0.10160,0.12000,0.12520,0.13750,0.10430,0.13610,0.33430,1.25490,0.10800,0.13070,0.07960,0.11440,0.09500,0.09950,0.09420,0.12420,0.08720,0.12180,0.09720,1.04300,0.08830,0.10980,0.19390,0.09180,0.11830,0.09850,0.13290,0.08560,0.12870,0.08690,0.12940,0.09220,0.98600,0.09710,0.16720,0.72690,0.10800,0.13720,0.12590,0.56920,0.11690,0.19810,0.11520,0.15040,0.73280,0.14100,0.12340,0.51530,0.10060,0.12430,0.10140,0.43160,0.10260,0.15350,0.10220,0.12880,0.46530,0.13160,0.08380,0.28650,0.08680,0.10310,0.08960,0.26100,0.07980,0.12070,0.08830,0.10940,0.08290,0.09980
1:30:34,0.12230,0.09530,0.11530,0.08960,0.19640,0.10060,0.14250,0.10040,0.69380,0.09780,0.15010,0.11680,0.10490,0.16270,0.10340,0.13910,0.16980,0.18750,0.12440,0.14950,0.55300,1.26270,0.13950,0.14650,0.10110,0.14600,0.10530,0.12390,0.13190,0.14650,0.10950,0.14270,0.36490,1.25160,0.11380,0.13860,0.08140,0.11930,0.09810,0.10290,0.09760,0.13050,0.09040,0.12800,0.10140,1.09610,0.09070,0.11530,0.20730,0.09470,0.12360,0.10140,0.13800,0.08870,0.13570,0.09000,0.13670,0.09560,1.04320,0.10080,0.17820,0.78380,0.11190,0.14430,0.12950,0.61840,0.12200,0.21130,0.12090,0.16030,0.79150,0.14890,0.12900,0.55980,0.10420,0.13020,0.10520,0.46940,0.10640,0.16300,0.10580,0.13590,0.50680,0.13820,0.08490,0.30980,0.08910,0.10680,0.09140,0.28250,0.08080,0.12620,0.09050,0.11420,0.08430,0.10150
1:40:34,0.12890,0.09830,0.11930,0.09210,0.21160,0.10610,0.15150,0.10500,0.74880,0.10370,0.16140,0.12740,0.10890,0.17280,0.10730,0.14730,0.18190,0.20140,0.13250,0.15820,0.60020,1.25170,0.15100,0.15870,0.10540,0.15590,0.11020,0.12960,0.14050,0.15690,0.11610,0.15130,0.39690,1.24580,0.12180,0.14890,0.08320,0.12450,0.10290,0.10650,0.10260,0.13790,0.09430,0.13610,0.10840,1.13910,0.09380,0.12180,0.22150,0.09870,0.13000,0.10560,0.14500,0.09330,0.14420,0.09520,0.14630,0.10110,1.08830,0.10610,0.18930,0.83590,0.11600,0.15160,0.13530,0.66600,0.12830,0.22630,0.12780,0.17180,0.84580,0.15680,0.13460,0.60290,0.10860,0.13730,0.11040,0.50720,0.11130,0.17380,0.11050,0.14400,0.54650,0.14530,0.08640,0.33270,0.09180,0.11140,0.09450,0.30400,0.08180,0.13230,0.09340,0.12020,0.08560,0.10310
1:50:34,0.13450,0.10100,0.12260,0.09380,0.22490,0.11020,0.15930,0.10870,0.79720,0.10530,0.17110,0.13580,0.11230,0.18240,0.11040,0.15470,0.19280,0.21400,0.14380,0.16600,0.64310,1.23920,0.16040,0.16910,0.10930,0.16540,0.11480,0.13450,0.14810,0.16620,0.12140,0.16000,0.42640,1.23680,0.12840,0.15850,0.08450,0.12880,0.10740,0.10960,0.10680,0.14450,0.09840,0.14270,0.11450,1.16690,0.09600,0.12690,0.23520,0.10230,0.13600,0.10920,0.15160,0.09730,0.15210,0.09990,0.15530,0.10560,1.12150,0.11060,0.19970,0.88270,0.11960,0.15850,0.14060,0.71020,0.13410,0.24030,0.13480,0.18250,0.89340,0.16380,0.13980,0.64320,0.11280,0.14400,0.11500,0.54280,0.11570,0.18400,0.11470,0.15180,0.58330,0.15170,0.08740,0.35460,0.09420,0.11560,0.09720,0.32490,0.08240,0.13810,0.09590,0.12580,0.08660,0.10440
2:00:34,0.14090,0.10550,0.12780,0.09790,0.23880,0.11500,0.16740,0.11440,0.84240,0.11060,0.18110,0.14450,0.11640,0.19310,0.11510,0.16270,0.20390,0.22680,0.15100,0.17530,0.68380,1.23040,0.17000,0.18190,0.11320,0.17480,0.11980,0.14010,0.15590,0.17550,0.12720,0.16930,0.45500,1.22900,0.13540,0.16860,0.08590,0.13370,0.11160,0.11340,0.11110,0.15120,0.10260,0.14960,0.12030,1.18430,0.09930,0.13230,0.24870,0.10640,0.14240,0.11270,0.15840,0.10120,0.15980,0.10440,0.16400,0.11010,1.14550,0.11590,0.21030,0.92470,0.12360,0.16570,0.14600,0.75100,0.13990,0.25380,0.14170,0.19300,0.93880,0.17110,0.14510,0.68150,0.11720,0.15060,0.11950,0.57670,0.12000,0.19400,0.11930,0.15940,0.61850,0.15810,0.08860,0.37600,0.09680,0.12000,0.10000,0.34520,0.08330,0.14410,0.09910,0.13170,0.08790,0.10540
2:10:34,0.14640,0.10880,0.13130,0.10050,0.25170,0.11860,0.17410,0.11860,0.88050,0.11490,0.18980,0.15120,0.12000,0.20320,0.11920,0.16970,0.21410,0.23820,0.15700,0.18380,0.72130,1.22100,0.17850,0.19310,0.11700,0.18350,0.12430,0.14550,0.16340,0.18420,0.13230,0.17760,0.48200,1.21970,0.14190,0.17760,0.08710,0.13850,0.11560,0.11720,0.11510,0.15730,0.10660,0.15580,0.12530,1.19570,0.10290,0.13840,0.26150,0.11050,0.14860,0.11590,0.16510,0.10520,0.16720,0.10860,0.17200,0.11430,1.16230,0.12120,0.22080,0.96120,0.12790,0.17320,0.15120,0.78910,0.14560,0.26710,0.14840,0.20320,0.97720,0.17820,0.14980,0.71780,0.12160,0.15710,0.12390,0.60900,0.12440,0.20390,0.12390,0.16700,0.65150,0.16460,0.08980,0.39620,0.09970,0.12430,0.10280,0.36520,0.08400,0.15010,0.10250,0.13740,0.08880,0.10690
2:20:34,0.15090,0.11140,0.13390,0.10220,0.26330,0.12150,0.18020,0.12220,0.91520,0.11830,0.19780,0.15640,0.12270,0.21220,0.12250,0.17610,0.22310,0.24870,0.16220,0.19090,0.75560,1.21200,0.18570,0.20240,0.12000,0.19120,0.12780,0.15030,0.16970,0.19200,0.13650,0.18500,0.50730,1.21110,0.14720,0.18490,0.08800,0.14260,0.11870,0.12010,0.11820,0.16250,0.10980,0.16110,0.12950,1.20120,0.10520,0.14330,0.27330,0.11370,0.15380,0.11820,0.17110,0.10840,0.17380,0.11230,0.17930,0.11770,1.17250,0.12510,0.23040,0.99210,0.13140,0.17980,0.15570,0.82350,0.15060,0.27940,0.15400,0.21240,1.00670,0.18430,0.15430,0.75110,0.12510,0.16290,0.12760,0.63900,0.12810,0.21290,0.12750,0.17350,0.68220,0.16940,0.09030,0.41570,0.10180,0.12800,0.10480,0.38400,0.08420,0.15530,0.10480,0.14230,0.08940,0.10860
2:30:34,0.15470,0.11330,0.13570,0.10320,0.27410,0.12390,0.18580,0.12500,0.94560,0.12130,0.20460,0.16090,0.12500,0.22020,0.12500,0.18130,0.23160,0.25830,0.16650,0.19730,0.78680,1.20280,0.19200,0.21060,0.12240,0.19810,0.13080,0.15440,0.17550,0.19900,0.14010,0.19140,0.53070,1.20190,0.15170,0.19120,0.08860,0.14580,0.12120,0.12240,0.12060,0.16700,0.11240,0.16540,0.13300,1.20280,0.10680,0.14700,0.28410,0.11600,0.15810,0.11950,0.17610,0.11100,0.17970,0.11530,0.18560,0.12030,1.17790,0.12810,0.23900,1.01850,0.13420,0.18590,0.15940,0.85450,0.15480,0.29070,0.15870,0.22060,1.03120,0.18960,0.15840,0.78120,0.12780,0.16790,0.13060,0.66690,0.13110,0.22110,0.13010,0.17930,0.71010,0.17400,0.09040,0.43430,0.10310,0.13090,0.10620,0.40160,0.08440,0.15980,0.10650,0.14630,0.08970,0.11000
2:40:34,0.15810,0.11510,0.13780,0.10450,0.28440,0.12590,0.19080,0.12760,0.97260,0.12370,0.21160,0.16490,0.12700,0.22790,0.12740,0.18630,0.23950,0.26770,0.17050,0.20340,0.81600,1.19430,0.19820,0.21820,0.12440,0.20470,0.13340,0.15840,0.18080,0.20560,0.14340,0.19730,0.55330,1.19300,0.15580,0.19720,0.08910,0.14890,0.12330,0.12450,0.12840,0.17120,0.11470,0.16950,0.13580,1.20010,0.10810,0.15040,0.29440,0.11770,0.16200,0.12080,0.18090,0.11330,0.18510,0.11800,0.19170,0.12260,1.17960,0.13050,0.24720,1.04140,0.13680,0.19170,0.16290,0.88250,0.15890,0.30160,0.16300,0.22860,1.05190,0.19490,0.16250,0.80910,0.13030,0.17260,0.13330,0.69300,0.13390,0.22890,0.13240,0.18510,0.73630,0.17820,0.09050,0.45230,0.10410,0.13370,0.10740,0.41860,0.08460,0.16420,0.10780,0.15000,0.09000,0.11170
2:50:34,0.16200,0.11750,0.14110,0.10690,0.29500,0.12830,0.19610,0.13070,0.99660,0.12640,0.21840,0.16930,0.12950,0.23590,0.13050,0.19170,0.24770,0.27700,0.17470,0.21010,0.84320,1.18710,0.20430,0.22640,0.12680,0.21130,0.13660,0.16250,0.18640,0.21240,0.14700,0.20350,0.57540,1.18550,0.16010,0.20320,0.09020,0.15220,0.12570,0.12710,0.13050,0.17530,0.11720,0.17350,0.13910,1.19990,0.10990,0.15400,0.30470,0.11950,0.16610,0.12210,0.18580,0.11560,0.19070,0.12080,0.19750,0.12500,1.17910,0.13300,0.25540,1.06140,0.13990,0.19790,0.16640,0.90820,0.16290,0.31220,0.16750,0.24100,1.06850,0.20040,0.16670,0.83550,0.13260,0.17730,0.13600,0.71800,0.13670,0.23660,0.13490,0.19090,0.76130,0.18240,0.09100,0.47010,0.10550,0.13660,0.10870,0.43520,0.08500,0.16870,0.10930,0.15390,0.09070,0.11320
3:00:34,0.16620,0.12020,0.14530,0.11000,0.30500,0.13050,0.20140,0.13340,1.01740,0.12860,0.22550,0.17320,0.13230,0.24440,0.13410,0.19720,0.25570,0.28620,0.17920,0.21670,0.86840,1.18080,0.21050,0.23450,0.12940,0.21830,0.14020,0.16700,0.19200,0.21930,0.15060,0.20960,0.59660,1.17880,0.16460,0.20960,0.09150,0.15630,0.12820,0.13020,0.13260,0.17960,0.11980,0.17770,0.14220,1.19560,0.11240,0.15860,0.31520,0.12190,0.17060,0.12410,0.19090,0.11820,0.19650,0.12380,0.20350,0.12750,1.17690,0.13600,0.26390,1.07570,0.14350,0.20460,0.17040,0.93160,0.16740,0.32320,0.17220,0.24910,1.08200,0.20670,0.17100,0.86030,0.13550,0.18240,0.13910,0.74170,0.13970,0.24470,0.13830,0.19710,0.78200,0.18740,0.09200,0.48730,0.10740,0.13990,0.11040,0.45190,0.08550,0.17370,0.11130,0.15810,0.09180,0.11470
3:10:34,0.16960,0.12260,0.14850,0.11230,0.31440,0.13250,0.20590,0.13580,1.03570,0.13070,0.23170,0.17650,0.13470,0.25210,0.13740,0.20220,0.26350,0.29490,0.18300,0.22290,0.89150,1.17430,0.21600,0.24170,0.13160,0.22460,0.14300,0.17100,0.19730,0.22600,0.15380,0.21540,0.61670,1.17240,0.16860,0.21510,0.09230,0.15990,0.13050,0.13310,0.13430,0.18370,0.12210,0.18160,0.14500,1.19020,0.11450,0.16240,0.32550,0.12390,0.17490,0.12580,0.19570,0.12060,0.20170,0.12650,0.20880,0.12980,1.17350,0.13850,0.27190,1.08800,0.14670,0.21100,0.17420,0.95230,0.17160,0.33360,0.17670,0.25680,1.09230,0.21250,0.17490,0.88340,0.13830,0.18730,0.14190,0.76400,0.14260,0.25240,0.14160,0.20280,0.80440,0.19100,0.09250,0.50370,0.10900,0.14300,0.11190,0.46790,0.08540,0.17850,0.11320,0.16200,0.09250,0.11620
3:20:34,0.17280,0.12470,0.15150,0.11420,0.32350,0.13420,0.21040,0.13770,1.05100,0.13280,0.23770,0.17920,0.13700,0.25960,0.14030,0.20690,0.27050,0.30300,0.18650,0.22850,0.91220,1.16750,0.22120,0.24830,0.13370,0.23060,0.14570,0.17470,0.20200,0.23570,0.15690,0.22050,0.63570,1.16570,0.17240,0.22010,0.09290,0.16330,0.13250,0.13560,0.13560,0.18730,0.12410,0.18490,0.14740,1.18420,0.11620,0.16580,0.33530,0.12570,0.17880,0.12730,0.20020,0.12260,0.20680,0.12880,0.21380,0.13180,1.16930,0.14080,0.27970,1.09750,0.14960,0.21700,0.17750,0.97110,0.17550,0.34350,0.18070,0.26400,1.09920,0.21780,0.17870,0.90430,0.14070,0.19180,0.14440,0.78480,0.14530,0.25980,0.14460,0.20830,0.82480,0.19520,0.09280,0.51950,0.11050,0.14590,0.11330,0.48330,0.08570,0.18290,0.11490,0.16560,0.09290,0.11770
3:30:34,0.17570,0.12670,0.15420,0.11630,0.33240,0.13620,0.21460,0.13990,1.06380,0.13490,0.24360,0.18200,0.13890,0.26680,0.14310,0.21110,0.27750,0.31100,0.18980,0.23390,0.93240,1.16140,0.22630,0.25460,0.13550,0.23620,0.14770,0.17810,0.20640,0.24180,0.15970,0.22550,0.65410,1.15870,0.17590,0.22500,0.09340,0.16650,0.13420,0.13790,0.13700,0.19070,0.12600,0.18800,0.14960,1.17770,0.11790,0.16890,0.34490,0.12730,0.18240,0.12840,0.20450,0.12450,0.21170,0.13100,0.21880,0.13370,1.16360,0.14280,0.28720,1.10480,0.15240,0.22270,0.18080,0.98780,0.17910,0.35310,0.18460,0.27080,1.10410,0.22290,0.18250,0.92320,0.14300,0.19620,0.14660,0.80440,0.14790,0.26680,0.14750,0.21400,0.84370,0.19900,0.09300,0.53490,0.11180,0.14870,0.11450,0.49810,0.08590,0.18710,0.11630,0.16900,0.09330,0.11920
3:40:34,0.17880,0.12850,0.15720,0.11890,0.34130,0.13770,0.21890,0.14170,1.07550,0.13720,0.24910,0.18420,0.14110,0.27410,0.14600,0.21560,0.28460,0.31900,0.19340,0.23920,0.95010,1.15550,0.23140,0.26110,0.13740,0.24200,0.15030,0.18160,0.21100,0.24750,0.16260,0.23050,0.67200,1.15330,0.17940,0.23000,0.09430,0.16980,0.13600,0.14030,0.13850,0.19410,0.12790,0.19110,0.15170,1.17150,0.11970,0.17230,0.35430,0.12900,0.18620,0.12980,0.20880,0.12630,0.21650,0.13320,0.22340,0.13540,1.15880,0.14500,0.29460,1.11030,0.15540,0.22850,0.18410,1.00240,0.18280,0.36240,0.18860,0.27780,1.10770,0.22850,0.18640,0.94100,0.14540,0.20050,0.14910,0.82270,0.15060,0.27390,0.15040,0.21920,0.86130,0.20310,0.09340,0.54990,0.11330,0.15130,0.11570,0.51260,0.08630,0.19140,0.11790,0.17240,0.09410,0.12060
3:50:34,0.18190,0.13040,0.16020,0.13010,0.34990,0.13960,0.22290,0.14380,1.08460,0.13940,0.25480,0.18690,0.14300,0.28130,0.14900,0.22000,0.29120,0.32700,0.19680,0.24460,0.96670,1.14990,0.23620,0.26700,0.13920,0.24750,0.15240,0.18520,0.21510,0.25300,0.16540,0.23560,0.68870,1.14670,0.18280,0.23470,0.09510,0.17310,0.13770,0.14280,0.14000,0.19760,0.12970,0.19440,0.15370,1.16490,0.12160,0.17540,0.36370,0.13070,0.18990,0.13110,0.21300,0.12810,0.22120,0.13540,0.22820,0.13720,1.15310,0.14690,0.30210,1.11420,0.15840,0.23440,0.18720,1.01520,0.18630,0.37190,0.19230,0.28450,1.11050,0.23390,0.19010,0.95680,0.14760,0.20480,0.15130,0.83960,0.15320,0.28070,0.15330,0.22390,0.87760,0.20690,0.09390,0.56440,0.11470,0.15410,0.11700,0.52680,0.08660,0.19570,0.11940,0.17580,0.09490,0.12190
4:00:34,0.18480,0.13230,0.16340,0.13190,0.35850,0.14120,0.22710,0.14560,1.09250,0.14150,0.26070,0.18930,0.14520,0.28970,0.15210,0.22410,0.29830,0.33480,0.20030,0.24990,0.98290,1.14440,0.24110,0.27300,0.14110,0.25310,0.15490,0.18880,0.21940,0.25870,0.16820,0.24060,0.70540,1.14170,0.18640,0.23930,0.09640,0.17650,0.13960,0.14550,0.14150,0.20090,0.13180,0.19740,0.15610,1.15870,0.12370,0.17900,0.37310,0.13250,0.19370,0.13260,0.21720,0.13000,0.22590,0.13760,0.23290,0.13910,1.14750,0.14910,0.30970,1.11670,0.16180,0.24040,0.19060,1.02660,0.19020,0.38120,0.19620,0.29110,1.11240,0.23990,0.19410,0.97170,0.15020,0.20920,0.15370,0.85600,0.15600,0.28770,0.15620,0.22900,0.89270,0.21110,0.09460,0.57820,0.11620,0.15700,0.11840,0.54050,0.08710,0.20000,0.12120,0.17920,0.09590,0.12330
4:10:34,0.18730,0.13380,0.16590,0.13290,0.36630,0.14270,0.23060,0.14720,1.09760,0.14320,0.26570,0.19120,0.14700,0.29580,0.15460,0.22770,0.30450,0.34200,0.20330,0.25470,0.99510,1.13900,0.24550,0.27830,0.14270,0.25810,0.15680,0.19220,0.22330,0.26390,0.17070,0.24540,0.72020,1.13600,0.18950,0.24340,0.09690,0.17960,0.14110,0.14770,0.14280,0.20390,0.13350,0.20000,0.15780,1.15280,0.12530,0.18200,0.38200,0.13400,0.19710,0.13390,0.22120,0.13150,0.23020,0.13940,0.23710,0.14050,1.14190,0.15070,0.31700,1.11800,0.16460,0.24610,0.19340,1.03640,0.19350,0.38980,0.19980,0.29730,1.11840,0.24470,0.19740,0.98470,0.15240,0.21320,0.15580,0.87100,0.15860,0.29440,0.15880,0.23360,0.90820,0.21450,0.09490,0.59160,0.11740,0.15960,0.11960,0.55380,0.08720,0.20410,0.12250,0.18240,0.09630,0.12460
4:20:34,0.18980,0.13550,0.16860,0.13410,0.37450,0.14410,0.23440,0.14860,1.10260,0.14500,0.27100,0.19320,0.14890,0.30210,0.15720,0.23160,0.31100,0.34960,0.20650,0.26040,1.00790,1.13360,0.24980,0.28350,0.14420,0.26310,0.15870,0.20010,0.22690,0.26910,0.17320,0.24980,0.73590,1.13110,0.19260,0.24740,0.09740,0.18260,0.14360,0.14990,0.14390,0.20660,0.13520,0.20290,0.15950,1.14680,0.12690,0.18490,0.39070,0.13530,0.20040,0.13490,0.22490,0.13300,0.23470,0.14110,0.24130,0.14200,1.13610,0.15250,0.32410,1.11790,0.16740,0.25150,0.19640,1.04470,0.19590,0.39830,0.20300,0.30350,1.11830,0.24960,0.20090,0.99610,0.15430,0.21710,0.15780,0.88480,0.16090,0.30080,0.16130,0.23810,0.92020,0.21790,0.09510,0.60450,0.11860,0.16200,0.12070,0.56650,0.08740,0.20790,0.12390,0.18530,0.09670,0.12580
4:30:34,0.19260,0.13720,0.17140,0.13550,0.38220,0.14570,0.23820,0.15050,1.10690,0.14700,0.27630,0.19520,0.15070,0.30860,0.15990,0.23540,0.31730,0.35690,0.20970,0.26630,1.01850,1.12910,0.25410,0.28890,0.14580,0.26820,0.16060,0.20330,0.23060,0.27420,0.17570,0.25440,0.75040,1.12630,0.19550,0.25140,0.09800,0.18570,0.14510,0.15220,0.14510,0.20960,0.13690,0.20580,0.16110,1.14110,0.12860,0.18790,0.39920,0.13680,0.20370,0.13610,0.22860,0.13460,0.23910,0.14300,0.24550,0.14400,1.13100,0.15420,0.33110,1.11720,0.17030,0.25700,0.19930,1.05170,0.19940,0.40690,0.20650,0.30940,1.11670,0.25460,0.20460,1.00650,0.15650,0.22110,0.15980,0.89790,0.16340,0.30720,0.16390,0.24240,0.93160,0.22130,0.09550,0.61710,0.11980,0.16460,0.12190,0.57900,0.08780,0.21190,0.12520,0.18830,0.09740,0.12710
4:40:34,0.19500,0.13880,0.17400,0.13630,0.38980,0.14710,0.24200,0.15160,1.10880,0.14860,0.28110,0.19690,0.15240,0.31480,0.16250,0.23900,0.32340,0.36380,0.21250,0.27130,1.02850,1.12380,0.25830,0.29400,0.14730,0.27310,0.16250,0.20610,0.23420,0.27910,0.17810,0.25860,0.76430,1.12100,0.19850,0.25530,0.09870,0.18880,0.14650,0.15440,0.14630,0.21250,0.13860,0.20810,0.16340,1.13530,0.13020,0.19070,0.40780,0.13820,0.20700,0.13730,0.23240,0.13620,0.24330,0.14480,0.24940,0.14540,1.12580,0.15570,0.33810,1.11560,0.17310,0.26240,0.20220,1.05760,0.20270,0.41490,0.20990,0.31530,1.11460,0.25960,0.20810,1.01590,0.15860,0.22500,0.16180,0.90980,0.16580,0.31350,0.16630,0.24680,0.94180,0.22470,0.09590,0.62910,0.12110,0.16700,0.12300,0.59110,0.08810,0.21580,0.12650,0.19130,0.09810,0.12840
4:50:34,0.19740,0.14000,0.17590,0.13710,0.39690,0.14820,0.24520,0.15230,1.11050,0.15000,0.28600,0.19840,0.15480,0.32060,0.16470,0.24210,0.32900,0.37060,0.21510,0.27640,1.03600,1.11900,0.26200,0.29870,0.14850,0.27750,0.16380,0.20880,0.23730,0.28380,0.18000,0.26280,0.77730,1.11550,0.20120,0.25870,0.09900,0.19160,0.14760,0.15620,0.14710,0.21520,0.14000,0.21050,0.16460,1.12980,0.13140,0.19320,0.41580,0.13920,0.20990,0.13810,0.23570,0.13740,0.24730,0.14640,0.25320,0.14660,1.12040,0.15690,0.34450,1.11330,0.17540,0.26740,0.20470,1.06230,0.20590,0.42290,0.21260,0.32070,1.11150,0.26370,0.21110,1.02400,0.16020,0.22860,0.16360,0.92080,0.16790,0.31930,0.16830,0.25060,0.95050,0.22750,0.09590,0.64070,0.12210,0.16910,0.12380,0.60260,0.08810,0.21940,0.12750,0.19390,0.09830,0.12960
5:00:34,0.19990,0.14150,0.17850,0.13800,0.40450,0.14950,0.24870,0.15350,1.11160,0.15180,0.29090,0.20000,0.15630,0.32660,0.16720,0.24530,0.33490,0.37750,0.21810,0.28110,1.04440,1.11410,0.26600,0.30370,0.15000,0.28210,0.16530,0.21140,0.24070,0.28840,0.18240,0.26670,0.79010,1.11080,0.20410,0.26240,0.09960,0.19460,0.14870,0.15830,0.14820,0.21810,0.14140,0.21290,0.16620,1.12490,0.13290,0.19590,0.42390,0.14030,0.21290,0.13910,0.23910,0.13880,0.25130,0.14800,0.25690,0.14780,1.11540,0.15840,0.35120,1.11100,0.17800,0.27260,0.20740,1.06620,0.20900,0.43090,0.21600,0.32640,1.10890,0.26820,0.21460,1.03140,0.16200,0.23220,0.16550,0.93110,0.17010,0.32530,0.17050,0.25470,0.95900,0.23060,0.09620,0.65210,0.12300,0.17150,0.12480,0.61400,0.08850,0.22320,0.12880,0.19670,0.09880,0.13090
5:10:34,0.20250,0.14310,0.18090,0.13910,0.41200,0.15080,0.25210,0.15470,1.11150,0.15350,0.29590,0.20140,0.15790,0.33270,0.16960,0.24850,0.34040,0.38440,0.22100,0.28620,1.05130,1.11020,0.26990,0.30850,0.15150,0.28680,0.16700,0.21440,0.24390,0.29330,0.18460,0.27110,0.80280,1.10690,0.20700,0.26600,0.10050,0.19760,0.14990,0.16050,0.14920,0.22100,0.14300,0.21540,0.16770,1.12020,0.13450,0.19860,0.43200,0.14150,0.21600,0.14010,0.24270,0.14010,0.25530,0.14970,0.26080,0.14910,1.11060,0.16000,0.35790,1.10800,0.18060,0.27770,0.21010,1.06910,0.21240,0.43870,0.21920,0.33190,1.10580,0.27290,0.21830,1.03790,0.16400,0.23580,0.16740,0.94060,0.17240,0.33110,0.17270,0.25860,0.96640,0.23390,0.09660,0.66310,0.12420,0.17380,0.12580,0.62500,0.08890,0.22700,0.13010,0.19950,0.09950,0.13200
5:20:34,0.20500,0.14460,0.18360,0.14000,0.41940,0.15210,0.25550,0.15600,1.11180,0.15520,0.30070,0.20300,0.15950,0.33860,0.17210,0.25160,0.34620,0.39120,0.22400,0.29110,1.05800,1.10640,0.27370,0.31320,0.15300,0.29140,0.16880,0.21690,0.24730,0.29800,0.18700,0.27520,0.81420,1.10250,0.20980,0.26950,0.10140,0.20080,0.15120,0.16260,0.15040,0.22390,0.14470,0.21780,0.16930,1.11530,0.13610,0.20130,0.44010,0.14280,0.21920,0.14120,0.24620,0.14170,0.25950,0.15150,0.26450,0.15060,1.10680,0.16150,0.36460,1.10520,0.18330,0.28290,0.21300,1.07180,0.21560,0.44620,0.22220,0.33730,1.10200,0.27760,0.22180,1.04360,0.16590,0.23930,0.16910,0.94940,0.17470,0.33710,0.17510,0.26230,0.97280,0.23720,0.09720,0.67380,0.12540,0.17620,0.12690,0.63520,0.08940,0.23080,0.13150,0.20220,0.10040,0.13330
5:30:34,0.20750,0.14610,0.18630,0.14130,0.42640,0.15340,0.25890,0.15730,1.11090,0.15660,0.30560,0.20430,0.16110,0.34460,0.17460,0.25500,0.35190,0.39800,0.22690,0.29620,1.06310,1.10230,0.27740,0.31770,0.15440,0.29590,0.17040,0.21960,0.25040,0.30290,0.18930,0.27930,0.82580,1.09880,0.21260,0.27300,0.10240,0.20400,0.15240,0.16490,0.15140,0.22660,0.14620,0.22030,0.17070,1.11080,0.13790,0.20410,0.44800,0.14410,0.22210,0.14220,0.24960,0.14310,0.26340,0.15320,0.26830,0.15170,1.10210,0.16300,0.37120,1.10270,0.18600,0.28810,0.21560,1.07320,0.21890,0.45420,0.22550,0.34280,1.09890,0.28260,0.22520,1.04890,0.16780,0.24300,0.17110,0.95730,0.17700,0.34290,0.17730,0.26690,0.97870,0.24060,0.09770,0.68410,0.12650,0.17870,0.12790,0.64530,0.08990,0.23460,0.13280,0.20500,0.10140,0.13450
5:40:34,0.21000,0.14770,0.18920,0.14230,0.43390,0.15460,0.26230,0.15870,1.11030,0.15830,0.31060,0.20540,0.16260,0.35030,0.17710,0.25810,0.35720,0.40430,0.22980,0.30110,1.06630,1.09850,0.28110,0.32220,0.15600,0.30060,0.17210,0.22220,0.25340,0.30740,0.19170,0.28330,0.83650,1.09500,0.21550,0.27670,0.10350,0.20710,0.15350,0.16710,0.15260,0.22960,0.14770,0.22260,0.17230,1.10600,0.13950,0.20710,0.45590,0.14540,0.22520,0.14330,0.25290,0.14430,0.26740,0.15480,0.27190,0.15310,1.09760,0.16450,0.37790,1.09920,0.18870,0.29320,0.21830,1.07440,0.22220,0.46160,0.22830,0.34830,1.09530,0.28750,0.22870,1.05360,0.16980,0.24670,0.17290,0.96470,0.17940,0.34870,0.17960,0.27060,0.98370,0.24410,0.09840,0.69400,0.12770,0.18100,0.12910,0.65550,0.09030,0.23840,0.13420,0.20770,0.10250,0.13570
5:50:34,0.21250,0.14900,0.19150,0.14310,0.44090,0.15590,0.26550,0.15980,1.10890,0.15970,0.31540,0.20650,0.16410,0.35600,0.17940,0.26120,0.36230,0.41110,0.23270,0.30580,1.07030,1.09490,0.28480,0.32670,0.15740,0.30510,0.17350,0.22480,0.25640,0.31180,0.19380,0.28740,0.84690,1.08990,0.21810,0.27990,0.10430,0.21010,0.15470,0.16920,0.15350,0.23220,0.14900,0.22490,0.17370,1.10200,0.14110,0.20940,0.46340,0.14660,0.22820,0.14430,0.25610,0.14560,0.27140,0.15620,0.27540,0.15430,1.09390,0.16570,0.38440,1.09590,0.19130,0.29820,0.22080,1.07500,0.22540,0.46910,0.23130,0.35360,1.09170,0.29190,0.23180,1.05670,0.17170,0.25030,0.17460,0.97130,0.18170,0.35430,0.18170,0.27430,0.98810,0.24720,0.09890,0.70330,0.12880,0.18320,0.13010,0.66540,0.09050,0.24220,0.13540,0.21020,0.10310,0.13680
6:00:34,0.21450,0.15020,0.19370,0.14390,0.44750,0.15670,0.26870,0.16090,1.10750,0.16090,0.31990,0.20760,0.16550,0.36140,0.18150,0.26390,0.36750,0.41710,0.23540,0.31010,1.07470,1.09030,0.28830,0.33060,0.15870,0.30930,0.17500,0.22710,0.25950,0.31600,0.19580,0.29110,0.85710,1.08680,0.22050,0.28310,0.10490,0.21290,0.15570,0.17100,0.15440,0.23470,0.15030,0.22700,0.17490,1.09720,0.14220,0.21180,0.47090,0.14770,0.23100,0.14500,0.25920,0.14680,0.27520,0.15760,0.27870,0.15540,1.08920,0.16670,0.39060,1.09230,0.19350,0.30290,0.22330,1.07510,0.22850,0.47590,0.23420,0.35870,1.08760,0.29620,0.23480,1.05920,0.17330,0.25370,0.17640,0.97720,0.18370,0.35970,0.18360,0.27830,0.99180,0.25000,0.09920,0.71210,0.12970,0.18540,0.13110,0.67480,0.09070,0.24570,0.13650,0.21280,0.10380,0.13790
6:10:34,0.21660,0.15130,0.19580,0.14440,0.45420,0.15770,0.27190,0.16200,1.10430,0.16190,0.32380,0.20890,0.16680,0.36680,0.18340,0.26690,0.37240,0.42310,0.23840,0.31460,1.07560,1.08650,0.29170,0.33460,0.16000,0.31340,0.17650,0.22940,0.26220,0.32040,0.19770,0.29500,0.86630,1.08220,0.22290,0.28580,0.10540,0.21560,0.15680,0.17280,0.15520,0.23730,0.15140,0.22930,0.17610,1.09290,0.14350,0.21400,0.47790,0.14870,0.23370,0.14590,0.26210,0.14790,0.27890,0.15890,0.28200,0.15630,1.08490,0.16760,0.39670,1.08880,0.19590,0.30750,0.22560,1.07470,0.23150,0.48320,0.23680,0.36370,1.08390,0.30020,0.23760,1.06120,0.17490,0.25720,0.17780,0.98270,0.18570,0.36500,0.18550,0.28210,0.99490,0.25250,0.09950,0.72050,0.13060,0.18750,0.13200,0.68400,0.09080,0.24920,0.13750,0.21520,0.10420,0.13910
6:20:34,0.21840,0.15220,0.19770,0.14460,0.46090,0.15830,0.27460,0.16280,1.10240,0.16310,0.32820,0.20990,0.16780,0.37180,0.18510,0.26930,0.37730,0.42910,0.24090,0.31880,1.07790,1.08270,0.29480,0.33820,0.16110,0.31730,0.17750,0.23150,0.26480,0.32420,0.19950,0.29830,0.87520,1.07870,0.22490,0.28860,0.10540,0.21800,0.15740,0.17440,0.15590,0.23960,0.15240,0.23110,0.17710,1.08860,0.14440,0.21580,0.48470,0.14940,0.23610,0.14630,0.26470,0.14870,0.28250,0.15990,0.28510,0.15720,1.08080,0.16830,0.40240,1.08490,0.19790,0.31180,0.22770,1.07370,0.23420,0.49000,0.23990,0.36830,1.08050,0.30370,0.24020,1.06220,0.17640,0.26030,0.17930,0.98730,0.18750,0.37010,0.18700,0.28550,0.99730,0.25460,0.09920,0.72850,0.13120,0.18920,0.13260,0.69280,0.09060,0.25230,0.13820,0.21730,0.10410,0.14010
6:30:34,0.22040,0.15310,0.20000,0.14530,0.46710,0.15920,0.27750,0.16280,1.10000,0.16420,0.33250,0.21080,0.16900,0.37710,0.18690,0.27200,0.38230,0.43500,0.24330,0.32310,1.07930,1.07890,0.29810,0.34200,0.16220,0.32110,0.17870,0.23380,0.26740,0.32830,0.20130,0.30200,0.88350,1.07530,0.22720,0.29150,0.10560,0.22040,0.15820,0.17600,0.15650,0.24200,0.15340,0.23300,0.17810,1.08470,0.14550,0.21780,0.49150,0.15010,0.23850,0.14700,0.26730,0.14970,0.28600,0.16090,0.28830,0.15820,1.07760,0.16920,0.40810,1.08110,0.20000,0.31620,0.22980,1.07240,0.23700,0.49660,0.24240,0.37310,1.07720,0.30730,0.24310,1.06320,0.17780,0.26340,0.18070,0.99160,0.18940,0.37510,0.18870,0.28910,0.99930,0.25670,0.09910,0.73660,0.13190,0.19100,0.13330,0.70140,0.09070,0.25560,0.13900,0.21940,0.10420,0.14110
6:40:34,0.22240,0.15410,0.20220,0.14580,0.47360,0.16000,0.28050,0.16390,1.09730,0.16550,0.33680,0.21140,0.17030,0.38200,0.18880,0.27460,0.38720,0.44090,0.24570,0.32720,1.07970,1.07550,0.30140,0.34580,0.16330,0.32510,0.17990,0.23600,0.27020,0.33230,0.20320,0.30550,0.89160,1.07130,0.22940,0.29410,0.10600,0.22310,0.15920,0.17760,0.15720,0.24430,0.15450,0.23490,0.17910,1.08070,0.14660,0.21990,0.49840,0.15080,0.24090,0.14750,0.27000,0.15070,0.28970,0.16200,0.29140,0.15900,1.07410,0.17000,0.41390,1.07770,0.20200,0.32060,0.23200,1.07120,0.23990,0.50350,0.24490,0.37790,1.07350,0.31090,0.24620,1.06380,0.17930,0.26660,0.18210,0.99550,0.19130,0.38020,0.19050,0.29260,1.00100,0.25900,0.09920,0.74440,0.13260,0.19290,0.13400,0.70990,0.09100,0.25880,0.13980,0.22160,0.10450,0.14220
6:50:34,0.22440,0.15500,0.20440,0.14650,0.47990,0.16100,0.28370,0.16510,1.09580,0.16670,0.34110,0.21240,0.17150,0.38710,0.19050,0.27750,0.39220,0.44680,0.24830,0.33150,1.08070,1.07190,0.30460,0.34980,0.16440,0.32890,0.18110,0.23820,0.27340,0.33630,0.20510,0.30920,0.89980,1.06880,0.23140,0.29710,0.10640,0.22550,0.16000,0.17920,0.15790,0.24660,0.15550,0.23690,0.18030,1.07700,0.14760,0.22180,0.50510,0.15160,0.24330,0.14820,0.27280,0.15170,0.29390,0.16300,0.29470,0.16000,1.07000,0.17080,0.41970,1.07420,0.20400,0.32510,0.23420,1.06960,0.24260,0.51010,0.24730,0.38260,1.06970,0.31450,0.24920,1.06420,0.18070,0.26970,0.18360,0.99850,0.19320,0.38520,0.19220,0.29640,1.00210,0.26110,0.09930,0.75190,0.13330,0.19480,0.13460,0.71790,0.09120,0.26210,0.14070,0.22380,0.10470,0.14340
7:00:34,0.22640,0.15610,0.20640,0.14720,0.48620,0.16160,0.28680,0.16620,1.09300,0.16800,0.34570,0.21320,0.17290,0.39220,0.19250,0.28010,0.39720,0.45260,0.25090,0.33580,1.08130,1.06950,0.30780,0.35360,0.16560,0.33290,0.18250,0.24040,0.27600,0.34040,0.20700,0.31270,0.90740,1.06600,0.23370,0.30000,0.10700,0.22810,0.16100,0.18090,0.15870,0.24890,0.15660,0.23890,0.18120,1.07340,0.14880,0.22390,0.51160,0.15240,0.24580,0.14660,0.27560,0.15260,0.29760,0.16410,0.29800,0.16100,1.06660,0.17190,0.42530,1.07050,0.20620,0.32950,0.23640,1.06820,0.24550,0.51650,0.24980,0.38730,1.06590,0.31820,0.25240,1.06440,0.18220,0.27300,0.18510,1.00180,0.19510,0.39030,0.19390,0.30000,1.00280,0.26360,0.09950,0.75930,0.13400,0.19670,0.13530,0.72620,0.09160,0.26540,0.14150,0.22610,0.10510,0.14450
7:10:34,0.22860,0.15720,0.20880,0.14800,0.49270,0.16260,0.29030,0.16770,1.09080,0.16940,0.34980,0.21450,0.17440,0.39740,0.19460,0.28320,0.40220,0.45880,0.25360,0.34030,1.08160,1.06560,0.31130,0.35760,0.16690,0.33700,0.18390,0.24290,0.27890,0.34440,0.20900,0.31630,0.91450,1.06220,0.23610,0.30320,0.10790,0.23090,0.16210,0.18280,0.15950,0.25150,0.15760,0.24100,0.18240,1.06970,0.15020,0.22630,0.51850,0.15350,0.24840,0.14730,0.27850,0.15370,0.30120,0.16540,0.30130,0.16210,1.06290,0.17290,0.43130,1.06700,0.20860,0.33430,0.23860,1.06660,0.24840,0.52350,0.25250,0.39240,1.06250,0.32230,0.25590,1.06410,0.18380,0.27630,0.18670,1.00440,0.19720,0.39540,0.19590,0.30390,1.00340,0.26660,0.10000,0.76620,0.13490,0.19870,0.13630,0.73420,0.09220,0.26870,0.14250,0.22840,0.10580,0.14560
7:20:34,0.23080,0.15840,0.21100,0.14890,0.49920,0.16350,0.29330,0.16890,1.08790,0.17070,0.35440,0.21560,0.17580,0.40260,0.19660,0.28580,0.40700,0.46480,0.25610,0.34470,1.08060,1.06430,0.31470,0.36150,0.16820,0.34100,0.18530,0.24530,0.28190,0.34850,0.21090,0.32010,0.92160,1.05880,0.23840,0.30610,0.10870,0.23350,0.16320,0.18470,0.16050,0.25400,0.15880,0.24310,0.18350,1.06680,0.15150,0.22850,0.52510,0.15440,0.25100,0.14820,0.28150,0.15470,0.30490,0.16650,0.30450,0.16340,1.05990,0.17400,0.43690,1.06420,0.21080,0.33870,0.24100,1.06510,0.25140,0.53010,0.25520,0.39700,1.05920,0.32620,0.25910,1.06360,0.18540,0.27960,0.18830,1.00700,0.19920,0.39970,0.19770,0.30760,1.00320,0.26930,0.10040,0.77320,0.13580,0.20070,0.13700,0.74170,0.09270,0.27200,0.14350,0.23060,0.10650,0.14660
7:30:34,0.23270,0.15950,0.21320,0.14970,0.50520,0.16450,0.29640,0.17010,1.08590,0.17200,0.35870,0.21660,0.17700,0.40760,0.19850,0.28880,0.41170,0.47050,0.25860,0.34900,1.08090,1.06080,0.31780,0.36540,0.16940,0.34490,0.18660,0.24760,0.28480,0.35250,0.21270,0.32370,0.92820,1.05680,0.24080,0.30900,0.10960,0.23620,0.16410,0.18640,0.16110,0.25650,0.15980,0.24530,0.18470,1.06320,0.15280,0.23070,0.53150,0.15530,0.25350,0.14900,0.28440,0.15580,0.30860,0.16760,0.30770,0.16450,1.05660,0.17510,0.44280,1.06090,0.21310,0.34330,0.24320,1.06310,0.25420,0.53670,0.25780,0.40190,1.05640,0.33040,0.26230,1.06260,0.18710,0.28280,0.18990,1.00880,0.20110,0.40490,0.19950,0.31140,1.00340,0.27230,0.10090,0.77940,0.13670,0.20270,0.13790,0.74920,0.09310,0.27530,0.14450,0.23290,0.10720,0.14760
7:40:34,0.23490,0.16060,0.21590,0.15070,0.51170,0.16530,0.29970,0.17120,1.08360,0.17340,0.36300,0.21730,0.17850,0.41280,0.20050,0.29180,0.41660,0.47650,0.26120,0.35330,1.08010,1.05860,0.32130,0.36930,0.17070,0.34910,0.18820,0.25010,0.28770,0.35640,0.21480,0.32730,0.93430,1.05260,0.24330,0.31200,0.11070,0.23900,0.16520,0.18830,0.16200,0.25900,0.16090,0.24750,0.18600,1.06020,0.15430,0.23310,0.53810,0.15640,0.25640,0.14990,0.28740,0.15690,0.31240,0.16890,0.31120,0.16560,1.05390,0.17610,0.44870,1.05800,0.21560,0.34810,0.24560,1.06110,0.25730,0.54340,0.26040,0.40680,1.05350,0.33460,0.26570,1.06190,0.18880,0.28610,0.19160,1.01070,0.20320,0.41010,0.20150,0.31520,1.00330,0.27530,0.10160,0.78570,0.13760,0.20470,0.13880,0.75640,0.09370,0.27870,0.14560,0.23530,0.10800,0.14860
7:50:34,0.23690,0.16150,0.21800,0.15130,0.51750,0.16610,0.30280,0.17210,1.08190,0.17450,0.36740,0.21780,0.17980,0.41770,0.20230,0.29470,0.42110,0.48250,0.26360,0.35750,1.08040,1.05550,0.32450,0.37300,0.17180,0.35300,0.18940,0.25230,0.29040,0.36050,0.21650,0.33090,0.94050,1.05040,0.24540,0.31490,0.11140,0.24140,0.16590,0.19000,0.16260,0.26140,0.16180,0.24950,0.18680,1.05670,0.15540,0.23510,0.54440,0.15720,0.25880,0.15070,0.29020,0.15780,0.31600,0.16990,0.31330,0.16660,1.05170,0.17700,0.45420,1.05520,0.21770,0.35250,0.24780,1.05900,0.26010,0.54980,0.26270,0.41150,1.05000,0.33840,0.26850,1.06060,0.19030,0.28930,0.19310,1.01190,0.20510,0.41500,0.20320,0.31880,1.00290,0.27780,0.10190,0.79110,0.13840,0.20660,0.13950,0.76320,0.09380,0.28190,0.14640,0.23740,0.10850,0.14960
8:00:34,0.23890,0.16250,0.22050,0.15210,0.52380,0.16670,0.30580,0.17310,1.07930,0.17550,0.37180,0.21810,0.18130,0.42270,0.20410,0.29730,0.42580,0.48840,0.26620,0.36170,1.07840,1.04690,0.32760,0.37670,0.17300,0.35680,0.19070,0.25460,0.29340,0.36430,0.21810,0.33440,0.94650,1.04750,0.24760,0.31770,0.11210,0.24390,0.16670,0.19160,0.16340,0.26380,0.16280,0.25140,0.18770,1.05430,0.15660,0.23710,0.55050,0.15800,0.26130,0.15140,0.29300,0.15870,0.31950,0.17090,0.31650,0.16740,1.04880,0.17790,0.45980,1.05250,0.21990,0.35690,0.25000,1.05730,0.26290,0.55630,0.26500,0.41620,1.04730,0.34220,0.27130,1.05910,0.19180,0.29240,0.19460,1.01330,0.20700,0.41990,0.20490,0.32260,1.00230,0.28030,0.10220,0.79650,0.13910,0.20840,0.14020,0.77000,0.09400,0.28500,0.14720,0.23960,0.10900,0.15060
8:10:34,0.24080,0.16330,0.22260,0.15290,0.52970,0.16750,0.30880,0.17400,1.07720,0.17660,0.37610,0.21880,0.18260,0.42760,0.20590,0.30010,0.43050,0.49410,0.26870,0.36590,1.07780,1.04490,0.33080,0.38040,0.17400,0.36050,0.19180,0.25680,0.29600,0.36820,0.21990,0.33790,0.95170,1.04460,0.24990,0.32060,0.11270,0.24630,0.16750,0.19320,0.16410,0.26610,0.16360,0.25340,0.18840,1.05090,0.15770,0.23890,0.55670,0.15890,0.26400,0.15210,0.29570,0.15960,0.32310,0.17180,0.31980,0.16840,1.04690,0.17870,0.46530,1.04950,0.22210,0.36130,0.25220,1.05490,0.26570,0.56280,0.26760,0.42090,1.04440,0.34590,0.27410,1.05800,0.19320,0.29540,0.19600,1.01390,0.20880,0.42490,0.20660,0.32610,1.00170,0.28260,0.10240,0.80170,0.13980,0.21020,0.14080,0.77660,0.09410,0.28810,0.14800,0.24170,0.10940,0.15150
8:20:34,0.24270,0.16410,0.22480,0.15360,0.53550,0.16810,0.31200,0.17500,1.07540,0.17770,0.38040,0.21920,0.18400,0.43240,0.20750,0.30290,0.43520,0.50000,0.27130,0.37000,1.07730,1.04280,0.33400,0.38400,0.17500,0.36430,0.19300,0.25890,0.29860,0.37210,0.22140,0.34130,0.95690,1.04330,0.25200,0.32310,0.11310,0.24860,0.16830,0.19470,0.16470,0.26840,0.16440,0.25540,0.18930,1.04800,0.15870,0.24080,0.56280,0.15960,0.26640,0.15270,0.29850,0.16040,0.32670,0.17280,0.32320,0.16940,1.04390,0.17930,0.47080,1.04690,0.22410,0.36590,0.25430,1.05300,0.26850,0.56950,0.26980,0.42570,1.04200,0.34930,0.27670,1.05600,0.19460,0.29850,0.19740,1.01470,0.21070,0.42980,0.20830,0.32950,1.00050,0.28450,0.10250,0.80620,0.14050,0.21200,0.14150,0.78290,0.09400,0.29130,0.14870,0.24370,0.10970,0.15260
8:30:34,0.24450,0.16490,0.22690,0.15430,0.54130,0.16880,0.31480,0.17590,1.07340,0.17860,0.38450,0.22000,0.18510,0.43720,0.20920,0.30560,0.43960,0.50560,0.27360,0.37400,1.07690,1.04010,0.33720,0.38770,0.17590,0.36800,0.19400,0.26110,0.30120,0.37590,0.22300,0.34470,0.96170,1.04000,0.25420,0.32590,0.11350,0.25070,0.16900,0.19610,0.16540,0.27070,0.16520,0.25740,0.19020,1.04520,0.15970,0.24270,0.56880,0.16020,0.26900,0.15330,0.30120,0.16120,0.33030,0.17380,0.32640,0.17020,1.04220,0.18000,0.47610,1.04390,0.22620,0.37030,0.25640,1.05080,0.27130,0.57590,0.27220,0.43040,1.03940,0.35270,0.27940,1.05460,0.19590,0.30160,0.19890,1.01530,0.21250,0.43470,0.20970,0.33320,0.99970,0.28640,0.10250,0.81110,0.14100,0.21370,0.14200,0.78890,0.09400,0.29430,0.14930,0.24570,0.10980,0.15360
8:40:34,0.24650,0.16570,0.22900,0.15480,0.54720,0.16940,0.31810,0.17700,1.07070,0.17960,0.38920,0.22080,0.18630,0.44220,0.21090,0.30860,0.44450,0.51120,0.27590,0.37850,1.07660,1.03960,0.34060,0.39160,0.17700,0.37190,0.19500,0.26340,0.30390,0.37970,0.22480,0.34840,0.96650,1.03800,0.25650,0.32870,0.11390,0.25290,0.16960,0.19750,0.16610,0.27300,0.16620,0.25940,0.19100,1.04250,0.16080,0.24450,0.57470,0.16100,0.27160,0.15380,0.30410,0.16210,0.33410,0.17460,0.32970,0.17130,1.04020,0.18090,0.48110,1.04130,0.22830,0.37470,0.25850,1.04900,0.27400,0.58190,0.27460,0.43540,1.03700,0.35640,0.28240,1.05230,0.19730,0.30470,0.20030,1.01610,0.21430,0.43980,0.21140,0.33690,0.99860,0.28850,0.10250,0.81560,0.14170,0.21550,0.14260,0.79490,0.09430,0.29740,0.15000,0.24780,0.11000,0.15470
8:50:34,0.24850,0.16670,0.23130,0.15590,0.55360,0.17020,0.32150,0.17810,1.06890,0.18080,0.39360,0.22150,0.18770,0.44710,0.21260,0.31160,0.44920,0.51680,0.27820,0.38290,1.07500,1.03730,0.34400,0.39540,0.17820,0.37600,0.19630,0.26580,0.30680,0.38360,0.22640,0.35210,0.97050,1.03640,0.25870,0.33170,0.11460,0.25540,0.17040,0.19910,0.16680,0.27540,0.16720,0.26130,0.19200,1.04010,0.16200,0.24640,0.58080,0.16170,0.27420,0.15450,0.30700,0.16300,0.33790,0.17580,0.33320,0.17220,1.03870,0.18150,0.48670,1.03850,0.23060,0.37900,0.26070,1.04660,0.27690,0.58810,0.27720,0.44020,1.03420,0.36030,0.28580,1.05050,0.19870,0.30790,0.20180,1.01610,0.21610,0.44470,0.21310,0.34080,0.99750,0.29140,0.10300,0.82060,0.14240,0.21730,0.14350,0.80070,0.09480,0.30050,0.15080,0.24980,0.11060,0.15560
9:00:34,0.25080,0.16770,0.23380,0.15670,0.55970,0.17110,0.32520,0.17930,1.06680,0.18210,0.39810,0.22110,0.18930,0.45240,0.21450,0.31480,0.45420,0.52240,0.28060,0.38740,1.07380,1.03630,0.34750,0.39930,0.17950,0.38000,0.19780,0.26820,0.30990,0.38780,0.22810,0.35590,0.97520,1.03400,0.26110,0.33470,0.11560,0.25790,0.17140,0.20080,0.16770,0.27790,0.16820,0.26360,0.19310,1.03750,0.16340,0.24850,0.58700,0.16280,0.27700,0.15540,0.31010,0.16410,0.34180,0.17700,0.33680,0.17350,1.03640,0.18260,0.49220,1.03600,0.23320,0.38350,0.26320,1.04460,0.27990,0.59440,0.27990,0.44490,1.03210,0.36460,0.28930,1.04890,0.20050,0.31130,0.20350,1.01640,0.21820,0.44970,0.21500,0.34460,0.99620,0.29480,0.10360,0.82530,0.14330,0.21930,0.14440,0.80640,0.09550,0.30390,0.15170,0.25220,0.11130,0.15670
9:10:34,0.25270,0.16850,0.23600,0.15760,0.56540,0.17200,0.32830,0.18010,1.06440,0.18320,0.40230,0.22200,0.19110,0.45740,0.21670,0.31790,0.45870,0.52790,0.28310,0.39190,1.07320,1.03470,0.35110,0.40320,0.18050,0.38400,0.19900,0.27060,0.31270,0.39200,0.22990,0.35950,0.97900,1.03210,0.26330,0.33760,0.11640,0.26030,0.17220,0.20250,0.16850,0.28040,0.16910,0.26570,0.19400,1.03560,0.16440,0.25070,0.59290,0.16370,0.27960,0.15610,0.31300,0.16500,0.34530,0.17790,0.34020,0.17460,1.03420,0.18360,0.49780,1.03330,0.23560,0.38790,0.26540,1.04230,0.28270,0.60010,0.28250,0.44990,1.02960,0.36870,0.29250,1.04670,0.20210,0.31460,0.20500,1.01630,0.22010,0.45470,0.21670,0.34820,0.99520,0.29790,0.10420,0.82920,0.14420,0.22110,0.14510,0.81200,0.09600,0.30730,0.15260,0.25430,0.11200,0.15760
9:20:34,0.25490,0.16930,0.23830,0.15840,0.57150,0.17280,0.33150,0.18130,1.06260,0.18440,0.40640,0.22290,0.19260,0.46240,0.21840,0.32090,0.46370,0.53330,0.28530,0.39620,1.07120,1.03300,0.35440,0.40680,0.18170,0.38770,0.20050,0.27290,0.31560,0.39600,0.23160,0.36330,0.98240,1.03010,0.26530,0.34060,0.11740,0.26280,0.17320,0.20440,0.16940,0.28280,0.17010,0.26790,0.19510,1.03300,0.16570,0.25290,0.59880,0.16460,0.28240,0.15700,0.31600,0.16580,0.34880,0.17900,0.34340,0.17550,1.03230,0.18450,0.50310,1.03070,0.23810,0.39210,0.26770,1.04010,0.28540,0.60590,0.28510,0.45460,1.02760,0.37270,0.29570,1.04520,0.20360,0.31770,0.20660,1.01610,0.22200,0.45950,0.21850,0.35200,0.99400,0.30110,0.10470,0.83310,0.14500,0.22310,0.14590,0.81720,0.09650,0.31050,0.15350,0.25670,0.11270,0.15860
9:30:34,0.25710,0.17020,0.24050,0.15940,0.57730,0.17340,0.33480,0.18240,1.06120,0.18560,0.41060,0.22390,0.19450,0.46720,0.22030,0.32400,0.46840,0.53860,0.28750,0.40040,1.07010,1.03170,0.35780,0.41050,0.18290,0.39160,0.20170,0.27530,0.31840,0.39990,0.23350,0.36670,0.98650,1.02870,0.26730,0.34360,0.11820,0.26510,0.17410,0.20610,0.17020,0.28530,0.17100,0.27000,0.19630,1.03080,0.16700,0.25490,0.60480,0.16550,0.28500,0.15790,0.31900,0.16670,0.35240,0.18000,0.34660,0.17660,1.03080,0.18540,0.50850,1.02860,0.24060,0.39630,0.27020,1.03800,0.28820,0.61190,0.28780,0.45910,1.02550,0.37680,0.29900,1.04330,0.20530,0.32110,0.20820,1.01570,0.22390,0.46450,0.22030,0.35560,0.99270,0.30410,0.10530,0.83670,0.14590,0.22490,0.14670,0.82250,0.09700,0.31360,0.15440,0.25890,0.11350,0.15950
9:40:34,0.25910,0.17110,0.24280,0.16020,0.58270,0.17420,0.33790,0.18320,1.05910,0.18660,0.41470,0.22440,0.19600,0.47220,0.22220,0.32690,0.47330,0.54400,0.28970,0.40430,1.06990,1.03030,0.36090,0.41400,0.18400,0.39550,0.20300,0.27750,0.32100,0.40360,0.23520,0.37030,0.99000,1.02740,0.26950,0.34640,0.11900,0.26760,0.17470,0.20780,0.17100,0.28770,0.17190,0.27220,0.19720,1.02890,0.16820,0.25690,0.61030,0.16630,0.28750,0.15850,0.32160,0.16750,0.35570,0.18080,0.34970,0.17770,1.02830,0.18620,0.51390,1.02610,0.24290,0.40040,0.27230,1.03570,0.29090,0.61730,0.29030,0.46360,1.02320,0.38050,0.30200,1.04160,0.20680,0.32400,0.20990,1.01560,0.22580,0.46920,0.22210,0.35940,0.99110,0.30720,0.10590,0.84010,0.14670,0.22680,0.14750,0.82740,0.09730,0.31670,0.15520,0.26110,0.11420,0.16050
9:50:34,0.26110,0.17200,0.24490,0.16120,0.58870,0.17510,0.34100,0.18430,1.05690,0.18770,0.41840,0.22520,0.19750,0.47710,0.22390,0.32980,0.47760,0.54930,0.29200,0.40860,1.06770,1.02870,0.36420,0.41770,0.18520,0.39930,0.20430,0.27990,0.32370,0.40770,0.23710,0.37380,0.99290,1.02470,0.27180,0.34910,0.12000,0.27010,0.17550,0.20960,0.17180,0.29020,0.17290,0.27430,0.19810,1.02680,0.16940,0.25900,0.61600,0.16730,0.29000,0.15930,0.32420,0.16850,0.35920,0.18180,0.35260,0.17880,1.02650,0.18710,0.51910,1.02420,0.24530,0.40440,0.27450,1.03370,0.29360,0.62310,0.29270,0.46800,1.02070,0.38430,0.30520,1.03960,0.20850,0.32710,0.21150,1.01460,0.22780,0.47400,0.22390,0.36300,0.98980,0.31010,0.10660,0.84350,0.14760,0.22870,0.14840,0.83230,0.09780,0.31980,0.15600,0.26330,0.11500,0.16150
10:00:34,0.26330,0.17290,0.24710,0.16200,0.59430,0.17600,0.34370,0.18540,1.05460,0.18890,0.42250,0.22530,0.19900,0.48190,0.22590,0.33270,0.48230,0.55460,0.29420,0.41260,1.06710,1.02720,0.36740,0.42120,0.18640,0.40300,0.20560,0.28210,0.32660,0.41170,0.23920,0.37730,0.99620,1.02310,0.27420,0.35200,0.12110,0.27270,0.17640,0.21130,0.17270,0.29270,0.17390,0.27650,0.19910,1.02520,0.17070,0.26100,0.62150,0.16820,0.29250,0.16000,0.32690,0.16940,0.36250,0.18280,0.35580,0.17980,1.02450,0.18800,0.52440,1.02190,0.24780,0.40850,0.27670,1.03150,0.29630,0.62880,0.29520,0.47240,1.01850,0.38830,0.30850,1.03760,0.21010,0.33020,0.21320,1.01420,0.22970,0.47880,0.22570,0.36670,0.98840,0.31310,0.10730,0.84670,0.14850,0.23060,0.14920,0.83690,0.09840,0.32290,0.15690,0.26560,0.11580,0.16240

