Corrected [600]
	1	2	3	4	5	6	7	8	9	10	11	12
A	0.28067	0.07605	0.27550	0.07743	0.27659	0.07432	0.29366	0.07369	0.27320	0.07314	0.30276	0.07299	Corrected [600]
B	0.21776	0.32270	0.26428	0.38622	0.24216	0.31991	0.25404	0.32164	0.24019	0.30083	0.21366	0.24903	Corrected [600]
C	0.15577	0.32856	0.16244	0.24809	0.16156	0.22777	0.16785	0.25282	0.17274	0.24540	0.15410	0.23394	Corrected [600]
D	0.07571	0.15905	0.07388	0.16353	0.07335	0.18019	0.07343	0.16937	0.07409	0.16439	0.07295	0.16219	Corrected [600]
E	0.27440	0.07450	0.34311	0.07414	0.32946	0.07280	0.33391	0.07384	0.29591	0.07333	0.27327	0.07299	Corrected [600]
F	0.21312	0.35731	0.25081	0.37147	0.28553	0.31384	0.23493	0.31320	0.26836	0.31026	0.23213	0.28860	Corrected [600]
G	0.16053	0.26930	0.16225	0.25657	0.16960	0.26076	0.17343	0.25510	0.18112	0.23408	0.17056	0.23478	Corrected [600]
H	0.07413	0.16942	0.07443	0.17611	0.07422	0.15926	0.07362	0.16570	0.07347	0.17157	0.07318	0.16721	Corrected [600]

