420

Time,A1,A2,A3,A4,A5,A6,A7,A8,A9,A10,A11,A12,B1,B2,B3,B4,B5,B6,B7,B8,B9,B10,B11,B12,C1,C2,C3,C4,C5,C6,C7,C8,C9,C10,C11,C12,D1,D2,D3,D4,D5,D6,D7,D8,D9,D10,D11,D12,E1,E2,E3,E4,E5,E6,E7,E8,E9,E10,E11,E12,F1,F2,F3,F4,F5,F6,F7,F8,F9,F10,F11,F12,G1,G2,G3,G4,G5,G6,G7,G8,G9,G10,G11,G12,H1,H2,H3,H4,H5,H6,H7,H8,H9,H10,H11,H12
0:00:34,0.09870,0.09640,0.11210,0.08610,0.09100,0.08620,0.09670,0.09900,0.08620,0.09220,0.08810,0.08600,0.09720,0.09930,0.09770,0.09800,0.09630,0.08810,0.09770,0.08970,0.08680,0.09090,0.08760,0.08920,0.08340,0.09970,0.10460,0.10400,0.08980,0.08640,0.08690,0.08760,0.08380,0.08770,0.08770,0.08800,0.08320,0.09050,0.09970,0.09480,0.08440,0.09620,0.08600,0.10150,0.08380,0.09020,0.08250,0.08380,0.09840,0.07680,0.13210,0.09120,0.09200,0.09430,0.09710,0.09640,0.08880,0.08280,0.09230,0.08230,0.11020,0.11040,0.12480,0.08790,0.08800,0.08590,0.08570,0.10820,0.08450,0.08710,0.08930,0.09690,0.09080,0.09780,0.12130,0.08560,0.08980,0.08720,0.09320,0.09200,0.09410,0.08720,0.09290,0.08860,0.08240,0.08700,0.08720,0.09160,0.08370,0.08650,0.08200,0.08420,0.08250,0.08440,0.09370,0.08530
0:10:34,0.09780,0.09510,0.10770,0.08470,0.08560,0.08510,0.09380,0.09790,0.08650,0.09080,0.08850,0.08500,0.09660,0.09710,0.09770,0.09770,0.09460,0.09350,0.09440,0.09410,0.08540,0.09300,0.08650,0.08620,0.08250,0.09590,0.10190,0.09960,0.08670,0.08490,0.08560,0.08920,0.08340,0.08930,0.08720,0.08440,0.08190,0.08530,0.09720,0.09210,0.08330,0.09320,0.08450,0.10000,0.08750,0.08990,0.08120,0.08210,0.09830,0.07580,0.23910,0.08850,0.08800,0.09370,0.09600,0.09530,0.08930,0.08190,0.09020,0.08110,0.10280,0.09600,0.18860,0.08550,0.08550,0.08480,0.08520,0.10810,0.08420,0.08530,0.08640,0.09850,0.09250,0.09420,0.15740,0.08430,0.08860,0.08590,0.09240,0.09270,0.08940,0.08480,0.09180,0.09040,0.08150,0.08640,0.08570,0.08930,0.08250,0.08520,0.08130,0.08470,0.08160,0.08360,0.09290,0.08540
0:20:34,0.09980,0.09490,0.10810,0.08420,0.08550,0.08430,0.09350,0.09770,0.09010,0.09040,0.09390,0.08510,0.09760,0.09720,0.09980,0.09670,0.09430,0.09600,0.09370,0.10040,0.08670,0.09810,0.08900,0.08720,0.08270,0.09600,0.09950,0.09610,0.08580,0.08550,0.08530,0.09320,0.08410,0.09320,0.08800,0.08360,0.07790,0.08400,0.09590,0.09130,0.08290,0.09240,0.08390,0.10170,0.08570,0.09100,0.08080,0.08180,0.10080,0.07580,0.35620,0.08650,0.08750,0.09350,0.09640,0.09520,0.09100,0.08160,0.09000,0.08080,0.10400,0.09480,0.26340,0.08450,0.08520,0.08490,0.08460,0.11400,0.08580,0.08850,0.08580,0.10530,0.09240,0.09390,0.20000,0.08420,0.08800,0.08580,0.09230,0.09630,0.08960,0.08550,0.09200,0.09450,0.08150,0.08670,0.08530,0.08810,0.08220,0.08510,0.08160,0.08640,0.08140,0.08430,0.09240,0.08780
0:30:34,0.10290,0.08970,0.10920,0.08440,0.08610,0.08370,0.09360,0.09790,0.09340,0.09060,0.09880,0.08680,0.09950,0.09760,0.10130,0.09710,0.09450,0.09280,0.09390,0.10780,0.08850,0.10370,0.09180,0.08840,0.08340,0.09640,0.09910,0.09500,0.08540,0.08540,0.08520,0.09730,0.08540,0.09700,0.08960,0.08430,0.07740,0.08370,0.09550,0.09110,0.08280,0.09200,0.08380,0.10440,0.07750,0.09260,0.08080,0.08210,0.10390,0.07600,0.47050,0.08460,0.08760,0.09320,0.09660,0.09530,0.09380,0.08180,0.09030,0.08130,0.10440,0.09440,0.34460,0.08770,0.08560,0.08560,0.08460,0.12020,0.08800,0.09030,0.08580,0.11370,0.09320,0.09440,0.24620,0.08430,0.08790,0.08580,0.09240,0.10000,0.09050,0.08680,0.09230,0.09970,0.08160,0.08720,0.08060,0.08750,0.08240,0.08540,0.08170,0.08860,0.08160,0.08510,0.09240,0.09070
0:40:34,0.10620,0.08440,0.11240,0.08520,0.08720,0.08470,0.09510,0.09910,0.09740,0.09180,0.10580,0.09090,0.10170,0.09900,0.10420,0.09780,0.09560,0.09520,0.09460,0.11640,0.09150,0.11130,0.09600,0.09020,0.08510,0.09720,0.09950,0.09450,0.08620,0.08630,0.08580,0.10330,0.08750,0.10180,0.09160,0.08640,0.07820,0.08440,0.09580,0.09190,0.08320,0.08180,0.07830,0.10860,0.07760,0.09500,0.08110,0.08340,0.10720,0.07690,0.59180,0.08420,0.08900,0.09370,0.09800,0.09600,0.09810,0.08290,0.09160,0.08280,0.10500,0.09440,0.43340,0.08560,0.08640,0.08660,0.08510,0.12700,0.09150,0.09310,0.08590,0.12310,0.08170,0.09520,0.29370,0.08510,0.08860,0.08690,0.09300,0.10550,0.09290,0.08880,0.09340,0.10550,0.08190,0.08810,0.08140,0.08720,0.08310,0.08620,0.08200,0.09170,0.08250,0.08690,0.09260,0.09380
0:50:34,0.10890,0.08030,0.11530,0.08610,0.08880,0.08630,0.09640,0.10030,0.10110,0.09310,0.11300,0.09630,0.10380,0.09970,0.10690,0.09910,0.09700,0.09780,0.09580,0.12660,0.09480,0.12030,0.10030,0.09290,0.08690,0.09840,0.10010,0.09430,0.08730,0.08720,0.08660,0.10950,0.08990,0.10730,0.09370,0.08850,0.07900,0.08070,0.09650,0.09280,0.08400,0.07940,0.07940,0.11140,0.07830,0.09820,0.08160,0.08470,0.11030,0.07780,0.70920,0.08400,0.09060,0.09460,0.09940,0.09710,0.10220,0.08440,0.09270,0.08400,0.10650,0.09470,0.52300,0.08540,0.08770,0.08790,0.08590,0.13420,0.09480,0.09580,0.08650,0.13150,0.08300,0.09630,0.34020,0.08560,0.08920,0.08820,0.09370,0.11080,0.09490,0.09270,0.09420,0.11100,0.08220,0.08890,0.08200,0.08730,0.08390,0.08690,0.08240,0.09500,0.08330,0.08900,0.09290,0.09700
1:00:34,0.11150,0.08140,0.11820,0.08730,0.09020,0.08790,0.09770,0.09920,0.10540,0.09420,0.11980,0.09940,0.10600,0.10080,0.10970,0.10060,0.09830,0.10210,0.09730,0.13540,0.09820,0.12850,0.10510,0.09410,0.08850,0.09930,0.10080,0.09470,0.08850,0.08880,0.08740,0.11740,0.09250,0.11330,0.09560,0.08980,0.07990,0.08150,0.09750,0.09400,0.08490,0.08030,0.08050,0.11540,0.07890,0.10120,0.08220,0.08580,0.11370,0.07890,0.82020,0.08450,0.09130,0.09560,0.10070,0.09830,0.10590,0.08070,0.09390,0.08500,0.10870,0.09600,0.61190,0.08630,0.08900,0.08900,0.08670,0.14180,0.09770,0.09880,0.08660,0.14060,0.08460,0.09740,0.38440,0.08630,0.08990,0.08930,0.09430,0.11850,0.09710,0.09450,0.09490,0.11650,0.08140,0.08990,0.08260,0.08720,0.08480,0.08400,0.08300,0.09820,0.08130,0.09010,0.09270,0.10010
1:10:34,0.11440,0.08290,0.12200,0.08880,0.09200,0.08960,0.09930,0.10070,0.10950,0.09590,0.12690,0.10310,0.10870,0.10210,0.11270,0.10190,0.10000,0.10360,0.09920,0.14360,0.10210,0.13710,0.11000,0.09560,0.09040,0.10080,0.10240,0.09570,0.09040,0.09110,0.08870,0.12420,0.09540,0.11950,0.09820,0.09120,0.08110,0.08260,0.09000,0.09550,0.08620,0.08180,0.08200,0.12010,0.08000,0.10460,0.08330,0.08700,0.11690,0.08030,0.92050,0.08560,0.09270,0.09690,0.10210,0.09990,0.11000,0.08240,0.09510,0.08610,0.10370,0.09730,0.69390,0.08750,0.09040,0.09040,0.08770,0.14950,0.10110,0.10230,0.08740,0.15050,0.08610,0.09890,0.42770,0.08730,0.08660,0.08840,0.09540,0.12500,0.10040,0.09650,0.09600,0.12190,0.08190,0.09100,0.08350,0.08760,0.08590,0.08500,0.08380,0.10160,0.08240,0.09180,0.09300,0.10300
1:20:34,0.11710,0.08470,0.12610,0.09060,0.09390,0.09160,0.10130,0.10240,0.11360,0.09780,0.13550,0.10860,0.11130,0.10370,0.11570,0.10340,0.10210,0.10500,0.10120,0.15250,0.10590,0.14620,0.11470,0.09770,0.09240,0.10220,0.10470,0.09720,0.09280,0.09340,0.09000,0.12900,0.09840,0.12500,0.10070,0.09260,0.08250,0.08400,0.09140,0.09750,0.08770,0.08350,0.08370,0.12480,0.08110,0.10800,0.08420,0.08810,0.12010,0.08200,1.00530,0.08720,0.09430,0.09840,0.10360,0.10170,0.11370,0.08410,0.09620,0.08690,0.10610,0.09870,0.76460,0.08900,0.09210,0.09200,0.08880,0.15740,0.10420,0.10560,0.08810,0.15920,0.08750,0.10060,0.46980,0.08840,0.08790,0.08980,0.09620,0.13100,0.10350,0.09810,0.09710,0.12680,0.08230,0.09210,0.08430,0.08810,0.08710,0.08570,0.08440,0.10480,0.08350,0.09350,0.09290,0.10590
1:30:34,0.12000,0.08650,0.13050,0.09230,0.09540,0.09340,0.10300,0.10410,0.11780,0.09990,0.14300,0.11300,0.11380,0.10490,0.11860,0.10460,0.10400,0.10920,0.10320,0.16110,0.10960,0.15490,0.11960,0.09960,0.09430,0.10340,0.10700,0.09860,0.09490,0.09540,0.09160,0.13520,0.10150,0.13050,0.10310,0.09390,0.08380,0.08550,0.09290,0.09930,0.08930,0.08520,0.08540,0.12900,0.08220,0.11140,0.08520,0.08910,0.12340,0.08360,1.07520,0.08890,0.09600,0.09990,0.10500,0.10330,0.11750,0.08580,0.09710,0.08790,0.10860,0.09660,0.83000,0.09050,0.09370,0.09260,0.08980,0.16510,0.10730,0.10860,0.08880,0.16750,0.08890,0.10180,0.51010,0.08930,0.08920,0.09110,0.09710,0.13690,0.10630,0.09990,0.09800,0.13170,0.08260,0.09310,0.08510,0.08870,0.08810,0.08670,0.08520,0.10780,0.08450,0.09510,0.09270,0.10890
1:40:34,0.12260,0.08850,0.13430,0.09340,0.09700,0.09550,0.10530,0.10070,0.12170,0.10210,0.15200,0.11770,0.11630,0.10630,0.12130,0.10580,0.10630,0.11430,0.10570,0.17020,0.11310,0.16400,0.12530,0.10280,0.09600,0.10440,0.10960,0.10060,0.09770,0.09800,0.09340,0.14080,0.10500,0.13550,0.10540,0.09520,0.08530,0.08720,0.09440,0.10170,0.09110,0.08700,0.08750,0.13390,0.08320,0.11480,0.08600,0.09000,0.12640,0.08550,1.13550,0.09090,0.09780,0.10160,0.10660,0.10530,0.12110,0.08790,0.09840,0.08860,0.11080,0.09870,0.88920,0.09200,0.09540,0.09420,0.09090,0.17300,0.11040,0.11180,0.08930,0.17560,0.09030,0.10320,0.54910,0.09020,0.09050,0.09240,0.09780,0.14280,0.10930,0.10150,0.09910,0.13630,0.08300,0.09410,0.08580,0.08930,0.08910,0.08760,0.08600,0.11060,0.08570,0.09690,0.09280,0.11160
1:50:34,0.12560,0.09050,0.13870,0.09490,0.09860,0.09730,0.10750,0.10270,0.12610,0.10390,0.16030,0.12200,0.11870,0.10770,0.12380,0.10680,0.10840,0.11830,0.10800,0.17880,0.11670,0.17240,0.13030,0.10510,0.09780,0.10530,0.11200,0.10230,0.10020,0.10040,0.09470,0.14710,0.10780,0.14080,0.10770,0.09660,0.08660,0.08860,0.09570,0.10390,0.09250,0.08880,0.08920,0.13840,0.08430,0.11820,0.08680,0.09100,0.12940,0.08720,1.18510,0.09270,0.09950,0.10280,0.10800,0.10710,0.12470,0.08960,0.09920,0.08920,0.11310,0.10030,0.94320,0.09340,0.09680,0.09540,0.09200,0.18060,0.11340,0.11470,0.08990,0.18360,0.09170,0.10420,0.58640,0.09110,0.09170,0.09350,0.09840,0.14830,0.11190,0.10310,0.10000,0.14090,0.08330,0.09500,0.08640,0.08980,0.09000,0.08830,0.08660,0.11350,0.08660,0.09820,0.09260,0.11430
2:00:34,0.12830,0.09270,0.14300,0.09660,0.10060,0.09970,0.11040,0.10550,0.13030,0.10680,0.16880,0.12630,0.12060,0.10930,0.12650,0.10820,0.11120,0.12380,0.11110,0.18820,0.12070,0.18150,0.13630,0.10820,0.10010,0.10620,0.11440,0.10450,0.10330,0.10350,0.09700,0.15420,0.11150,0.14620,0.11000,0.09820,0.08830,0.09050,0.09730,0.10660,0.09470,0.09120,0.09170,0.14340,0.08540,0.12200,0.08750,0.09180,0.13220,0.08940,1.22620,0.09510,0.10150,0.10470,0.10980,0.10940,0.12840,0.09180,0.10050,0.08990,0.11530,0.10260,0.99090,0.09510,0.09870,0.09710,0.09310,0.18870,0.11660,0.11790,0.09030,0.19130,0.09320,0.10560,0.62250,0.09190,0.09300,0.09480,0.09910,0.15410,0.11500,0.10460,0.10110,0.14520,0.08370,0.09580,0.08710,0.09040,0.09100,0.08920,0.08730,0.11660,0.08780,0.09990,0.09250,0.11700
2:10:34,0.13160,0.09500,0.14860,0.09840,0.10270,0.10180,0.11300,0.10790,0.13500,0.10910,0.17660,0.13000,0.12240,0.11110,0.12940,0.10950,0.11380,0.12800,0.11390,0.19700,0.12420,0.18940,0.14160,0.11090,0.10310,0.10720,0.11670,0.10650,0.10600,0.10600,0.09870,0.16070,0.11480,0.15120,0.11240,0.09930,0.08990,0.09230,0.09880,0.10880,0.09650,0.09320,0.09380,0.14770,0.08650,0.12510,0.08830,0.09280,0.13500,0.09130,1.25810,0.09700,0.10320,0.10620,0.11130,0.11110,0.13200,0.09380,0.10120,0.09050,0.11760,0.10470,1.03460,0.09660,0.10030,0.09850,0.09400,0.19630,0.11950,0.12070,0.09080,0.19900,0.09440,0.10660,0.65680,0.09270,0.09420,0.09590,0.09970,0.15950,0.11780,0.10610,0.10190,0.14970,0.08390,0.09670,0.08770,0.09100,0.09170,0.09000,0.08790,0.11930,0.08880,0.10130,0.09240,0.11960
2:20:34,0.13470,0.09760,0.15420,0.10040,0.10490,0.10410,0.11590,0.11070,0.13980,0.11180,0.18440,0.13370,0.12420,0.11280,0.13250,0.11110,0.11660,0.13510,0.11720,0.20620,0.12880,0.19750,0.14770,0.11440,0.10600,0.10850,0.11960,0.10890,0.10900,0.10790,0.10130,0.16760,0.11860,0.15680,0.11530,0.10130,0.09190,0.09460,0.10090,0.11160,0.09890,0.09570,0.09640,0.15240,0.08800,0.12930,0.08910,0.09380,0.13780,0.09350,1.28340,0.09950,0.10550,0.10830,0.11360,0.11350,0.13590,0.09650,0.10260,0.09110,0.12010,0.10740,1.07280,0.09880,0.10240,0.10050,0.09520,0.20440,0.12290,0.12450,0.09130,0.20630,0.09590,0.10820,0.68990,0.09390,0.09590,0.09750,0.10050,0.16550,0.12100,0.10760,0.10350,0.15390,0.08420,0.09770,0.08840,0.09160,0.09290,0.09100,0.08870,0.12240,0.09020,0.10320,0.09170,0.12220
2:30:34,0.13790,0.09980,0.15930,0.10210,0.10690,0.10280,0.11860,0.11310,0.14440,0.11410,0.19160,0.13700,0.12600,0.11390,0.13540,0.11230,0.11910,0.14030,0.12000,0.21500,0.13280,0.20500,0.15280,0.11720,0.10880,0.10950,0.12220,0.11120,0.11170,0.11220,0.10340,0.17400,0.12200,0.16200,0.11750,0.11600,0.09370,0.09670,0.10280,0.11390,0.10100,0.09790,0.09870,0.15680,0.08900,0.13290,0.08970,0.09440,0.14030,0.09560,1.30140,0.10160,0.10740,0.11000,0.11550,0.11540,0.13950,0.09880,0.10370,0.09170,0.12240,0.10980,1.10670,0.10050,0.10440,0.10230,0.09630,0.21210,0.12590,0.12760,0.09170,0.21340,0.09730,0.10940,0.72110,0.09480,0.09730,0.09900,0.10130,0.17090,0.12390,0.10890,0.10470,0.15820,0.08440,0.09850,0.08880,0.09220,0.09380,0.09180,0.08920,0.12550,0.09140,0.10480,0.09200,0.12460
2:40:34,0.14110,0.10230,0.16450,0.10390,0.10910,0.10500,0.12140,0.11560,0.14960,0.11660,0.19860,0.14010,0.12800,0.11520,0.13830,0.11390,0.12150,0.14630,0.12290,0.22370,0.13710,0.21250,0.15810,0.12020,0.11130,0.11080,0.12480,0.11350,0.11440,0.11720,0.10570,0.18050,0.12570,0.16760,0.12020,0.11590,0.09560,0.09890,0.10480,0.11650,0.10320,0.10020,0.10120,0.16110,0.09060,0.13690,0.09050,0.09540,0.14280,0.09770,1.31500,0.10380,0.10960,0.11190,0.11760,0.11740,0.14370,0.10130,0.10510,0.09230,0.12490,0.11260,1.13590,0.10260,0.10630,0.10400,0.09760,0.21990,0.12940,0.13090,0.09220,0.22050,0.09880,0.11100,0.75160,0.09600,0.09910,0.10060,0.10210,0.17650,0.12700,0.11050,0.10620,0.16250,0.08480,0.09960,0.08940,0.09290,0.09490,0.09290,0.09000,0.12860,0.09270,0.10660,0.09230,0.12710
2:50:34,0.14490,0.10500,0.17040,0.10640,0.11170,0.10760,0.12450,0.11840,0.15570,0.11960,0.20580,0.14340,0.13090,0.11720,0.14200,0.11600,0.12430,0.15200,0.12600,0.23250,0.14200,0.22050,0.16340,0.12400,0.11410,0.11260,0.12800,0.11610,0.11750,0.12060,0.10850,0.18720,0.12970,0.17400,0.12420,0.11700,0.09790,0.10150,0.10730,0.11920,0.10590,0.10300,0.10400,0.16550,0.09310,0.14140,0.09180,0.09710,0.14570,0.10020,1.32410,0.10640,0.11220,0.11420,0.12010,0.11970,0.14860,0.10410,0.10730,0.09330,0.12790,0.11560,1.16160,0.10510,0.10890,0.10590,0.09970,0.22780,0.13340,0.13460,0.09270,0.22760,0.10070,0.11290,0.78010,0.09760,0.10120,0.10280,0.10370,0.18220,0.13020,0.11240,0.10800,0.16700,0.08510,0.10100,0.09030,0.09400,0.09640,0.09440,0.09110,0.13210,0.09440,0.10900,0.09270,0.12960
3:00:34,0.14780,0.10710,0.17500,0.10810,0.11380,0.10960,0.12670,0.12070,0.16040,0.12180,0.21210,0.14600,0.13280,0.11840,0.14460,0.11720,0.12650,0.16000,0.12840,0.24070,0.14590,0.22760,0.16780,0.12690,0.11580,0.11370,0.13050,0.11830,0.11990,0.12250,0.11070,0.19320,0.13290,0.17920,0.12680,0.11730,0.09970,0.10370,0.10930,0.12140,0.10810,0.10520,0.10630,0.16930,0.09470,0.14520,0.09220,0.09760,0.14790,0.10230,1.32950,0.10860,0.11440,0.10900,0.12210,0.12170,0.15270,0.10650,0.10880,0.09360,0.13050,0.11830,1.18250,0.10710,0.11090,0.10760,0.10120,0.23520,0.13680,0.13780,0.09310,0.23410,0.10210,0.11440,0.80710,0.09870,0.10290,0.10440,0.10450,0.18760,0.13310,0.11360,0.10940,0.17190,0.08540,0.10210,0.09060,0.09450,0.09760,0.09550,0.09180,0.13490,0.09590,0.11080,0.09290,0.13210
3:10:34,0.15080,0.10920,0.17960,0.10970,0.11570,0.11170,0.12890,0.12270,0.16520,0.12380,0.21810,0.14850,0.13480,0.11940,0.14740,0.11840,0.12860,0.16370,0.13070,0.24880,0.14980,0.23460,0.17190,0.12960,0.11770,0.11460,0.13310,0.12030,0.12220,0.12400,0.11290,0.19910,0.13620,0.18440,0.12960,0.11780,0.10140,0.10590,0.11120,0.12330,0.11010,0.10740,0.10860,0.17320,0.09630,0.14870,0.09280,0.09840,0.15020,0.10420,1.33190,0.11040,0.11640,0.11060,0.12410,0.12340,0.15680,0.10880,0.11010,0.09630,0.13290,0.12080,1.20100,0.10910,0.11280,0.10930,0.10260,0.24240,0.14010,0.14070,0.09360,0.24050,0.10360,0.11570,0.83250,0.09970,0.10450,0.10600,0.10540,0.19280,0.13610,0.11500,0.11070,0.17590,0.08550,0.10130,0.09100,0.09510,0.10340,0.09650,0.09250,0.13770,0.09710,0.11250,0.09310,0.13420
3:20:34,0.15300,0.11070,0.18330,0.11060,0.11700,0.11300,0.13030,0.12410,0.16900,0.12500,0.22330,0.15050,0.13630,0.11980,0.14940,0.11900,0.12990,0.16970,0.13240,0.25610,0.15300,0.24090,0.17550,0.13160,0.11960,0.11510,0.13490,0.12180,0.12390,0.12430,0.11440,0.20450,0.13890,0.18880,0.13170,0.11770,0.10270,0.10750,0.11240,0.12480,0.11160,0.10910,0.11030,0.17630,0.09740,0.15160,0.09270,0.09820,0.15200,0.10580,1.33160,0.11180,0.11800,0.11160,0.12560,0.12450,0.16010,0.11050,0.11090,0.09590,0.13500,0.12300,1.21620,0.11040,0.11420,0.11050,0.10330,0.24900,0.14290,0.14310,0.09390,0.24660,0.10460,0.11660,0.85650,0.10030,0.10560,0.10690,0.10580,0.19740,0.13820,0.11580,0.11170,0.17960,0.08550,0.09750,0.09090,0.09510,0.10320,0.09690,0.09280,0.14030,0.09790,0.11370,0.09290,0.13630
3:30:34,0.15510,0.11200,0.17940,0.11130,0.11820,0.11430,0.13150,0.12550,0.17240,0.12610,0.22860,0.15240,0.13740,0.11980,0.15090,0.11930,0.13120,0.17590,0.13370,0.26320,0.15570,0.24680,0.17870,0.13340,0.12160,0.11510,0.13640,0.12290,0.12540,0.12450,0.11560,0.20960,0.14110,0.19280,0.13340,0.11750,0.10390,0.10880,0.11350,0.12600,0.11280,0.11050,0.11180,0.18170,0.09820,0.15410,0.09270,0.09800,0.15400,0.10710,1.32860,0.11300,0.11930,0.11230,0.12670,0.12530,0.16320,0.11200,0.11130,0.09540,0.13670,0.12480,1.22710,0.11140,0.11340,0.11150,0.10380,0.25530,0.14540,0.14520,0.09430,0.25250,0.10530,0.11710,0.87890,0.10060,0.10630,0.10680,0.10580,0.19880,0.14000,0.11650,0.11230,0.18330,0.08540,0.09760,0.09070,0.09510,0.10270,0.09720,0.09280,0.14230,0.09860,0.11440,0.09270,0.13840
3:40:34,0.15710,0.11330,0.18240,0.11200,0.11920,0.11560,0.13260,0.12680,0.17590,0.12720,0.23370,0.15420,0.13860,0.11980,0.15230,0.11960,0.13220,0.17790,0.13490,0.27010,0.15840,0.25250,0.18180,0.13500,0.12310,0.11520,0.13780,0.12400,0.12660,0.12490,0.11700,0.21450,0.14330,0.19680,0.13520,0.11750,0.10490,0.11020,0.11440,0.12720,0.11390,0.11200,0.11330,0.18240,0.09890,0.15660,0.09280,0.09790,0.15590,0.10840,1.32510,0.11410,0.12050,0.11310,0.12760,0.12630,0.16610,0.11340,0.11150,0.09520,0.13840,0.12660,1.23550,0.11230,0.11440,0.11240,0.10440,0.26140,0.14790,0.14710,0.09460,0.25840,0.10630,0.11760,0.90040,0.10090,0.10690,0.10730,0.10570,0.20290,0.14190,0.11720,0.11270,0.18690,0.08540,0.09770,0.09070,0.09510,0.10260,0.09740,0.09290,0.14430,0.09920,0.11500,0.09280,0.14070
3:50:34,0.15910,0.11450,0.18560,0.11260,0.12040,0.11680,0.13370,0.12800,0.17940,0.12820,0.23840,0.15580,0.13980,0.11980,0.14690,0.11990,0.13340,0.18520,0.13620,0.27700,0.16110,0.25800,0.18480,0.13640,0.12520,0.11520,0.13910,0.12500,0.12810,0.12570,0.11810,0.21930,0.14540,0.20050,0.13680,0.11720,0.10590,0.11140,0.11530,0.12810,0.11490,0.11310,0.11460,0.18470,0.09960,0.15880,0.09280,0.09770,0.15780,0.10950,1.32050,0.11490,0.12170,0.11370,0.12830,0.12680,0.16890,0.11460,0.11170,0.09500,0.14010,0.12830,1.24210,0.11310,0.11530,0.11330,0.10480,0.26720,0.15020,0.14890,0.09490,0.26430,0.10720,0.11790,0.92070,0.10120,0.10760,0.10780,0.10320,0.20680,0.14380,0.11810,0.11320,0.19050,0.08550,0.09780,0.09070,0.09510,0.10250,0.09760,0.09310,0.14640,0.09980,0.11570,0.09270,0.14280
4:00:34,0.16160,0.11610,0.18890,0.11360,0.12180,0.11820,0.13510,0.12950,0.18330,0.12970,0.24360,0.15760,0.14160,0.12020,0.14910,0.12060,0.13480,0.19100,0.13760,0.28400,0.16420,0.26390,0.18830,0.13810,0.12670,0.11570,0.14080,0.12640,0.12960,0.12730,0.11970,0.22430,0.14790,0.20480,0.13930,0.11780,0.10710,0.11290,0.11640,0.12940,0.11620,0.11480,0.11620,0.18780,0.10090,0.16150,0.09360,0.09850,0.16010,0.11090,1.31530,0.11610,0.12320,0.11460,0.12940,0.12790,0.17240,0.11620,0.11240,0.09530,0.14210,0.13020,1.24730,0.11420,0.11660,0.11430,0.10590,0.27340,0.15300,0.15110,0.09510,0.27030,0.10860,0.11870,0.94010,0.10180,0.10850,0.10870,0.10060,0.21120,0.14580,0.11950,0.11390,0.19420,0.08570,0.09850,0.09120,0.09570,0.10300,0.09820,0.09380,0.14840,0.10060,0.11660,0.09300,0.14490
4:10:34,0.16380,0.11730,0.19210,0.11410,0.12300,0.11940,0.13610,0.13070,0.18670,0.13050,0.24830,0.15900,0.14300,0.12030,0.15090,0.12090,0.13580,0.19890,0.13870,0.29070,0.16690,0.26920,0.19130,0.13950,0.12810,0.11610,0.14230,0.12740,0.13090,0.12880,0.12090,0.22900,0.15000,0.20870,0.14120,0.11780,0.10820,0.11420,0.11740,0.13030,0.11740,0.11620,0.11760,0.19050,0.10200,0.16370,0.09360,0.09850,0.16200,0.11220,1.30960,0.11710,0.12460,0.11510,0.13030,0.12850,0.17540,0.11740,0.11290,0.09500,0.14410,0.13200,1.25080,0.11500,0.11760,0.11540,0.10670,0.27930,0.15560,0.15300,0.09500,0.27590,0.10970,0.11930,0.95780,0.10240,0.10920,0.10940,0.09990,0.21510,0.14780,0.12040,0.11450,0.19770,0.08560,0.09890,0.09120,0.09590,0.10320,0.09860,0.09400,0.15040,0.10130,0.11730,0.09280,0.14690
4:20:34,0.16550,0.11830,0.19470,0.11440,0.12380,0.12040,0.13660,0.13170,0.18970,0.13130,0.25270,0.16040,0.14400,0.12020,0.15210,0.12100,0.13640,0.21150,0.13950,0.29700,0.16900,0.27430,0.19390,0.14040,0.12970,0.11600,0.14330,0.12820,0.13180,0.12990,0.12190,0.23340,0.15180,0.21220,0.14280,0.11750,0.10900,0.11530,0.11800,0.13110,0.11820,0.11720,0.11880,0.19280,0.10270,0.16580,0.09320,0.09800,0.16350,0.11320,1.30330,0.11780,0.12720,0.11520,0.13090,0.12900,0.17810,0.11850,0.11300,0.09460,0.14570,0.13350,1.25190,0.11580,0.11840,0.11630,0.10710,0.28490,0.15790,0.15450,0.09480,0.28130,0.11030,0.11970,0.97420,0.10270,0.10980,0.10990,0.10020,0.21890,0.14960,0.12090,0.11470,0.20120,0.08550,0.09890,0.09080,0.09570,0.10330,0.09870,0.09400,0.15230,0.10170,0.11780,0.09260,0.14890
4:30:34,0.16800,0.11980,0.19830,0.11540,0.12550,0.12190,0.13800,0.13320,0.19350,0.13270,0.25770,0.16230,0.14570,0.12080,0.15420,0.12170,0.13760,0.21840,0.14070,0.30380,0.17210,0.27990,0.19710,0.14210,0.13160,0.11650,0.14490,0.12920,0.13320,0.13160,0.12330,0.23840,0.15400,0.21630,0.14520,0.11820,0.11010,0.11660,0.11900,0.13210,0.11950,0.11870,0.12020,0.19570,0.10410,0.16810,0.09400,0.09860,0.16570,0.11440,1.29710,0.11880,0.12810,0.11600,0.13170,0.12970,0.18140,0.11990,0.11370,0.09490,0.14770,0.13530,1.25180,0.11660,0.11950,0.11750,0.10810,0.29100,0.16050,0.15650,0.09510,0.28720,0.11150,0.12040,0.99010,0.10320,0.11050,0.11070,0.10090,0.22290,0.15160,0.12220,0.11540,0.20510,0.08580,0.09940,0.09120,0.09600,0.10360,0.09920,0.09430,0.15420,0.10240,0.11860,0.09290,0.15100
4:40:34,0.17040,0.12120,0.20150,0.11610,0.12680,0.12320,0.13900,0.13460,0.19690,0.13380,0.26230,0.16370,0.14740,0.12160,0.15630,0.12260,0.13880,0.23030,0.14200,0.31040,0.17490,0.28530,0.20030,0.14350,0.13350,0.11720,0.14650,0.13050,0.13450,0.13310,0.12480,0.24290,0.15620,0.22040,0.14740,0.11880,0.11120,0.11800,0.12020,0.13320,0.12080,0.12010,0.12160,0.20150,0.10550,0.17060,0.09470,0.09930,0.16800,0.11570,1.29090,0.11990,0.12940,0.11690,0.13270,0.13060,0.18480,0.12140,0.11460,0.09530,0.14980,0.13720,1.25220,0.11770,0.12060,0.11880,0.10920,0.29670,0.16330,0.15850,0.09530,0.29310,0.11290,0.12120,1.00570,0.10410,0.11160,0.11150,0.10180,0.22700,0.15360,0.12350,0.11610,0.20880,0.08590,0.10000,0.09170,0.09590,0.10430,0.09990,0.09510,0.15620,0.10330,0.11950,0.09310,0.15310
4:50:34,0.17280,0.12250,0.20500,0.11710,0.12820,0.12460,0.14020,0.13600,0.20070,0.13510,0.26690,0.16520,0.14900,0.12240,0.15850,0.12330,0.13980,0.23660,0.14310,0.31680,0.17770,0.29060,0.20340,0.14500,0.13590,0.11780,0.14810,0.13160,0.13570,0.13460,0.12620,0.24770,0.15830,0.22440,0.14980,0.11950,0.11230,0.11940,0.12130,0.13410,0.12210,0.12160,0.12310,0.20330,0.10710,0.17290,0.09530,0.09980,0.16990,0.11700,1.28480,0.12100,0.13070,0.11780,0.13410,0.13140,0.18810,0.12280,0.11550,0.09540,0.15200,0.13920,1.25070,0.11870,0.12180,0.12010,0.11040,0.30250,0.16600,0.16050,0.09540,0.29860,0.11410,0.12210,1.01910,0.10490,0.11250,0.11250,0.10270,0.23120,0.15560,0.12490,0.11690,0.21220,0.08610,0.10060,0.09190,0.09640,0.10490,0.10070,0.09570,0.15820,0.10410,0.12050,0.09320,0.15500
5:00:34,0.17500,0.12370,0.20820,0.11770,0.12950,0.12580,0.14110,0.13730,0.20390,0.13600,0.27150,0.16660,0.15060,0.12310,0.16040,0.12400,0.14070,0.24710,0.14400,0.32310,0.18050,0.29580,0.20630,0.14620,0.13720,0.11840,0.14950,0.13260,0.13680,0.13590,0.12740,0.25220,0.16020,0.22820,0.15190,0.11990,0.11320,0.12060,0.12210,0.13480,0.12310,0.12300,0.12430,0.20440,0.10830,0.17500,0.09530,0.09970,0.17160,0.11810,1.27830,0.12180,0.13170,0.11870,0.13490,0.13200,0.19120,0.12400,0.11610,0.09510,0.15390,0.14090,1.24880,0.11960,0.12280,0.12120,0.11130,0.30880,0.16850,0.16230,0.09520,0.30390,0.11510,0.12290,1.03180,0.10550,0.11340,0.11330,0.10340,0.23500,0.15740,0.12580,0.11750,0.21580,0.08610,0.10110,0.09190,0.09660,0.10530,0.10110,0.09610,0.16030,0.10470,0.12130,0.09320,0.15700
5:10:34,0.17740,0.12510,0.21150,0.11850,0.13110,0.12720,0.14210,0.13880,0.20760,0.13730,0.27590,0.16800,0.15240,0.12400,0.16270,0.12480,0.14170,0.25080,0.14510,0.32950,0.18340,0.30120,0.20940,0.14770,0.13820,0.11910,0.15100,0.13380,0.13810,0.13740,0.12880,0.25690,0.16240,0.23230,0.15430,0.12080,0.11440,0.12200,0.12320,0.13570,0.12450,0.12440,0.12580,0.20660,0.10990,0.17750,0.09600,0.10040,0.17390,0.11950,1.27210,0.12290,0.13300,0.11980,0.13580,0.13290,0.19460,0.12540,0.11710,0.09560,0.15620,0.14280,1.24650,0.12070,0.12400,0.12260,0.11260,0.31530,0.17140,0.16430,0.09560,0.30980,0.11650,0.12400,1.04410,0.10640,0.11450,0.11440,0.10450,0.23910,0.15960,0.12710,0.11820,0.21940,0.08630,0.10180,0.09230,0.09730,0.10180,0.10200,0.09680,0.16240,0.10560,0.12240,0.09360,0.15890
5:20:34,0.17950,0.12630,0.21460,0.11920,0.13220,0.12820,0.14300,0.13990,0.21080,0.13840,0.28010,0.16910,0.15380,0.12460,0.16460,0.12540,0.14220,0.25060,0.14430,0.33550,0.18580,0.30620,0.21200,0.14870,0.13970,0.11970,0.15230,0.13460,0.13910,0.13860,0.12990,0.26120,0.16410,0.23610,0.15610,0.12120,0.11530,0.12320,0.12390,0.13650,0.12540,0.12550,0.12680,0.20900,0.11100,0.17960,0.09600,0.10030,0.17560,0.12060,1.26590,0.12370,0.13390,0.12060,0.13660,0.13350,0.19760,0.12650,0.11780,0.09520,0.15820,0.14450,1.24300,0.12150,0.12500,0.12380,0.11350,0.32040,0.17380,0.16610,0.09530,0.31490,0.11750,0.12480,1.05410,0.10710,0.11540,0.11530,0.10510,0.24280,0.16140,0.12800,0.11880,0.22270,0.08620,0.10220,0.09220,0.09730,0.10240,0.10250,0.09710,0.16450,0.10630,0.12320,0.09330,0.16080
5:30:34,0.18140,0.12720,0.21740,0.11960,0.13310,0.12910,0.14360,0.14070,0.21360,0.13900,0.28410,0.17030,0.15510,0.12500,0.16620,0.12580,0.14280,0.25630,0.14520,0.34160,0.18820,0.31090,0.21450,0.14960,0.14130,0.11990,0.15340,0.13530,0.14000,0.13970,0.13090,0.26530,0.16570,0.23940,0.15780,0.12130,0.11610,0.12420,0.12460,0.13720,0.12630,0.12650,0.12790,0.21310,0.11200,0.18150,0.09550,0.09980,0.17710,0.12150,1.25980,0.12450,0.13480,0.12120,0.13730,0.13400,0.20050,0.12750,0.11820,0.09470,0.16000,0.14610,1.23990,0.12220,0.12580,0.12470,0.11420,0.32600,0.17600,0.16770,0.09500,0.31980,0.11830,0.12550,1.06410,0.10750,0.11580,0.11590,0.10570,0.24640,0.16320,0.12850,0.11920,0.22580,0.08610,0.10230,0.09190,0.09730,0.10280,0.10280,0.09730,0.16620,0.10670,0.12380,0.09300,0.16270
5:40:34,0.18350,0.12830,0.22040,0.12020,0.13430,0.13020,0.14440,0.14200,0.21680,0.14010,0.28840,0.17160,0.15660,0.12580,0.16810,0.12640,0.14360,0.25900,0.14630,0.34760,0.19070,0.31590,0.21720,0.15080,0.14300,0.12040,0.15470,0.13610,0.14090,0.14090,0.13190,0.26960,0.16750,0.24300,0.15980,0.12160,0.11690,0.12530,0.12530,0.13780,0.12720,0.12750,0.12890,0.21600,0.11310,0.18340,0.09560,0.09970,0.17900,0.12250,1.25390,0.12520,0.13530,0.12190,0.13800,0.13450,0.20330,0.12850,0.11870,0.09440,0.16190,0.14760,1.23600,0.12290,0.12670,0.12570,0.11490,0.33260,0.17850,0.16930,0.09510,0.32500,0.11910,0.12620,1.07310,0.10790,0.11620,0.11650,0.10610,0.25000,0.16490,0.12910,0.11950,0.22910,0.08610,0.10250,0.09190,0.09730,0.10320,0.10310,0.09740,0.16800,0.10720,0.12430,0.09290,0.16450
5:50:34,0.18550,0.12930,0.22320,0.12050,0.13530,0.13110,0.14520,0.14270,0.21990,0.14080,0.29240,0.17270,0.15780,0.12610,0.16970,0.12670,0.14420,0.26350,0.14720,0.35340,0.19280,0.32060,0.21960,0.15150,0.14490,0.12060,0.15570,0.13680,0.14180,0.14190,0.13290,0.27360,0.16900,0.24630,0.16130,0.12160,0.11760,0.12630,0.12590,0.13810,0.12800,0.12840,0.12980,0.21630,0.11390,0.18530,0.09520,0.09910,0.18080,0.12330,1.24740,0.12580,0.13620,0.12250,0.13870,0.13490,0.20590,0.12920,0.11890,0.09390,0.16350,0.14910,1.23130,0.12350,0.12740,0.12670,0.11540,0.33700,0.18050,0.17060,0.09490,0.32990,0.11990,0.12690,1.08130,0.10820,0.11670,0.11710,0.10640,0.25350,0.16640,0.12960,0.11980,0.23240,0.08620,0.10260,0.09190,0.09730,0.10350,0.10330,0.09740,0.16970,0.10760,0.12460,0.09270,0.16620
6:00:34,0.18700,0.13000,0.22560,0.12060,0.13610,0.13160,0.14550,0.14340,0.22250,0.14120,0.29630,0.17340,0.15860,0.12620,0.17080,0.12670,0.14450,0.26560,0.14790,0.35900,0.19470,0.32500,0.22180,0.15200,0.14610,0.12050,0.15640,0.13720,0.14220,0.14270,0.13350,0.27750,0.17010,0.24910,0.16260,0.12110,0.11800,0.12700,0.12610,0.13850,0.12860,0.12920,0.13050,0.21810,0.11450,0.18670,0.09440,0.09810,0.18230,0.12400,1.24170,0.12620,0.13690,0.12290,0.13910,0.13510,0.20820,0.12980,0.11880,0.09300,0.16500,0.15030,1.22670,0.12390,0.12790,0.12740,0.11560,0.34240,0.18240,0.17180,0.09450,0.33460,0.12030,0.12730,1.08860,0.10830,0.11680,0.11740,0.10640,0.25670,0.16790,0.12960,0.11990,0.23540,0.08580,0.10230,0.09130,0.09680,0.10350,0.10310,0.09710,0.17120,0.10770,0.12470,0.09240,0.16800
6:10:34,0.18870,0.13070,0.22820,0.12080,0.13700,0.13230,0.14610,0.14410,0.22530,0.14180,0.30040,0.17440,0.15960,0.12640,0.17210,0.12670,0.14500,0.26880,0.14850,0.36490,0.19670,0.32940,0.22410,0.15280,0.14710,0.12040,0.15720,0.13770,0.14300,0.14360,0.13420,0.28140,0.17150,0.25210,0.16400,0.12070,0.11860,0.12770,0.12650,0.13870,0.12910,0.12980,0.13120,0.22030,0.11500,0.18820,0.09400,0.09740,0.18420,0.12470,1.23610,0.12660,0.13770,0.12330,0.13450,0.13540,0.21050,0.13050,0.11880,0.09250,0.16600,0.15160,1.22180,0.12430,0.12830,0.12820,0.11580,0.34820,0.18420,0.17300,0.09450,0.33960,0.12070,0.12760,1.09550,0.10830,0.11700,0.11760,0.10640,0.25990,0.16920,0.12990,0.11990,0.23870,0.08580,0.10200,0.09110,0.09640,0.10340,0.10300,0.09670,0.17260,0.10780,0.12470,0.09220,0.16990
6:20:34,0.19040,0.13130,0.23070,0.12080,0.13800,0.13290,0.14650,0.14480,0.22790,0.14230,0.30450,0.17520,0.16050,0.12660,0.17320,0.12680,0.14560,0.26950,0.14920,0.37060,0.19860,0.33390,0.22640,0.15340,0.14790,0.12010,0.15770,0.13800,0.14350,0.14430,0.13490,0.28530,0.17270,0.25490,0.16510,0.12010,0.11890,0.12830,0.12670,0.13900,0.12960,0.13050,0.13180,0.22230,0.11540,0.18960,0.09360,0.09670,0.18610,0.12520,1.23020,0.12690,0.13840,0.12350,0.13520,0.13550,0.21280,0.13100,0.11870,0.09220,0.16730,0.15270,1.21630,0.12450,0.12880,0.12880,0.11580,0.35240,0.18600,0.17400,0.09440,0.34450,0.12100,0.12780,1.10150,0.10820,0.11700,0.11780,0.10620,0.26300,0.16970,0.13020,0.11980,0.24200,0.08570,0.10160,0.09090,0.09600,0.10320,0.10270,0.09640,0.17380,0.10780,0.12460,0.09190,0.17170
6:30:34,0.19340,0.13240,0.23380,0.12120,0.13930,0.13380,0.14750,0.14580,0.23100,0.14320,0.30900,0.17620,0.16170,0.12730,0.17490,0.12730,0.14630,0.27220,0.15020,0.37670,0.20090,0.33880,0.22900,0.15430,0.14910,0.12040,0.15880,0.13880,0.14430,0.14540,0.13580,0.28950,0.17430,0.25810,0.16670,0.12000,0.11960,0.12920,0.12720,0.13940,0.13030,0.13150,0.13260,0.22470,0.11620,0.19130,0.09410,0.09740,0.18860,0.12600,1.22490,0.12750,0.13860,0.12410,0.13630,0.13590,0.21540,0.13180,0.11920,0.09260,0.16880,0.15400,1.21140,0.12520,0.12940,0.13010,0.11630,0.35810,0.18800,0.17540,0.09470,0.34990,0.12190,0.12840,1.10700,0.10840,0.11740,0.11830,0.10640,0.26650,0.17130,0.13110,0.12010,0.24560,0.08600,0.10190,0.09130,0.09610,0.10330,0.10280,0.09650,0.17530,0.10810,0.12480,0.09220,0.17360
6:40:34,0.19540,0.13320,0.23680,0.12170,0.14060,0.13460,0.14840,0.14670,0.23400,0.14390,0.31320,0.17710,0.16300,0.12790,0.17650,0.12780,0.14700,0.27560,0.15110,0.38270,0.20310,0.34340,0.23140,0.15540,0.15000,0.12060,0.15970,0.13950,0.14510,0.14640,0.13670,0.29360,0.17580,0.26120,0.16820,0.12000,0.12010,0.13010,0.12760,0.13980,0.13100,0.13230,0.13350,0.22850,0.11690,0.19290,0.09420,0.09750,0.19100,0.12670,1.21960,0.12810,0.13960,0.12460,0.13760,0.13610,0.21800,0.13250,0.11960,0.09270,0.17050,0.15550,1.20630,0.12590,0.13010,0.13090,0.11670,0.36340,0.19000,0.17680,0.09490,0.35520,0.12290,0.12900,1.11260,0.10870,0.11780,0.11880,0.10660,0.26980,0.17300,0.13210,0.12020,0.24890,0.08610,0.10220,0.09160,0.09670,0.10340,0.10290,0.09660,0.17680,0.10830,0.12500,0.09220,0.17540
6:50:34,0.19780,0.13440,0.24010,0.12240,0.14200,0.13560,0.14940,0.14780,0.23740,0.14510,0.31760,0.17810,0.16450,0.12880,0.17840,0.12860,0.14790,0.27380,0.15200,0.38890,0.20550,0.34830,0.23410,0.15680,0.15170,0.12120,0.16100,0.14040,0.14610,0.14760,0.13780,0.29800,0.17740,0.26460,0.17010,0.12030,0.12080,0.13120,0.12830,0.14050,0.13180,0.13340,0.13450,0.23280,0.11790,0.19480,0.09490,0.09810,0.19350,0.12770,1.21500,0.12880,0.14080,0.12530,0.13910,0.13680,0.22100,0.13350,0.12050,0.09310,0.17240,0.15700,1.20190,0.12680,0.13110,0.13240,0.11740,0.36820,0.19220,0.17860,0.09550,0.36050,0.12400,0.12980,1.11720,0.10930,0.11840,0.11960,0.10710,0.27330,0.17490,0.13340,0.12070,0.25260,0.08650,0.10270,0.09210,0.09720,0.10380,0.10310,0.09690,0.17850,0.10870,0.12550,0.09250,0.17740
7:00:34,0.19990,0.13530,0.24330,0.12270,0.14320,0.13640,0.15050,0.14880,0.24080,0.14600,0.32160,0.17900,0.16610,0.12960,0.18030,0.12940,0.14890,0.27910,0.15290,0.39470,0.20810,0.35320,0.23680,0.15810,0.15300,0.12180,0.16200,0.14120,0.14700,0.14880,0.13870,0.30220,0.17890,0.26800,0.17180,0.12060,0.12150,0.13220,0.12890,0.14090,0.13260,0.13430,0.13530,0.23280,0.11890,0.19660,0.09520,0.09850,0.19560,0.12860,1.20970,0.12950,0.14180,0.12590,0.14040,0.13720,0.22400,0.13440,0.12120,0.09320,0.17430,0.15850,1.19650,0.12780,0.13200,0.13380,0.11810,0.37380,0.19450,0.18030,0.09570,0.36560,0.12510,0.13060,1.12090,0.10980,0.11900,0.12040,0.10750,0.27670,0.17650,0.13460,0.12110,0.25590,0.08660,0.10320,0.09230,0.09750,0.10410,0.10340,0.09720,0.18020,0.10910,0.12600,0.09260,0.17920
7:10:34,0.20230,0.13650,0.24660,0.12380,0.14480,0.13750,0.15180,0.15010,0.24450,0.14720,0.32570,0.18030,0.16780,0.13050,0.18260,0.13040,0.15000,0.28020,0.15390,0.40070,0.21070,0.35820,0.23960,0.15960,0.15410,0.12280,0.16340,0.14230,0.14800,0.15020,0.14000,0.30670,0.18090,0.27170,0.17380,0.12140,0.12240,0.13330,0.12980,0.14160,0.13370,0.13550,0.13640,0.23480,0.12010,0.19870,0.09600,0.09930,0.19800,0.12970,1.20530,0.13040,0.14290,0.12690,0.14180,0.13800,0.22730,0.13550,0.12220,0.09360,0.17630,0.16020,1.19260,0.12890,0.13320,0.13510,0.11910,0.37840,0.19700,0.18240,0.09640,0.37090,0.12630,0.13170,1.12450,0.11060,0.11980,0.12150,0.10830,0.28030,0.17850,0.13610,0.12170,0.25950,0.08690,0.10390,0.09280,0.09800,0.10470,0.10400,0.09780,0.18210,0.10970,0.12690,0.09290,0.18110
7:20:34,0.20430,0.13720,0.24940,0.12390,0.14580,0.13830,0.15260,0.15090,0.24780,0.14780,0.32950,0.18110,0.16920,0.13100,0.18450,0.13100,0.15080,0.27940,0.15470,0.40600,0.21310,0.36270,0.24190,0.16060,0.15540,0.12330,0.16430,0.14290,0.14870,0.15130,0.14080,0.31060,0.18230,0.27500,0.17540,0.12160,0.12300,0.13430,0.13040,0.14210,0.13440,0.13640,0.13720,0.23710,0.12100,0.20040,0.09600,0.09930,0.19960,0.13050,1.20030,0.13100,0.14370,0.12740,0.14280,0.13850,0.23020,0.13620,0.12260,0.09330,0.17810,0.16160,1.18770,0.12980,0.13410,0.13600,0.11980,0.38220,0.19930,0.18410,0.09630,0.37560,0.12720,0.13240,1.13260,0.11110,0.12030,0.12230,0.10870,0.28360,0.18020,0.13710,0.12210,0.26260,0.08670,0.10410,0.09280,0.09810,0.10500,0.10440,0.09800,0.18370,0.11000,0.12740,0.09280,0.18280
7:30:34,0.20620,0.13810,0.25220,0.12460,0.14670,0.13910,0.15240,0.15180,0.25120,0.14850,0.33330,0.18190,0.17080,0.13160,0.18620,0.13160,0.15170,0.28150,0.15550,0.41160,0.21530,0.36710,0.24440,0.16150,0.15650,0.12380,0.16530,0.14360,0.14950,0.15260,0.14170,0.31450,0.18370,0.27820,0.17700,0.12170,0.12370,0.13520,0.13090,0.14260,0.13510,0.13730,0.13800,0.24060,0.12190,0.20220,0.09590,0.09910,0.20130,0.13130,1.19570,0.13090,0.14450,0.12810,0.14360,0.13910,0.23320,0.13700,0.12310,0.09310,0.17920,0.16300,1.18360,0.13060,0.13490,0.13670,0.12060,0.38830,0.20150,0.18590,0.09630,0.38010,0.12800,0.13320,1.13490,0.11160,0.12090,0.12320,0.10910,0.28700,0.18190,0.13810,0.12240,0.26590,0.08670,0.10430,0.09260,0.09820,0.10530,0.10470,0.09820,0.18530,0.11040,0.12790,0.09260,0.18470
7:40:34,0.20850,0.13890,0.25520,0.12520,0.14800,0.14030,0.15350,0.15280,0.25490,0.14950,0.33730,0.18310,0.17250,0.13240,0.18820,0.13240,0.15270,0.28480,0.15650,0.41720,0.21810,0.37170,0.24720,0.16270,0.15740,0.12460,0.16670,0.14450,0.15050,0.15400,0.14270,0.31870,0.18550,0.28180,0.17900,0.12230,0.12430,0.13620,0.13170,0.14320,0.13600,0.13830,0.13900,0.24430,0.12300,0.20410,0.09620,0.09950,0.20350,0.13220,1.19100,0.13180,0.14550,0.12880,0.14480,0.13970,0.23630,0.13800,0.12370,0.09330,0.18110,0.16450,1.17900,0.13150,0.13600,0.13770,0.12150,0.39210,0.20400,0.18760,0.09670,0.38520,0.12890,0.13410,1.13700,0.11230,0.12160,0.12410,0.10970,0.29050,0.18350,0.13930,0.12290,0.26970,0.08690,0.10460,0.09290,0.09850,0.10570,0.10520,0.09850,0.18710,0.11090,0.12860,0.09290,0.18660
7:50:34,0.21070,0.13990,0.25790,0.12590,0.14880,0.14110,0.15450,0.15380,0.25850,0.15060,0.34100,0.18440,0.17420,0.13330,0.19020,0.13310,0.15360,0.28670,0.15730,0.42270,0.22060,0.37640,0.24980,0.16360,0.15900,0.12530,0.16790,0.14520,0.15130,0.15530,0.14370,0.32270,0.18710,0.28520,0.18100,0.12280,0.12510,0.13720,0.13230,0.14390,0.13690,0.13930,0.13980,0.24480,0.12410,0.20600,0.09670,0.10010,0.20550,0.13320,1.18710,0.13250,0.14620,0.12950,0.14570,0.14040,0.23920,0.13890,0.12430,0.09360,0.18310,0.16600,1.17520,0.13240,0.13720,0.13870,0.12250,0.39550,0.20650,0.18930,0.09710,0.39010,0.13000,0.13510,1.13910,0.11300,0.12230,0.12520,0.11010,0.29400,0.18540,0.14060,0.12350,0.27310,0.08710,0.10500,0.09330,0.09890,0.10620,0.10570,0.09900,0.18900,0.11130,0.12930,0.09310,0.18850
8:00:34,0.21310,0.14110,0.26110,0.12690,0.15020,0.14230,0.15560,0.15490,0.26240,0.15160,0.34510,0.18540,0.17610,0.13450,0.19260,0.13410,0.15480,0.29330,0.15850,0.42840,0.22330,0.38120,0.25260,0.16480,0.16070,0.12650,0.16930,0.14610,0.15250,0.15680,0.14490,0.32700,0.18850,0.28890,0.18320,0.12360,0.12600,0.13840,0.13330,0.14450,0.13800,0.14050,0.14090,0.24740,0.12550,0.20820,0.09750,0.10090,0.20790,0.13420,1.18300,0.13350,0.14730,0.13040,0.14680,0.14110,0.24240,0.14000,0.12520,0.09410,0.18530,0.16780,1.17120,0.13340,0.13850,0.13990,0.12380,0.40310,0.20920,0.19110,0.09790,0.39530,0.13140,0.13630,1.14080,0.11410,0.12330,0.12630,0.11080,0.29760,0.18740,0.14220,0.12430,0.27790,0.08750,0.10580,0.09400,0.09950,0.10690,0.10650,0.09970,0.19100,0.11210,0.13040,0.09370,0.19040
8:10:34,0.21550,0.14210,0.26410,0.12800,0.15140,0.14340,0.15660,0.15600,0.26610,0.15280,0.34890,0.18660,0.17800,0.13580,0.19480,0.13520,0.15570,0.29650,0.15950,0.43380,0.22580,0.38580,0.25540,0.16600,0.16180,0.12750,0.17080,0.14720,0.15300,0.15830,0.14610,0.33110,0.19030,0.29250,0.18540,0.12450,0.12690,0.13950,0.13420,0.14540,0.13900,0.14160,0.14190,0.25010,0.12670,0.21030,0.09830,0.10170,0.21020,0.13530,1.17930,0.13440,0.14820,0.13130,0.14800,0.14200,0.24530,0.14100,0.12610,0.09460,0.18750,0.16940,1.16760,0.13450,0.13940,0.14110,0.12500,0.40610,0.21190,0.19280,0.09850,0.40040,0.13270,0.13760,1.14220,0.11510,0.12420,0.12750,0.11180,0.30120,0.18930,0.14380,0.12510,0.28130,0.08780,0.10670,0.09450,0.10030,0.10770,0.10730,0.10040,0.19300,0.11280,0.13140,0.09410,0.19230
8:20:34,0.21770,0.14310,0.26710,0.12870,0.15270,0.14430,0.15770,0.15700,0.26940,0.15380,0.35280,0.18760,0.17990,0.13720,0.19710,0.13620,0.15680,0.30130,0.16060,0.43930,0.22830,0.39050,0.25820,0.16730,0.16340,0.12870,0.17220,0.14800,0.15400,0.15970,0.14730,0.33510,0.19210,0.29610,0.18750,0.12540,0.12770,0.14060,0.13520,0.14610,0.14000,0.14270,0.14300,0.25270,0.12800,0.21250,0.09920,0.10250,0.21250,0.13640,1.17530,0.13550,0.14910,0.13220,0.14920,0.14280,0.24840,0.14210,0.12720,0.09510,0.18980,0.17120,1.16390,0.13560,0.14040,0.14230,0.12640,0.40980,0.21460,0.19470,0.09900,0.40530,0.13400,0.13880,1.14310,0.11620,0.12520,0.12870,0.11280,0.30480,0.19120,0.14520,0.12600,0.28480,0.08800,0.10740,0.09490,0.10100,0.10840,0.10810,0.10120,0.19510,0.11340,0.13260,0.09430,0.19410
8:30:34,0.22000,0.14400,0.26990,0.12940,0.15370,0.14530,0.15860,0.15810,0.27250,0.15460,0.35630,0.18850,0.18150,0.13820,0.19920,0.13710,0.15760,0.30350,0.16140,0.44450,0.23060,0.39490,0.26090,0.16820,0.16450,0.12960,0.17350,0.14880,0.15480,0.16080,0.14820,0.33910,0.19370,0.29950,0.18950,0.12610,0.12840,0.14160,0.13590,0.14700,0.14090,0.14380,0.14390,0.25820,0.12910,0.21460,0.09970,0.10300,0.21440,0.13720,1.17170,0.13640,0.15000,0.13300,0.15020,0.14350,0.25130,0.14310,0.12810,0.09510,0.19180,0.17290,1.16050,0.13640,0.14130,0.14330,0.12750,0.41740,0.21690,0.19620,0.09910,0.40990,0.13510,0.14000,1.14310,0.11720,0.12610,0.12960,0.11360,0.30840,0.19300,0.14640,0.12660,0.28790,0.08790,0.10790,0.09500,0.10150,0.10900,0.10880,0.10180,0.19700,0.11400,0.13400,0.09430,0.19580
8:40:34,0.22220,0.14510,0.27300,0.13020,0.15500,0.14640,0.15970,0.15910,0.27600,0.15580,0.36030,0.18930,0.18330,0.13930,0.20130,0.13810,0.15860,0.30680,0.16240,0.44980,0.23320,0.39950,0.26360,0.16950,0.16650,0.13050,0.17490,0.14970,0.15580,0.16210,0.14930,0.34290,0.19540,0.30300,0.19140,0.12690,0.12920,0.14260,0.13670,0.14760,0.14190,0.14480,0.14480,0.26040,0.13020,0.21660,0.10020,0.10350,0.21640,0.13820,1.16820,0.13730,0.15100,0.13380,0.15140,0.14430,0.25420,0.14400,0.12900,0.09510,0.19380,0.17450,1.15680,0.13740,0.14220,0.14430,0.12860,0.42010,0.21940,0.19800,0.09940,0.41450,0.13620,0.14110,1.14350,0.11820,0.12700,0.13060,0.11450,0.31190,0.19490,0.14750,0.12730,0.29110,0.08810,0.10840,0.09510,0.10190,0.10960,0.10940,0.10240,0.19900,0.11460,0.13470,0.09440,0.19750
8:50:34,0.22430,0.14590,0.27560,0.13100,0.15580,0.14720,0.16060,0.16000,0.27880,0.15680,0.36400,0.19030,0.18500,0.14010,0.20330,0.13890,0.15930,0.31110,0.16320,0.45510,0.23490,0.40420,0.26630,0.17060,0.16740,0.13140,0.17620,0.15040,0.15680,0.16320,0.15030,0.34680,0.19690,0.30650,0.19330,0.12760,0.12990,0.14360,0.13750,0.14830,0.14260,0.14570,0.14570,0.26100,0.13120,0.21790,0.10060,0.10390,0.21840,0.13910,1.16500,0.13810,0.15160,0.13450,0.15220,0.14500,0.25690,0.14490,0.12990,0.09510,0.19580,0.17600,1.15350,0.13840,0.14300,0.14530,0.12950,0.42350,0.22160,0.19960,0.09940,0.41910,0.13720,0.14210,1.14290,0.11910,0.12780,0.13140,0.11520,0.31540,0.19670,0.14850,0.12800,0.29420,0.08800,0.10870,0.09520,0.10230,0.11030,0.11010,0.10280,0.20090,0.11510,0.13580,0.09450,0.19920
9:00:34,0.22630,0.14670,0.27840,0.13180,0.15690,0.14810,0.16160,0.16100,0.28210,0.15760,0.36770,0.19130,0.18680,0.14100,0.20530,0.13980,0.16010,0.31510,0.16410,0.46020,0.23740,0.40850,0.26890,0.17160,0.16880,0.13220,0.17740,0.15130,0.15760,0.16440,0.15130,0.35070,0.19850,0.30980,0.19520,0.12840,0.13050,0.14450,0.13820,0.14900,0.14350,0.14650,0.14650,0.26300,0.13230,0.21990,0.10090,0.10410,0.22030,0.14000,1.16090,0.13890,0.15250,0.13520,0.15320,0.14560,0.25970,0.14570,0.13070,0.09520,0.19780,0.17760,1.15030,0.13930,0.14380,0.14630,0.13040,0.43100,0.22410,0.20130,0.09970,0.42370,0.13820,0.14330,1.14280,0.12000,0.12870,0.13240,0.11600,0.31870,0.19850,0.14950,0.12870,0.29730,0.08810,0.10900,0.09540,0.10270,0.11080,0.11070,0.10340,0.20280,0.11570,0.13640,0.09450,0.20090
9:10:34,0.22840,0.14760,0.28120,0.13240,0.15770,0.14880,0.16250,0.16180,0.28500,0.15860,0.37130,0.19210,0.18840,0.14190,0.20730,0.14070,0.16070,0.31610,0.16510,0.46560,0.23970,0.41330,0.27130,0.17270,0.16990,0.13300,0.17850,0.15210,0.15840,0.16540,0.15230,0.35450,0.20000,0.31320,0.19710,0.12900,0.13130,0.14540,0.13900,0.14970,0.14420,0.14750,0.14740,0.26610,0.13320,0.22200,0.10130,0.10440,0.22230,0.14090,1.15860,0.13970,0.15330,0.13590,0.15410,0.14630,0.26250,0.14660,0.13160,0.09520,0.19990,0.17910,1.14680,0.14020,0.14460,0.14730,0.13130,0.43390,0.22630,0.20280,0.09980,0.42810,0.13920,0.14440,1.14210,0.12090,0.12940,0.13330,0.11670,0.32220,0.20030,0.15050,0.12940,0.30030,0.08820,0.10910,0.09550,0.10310,0.11140,0.11130,0.10380,0.20470,0.11630,0.13740,0.09460,0.20260
9:20:34,0.23070,0.14860,0.28390,0.13300,0.15880,0.14980,0.16360,0.16290,0.28810,0.15950,0.37500,0.19300,0.19020,0.14290,0.20920,0.14170,0.16160,0.31480,0.16610,0.47070,0.24210,0.41790,0.27390,0.17380,0.17150,0.13400,0.17990,0.15290,0.15940,0.16660,0.15320,0.35810,0.20160,0.31660,0.19890,0.12970,0.13190,0.14640,0.13970,0.15030,0.14500,0.14830,0.14830,0.27010,0.13420,0.22400,0.10160,0.10470,0.22420,0.14180,1.15520,0.14060,0.15430,0.13660,0.15510,0.14700,0.26530,0.14740,0.13250,0.09520,0.20190,0.18070,1.14360,0.14100,0.14540,0.14820,0.13220,0.43740,0.22860,0.20450,0.10010,0.43260,0.14020,0.14550,1.14150,0.12170,0.13030,0.13410,0.11740,0.32550,0.20200,0.15150,0.13010,0.30340,0.08840,0.10930,0.09580,0.10350,0.11200,0.11190,0.10430,0.20660,0.11680,0.13780,0.09470,0.20440
9:30:34,0.23270,0.14940,0.28660,0.13380,0.15960,0.15060,0.16440,0.16360,0.29110,0.16020,0.37880,0.19400,0.19200,0.14390,0.21130,0.14260,0.16230,0.31730,0.16680,0.47590,0.24430,0.42200,0.27660,0.17470,0.17250,0.13480,0.18110,0.15370,0.16020,0.16770,0.15410,0.36200,0.20310,0.31990,0.20050,0.13040,0.13260,0.14710,0.14050,0.15100,0.14580,0.14920,0.14910,0.27030,0.13520,0.22600,0.10200,0.10510,0.22610,0.14270,1.15160,0.14140,0.15510,0.13730,0.15610,0.14770,0.26800,0.14830,0.13350,0.09540,0.20370,0.18230,1.14070,0.14190,0.14620,0.14930,0.13310,0.44390,0.23080,0.20610,0.10020,0.43700,0.14120,0.14660,1.13990,0.12260,0.13110,0.13500,0.11820,0.32890,0.20370,0.15250,0.13080,0.30640,0.08840,0.10940,0.09590,0.10380,0.11250,0.11250,0.10470,0.20840,0.11730,0.13920,0.09480,0.20620
9:40:34,0.23510,0.15010,0.28960,0.13460,0.16070,0.15160,0.16550,0.16480,0.29430,0.16130,0.38240,0.19510,0.19370,0.14520,0.21340,0.14370,0.16310,0.31580,0.16780,0.48100,0.24680,0.42650,0.27920,0.17590,0.17380,0.13580,0.18250,0.15450,0.16110,0.16890,0.15520,0.36580,0.20470,0.32330,0.20240,0.13120,0.13340,0.14820,0.14130,0.15180,0.14670,0.15010,0.15000,0.27290,0.13630,0.22810,0.10250,0.10550,0.22840,0.14370,1.14820,0.14230,0.15600,0.13810,0.15720,0.14840,0.27050,0.14920,0.13450,0.09560,0.20580,0.18380,1.13730,0.14290,0.14710,0.15020,0.13400,0.44830,0.23320,0.20790,0.10060,0.44160,0.14230,0.14770,1.13890,0.12350,0.13230,0.13600,0.11900,0.33240,0.20560,0.15360,0.13160,0.30970,0.08870,0.10960,0.09640,0.10430,0.11320,0.11320,0.10530,0.21040,0.11810,0.13960,0.09520,0.20810
9:50:34,0.23740,0.15140,0.29270,0.13560,0.16200,0.15290,0.16670,0.16600,0.29760,0.16260,0.38620,0.19620,0.19590,0.14660,0.21580,0.14510,0.16420,0.31630,0.16890,0.48620,0.24920,0.43130,0.28220,0.17740,0.17520,0.13700,0.18400,0.15560,0.16210,0.17020,0.15640,0.36980,0.20640,0.32720,0.20460,0.13240,0.13430,0.14940,0.14240,0.15280,0.14770,0.15120,0.15100,0.27570,0.13760,0.23040,0.10350,0.10650,0.23090,0.14490,1.14650,0.14350,0.15720,0.13900,0.15850,0.14930,0.27360,0.15030,0.13590,0.09650,0.20820,0.18560,1.13470,0.14410,0.14820,0.15150,0.13520,0.45130,0.23580,0.20980,0.10160,0.44660,0.14370,0.14920,1.13850,0.12460,0.13340,0.13720,0.12000,0.33610,0.20750,0.15520,0.13250,0.31330,0.08930,0.11020,0.09720,0.10510,0.11410,0.11410,0.10620,0.21250,0.11890,0.14090,0.09590,0.20980
10:00:34,0.23970,0.15220,0.29550,0.13640,0.16320,0.15390,0.16770,0.16710,0.30040,0.16350,0.38990,0.19730,0.19790,0.14790,0.21810,0.14640,0.16520,0.31730,0.17000,0.49140,0.25180,0.43590,0.28490,0.17880,0.17690,0.13820,0.18560,0.15650,0.16300,0.17150,0.15750,0.37370,0.20820,0.33070,0.20660,0.13360,0.13520,0.15060,0.14340,0.15380,0.14880,0.15230,0.15200,0.27890,0.13890,0.23260,0.10460,0.10740,0.23350,0.14590,1.14350,0.14450,0.15820,0.13990,0.15980,0.15030,0.27650,0.15140,0.13720,0.09700,0.21030,0.18730,1.13280,0.14530,0.14930,0.15280,0.13630,0.45710,0.23840,0.21160,0.10240,0.45140,0.14500,0.15060,1.13750,0.12570,0.13450,0.13830,0.12100,0.33960,0.20950,0.15670,0.13350,0.31640,0.08960,0.11080,0.09790,0.10590,0.11500,0.11500,0.10700,0.21460,0.11980,0.14220,0.09640,0.21160

