Corrected [600]
	1	2	3	4	5	6	7	8	9	10	11	12
A	0.52050	0.08071	0.56007	0.08033	0.56206	0.07998	0.54938	0.08047	0.57532	0.08029	0.55695	0.08022	Corrected [600]
B	0.43532	0.56332	0.39845	0.53126	0.41017	0.52820	0.40680	0.52668	0.32804	0.54089	0.42086	0.61075	Corrected [600]
C	0.25497	0.40478	0.27324	0.37009	0.25026	0.37845	0.25192	0.39345	0.26882	0.40500	0.26957	0.42718	Corrected [600]
D	0.08022	0.24735	0.07989	0.25738	0.08038	0.26340	0.07841	0.25127	0.07953	0.27577	0.07875	0.27054	Corrected [600]
E	0.51624	0.07932	0.59581	0.08270	0.59274	0.08182	0.58340	0.08176	0.61938	0.08034	0.59462	0.07903	Corrected [600]
F	0.37250	0.55228	0.38712	0.52591	0.36979	0.55264	0.39854	0.53013	0.42320	0.55735	0.42585	0.61127	Corrected [600]
G	0.22505	0.38738	0.23438	0.40380	0.24616	0.39609	0.24164	0.39465	0.25258	0.39488	0.28602	0.42178	Corrected [600]
H	0.07985	0.24799	0.07870	0.25253	0.07980	0.25350	0.07998	0.27125	0.07951	0.27000	0.07881	0.27417	Corrected [600]

