Corrected [600]
	1	2	3	4	5	6	7	8	9	10	11	12
A	0.33418	0.07457	0.34500	0.07521	0.31131	0.07418	0.30639	0.07645	0.30612	0.07607	0.32830	0.07540	Corrected [600]
B	0.26083	0.35365	0.28644	0.38483	0.26148	0.34037	0.23292	0.32660	0.24469	0.33063	0.24719	0.30696	Corrected [600]
C	0.16498	0.27287	0.17608	0.29800	0.17052	0.27424	0.16894	0.24274	0.16402	0.23453	0.16233	0.23886	Corrected [600]
D	0.07400	0.17822	0.07492	0.18059	0.07588	0.17882	0.07511	0.16584	0.07604	0.16591	0.07456	0.15653	Corrected [600]
E	0.34888	0.07481	0.37457	0.07480	0.35033	0.07478	0.34786	0.07514	0.35152	0.07580	0.32750	0.07480	Corrected [600]
F	0.26447	0.38291	0.27865	0.37569	0.26735	0.38301	0.25483	0.35397	0.26531	0.33477	0.24794	0.31407	Corrected [600]
G	0.17233	0.27982	0.18692	0.28128	0.17090	0.26226	0.16667	0.26437	0.17149	0.24436	0.16902	0.23432	Corrected [600]
H	0.07357	0.16804	0.07395	0.17610	0.07387	0.17426	0.07535	0.16167	0.07660	0.16342	0.07461	0.15779	Corrected [600]

