Corrected [600]
	1	2	3	4	5	6	7	8	9	10	11	12
A	0.38360	0.07380	0.33013	0.07262	0.29208	0.07398	0.31189	0.07344	0.31520	0.07318	0.30644	0.07233	Corrected [600]
B	0.26033	0.38408	0.26415	0.36969	0.24519	0.35402	0.25734	0.32794	0.26238	0.33791	0.24748	0.32327	Corrected [600]
C	0.17905	0.33087	0.17519	0.27985	0.16976	0.27778	0.17633	0.25657	0.17923	0.25457	0.17155	0.27538	Corrected [600]
D	0.07357	0.18189	0.07310	0.18958	0.07332	0.18616	0.07354	0.18096	0.07248	0.17428	0.07226	0.18539	Corrected [600]
E	0.31826	0.07350	0.37031	0.07488	0.39457	0.07211	0.35320	0.07233	0.35140	0.07274	0.32925	0.07255	Corrected [600]
F	0.23909	0.40448	0.30486	0.40836	0.29960	0.36370	0.26380	0.36000	0.27357	0.34707	0.25145	0.32094	Corrected [600]
G	0.16264	0.29563	0.17637	0.29409	0.19428	0.28848	0.19796	0.28095	0.18977	0.27050	0.17578	0.26724	Corrected [600]
H	0.07397	0.19668	0.07339	0.20248	0.07262	0.18746	0.07262	0.18954	0.07273	0.18981	0.07617	0.17453	Corrected [600]

