420

Time,A1,A2,A3,A4,A5,A6,A7,A8,A9,A10,A11,A12,B1,B2,B3,B4,B5,B6,B7,B8,B9,B10,B11,B12,C1,C2,C3,C4,C5,C6,C7,C8,C9,C10,C11,C12,D1,D2,D3,D4,D5,D6,D7,D8,D9,D10,D11,D12,E1,E2,E3,E4,E5,E6,E7,E8,E9,E10,E11,E12,F1,F2,F3,F4,F5,F6,F7,F8,F9,F10,F11,F12,G1,G2,G3,G4,G5,G6,G7,G8,G9,G10,G11,G12,H1,H2,H3,H4,H5,H6,H7,H8,H9,H10,H11,H12
0:00:09,0.13590,0.09250,0.10510,0.09130,0.16620,0.09600,0.19620,0.08780,0.40230,0.38700,0.09250,0.08410,0.12290,0.10360,0.09830,0.09090,0.15420,0.10260,0.17670,0.10400,0.08550,0.37910,0.09230,0.10680,0.10560,0.09560,0.08970,0.10220,0.11880,0.10730,0.14250,0.11280,0.08990,0.59330,0.08820,0.11300,0.08390,0.08600,0.08400,0.08540,0.15580,0.09280,0.08470,0.10190,0.08330,0.68210,0.08480,0.10500,0.10980,0.08400,0.10370,0.09970,0.25180,0.08630,0.10380,0.08290,0.09700,0.44200,0.08580,0.09280,0.09600,0.09090,0.11930,0.12450,0.22350,0.10340,0.08870,0.11420,0.09390,0.72130,0.08770,0.09730,0.09300,0.08590,0.08750,0.11840,0.13190,0.09110,0.08370,0.10230,0.08850,0.12580,0.09240,0.10190,0.08400,0.36290,0.08730,0.10710,0.08660,0.08860,0.11720,0.12280,0.08720,0.21480,0.08320,0.08850
0:02:39,0.15900,0.09240,0.11130,0.09500,0.21750,0.09540,0.26530,0.08740,0.42040,0.37150,0.09890,0.08380,0.13830,0.10320,0.10150,0.09060,0.18650,0.10390,0.23260,0.11520,0.08510,0.50980,0.09620,0.12090,0.11320,0.09510,0.09090,0.10230,0.13850,0.10730,0.18580,0.11170,0.08940,0.67090,0.09040,0.12380,0.08370,0.08570,0.08370,0.08530,0.15480,0.09320,0.08450,0.10650,0.08340,0.72210,0.08460,0.13610,0.12010,0.08350,0.10980,0.09860,0.30380,0.08580,0.10440,0.08260,0.10680,0.43910,0.08590,0.09250,0.10200,0.08990,0.12420,0.14810,0.23680,0.10870,0.08910,0.12360,0.10030,0.71800,0.08620,0.09870,0.09610,0.08560,0.08980,0.13830,0.14190,0.09210,0.08380,0.10820,0.09250,0.12890,0.09200,0.10320,0.08190,0.37760,0.08670,0.11600,0.08610,0.09040,0.11650,0.12650,0.08690,0.22030,0.08300,0.08900
0:05:09,0.18280,0.09190,0.11800,0.09480,0.27340,0.09500,0.34080,0.08720,0.43340,0.36330,0.10570,0.08350,0.15670,0.10310,0.10610,0.09120,0.22310,0.10650,0.29590,0.12600,0.08500,0.62790,0.09980,0.13490,0.12330,0.09490,0.09230,0.10170,0.15870,0.10880,0.22770,0.12030,0.08930,0.76060,0.09290,0.13450,0.08380,0.08550,0.07930,0.08550,0.15240,0.09370,0.08420,0.11190,0.08310,0.76920,0.08440,0.14360,0.13000,0.08310,0.11700,0.09760,0.36440,0.08550,0.10440,0.08240,0.11670,0.43990,0.08550,0.09230,0.10930,0.09000,0.12830,0.17410,0.25080,0.11570,0.08960,0.13420,0.10860,0.72100,0.08560,0.10120,0.09960,0.08540,0.09270,0.15900,0.15000,0.09360,0.08410,0.11490,0.09710,0.13170,0.09170,0.10470,0.07750,0.38770,0.08210,0.12580,0.08580,0.09250,0.11530,0.13170,0.08670,0.21910,0.08280,0.08920
0:07:39,0.20590,0.09170,0.12530,0.09460,0.33520,0.09470,0.42070,0.08690,0.44160,0.35330,0.11320,0.08320,0.17560,0.10350,0.11100,0.09200,0.25990,0.10910,0.35280,0.13830,0.08500,0.74870,0.10430,0.15170,0.13340,0.09500,0.09410,0.10160,0.17960,0.10930,0.27400,0.12910,0.08920,0.84190,0.09550,0.14860,0.07690,0.08550,0.07910,0.08560,0.15020,0.09460,0.08370,0.11800,0.08290,0.81120,0.08430,0.15060,0.14120,0.08280,0.12450,0.09670,0.42520,0.08520,0.10500,0.08210,0.12730,0.43340,0.08520,0.09210,0.11700,0.08980,0.13350,0.20320,0.26580,0.12310,0.09010,0.14670,0.11650,0.72480,0.08570,0.10300,0.10350,0.08530,0.09530,0.18000,0.16090,0.09610,0.08450,0.12350,0.10220,0.13560,0.09170,0.10540,0.07750,0.40070,0.08170,0.13680,0.08550,0.09490,0.11380,0.13640,0.08650,0.22070,0.08270,0.08920
0:10:09,0.23040,0.09160,0.13320,0.09440,0.40050,0.09450,0.49980,0.08680,0.45890,0.35630,0.12080,0.08310,0.19410,0.10370,0.11600,0.09300,0.30030,0.11200,0.41610,0.15100,0.08500,0.88320,0.10950,0.16630,0.14370,0.09530,0.09610,0.10200,0.20100,0.11100,0.31810,0.13910,0.08930,0.93110,0.09850,0.16470,0.07680,0.08560,0.07900,0.08570,0.14750,0.09560,0.08370,0.12440,0.08280,0.86240,0.08410,0.15670,0.15330,0.08270,0.13240,0.09570,0.48740,0.08500,0.10570,0.08200,0.13740,0.43150,0.08510,0.08820,0.12480,0.08990,0.13960,0.23320,0.28270,0.13170,0.09080,0.15870,0.12490,0.72470,0.08580,0.10520,0.10780,0.08510,0.09820,0.20240,0.17220,0.09880,0.08500,0.13170,0.10750,0.13990,0.09150,0.10710,0.07740,0.41190,0.08150,0.14760,0.08530,0.09750,0.11360,0.14110,0.08640,0.21880,0.08250,0.08990
0:12:39,0.25730,0.09130,0.14160,0.09430,0.46400,0.09430,0.57620,0.08660,0.46890,0.35060,0.12840,0.08300,0.21230,0.10440,0.12170,0.09380,0.34370,0.11520,0.49020,0.16450,0.08520,1.01210,0.11460,0.18410,0.15400,0.09570,0.09800,0.10240,0.22260,0.11270,0.36310,0.14810,0.08950,1.01300,0.10170,0.17880,0.07680,0.08580,0.07880,0.08600,0.14530,0.09670,0.08350,0.13130,0.08260,0.90810,0.08390,0.16410,0.16470,0.07840,0.14080,0.09490,0.54900,0.08480,0.10670,0.08190,0.14800,0.42540,0.08520,0.08810,0.13310,0.08990,0.14590,0.26180,0.29970,0.14040,0.09160,0.17220,0.13420,0.72840,0.08580,0.10790,0.11220,0.08500,0.10150,0.22530,0.18670,0.10170,0.08550,0.14180,0.11320,0.14470,0.09150,0.10810,0.07730,0.42450,0.08150,0.16000,0.08520,0.10010,0.11120,0.14830,0.08630,0.22280,0.08240,0.09040
0:15:09,0.28520,0.09120,0.15060,0.09410,0.52780,0.09410,0.64530,0.08650,0.48460,0.33330,0.13550,0.08290,0.23200,0.10490,0.12730,0.09510,0.38730,0.11800,0.56010,0.17780,0.08540,1.12130,0.11970,0.20120,0.16480,0.09630,0.10020,0.10320,0.24690,0.11430,0.40730,0.16020,0.08960,1.09210,0.10530,0.19480,0.07670,0.08600,0.07880,0.08620,0.14270,0.09820,0.08320,0.13860,0.08260,0.95590,0.08380,0.17150,0.17640,0.07820,0.14980,0.09410,0.61850,0.08710,0.10720,0.08170,0.15840,0.42220,0.08540,0.08780,0.14180,0.09020,0.15310,0.29080,0.31800,0.15040,0.09250,0.18620,0.14380,0.73380,0.08580,0.11120,0.11550,0.08520,0.10480,0.24880,0.20030,0.10470,0.08600,0.15330,0.11920,0.14910,0.09160,0.10980,0.07740,0.43860,0.08130,0.17220,0.08490,0.10290,0.11160,0.15440,0.08620,0.22480,0.08240,0.09110
0:17:39,0.31270,0.09100,0.15960,0.09400,0.59140,0.09400,0.70960,0.08630,0.49770,0.33350,0.14350,0.08280,0.25280,0.10560,0.13350,0.09660,0.43070,0.12110,0.63840,0.19240,0.08560,1.22520,0.12500,0.22170,0.17530,0.09660,0.10260,0.10350,0.27480,0.11650,0.45120,0.17270,0.08980,1.16770,0.10890,0.21150,0.07670,0.08610,0.07860,0.08660,0.13980,0.09960,0.08300,0.14570,0.08250,1.00920,0.08360,0.17840,0.18900,0.07800,0.15890,0.09330,0.68550,0.08640,0.10840,0.08160,0.16890,0.41590,0.08570,0.08340,0.15100,0.09030,0.16060,0.32200,0.33470,0.16080,0.09350,0.20120,0.15410,0.73310,0.08600,0.11410,0.12050,0.08520,0.10830,0.27330,0.21370,0.10790,0.08660,0.16460,0.12570,0.15460,0.09170,0.11140,0.07730,0.45190,0.08110,0.18520,0.08460,0.10570,0.10990,0.16290,0.08620,0.22540,0.08220,0.09170
0:20:09,0.34030,0.09110,0.16940,0.09390,0.65680,0.09410,0.77070,0.08630,0.50960,0.32530,0.15280,0.08290,0.27450,0.10650,0.13990,0.09810,0.47200,0.12480,0.71470,0.20840,0.08610,1.30230,0.13110,0.24190,0.18650,0.09730,0.10520,0.10430,0.30260,0.11860,0.49620,0.18490,0.09010,1.24210,0.11260,0.22560,0.07670,0.08640,0.07860,0.08710,0.13780,0.10110,0.08290,0.15310,0.08250,1.05260,0.08320,0.18460,0.20370,0.07800,0.16860,0.09250,0.75410,0.08590,0.10940,0.08160,0.18040,0.41130,0.08600,0.08340,0.16020,0.09060,0.16780,0.35490,0.35390,0.17150,0.09450,0.21710,0.16500,0.73590,0.08630,0.11710,0.12520,0.08540,0.11200,0.29840,0.22780,0.11130,0.08730,0.17620,0.13270,0.16020,0.09180,0.11340,0.07740,0.46780,0.08140,0.19740,0.08460,0.10850,0.10840,0.16890,0.08620,0.22720,0.08230,0.09250
0:22:39,0.36780,0.09100,0.17890,0.09390,0.71670,0.09390,0.83070,0.08630,0.53080,0.32620,0.16360,0.08300,0.29580,0.10730,0.14620,0.09960,0.51460,0.12860,0.78710,0.22600,0.08660,1.37450,0.13770,0.26290,0.19810,0.09780,0.10750,0.10480,0.33060,0.12080,0.54100,0.19640,0.09010,1.31360,0.11640,0.24180,0.07660,0.08650,0.07840,0.08740,0.13520,0.10280,0.08280,0.16060,0.08260,1.10090,0.08260,0.19230,0.21810,0.07790,0.17850,0.09180,0.81770,0.08550,0.11040,0.08150,0.19360,0.40690,0.08650,0.08330,0.16920,0.09070,0.17510,0.38960,0.37250,0.18190,0.09530,0.23190,0.17600,0.73520,0.08640,0.12010,0.12970,0.08550,0.11530,0.32440,0.24110,0.11450,0.08780,0.18770,0.13930,0.16580,0.09180,0.11510,0.07740,0.47990,0.08130,0.20910,0.08440,0.11110,0.10790,0.17690,0.08620,0.22810,0.08220,0.09340
0:25:09,0.39570,0.09110,0.18820,0.09390,0.77360,0.09380,0.89230,0.08620,0.53970,0.31330,0.17320,0.08310,0.31550,0.10820,0.15230,0.10070,0.55800,0.13240,0.85760,0.24170,0.08670,1.42170,0.14400,0.28390,0.20910,0.09840,0.11010,0.10560,0.35720,0.12260,0.58600,0.20950,0.09020,1.38130,0.11980,0.25860,0.07650,0.08670,0.07820,0.08770,0.13330,0.10450,0.08260,0.16800,0.08240,1.14060,0.08240,0.19870,0.23220,0.07780,0.18910,0.09110,0.88220,0.08450,0.11120,0.08140,0.20640,0.40070,0.08660,0.07720,0.17820,0.09080,0.18260,0.42630,0.39260,0.19270,0.09610,0.24700,0.18660,0.73450,0.08780,0.12300,0.13410,0.08550,0.11860,0.35050,0.25550,0.11780,0.08830,0.19910,0.14540,0.17210,0.09170,0.11650,0.07740,0.49580,0.08110,0.22070,0.08430,0.11340,0.10690,0.18260,0.08620,0.23590,0.08210,0.09420
0:27:39,0.42400,0.09110,0.19800,0.09400,0.82510,0.09380,0.95820,0.08640,0.56390,0.31280,0.18370,0.08320,0.33420,0.10910,0.15830,0.10190,0.60000,0.13640,0.92590,0.25810,0.08710,1.46550,0.15010,0.30530,0.22000,0.09890,0.11280,0.10620,0.38160,0.12480,0.63010,0.22410,0.09050,1.44650,0.12360,0.27600,0.07660,0.08690,0.07820,0.08800,0.13110,0.10630,0.08260,0.17550,0.08250,1.18790,0.08250,0.20520,0.24620,0.07770,0.19930,0.09060,0.93850,0.08480,0.11200,0.08140,0.21930,0.39450,0.08680,0.07730,0.18730,0.09120,0.19040,0.46300,0.41310,0.20370,0.09690,0.26240,0.19660,0.73350,0.08770,0.12580,0.13870,0.08570,0.12170,0.37530,0.26950,0.12140,0.08900,0.21060,0.15160,0.17760,0.09180,0.11870,0.07740,0.08420,0.08260,0.23310,0.08430,0.11630,0.10530,0.18940,0.08630,0.23650,0.08220,0.09490
0:30:09,0.45130,0.09130,0.20760,0.09390,0.87140,0.09750,1.02650,0.08640,0.57210,0.29590,0.19350,0.08340,0.35320,0.10980,0.16440,0.10320,0.63910,0.14020,0.98750,0.27200,0.08740,1.49650,0.15590,0.32660,0.23180,0.09940,0.11540,0.10680,0.40560,0.12660,0.66990,0.23730,0.09080,1.49380,0.12720,0.29320,0.07650,0.08720,0.07820,0.08820,0.12920,0.10810,0.08260,0.18370,0.08270,1.22540,0.08250,0.21180,0.25930,0.07720,0.21030,0.09020,0.99460,0.08480,0.11300,0.08150,0.23140,0.38980,0.08710,0.07730,0.19570,0.09140,0.19720,0.49760,0.43790,0.21400,0.09780,0.27720,0.20600,0.73300,0.08690,0.12840,0.14340,0.08590,0.12480,0.39890,0.28490,0.12470,0.08940,0.22180,0.15740,0.18290,0.09170,0.12050,0.07750,0.08410,0.08380,0.24600,0.08430,0.11940,0.10520,0.19660,0.08640,0.23670,0.08230,0.09620
0:32:39,0.48060,0.09150,0.21710,0.09400,0.91280,0.10360,1.09020,0.08670,0.58760,0.29670,0.20280,0.08390,0.37510,0.11120,0.17040,0.10490,0.67790,0.14450,1.04260,0.29000,0.08810,1.52200,0.16210,0.34820,0.24500,0.10030,0.11800,0.10780,0.37740,0.12860,0.71060,0.25080,0.09120,1.54410,0.13150,0.31070,0.07670,0.08770,0.07830,0.08870,0.12770,0.10980,0.08250,0.19280,0.08290,1.26890,0.08280,0.22020,0.27250,0.07730,0.22070,0.08990,1.04710,0.08480,0.11400,0.08180,0.24470,0.38420,0.08780,0.07750,0.20420,0.09170,0.20600,0.53430,0.45840,0.22420,0.09860,0.29170,0.21550,0.73310,0.08960,0.13060,0.14880,0.08610,0.12810,0.42440,0.29780,0.12810,0.09010,0.23290,0.16350,0.18820,0.09200,0.12300,0.07760,0.08440,0.07700,0.25960,0.08440,0.12280,0.10410,0.20380,0.08660,0.23970,0.08250,0.09750
0:35:09,0.50980,0.09160,0.22640,0.09400,0.96000,0.10810,1.14500,0.08670,0.60460,0.29040,0.21370,0.08430,0.39640,0.11230,0.17650,0.10650,0.72020,0.14870,1.09050,0.30760,0.08870,1.53510,0.16850,0.37070,0.25830,0.10120,0.12120,0.10870,0.40980,0.13110,0.75960,0.26340,0.09160,1.58390,0.13590,0.32750,0.07680,0.08810,0.07820,0.08920,0.12550,0.11130,0.08250,0.20200,0.08310,1.31260,0.08310,0.22790,0.28770,0.07720,0.23080,0.08960,1.09710,0.08310,0.11490,0.08210,0.26170,0.37950,0.08840,0.07750,0.21230,0.09190,0.21510,0.56800,0.47750,0.23330,0.09960,0.30560,0.22590,0.73650,0.08910,0.12530,0.15440,0.08620,0.13180,0.44980,0.31160,0.13160,0.09080,0.24390,0.17080,0.19360,0.09220,0.12470,0.07770,0.08470,0.07690,0.27340,0.08430,0.12620,0.10330,0.21070,0.08660,0.24480,0.08260,0.09830
0:37:39,0.53790,0.09200,0.23680,0.09410,1.00950,0.10920,1.19130,0.08700,0.61920,0.28750,0.22560,0.08500,0.41740,0.11360,0.18300,0.10840,0.76140,0.15340,1.13350,0.32720,0.08970,1.54220,0.17590,0.38800,0.27170,0.10220,0.12440,0.11000,0.43980,0.13400,0.80980,0.27650,0.09220,1.61690,0.14180,0.34390,0.07700,0.08860,0.07840,0.08970,0.12430,0.11320,0.08250,0.21060,0.08340,1.35210,0.08370,0.23600,0.30300,0.07720,0.24240,0.08930,1.14360,0.07910,0.11620,0.08240,0.28130,0.37230,0.08910,0.07770,0.22040,0.09240,0.22310,0.59840,0.49690,0.24410,0.10080,0.32050,0.23890,0.73570,0.08980,0.12930,0.16000,0.08650,0.13580,0.47710,0.32540,0.13550,0.09170,0.25490,0.17970,0.19920,0.09260,0.12700,0.07800,0.08510,0.07720,0.28680,0.08440,0.12950,0.10310,0.21680,0.08690,0.24330,0.08280,0.09950
0:40:09,0.56400,0.09220,0.24750,0.09410,1.05050,0.10940,1.23000,0.08710,0.63250,0.27880,0.23880,0.08620,0.43820,0.11470,0.18980,0.11030,0.79850,0.15790,1.17180,0.34790,0.09100,1.54130,0.18670,0.40850,0.28420,0.10320,0.12740,0.11090,0.46420,0.13650,0.85180,0.28930,0.09290,1.64180,0.14870,0.36000,0.07700,0.08900,0.07850,0.09020,0.12290,0.11550,0.08260,0.21910,0.08390,1.38640,0.08450,0.24410,0.31820,0.07730,0.25480,0.08910,1.18380,0.07900,0.11730,0.08290,0.29880,0.36630,0.09010,0.07790,0.22880,0.09320,0.23140,0.63140,0.51600,0.25530,0.10200,0.33680,0.25260,0.73730,0.09050,0.13260,0.16540,0.08690,0.14010,0.50480,0.33900,0.13930,0.09250,0.26660,0.18730,0.20480,0.09310,0.12910,0.07820,0.08540,0.07730,0.29990,0.08450,0.13260,0.10220,0.22500,0.08720,0.24560,0.08300,0.10060
0:42:39,0.58950,0.09260,0.25820,0.09410,1.08600,0.10920,1.25840,0.08740,0.64700,0.27370,0.25130,0.08760,0.45810,0.11580,0.19640,0.11220,0.83270,0.16210,1.20590,0.36590,0.09230,1.54810,0.19720,0.42920,0.29610,0.10420,0.13080,0.11220,0.48600,0.13920,0.89060,0.30290,0.09370,1.66980,0.15490,0.37580,0.07710,0.08950,0.07840,0.09090,0.12130,0.11810,0.08260,0.22760,0.08450,1.41980,0.08560,0.25240,0.33300,0.07740,0.26700,0.08900,1.21870,0.07780,0.11880,0.08370,0.31480,0.36230,0.09130,0.07810,0.23790,0.09380,0.24020,0.66380,0.53490,0.26560,0.10300,0.35230,0.26470,0.73940,0.09140,0.13580,0.17060,0.08750,0.14460,0.52990,0.35270,0.14290,0.09330,0.27800,0.19450,0.21070,0.09370,0.13150,0.07840,0.08580,0.07770,0.31280,0.08460,0.13570,0.10080,0.23290,0.08750,0.24550,0.08340,0.10210
0:45:09,0.61370,0.09320,0.26810,0.09430,1.11900,0.10960,1.28360,0.08750,0.65860,0.26910,0.26350,0.09010,0.47700,0.11720,0.20290,0.11410,0.86720,0.16620,1.23700,0.38270,0.09390,1.54490,0.20720,0.45130,0.30790,0.10530,0.13430,0.11360,0.50790,0.14170,0.92670,0.31650,0.09480,1.68740,0.16200,0.39180,0.07720,0.08990,0.07840,0.09150,0.12020,0.12060,0.08270,0.23630,0.08550,1.44540,0.08760,0.26140,0.34750,0.07640,0.27970,0.08880,1.24830,0.07800,0.12010,0.08470,0.32980,0.35610,0.09270,0.07830,0.24720,0.09440,0.24900,0.69560,0.55360,0.27580,0.10410,0.36740,0.27600,0.73780,0.09240,0.13910,0.17570,0.08790,0.14890,0.55380,0.36660,0.14630,0.09400,0.28930,0.20160,0.21700,0.09430,0.13360,0.07860,0.08610,0.07780,0.32550,0.08470,0.13870,0.10130,0.24020,0.08790,0.25130,0.08370,0.10450
0:47:39,0.63790,0.09360,0.27810,0.09430,1.14840,0.10980,1.30370,0.08790,0.66950,0.26650,0.27540,0.09170,0.49600,0.11840,0.20930,0.11590,0.89910,0.17020,1.26190,0.39900,0.09560,1.54240,0.21590,0.47190,0.31950,0.10640,0.13740,0.11480,0.53050,0.14450,0.96090,0.33090,0.09580,1.70100,0.16840,0.40740,0.07730,0.09040,0.07850,0.09220,0.11920,0.12330,0.08290,0.24490,0.08660,1.47420,0.08980,0.27080,0.36150,0.07640,0.29210,0.08880,1.27410,0.07830,0.12180,0.08570,0.34470,0.35340,0.09390,0.07840,0.25640,0.09510,0.25770,0.72490,0.57240,0.28610,0.10520,0.38250,0.28710,0.73600,0.09350,0.14220,0.18080,0.08850,0.15300,0.57740,0.37920,0.14990,0.09480,0.30040,0.20860,0.22290,0.09470,0.13580,0.07880,0.08630,0.07800,0.33800,0.08480,0.14180,0.09960,0.24720,0.08820,0.25130,0.08400,0.10730
0:50:09,0.66120,0.09410,0.28790,0.09440,1.17470,0.10930,1.32020,0.08800,0.67780,0.26030,0.28550,0.09300,0.51470,0.11980,0.21570,0.11800,0.93030,0.17430,1.28500,0.41500,0.09710,1.54010,0.22370,0.49100,0.33110,0.10760,0.14040,0.11630,0.55180,0.14710,0.99340,0.34430,0.09680,1.71270,0.17390,0.42370,0.07740,0.09100,0.07860,0.09280,0.11830,0.12590,0.08300,0.25340,0.08760,1.49860,0.09120,0.27860,0.37520,0.07650,0.30340,0.08870,1.29610,0.07860,0.12310,0.08660,0.35940,0.34740,0.09510,0.07870,0.26560,0.09570,0.26620,0.75310,0.59130,0.29670,0.10640,0.39740,0.29810,0.73970,0.09430,0.14540,0.18590,0.08910,0.15700,0.60040,0.39310,0.15350,0.09560,0.31200,0.21580,0.22870,0.09530,0.13790,0.07900,0.08570,0.07840,0.35050,0.08500,0.14480,0.09980,0.25410,0.08870,0.25450,0.08450,0.10940
0:52:39,0.68380,0.09480,0.29740,0.09450,1.19720,0.10890,1.33290,0.08850,0.68680,0.26110,0.29660,0.09490,0.53290,0.12110,0.22210,0.11990,0.96010,0.17820,1.30310,0.43170,0.09950,1.53880,0.23190,0.51070,0.34260,0.10870,0.14320,0.11780,0.57210,0.15000,1.02360,0.35880,0.09850,1.72280,0.18010,0.44150,0.07750,0.09150,0.07860,0.09340,0.11730,0.12860,0.08310,0.26230,0.08940,1.52120,0.09300,0.28830,0.38850,0.07660,0.31440,0.08880,1.31440,0.07900,0.12470,0.08810,0.37410,0.34280,0.09690,0.07890,0.27450,0.09650,0.27450,0.77940,0.60870,0.30700,0.10760,0.41230,0.30930,0.74210,0.09560,0.14870,0.19090,0.08950,0.16080,0.62280,0.40590,0.15700,0.09650,0.32320,0.22300,0.23450,0.09590,0.14020,0.07930,0.08610,0.07870,0.36280,0.08510,0.14790,0.09830,0.26120,0.08910,0.25880,0.08480,0.11110
0:55:09,0.70630,0.09570,0.30680,0.09450,1.21710,0.10940,1.34170,0.08870,0.69310,0.25330,0.30810,0.09740,0.55080,0.12250,0.22860,0.12210,0.98860,0.18230,1.31870,0.44900,0.10200,1.52830,0.24040,0.53040,0.35410,0.11010,0.14610,0.11940,0.59160,0.15270,1.05190,0.37260,0.10070,1.72890,0.18640,0.45700,0.07760,0.09200,0.07870,0.09390,0.11660,0.13140,0.08330,0.27160,0.09150,1.54200,0.09540,0.29720,0.40190,0.07670,0.32500,0.08880,1.32920,0.07950,0.12670,0.08990,0.38860,0.34040,0.09910,0.07930,0.28300,0.09730,0.28300,0.80520,0.62660,0.31750,0.10880,0.42710,0.32080,0.74530,0.09730,0.15190,0.19590,0.09000,0.16460,0.64470,0.41890,0.16060,0.09740,0.33450,0.23040,0.24040,0.09670,0.14240,0.07960,0.08640,0.07900,0.37490,0.08530,0.15080,0.09860,0.26840,0.08970,0.25810,0.08530,0.11300
0:57:39,0.72740,0.09610,0.31620,0.09480,1.23420,0.11020,1.34810,0.08910,0.69690,0.25100,0.31910,0.09970,0.56850,0.12390,0.23500,0.12400,1.01530,0.18620,1.33040,0.46500,0.10410,1.52420,0.24840,0.54940,0.36540,0.11130,0.14890,0.12100,0.61060,0.15570,1.07900,0.38680,0.10230,1.73080,0.19240,0.47380,0.07770,0.09250,0.07870,0.09460,0.11590,0.13420,0.08350,0.28070,0.09320,1.56110,0.09750,0.30650,0.41490,0.07680,0.33520,0.08890,1.34120,0.07980,0.12820,0.09140,0.40290,0.33610,0.10100,0.07940,0.29150,0.09800,0.29090,0.82980,0.64450,0.32780,0.11000,0.44150,0.33190,0.74200,0.09890,0.15500,0.20090,0.09050,0.16830,0.66640,0.43260,0.16410,0.09810,0.34530,0.23750,0.24640,0.09710,0.14460,0.07970,0.08680,0.07930,0.38700,0.08550,0.15410,0.09760,0.27510,0.09010,0.25580,0.08560,0.11460
1:00:09,0.74870,0.09660,0.32560,0.09490,1.24850,0.10890,1.35260,0.08930,0.70460,0.24560,0.32950,0.10150,0.58620,0.12530,0.24140,0.12620,1.04070,0.19020,1.34070,0.48060,0.10600,1.51650,0.25640,0.56820,0.37670,0.11270,0.15170,0.12260,0.62960,0.15850,1.10360,0.40010,0.10370,1.73260,0.19820,0.48910,0.07790,0.09310,0.07880,0.09520,0.11500,0.13690,0.08380,0.28950,0.09480,1.57620,0.09940,0.31520,0.42780,0.07690,0.34550,0.08890,1.35100,0.08030,0.12980,0.09280,0.41690,0.33150,0.10270,0.07960,0.30000,0.09870,0.29900,0.85370,0.66190,0.33790,0.11120,0.45590,0.34290,0.74670,0.10020,0.15820,0.20580,0.09100,0.17200,0.68740,0.44560,0.16770,0.09900,0.35620,0.24480,0.25240,0.09770,0.14670,0.08000,0.08720,0.07980,0.39900,0.08570,0.15700,0.09700,0.28260,0.09060,0.26350,0.08600,0.11640
1:02:39,0.76890,0.09760,0.33500,0.09520,1.26100,0.10980,1.35430,0.08980,0.70790,0.24090,0.34020,0.10390,0.60370,0.12690,0.24810,0.12870,1.06500,0.19430,1.34920,0.49710,0.10850,1.51190,0.26440,0.58710,0.38780,0.11420,0.15450,0.12450,0.64920,0.16160,1.12830,0.41390,0.10570,1.73220,0.20430,0.50570,0.07810,0.09370,0.07900,0.09590,0.11450,0.14010,0.08410,0.29890,0.09680,1.59070,0.10150,0.32480,0.44050,0.07690,0.35590,0.08910,1.35930,0.08080,0.13160,0.09430,0.43120,0.32760,0.10470,0.08000,0.30850,0.09950,0.30700,0.87620,0.67870,0.34770,0.11240,0.47020,0.35400,0.74360,0.10210,0.16140,0.21060,0.09150,0.17590,0.70800,0.45820,0.17120,0.09980,0.36700,0.25190,0.25820,0.09850,0.14900,0.08030,0.08760,0.08000,0.41080,0.08590,0.16030,0.09640,0.28910,0.09120,0.26250,0.08640,0.11830
1:05:09,0.78880,0.09870,0.34450,0.09550,1.27160,0.11020,1.35720,0.09060,0.71110,0.24090,0.35130,0.10620,0.62050,0.12870,0.25480,0.13110,1.08840,0.19850,1.35530,0.51340,0.11130,1.50510,0.27280,0.60580,0.39910,0.11580,0.15740,0.12670,0.66750,0.16490,1.15070,0.42790,0.10790,1.72860,0.21030,0.52140,0.07820,0.09430,0.07910,0.09670,0.11450,0.14330,0.08450,0.30820,0.09900,1.60340,0.10380,0.33370,0.45320,0.07710,0.36660,0.08940,1.36460,0.08160,0.13360,0.09620,0.44540,0.32520,0.10690,0.08030,0.31700,0.10050,0.31520,0.89820,0.69580,0.35760,0.11380,0.48450,0.36530,0.74440,0.10420,0.16460,0.21560,0.09210,0.17980,0.72830,0.47190,0.17480,0.10070,0.37820,0.25950,0.26430,0.09950,0.18790,0.08060,0.08800,0.08040,0.42260,0.08630,0.16320,0.09610,0.29650,0.09200,0.26660,0.08710,0.12030
1:07:39,0.80800,0.09950,0.35340,0.09570,1.28000,0.11040,1.35640,0.09110,0.71070,0.24090,0.36160,0.10820,0.63710,0.13020,0.26110,0.13340,1.10970,0.20260,1.35890,0.52940,0.11360,1.49960,0.28070,0.62360,0.40990,0.11710,0.16020,0.12870,0.68600,0.16820,1.17030,0.44170,0.10980,1.72810,0.21620,0.53740,0.07850,0.09490,0.07920,0.09750,0.11380,0.14640,0.08480,0.31730,0.10100,1.61730,0.10590,0.34270,0.46570,0.07730,0.37690,0.08970,1.36920,0.08230,0.13560,0.09800,0.45950,0.32260,0.10900,0.08060,0.32560,0.10130,0.32310,0.91920,0.71170,0.36770,0.11510,0.49860,0.37640,0.73900,0.10610,0.16800,0.22040,0.09260,0.18360,0.74760,0.48370,0.17820,0.10160,0.38900,0.26690,0.27010,0.10040,0.21430,0.08090,0.08840,0.08090,0.43430,0.08640,0.16650,0.09630,0.30330,0.09270,0.26870,0.08760,0.12230
1:10:09,0.82680,0.10040,0.36290,0.09590,1.28800,0.10990,1.35450,0.09220,0.70900,0.23920,0.37200,0.11040,0.65380,0.13170,0.26750,0.13580,1.13030,0.20670,1.36230,0.54520,0.11590,1.49890,0.28850,0.64150,0.42050,0.11820,0.16300,0.13050,0.70390,0.17160,1.18990,0.45440,0.11180,1.72500,0.22190,0.55260,0.07860,0.09550,0.07930,0.09820,0.11350,0.14940,0.08520,0.32610,0.10290,1.62600,0.10780,0.35140,0.47800,0.07730,0.38700,0.08980,1.37290,0.08300,0.13750,0.09980,0.47330,0.31880,0.11100,0.08080,0.33390,0.10210,0.33150,0.93850,0.72830,0.37750,0.11630,0.51220,0.38740,0.73900,0.10810,0.17090,0.22520,0.09310,0.18740,0.76680,0.49710,0.18170,0.10250,0.40000,0.27420,0.27600,0.10120,0.21790,0.08110,0.08860,0.08130,0.44580,0.08670,0.16950,0.09640,0.31070,0.09340,0.27430,0.08800,0.12420
1:12:39,0.84560,0.10170,0.37220,0.09610,1.29370,0.11000,1.35320,0.09360,0.70430,0.23410,0.38220,0.11280,0.66950,0.13360,0.27400,0.13830,1.14920,0.21080,1.36440,0.56090,0.11830,1.48900,0.29630,0.65870,0.43100,0.11970,0.16590,0.13280,0.72190,0.17520,1.20690,0.46780,0.11380,1.72040,0.22760,0.56740,0.07880,0.09610,0.07950,0.09900,0.11350,0.15260,0.08560,0.33520,0.10490,1.63520,0.10980,0.35990,0.49010,0.07750,0.39740,0.09020,1.37500,0.08390,0.13950,0.10160,0.48700,0.31650,0.11310,0.08120,0.34230,0.10290,0.33920,0.95740,0.74320,0.38710,0.11760,0.52610,0.39830,0.74840,0.11010,0.17410,0.23010,0.09370,0.19130,0.78530,0.50910,0.18530,0.10350,0.41060,0.28150,0.28190,0.10210,0.21760,0.08150,0.08910,0.08180,0.45720,0.08700,0.17220,0.09630,0.31740,0.09420,0.27640,0.08870,0.12640
1:15:09,0.86290,0.10250,0.38090,0.09630,1.29830,0.11150,1.35040,0.09470,0.69890,0.09770,0.39230,0.11480,0.68530,0.13520,0.28030,0.14080,1.16700,0.21490,1.36650,0.57610,0.12050,1.48300,0.30390,0.67560,0.44130,0.12100,0.16860,0.13490,0.73910,0.17880,1.22390,0.48090,0.11580,1.71490,0.23310,0.58340,0.07900,0.09680,0.07970,0.09980,0.11330,0.15570,0.08600,0.34400,0.10670,1.64100,0.11170,0.36850,0.50230,0.07760,0.40760,0.09050,1.37580,0.08480,0.14150,0.10350,0.50050,0.31160,0.11510,0.08150,0.35070,0.10390,0.34730,0.97520,0.75880,0.39690,0.11890,0.53950,0.40910,0.74630,0.11120,0.17740,0.23480,0.09420,0.19500,0.80350,0.52140,0.18870,0.10450,0.42150,0.28880,0.28780,0.10320,0.21730,0.08180,0.08950,0.08220,0.46840,0.08720,0.17540,0.09540,0.32470,0.09510,0.27860,0.08920,0.12850
1:17:39,0.88000,0.10370,0.39030,0.09650,1.30100,0.11210,1.34780,0.09580,0.68770,0.09940,0.40240,0.11720,0.70130,0.13710,0.28680,0.14340,1.18400,0.21950,1.36690,0.59120,0.12280,1.48150,0.31160,0.69220,0.45150,0.12250,0.17140,0.13730,0.75610,0.18260,1.23800,0.49400,0.11770,1.71130,0.23870,0.59800,0.07930,0.09740,0.07980,0.10080,0.11350,0.15900,0.08660,0.35290,0.10860,1.64900,0.11370,0.37680,0.51400,0.07780,0.41780,0.09100,1.37570,0.08580,0.14360,0.10530,0.51400,0.31000,0.11720,0.08190,0.35900,0.10480,0.35520,0.99140,0.77410,0.40650,0.12020,0.55310,0.41990,0.74940,0.11320,0.18050,0.23960,0.09480,0.19890,0.82120,0.53400,0.19220,0.10550,0.43200,0.29610,0.29360,0.10430,0.21720,0.08210,0.09000,0.08270,0.47960,0.08750,0.17810,0.09580,0.33120,0.09620,0.28010,0.09000,0.13090
1:20:09,0.89630,0.10460,0.39900,0.09660,1.30370,0.11050,1.34480,0.09650,0.68110,0.10060,0.41200,0.11900,0.71640,0.13860,0.29300,0.14580,1.19910,0.22350,1.36620,0.60570,0.12480,1.47690,0.31880,0.70780,0.46170,0.12380,0.17410,0.13940,0.77210,0.18620,1.25160,0.50630,0.11940,1.70530,0.24400,0.61290,0.07950,0.09800,0.08000,0.10150,0.11350,0.16220,0.08690,0.36160,0.11030,1.65380,0.11540,0.38500,0.52590,0.07790,0.42780,0.09120,1.37560,0.08660,0.14550,0.10690,0.52690,0.30630,0.11890,0.08210,0.36720,0.10580,0.36290,1.00730,0.78940,0.41600,0.12140,0.56640,0.43040,0.74890,0.11490,0.18360,0.24430,0.09520,0.20260,0.83820,0.54640,0.19570,0.10640,0.44290,0.30330,0.29940,0.10530,0.21650,0.08240,0.09040,0.08340,0.49060,0.08780,0.18130,0.09550,0.33860,0.09700,0.28380,0.09060,0.13300
1:22:39,0.91230,0.10550,0.40750,0.09670,1.30540,0.10980,1.34160,0.09700,0.67250,0.10200,0.42160,0.12070,0.73050,0.14020,0.29910,0.14810,1.21280,0.22750,1.36380,0.61980,0.12680,1.46960,0.32580,0.72330,0.47150,0.12500,0.17690,0.14140,0.78710,0.18960,1.26260,0.51810,0.12100,1.69740,0.24940,0.62690,0.07990,0.09870,0.08020,0.10230,0.11340,0.16520,0.08740,0.37010,0.11180,1.65510,0.11700,0.39300,0.53720,0.07810,0.43770,0.09150,1.37610,0.08750,0.14740,0.10850,0.53980,0.30380,0.12070,0.08230,0.37550,0.10680,0.37100,1.02240,0.80440,0.42520,0.12280,0.57950,0.44100,0.74820,0.11660,0.18650,0.24900,0.09570,0.20640,0.85490,0.55870,0.19910,0.10730,0.45330,0.31050,0.30520,0.10610,0.21800,0.08270,0.09060,0.08390,0.50150,0.08800,0.18400,0.09530,0.34500,0.09790,0.28540,0.09110,0.13510
1:25:09,0.92770,0.10630,0.41650,0.09690,1.30620,0.11170,1.33760,0.09780,0.65700,0.10320,0.43090,0.12200,0.74570,0.14190,0.30530,0.15050,1.22620,0.23160,1.36310,0.63420,0.12870,1.46580,0.33290,0.73890,0.48170,0.12640,0.17970,0.14350,0.80250,0.19330,1.27420,0.53060,0.12260,1.69240,0.25450,0.64120,0.08030,0.09930,0.08030,0.10320,0.11350,0.16820,0.08790,0.37850,0.11330,1.66030,0.11850,0.40090,0.54890,0.07820,0.44740,0.09190,1.37410,0.08840,0.14940,0.10990,0.55240,0.30370,0.12230,0.08250,0.38350,0.10800,0.37870,1.03610,0.81890,0.43480,0.12410,0.59200,0.45110,0.74520,0.11830,0.18960,0.25350,0.09630,0.21010,0.87100,0.56980,0.20250,0.10820,0.46330,0.31730,0.31100,0.10710,0.21590,0.08290,0.09090,0.08440,0.51230,0.08820,0.18700,0.09500,0.35180,0.09870,0.28810,0.09150,0.13720
1:27:39,0.94230,0.10720,0.42510,0.09700,1.30670,0.11380,1.33480,0.09910,0.64190,0.10460,0.44000,0.12360,0.75970,0.14370,0.31140,0.15290,1.23810,0.23600,1.36260,0.64770,0.13070,1.45870,0.33990,0.75390,0.49140,0.12760,0.18230,0.14560,0.81730,0.19680,1.28440,0.54250,0.12430,1.68380,0.25950,0.65450,0.08030,0.09980,0.08040,0.10390,0.11380,0.17100,0.08830,0.38670,0.11480,1.66090,0.11990,0.40890,0.55990,0.07830,0.45740,0.09210,1.37320,0.08930,0.15130,0.11120,0.56470,0.30020,0.12390,0.08280,0.39130,0.10920,0.38630,1.04890,0.83260,0.44380,0.12530,0.60440,0.46120,0.74760,0.11970,0.19250,0.25800,0.09670,0.21380,0.88650,0.58180,0.20580,0.10910,0.47370,0.32420,0.31670,0.10800,0.21760,0.08320,0.09130,0.08460,0.52270,0.08840,0.18960,0.09490,0.35870,0.09960,0.29070,0.09200,0.13940
1:30:09,0.95630,0.10800,0.43350,0.09710,1.30600,0.11330,1.33180,0.10040,0.63060,0.10580,0.44940,0.12520,0.77410,0.14520,0.31730,0.15510,1.24910,0.24010,1.35870,0.66200,0.13240,1.45750,0.34670,0.76840,0.50120,0.12880,0.18500,0.14760,0.83130,0.20050,1.29200,0.55420,0.12570,1.67940,0.26450,0.66830,0.08100,0.10040,0.08060,0.10480,0.11370,0.17380,0.08860,0.39460,0.11620,1.66140,0.12140,0.41650,0.57100,0.07840,0.46710,0.09240,1.37100,0.09010,0.15340,0.11260,0.57710,0.29550,0.12550,0.08310,0.39930,0.11010,0.39410,1.06150,0.84590,0.45300,0.12650,0.61700,0.47120,0.74710,0.12130,0.19540,0.26260,0.09710,0.21740,0.90130,0.59300,0.20910,0.11000,0.48360,0.33110,0.32230,0.10890,0.21760,0.08350,0.09170,0.08520,0.53310,0.08860,0.19250,0.09510,0.36510,0.10040,0.29240,0.09260,0.14160
1:32:39,0.97050,0.10900,0.44200,0.09730,1.30560,0.11210,1.32770,0.10130,0.61590,0.10700,0.45830,0.12680,0.78750,0.14690,0.32330,0.15730,1.25910,0.24410,1.35730,0.67470,0.13420,1.45260,0.35360,0.78260,0.51060,0.13010,0.18780,0.14950,0.84520,0.20380,1.29970,0.56540,0.12720,1.67030,0.27000,0.68120,0.08120,0.10100,0.08080,0.10570,0.11380,0.17670,0.08910,0.40270,0.11760,1.66090,0.12270,0.42410,0.58190,0.07860,0.47660,0.09260,1.36890,0.09110,0.15520,0.11390,0.58920,0.29020,0.12700,0.08320,0.40710,0.11090,0.40180,1.07250,0.85920,0.46200,0.12780,0.62900,0.48100,0.74930,0.12270,0.19840,0.26710,0.09760,0.22110,0.91620,0.60420,0.21240,0.11090,0.49370,0.33780,0.32800,0.10970,0.21700,0.08370,0.09180,0.08560,0.54340,0.08880,0.19540,0.09470,0.37200,0.10120,0.29770,0.09300,0.14370
1:35:09,0.98390,0.10980,0.45040,0.09750,1.30430,0.11370,1.32460,0.10270,0.60130,0.10820,0.46770,0.12850,0.80080,0.14850,0.32950,0.15960,1.26790,0.24870,1.35470,0.68810,0.13600,1.44550,0.36040,0.79640,0.52010,0.13140,0.19050,0.15150,0.85920,0.20750,1.30680,0.57690,0.12860,1.66410,0.27450,0.69450,0.08150,0.10160,0.08090,0.10660,0.11380,0.17950,0.08980,0.41080,0.11900,1.66190,0.12420,0.43170,0.59270,0.07870,0.48600,0.09290,1.36630,0.09200,0.15730,0.11520,0.60100,0.29090,0.12860,0.08360,0.41500,0.11180,0.40940,1.08320,0.87290,0.47120,0.12920,0.64110,0.49080,0.75380,0.12420,0.20150,0.27150,0.09810,0.22470,0.93020,0.61590,0.21570,0.11190,0.50350,0.34450,0.33380,0.11070,0.21920,0.08400,0.09200,0.08620,0.55340,0.08900,0.19810,0.09490,0.37860,0.10210,0.30050,0.09360,0.14590
1:37:39,0.99680,0.11060,0.45910,0.09800,1.30290,0.11540,1.32190,0.10450,0.58980,0.10960,0.47670,0.13010,0.81430,0.15030,0.33570,0.16200,1.27600,0.25330,1.35310,0.70150,0.13790,1.44560,0.36720,0.81040,0.52950,0.13280,0.19320,0.15370,0.87200,0.21130,1.31260,0.58790,0.13030,1.65970,0.27950,0.70760,0.08200,0.10250,0.08120,0.10760,0.11440,0.18240,0.09050,0.41880,0.12060,1.66100,0.12560,0.43950,0.60330,0.07890,0.49530,0.09330,1.36350,0.09300,0.15950,0.11660,0.61290,0.29120,0.13020,0.08420,0.42280,0.11280,0.41710,1.09340,0.88540,0.48010,0.13070,0.65330,0.50050,0.75660,0.12590,0.20480,0.27600,0.09870,0.22850,0.94420,0.62710,0.21910,0.11300,0.51370,0.35120,0.33970,0.11170,0.22000,0.08450,0.09240,0.08690,0.56380,0.08930,0.20110,0.09510,0.38560,0.10310,0.30380,0.09430,0.14820
1:40:09,1.00900,0.11160,0.46760,0.09820,1.30170,0.11650,1.31810,0.10610,0.56790,0.11100,0.48540,0.13130,0.82740,0.15230,0.34190,0.16440,1.28430,0.25810,1.35080,0.71420,0.13980,1.43680,0.37410,0.82340,0.53890,0.13430,0.19600,0.15600,0.88430,0.21510,1.31790,0.59930,0.13190,1.65150,0.28430,0.72040,0.08230,0.10330,0.08140,0.10880,0.11490,0.18530,0.11760,0.42690,0.12200,1.65890,0.12710,0.44710,0.61410,0.07910,0.50450,0.09370,1.36190,0.09420,0.16190,0.11800,0.62450,0.28800,0.13180,0.08470,0.43050,0.11390,0.42480,1.10260,0.89840,0.48920,0.13210,0.66540,0.51010,0.75750,0.12750,0.20780,0.28060,0.09930,0.23220,0.95740,0.63830,0.22240,0.11410,0.52350,0.35790,0.34540,0.11290,0.21860,0.08490,0.09280,0.08750,0.57370,0.08970,0.20390,0.09550,0.39240,0.10400,0.30730,0.09500,0.15050
1:42:39,1.02010,0.11220,0.47590,0.09810,1.30030,0.11470,1.31450,0.10740,0.55460,0.11210,0.49370,0.13250,0.83930,0.15400,0.34790,0.16660,1.29050,0.26220,1.34830,0.72650,0.14130,1.43290,0.38040,0.83680,0.54850,0.13550,0.19850,0.15780,0.89660,0.21860,1.32260,0.61000,0.13310,1.64720,0.28900,0.73310,0.08280,0.10380,0.08150,0.10960,0.11530,0.18790,0.11750,0.43450,0.12320,1.65770,0.12830,0.45470,0.62430,0.07920,0.51360,0.09400,1.35930,0.09510,0.16390,0.11920,0.63590,0.28420,0.13320,0.08490,0.43810,0.11470,0.43210,1.11160,0.91080,0.49830,0.13330,0.67690,0.51960,0.75960,0.12870,0.21070,0.28490,0.09980,0.23570,0.97040,0.64890,0.22560,0.11510,0.53330,0.36450,0.35120,0.11370,0.22040,0.08510,0.09310,0.08810,0.58360,0.08990,0.20660,0.09510,0.39920,0.10480,0.30870,0.09570,0.15280
1:45:09,1.03190,0.11300,0.48390,0.09840,1.29870,0.11520,1.31090,0.10880,0.54260,0.11330,0.50280,0.13410,0.85180,0.15580,0.35390,0.16890,1.29680,0.26680,1.34650,0.73850,0.14300,1.42820,0.38690,0.84950,0.55770,0.13690,0.20120,0.15990,0.90780,0.22220,1.32600,0.62060,0.13470,1.63720,0.29380,0.74510,0.08310,0.10440,0.08190,0.11060,0.11610,0.19070,0.11750,0.44240,0.12450,1.65490,0.12960,0.46220,0.63440,0.07930,0.52300,0.09440,1.35670,0.09610,0.16610,0.12040,0.64720,0.27850,0.13470,0.08520,0.44580,0.11560,0.44000,1.11960,0.92310,0.50730,0.13470,0.68850,0.52900,0.76130,0.13010,0.21340,0.28930,0.10040,0.23940,0.98270,0.65970,0.22890,0.11610,0.54280,0.37100,0.35700,0.11480,0.22060,0.08560,0.09360,0.08880,0.59310,0.09010,0.20930,0.09520,0.40550,0.10570,0.31110,0.09640,0.15510
1:47:39,1.04220,0.11390,0.49220,0.09860,1.29700,0.11750,1.30750,0.11010,0.52300,0.11460,0.51090,0.13560,0.86360,0.15760,0.35990,0.17120,1.30170,0.27120,1.34310,0.75120,0.14460,1.42550,0.39320,0.86180,0.56620,0.13830,0.20400,0.16190,0.91920,0.22580,1.32960,0.63140,0.13610,1.63320,0.29880,0.75710,0.08340,0.10520,0.08230,0.11170,0.11650,0.19340,0.11740,0.45000,0.12580,1.65290,0.13090,0.46950,0.64430,0.07950,0.53220,0.09480,1.35480,0.09710,0.16830,0.12170,0.65830,0.27610,0.13610,0.08560,0.45340,0.11670,0.44740,1.12670,0.93530,0.51580,0.13630,0.69970,0.53820,0.75930,0.13140,0.21650,0.29370,0.10090,0.24300,0.99480,0.67050,0.23220,0.11740,0.55230,0.37740,0.36260,0.11560,0.22100,0.08590,0.09410,0.08940,0.60270,0.09040,0.21200,0.09540,0.41230,0.10670,0.31190,0.09700,0.15730
1:50:09,1.05270,0.11480,0.50050,0.09920,1.29450,0.11870,1.30510,0.11130,0.50910,0.11570,0.51950,0.13690,0.87570,0.15960,0.36710,0.17340,1.30800,0.27590,1.34220,0.76290,0.14640,1.42270,0.39990,0.87410,0.57520,0.13970,0.20670,0.16410,0.93080,0.22950,1.33220,0.64180,0.13750,1.62770,0.30330,0.76940,0.08370,0.10600,0.08250,0.11290,0.11720,0.19590,0.11750,0.45730,0.12710,1.64900,0.13220,0.47680,0.65460,0.07970,0.54150,0.09520,1.35200,0.09810,0.17060,0.12300,0.66940,0.27400,0.13760,0.08600,0.46080,0.11750,0.45490,1.13390,0.94690,0.52490,0.13780,0.71110,0.54730,0.75890,0.13290,0.21970,0.29800,0.10150,0.24670,1.00620,0.68080,0.23540,0.11860,0.56170,0.38390,0.36860,0.11680,0.22220,0.08640,0.09460,0.09020,0.61240,0.09080,0.21490,0.09570,0.41910,0.10760,0.31650,0.09780,0.15960
1:52:39,1.06250,0.11540,0.50860,0.09920,1.29250,0.11930,1.30130,0.11240,0.49130,0.11680,0.52760,0.13790,0.88630,0.16120,0.37410,0.17570,1.31110,0.28020,1.33880,0.77410,0.14780,1.41830,0.40600,0.88590,0.58430,0.14090,0.20920,0.16590,0.94050,0.23290,1.33410,0.65230,0.13870,1.62150,0.30800,0.78100,0.08380,0.10670,0.08260,0.11380,0.11780,0.19860,0.11710,0.46510,0.12810,1.64420,0.13340,0.48400,0.66430,0.07980,0.55040,0.09550,1.34950,0.09910,0.17270,0.12410,0.68010,0.27150,0.13890,0.08630,0.46840,0.11850,0.46220,1.13990,0.95780,0.53350,0.13920,0.72210,0.55640,0.76020,0.13430,0.22250,0.30240,0.10200,0.25020,1.01750,0.69140,0.23860,0.11970,0.57120,0.39020,0.37420,0.11750,0.22210,0.08680,0.09520,0.09070,0.62170,0.09120,0.21740,0.09580,0.42610,0.10840,0.31830,0.09840,0.16190
1:55:09,1.07140,0.11630,0.51620,0.09930,1.29080,0.11790,1.29810,0.11340,0.48100,0.11790,0.53590,0.13900,0.89690,0.16300,0.38090,0.17790,1.31500,0.28450,1.33680,0.78510,0.14950,1.41240,0.41220,0.89700,0.59280,0.14240,0.21190,0.16790,0.95120,0.23640,1.33600,0.66260,0.14000,1.61380,0.31250,0.79230,0.08410,0.10740,0.08290,0.11490,0.11840,0.20120,0.11710,0.47220,0.12930,1.63950,0.13450,0.49110,0.67400,0.08000,0.55950,0.09590,1.34730,0.10010,0.17490,0.12520,0.69070,0.26750,0.14030,0.08660,0.47550,0.11960,0.46960,1.14580,0.96950,0.54190,0.14070,0.73300,0.56530,0.76250,0.13570,0.22540,0.30680,0.10270,0.25390,1.02820,0.70180,0.24190,0.12100,0.58040,0.39650,0.38010,0.11860,0.22390,0.08720,0.09580,0.09140,0.63110,0.09160,0.22030,0.19840,0.43260,0.10940,0.32270,0.09920,0.16410
1:57:39,1.08090,0.11700,0.52440,0.10000,1.28820,0.12010,1.29540,0.11460,0.46170,0.11900,0.54400,0.14040,0.90760,0.16480,0.38740,0.18010,1.31800,0.28890,1.33500,0.79690,0.15110,1.41010,0.41860,0.90820,0.60160,0.14360,0.21450,0.16990,0.96090,0.23980,1.33790,0.67240,0.14130,1.60840,0.31700,0.80300,0.08440,0.10820,0.08330,0.11600,0.11920,0.20380,0.11690,0.47990,0.13050,1.63620,0.13570,0.49820,0.68370,0.08020,0.56850,0.09630,1.34450,0.10110,0.17700,0.12640,0.70120,0.26550,0.14170,0.08710,0.48290,0.12060,0.47710,1.15080,0.98000,0.55080,0.14230,0.74390,0.57410,0.76580,0.13700,0.22840,0.31100,0.10330,0.25750,1.03850,0.71180,0.24510,0.12220,0.58940,0.40270,0.38590,0.11950,0.22500,0.08760,0.09640,0.09210,0.64020,0.09200,0.22280,0.19410,0.43900,0.11030,0.32480,0.10010,0.16640
2:00:09,1.09000,0.11780,0.53250,0.10050,1.28650,0.12180,1.29380,0.11600,0.45290,0.12030,0.55210,0.14180,0.91780,0.16660,0.39390,0.18230,1.32130,0.29330,1.33360,0.80750,0.15280,1.40770,0.42470,0.91900,0.61010,0.14500,0.21720,0.17190,0.97020,0.24340,1.33900,0.68250,0.14280,1.60240,0.32180,0.81440,0.08480,0.10920,0.08370,0.11720,0.12000,0.20630,0.11750,0.48660,0.13170,1.62990,0.13690,0.50540,0.69290,0.08040,0.57740,0.09690,1.34220,0.10210,0.17940,0.12750,0.71150,0.26370,0.14310,0.08790,0.49020,0.12180,0.48440,1.15580,0.99010,0.55920,0.14400,0.75460,0.58300,0.77200,0.13840,0.23160,0.31540,0.10400,0.26110,1.04860,0.72160,0.24830,0.12360,0.59870,0.40900,0.39190,0.12050,0.22500,0.08810,0.09700,0.09280,0.64930,0.09240,0.22570,0.18940,0.44590,0.11110,0.32930,0.10080,0.16870
2:02:39,1.09820,0.11860,0.54040,0.10150,1.28440,0.12310,1.28980,0.11490,0.44340,0.12150,0.56040,0.14330,0.92780,0.16860,0.40010,0.18460,1.32380,0.29770,1.33160,0.81800,0.15430,1.40360,0.43100,0.92980,0.61840,0.14650,0.21990,0.17390,0.97850,0.24690,1.33970,0.69260,0.14410,1.59720,0.32660,0.82550,0.08520,0.11030,0.08420,0.11850,0.12090,0.20890,0.11800,0.49440,0.13290,1.62710,0.13820,0.51250,0.70260,0.08070,0.58650,0.09750,1.33980,0.10320,0.18180,0.12870,0.72170,0.25980,0.14440,0.08890,0.49770,0.12280,0.49190,1.16010,1.00070,0.56790,0.14580,0.76500,0.59170,0.77750,0.14000,0.23520,0.31970,0.10470,0.26480,1.05830,0.73150,0.25150,0.12500,0.60760,0.41520,0.39810,0.12150,0.22710,0.08860,0.09770,0.09350,0.65830,0.09290,0.22830,0.18720,0.45240,0.11200,0.33340,0.10170,0.17120
2:05:09,1.10610,0.11940,0.54830,0.10190,1.28240,0.12200,1.28740,0.11630,0.42520,0.12260,0.56830,0.14470,0.93750,0.17030,0.40620,0.18670,1.32530,0.30190,1.32870,0.82890,0.15590,1.39920,0.43720,0.94020,0.62690,0.14770,0.22240,0.17570,0.98700,0.25020,1.34080,0.70260,0.14540,1.59040,0.33090,0.83600,0.08540,0.11110,0.08440,0.11970,0.12170,0.21150,0.11830,0.50120,0.13410,1.62190,0.13940,0.51960,0.71200,0.08080,0.59510,0.09790,1.33740,0.10420,0.18410,0.12970,0.73160,0.25880,0.14580,0.08940,0.50480,0.12370,0.49930,1.16440,1.01080,0.57640,0.14760,0.77500,0.60030,0.77610,0.14130,0.23830,0.32400,0.10540,0.26840,1.06730,0.74100,0.25470,0.12630,0.61660,0.42130,0.40410,0.12250,0.22890,0.08910,0.09820,0.09420,0.66720,0.09340,0.23100,0.18300,0.45900,0.11290,0.33740,0.10250,0.17350
2:07:39,1.11290,0.12000,0.55610,0.10260,1.28020,0.12340,1.28520,0.11770,0.41210,0.12390,0.57620,0.14590,0.94730,0.17220,0.41240,0.18890,1.32770,0.30640,1.32740,0.83960,0.15750,1.39820,0.44330,0.95040,0.63500,0.14910,0.22520,0.17770,0.99530,0.25360,1.34090,0.71190,0.14670,1.58720,0.33520,0.84660,0.08580,0.11220,0.08490,0.12110,0.12240,0.21400,0.11880,0.50870,0.13520,1.61780,0.14060,0.52670,0.72070,0.08110,0.60390,0.09840,1.33510,0.10520,0.18640,0.13080,0.74140,0.25600,0.14720,0.09010,0.51190,0.12470,0.50660,1.16800,1.02090,0.58490,0.14930,0.78560,0.60870,0.77930,0.14270,0.24170,0.32820,0.10610,0.27210,1.07620,0.75090,0.25810,0.12770,0.62530,0.42740,0.40990,0.12350,0.22940,0.08950,0.09890,0.09490,0.67600,0.09380,0.23370,0.18130,0.46550,0.11380,0.34070,0.10340,0.17580
2:10:09,1.11990,0.12090,0.56390,0.10330,1.27810,0.12610,1.28380,0.11930,0.40210,0.12520,0.58370,0.14690,0.95640,0.17400,0.41840,0.19110,1.32940,0.31070,1.32530,0.84940,0.15910,1.39540,0.44950,0.95970,0.64340,0.15040,0.22780,0.17970,1.00290,0.25680,1.34100,0.72130,0.14810,1.58130,0.33980,0.85680,0.08610,0.11320,0.08530,0.12230,0.12320,0.21650,0.11940,0.51560,0.13640,1.61160,0.14170,0.53370,0.72970,0.08140,0.61240,0.09900,1.33310,0.10630,0.18890,0.13190,0.75140,0.25380,0.14860,0.09090,0.51910,0.12590,0.51380,1.17120,1.03040,0.59330,0.15120,0.79550,0.61710,0.78070,0.14390,0.24490,0.33250,0.10680,0.27570,1.08460,0.76000,0.26120,0.12910,0.63420,0.43340,0.41590,0.12450,0.23080,0.09010,0.09950,0.09570,0.68510,0.09440,0.23620,0.17710,0.47230,0.11470,0.34550,0.10420,0.17800
2:12:39,1.12750,0.12170,0.57150,0.10410,1.27600,0.12690,1.28240,0.12070,0.38770,0.12630,0.59140,0.14820,0.96530,0.17570,0.42450,0.19320,1.33040,0.31490,1.32420,0.85940,0.16060,1.39150,0.45510,0.96980,0.65170,0.15180,0.23040,0.18150,1.01080,0.26020,1.34080,0.73170,0.14930,1.57490,0.34430,0.86710,0.08650,0.11420,0.08580,0.12360,0.12400,0.21910,0.11980,0.52240,0.13750,1.60660,0.14280,0.54060,0.73850,0.08160,0.62070,0.09960,1.33090,0.10730,0.19110,0.13290,0.76080,0.25180,0.14980,0.09160,0.52600,0.12690,0.52090,1.17420,1.03960,0.60130,0.15300,0.80530,0.62530,0.78210,0.14490,0.24810,0.33670,0.10750,0.27930,1.09280,0.76950,0.26440,0.13050,0.64250,0.43940,0.42190,0.12540,0.23120,0.09040,0.10010,0.09630,0.69350,0.09490,0.23890,0.17770,0.47850,0.11550,0.34790,0.10490,0.18030
2:15:09,1.13290,0.12220,0.57890,0.10460,1.27390,0.12610,1.28010,0.12200,0.38030,0.12740,0.59880,0.14950,0.97360,0.17750,0.43050,0.19540,1.33120,0.31890,1.32160,0.86900,0.16220,1.38860,0.46100,0.97830,0.65960,0.15310,0.23300,0.18340,1.01860,0.26350,1.34080,0.74040,0.15070,1.56960,0.34830,0.87670,0.08680,0.11520,0.08610,0.12480,0.12480,0.22140,0.12040,0.52950,0.13860,1.60100,0.14400,0.54700,0.74740,0.08180,0.62930,0.10000,1.32900,0.10820,0.19340,0.13400,0.77010,0.12720,0.15110,0.09220,0.53310,0.12770,0.52810,1.17700,1.04830,0.60970,0.15490,0.81480,0.63340,0.78080,0.14600,0.25110,0.34100,0.10830,0.28290,1.10040,0.77840,0.26760,0.13340,0.65120,0.44520,0.42760,0.12640,0.23250,0.09100,0.10080,0.09700,0.70200,0.09540,0.24160,0.17540,0.48520,0.11640,0.35230,0.10570,0.18260
2:17:39,1.13860,0.12300,0.58640,0.10520,1.27130,0.12610,1.27880,0.12310,0.36850,0.12860,0.60650,0.15070,0.98170,0.17920,0.43630,0.19740,1.33200,0.32310,1.31960,0.87830,0.16350,1.38530,0.46680,0.98750,0.66750,0.15420,0.23560,0.18510,1.02550,0.26670,1.33950,0.74880,0.15170,1.56570,0.35250,0.88610,0.08710,0.11610,0.08640,0.12600,0.12550,0.22390,0.12070,0.53600,0.13960,1.59740,0.14500,0.55370,0.75580,0.08200,0.63720,0.10050,1.32620,0.10910,0.19560,0.13500,0.77940,0.12830,0.15230,0.09260,0.53970,0.12870,0.53500,1.17930,1.05720,0.61790,0.15670,0.82480,0.64150,0.78500,0.14690,0.25410,0.34510,0.10900,0.28650,1.10800,0.78770,0.27080,0.13490,0.65950,0.45120,0.43330,0.12720,0.23500,0.09150,0.10140,0.09770,0.71030,0.09580,0.24420,0.17280,0.49160,0.11710,0.35490,0.10640,0.18490
2:20:09,1.14480,0.12370,0.59390,0.10570,1.26910,0.12810,1.27690,0.12400,0.35930,0.12960,0.61360,0.15200,0.98990,0.18090,0.44200,0.19950,1.33220,0.32680,1.31870,0.88770,0.16500,1.38130,0.47230,0.99590,0.67540,0.15550,0.23820,0.18680,1.03190,0.26980,1.33940,0.75750,0.15300,1.55870,0.35640,0.89540,0.08750,0.11710,0.08680,0.12720,0.12630,0.22610,0.12120,0.54260,0.14060,1.59010,0.14610,0.56050,0.76400,0.08210,0.64590,0.10110,1.32420,0.11000,0.19780,0.13590,0.78830,0.12920,0.15350,0.09320,0.54650,0.12970,0.54210,1.18160,1.06540,0.62600,0.15840,0.83350,0.64940,0.78510,0.14780,0.25710,0.34920,0.10960,0.29020,1.11520,0.79660,0.27400,0.13630,0.66800,0.45700,0.43910,0.12790,0.23590,0.09190,0.10200,0.09850,0.71850,0.09630,0.24680,0.17150,0.49800,0.11780,0.35930,0.10710,0.18700
2:22:39,1.15020,0.12420,0.60110,0.10640,1.26730,0.12990,1.27420,0.12500,0.34870,0.13070,0.62100,0.15300,0.99780,0.18270,0.44770,0.20150,1.33210,0.33120,1.31630,0.89710,0.16630,1.38080,0.47840,1.00490,0.68260,0.15680,0.24080,0.18870,1.03730,0.27310,1.33690,0.76610,0.15420,1.55510,0.36050,0.90480,0.08790,0.11800,0.08720,0.12850,0.12710,0.22850,0.12180,0.54920,0.14160,1.58580,0.14710,0.56710,0.77240,0.08240,0.65370,0.10150,1.32240,0.11100,0.20010,0.13680,0.79730,0.13020,0.15470,0.09390,0.55350,0.13080,0.54900,1.18350,1.07310,0.63360,0.16010,0.84270,0.65730,0.78960,0.14880,0.26500,0.35340,0.11040,0.29380,1.12170,0.80560,0.27730,0.13780,0.67620,0.46280,0.44490,0.12880,0.23730,0.09250,0.10270,0.09910,0.72680,0.09680,0.24950,0.16900,0.50460,0.11860,0.36320,0.10780,0.18920
2:25:09,1.15550,0.12480,0.60850,0.10690,1.26550,0.13160,1.27290,0.12590,0.33830,0.13160,0.62790,0.15380,1.00560,0.18430,0.45350,0.20350,1.33180,0.33500,1.31420,0.90550,0.16760,1.37780,0.48360,1.01210,0.69040,0.15800,0.24340,0.19020,1.04360,0.27610,1.33690,0.77460,0.15510,1.54940,0.36480,0.91300,0.08830,0.11890,0.08760,0.12960,0.12780,0.23090,0.12240,0.55560,0.14250,1.57970,0.14800,0.57340,0.78040,0.08260,0.66170,0.10200,1.32110,0.11180,0.20230,0.13780,0.80580,0.13110,0.15580,0.09450,0.55990,0.13180,0.55590,1.18480,1.08110,0.64140,0.16190,0.85150,0.66490,0.79370,0.14990,0.26790,0.35740,0.11110,0.29740,1.12830,0.81360,0.28030,0.13920,0.68420,0.46840,0.45050,0.12970,0.23840,0.09290,0.10330,0.09980,0.73490,0.09730,0.25200,0.16810,0.51100,0.11930,0.36770,0.10850,0.19140
2:27:39,1.15950,0.12540,0.61560,0.10740,1.26330,0.13040,1.26950,0.12670,0.32910,0.13250,0.63510,0.15480,1.01270,0.18600,0.45900,0.20550,1.33160,0.33880,1.31320,0.91450,0.16890,1.37330,0.48930,1.02030,0.69760,0.15920,0.24570,0.19190,1.05010,0.27920,1.33580,0.78310,0.15610,1.54410,0.36860,0.92220,0.08850,0.11990,0.08800,0.13070,0.12860,0.23330,0.12300,0.56200,0.14340,1.57390,0.14890,0.57970,0.78830,0.08270,0.66950,0.10240,1.31870,0.11270,0.20440,0.13860,0.81430,0.13210,0.15680,0.09490,0.56660,0.13250,0.56280,1.18620,1.08890,0.64900,0.16350,0.86040,0.67260,0.79560,0.15100,0.27070,0.36140,0.11170,0.30080,1.13420,0.82220,0.28340,0.14060,0.69200,0.47390,0.45610,0.13050,0.23900,0.09340,0.10390,0.10040,0.74250,0.09780,0.25460,0.16430,0.51720,0.12000,0.37010,0.10910,0.19350
2:30:09,1.16420,0.12590,0.62260,0.10780,1.26090,0.13180,1.26710,0.12730,0.32010,0.13330,0.64180,0.15600,1.02000,0.18740,0.46440,0.20740,1.33110,0.34230,1.31060,0.92280,0.17020,1.37070,0.49450,1.02780,0.70500,0.16030,0.24830,0.19340,1.05410,0.28210,1.33360,0.79140,0.15700,1.53970,0.37250,0.93080,0.08880,0.12070,0.08810,0.13170,0.12920,0.23530,0.12330,0.56760,0.14420,1.56770,0.14960,0.58620,0.79640,0.08270,0.67710,0.10270,1.31670,0.11340,0.20640,0.13930,0.82300,0.13280,0.15780,0.09520,0.57290,0.13330,0.56910,1.18750,1.09570,0.65640,0.16510,0.86880,0.68000,0.79750,0.15200,0.27350,0.36530,0.11230,0.30420,1.13990,0.83050,0.28640,0.14180,0.69990,0.47930,0.46150,0.13110,0.24020,0.09370,0.10440,0.10090,0.75030,0.09810,0.25710,0.16280,0.52320,0.12060,0.37360,0.10970,0.19570

