420

Time,A1,A2,A3,A4,A5,A6,A7,A8,A9,A10,A11,A12,B1,B2,B3,B4,B5,B6,B7,B8,B9,B10,B11,B12,C1,C2,C3,C4,C5,C6,C7,C8,C9,C10,C11,C12,D1,D2,D3,D4,D5,D6,D7,D8,D9,D10,D11,D12,E1,E2,E3,E4,E5,E6,E7,E8,E9,E10,E11,E12,F1,F2,F3,F4,F5,F6,F7,F8,F9,F10,F11,F12,G1,G2,G3,G4,G5,G6,G7,G8,G9,G10,G11,G12,H1,H2,H3,H4,H5,H6,H7,H8,H9,H10,H11,H12
0:00:34,0.09770,0.09350,0.09400,0.08910,0.16960,0.08530,0.08760,0.08460,0.08900,0.08440,0.08830,0.07810,0.09900,0.10430,0.09760,0.10080,0.14280,0.11820,0.09770,0.09000,0.08660,0.08940,0.08870,0.09750,0.09610,0.09830,0.09600,0.08800,0.10140,0.11800,0.08930,0.09270,0.08740,0.09080,0.08620,0.08840,0.09760,0.09550,0.09850,0.08850,0.09200,0.09500,0.08610,0.08760,0.09140,0.09870,0.08630,0.09240,0.09970,0.08890,0.09920,0.08660,0.09370,0.12830,0.10300,0.09330,0.08960,0.08380,0.08830,0.07800,0.09350,0.08910,0.10410,0.10340,0.09030,0.09490,0.09000,0.08890,0.08850,0.08800,0.09260,0.08950,0.08780,0.08950,0.13810,0.09630,0.08690,0.09260,0.08770,0.08960,0.08570,0.09110,0.08680,0.08800,0.08950,0.08550,0.08500,0.09070,0.08780,0.08910,0.08600,0.08810,0.08530,0.08970,0.08630,0.08740
0:10:34,0.09670,0.09240,0.09200,0.08930,0.36870,0.08380,0.08630,0.08350,0.08430,0.08300,0.08990,0.07820,0.09840,0.10300,0.09580,0.09840,0.26820,0.18240,0.09650,0.08690,0.08490,0.08750,0.08830,0.09660,0.09550,0.09620,0.09460,0.08560,0.15430,0.17840,0.08880,0.09140,0.08510,0.08810,0.08620,0.08640,0.09590,0.09460,0.09780,0.08730,0.08950,0.11960,0.08500,0.08550,0.09100,0.09450,0.08590,0.08910,0.09800,0.08760,0.09720,0.08600,0.09020,0.12180,0.09910,0.09130,0.08610,0.08340,0.08680,0.07760,0.09200,0.08820,0.09940,0.09850,0.08800,0.09010,0.08880,0.08630,0.08640,0.08800,0.09050,0.08940,0.08670,0.08760,0.13000,0.09380,0.08590,0.09030,0.08560,0.08740,0.08500,0.08940,0.08600,0.08910,0.08740,0.08470,0.08440,0.08920,0.08770,0.08810,0.08520,0.08720,0.08480,0.09720,0.08570,0.08760
0:20:34,0.09800,0.09210,0.09130,0.08940,0.56520,0.08380,0.08700,0.08330,0.08430,0.08320,0.09070,0.07840,0.09980,0.10010,0.09530,0.09810,0.41040,0.26130,0.09620,0.08740,0.08520,0.08640,0.08910,0.09800,0.09620,0.09510,0.09430,0.08580,0.22210,0.25120,0.08920,0.09120,0.08520,0.08750,0.08670,0.08780,0.09550,0.09420,0.09820,0.08730,0.08570,0.14780,0.08480,0.08450,0.09020,0.09290,0.08600,0.08930,0.09680,0.08730,0.09720,0.08610,0.09020,0.11590,0.09860,0.09040,0.08540,0.08380,0.08650,0.07720,0.09150,0.08800,0.09790,0.09790,0.08780,0.08970,0.08870,0.08560,0.08600,0.09150,0.09060,0.09370,0.08620,0.08730,0.12410,0.09280,0.08580,0.09040,0.08580,0.08590,0.08520,0.09040,0.08640,0.09230,0.08650,0.08480,0.08440,0.08790,0.08770,0.08790,0.08610,0.08740,0.08440,0.09720,0.08540,0.08960
0:30:34,0.09980,0.09210,0.09150,0.08910,0.76130,0.08410,0.08800,0.08360,0.08470,0.08350,0.09430,0.08010,0.10150,0.09960,0.09550,0.09850,0.55880,0.34290,0.09620,0.08820,0.08540,0.08650,0.09120,0.10030,0.09790,0.09560,0.09450,0.08670,0.29640,0.32540,0.08950,0.09190,0.08550,0.08820,0.08790,0.08970,0.09580,0.09470,0.09900,0.08790,0.08570,0.17630,0.08430,0.08480,0.09010,0.09270,0.08600,0.09020,0.09610,0.08790,0.09720,0.08630,0.08950,0.11230,0.09930,0.09070,0.08590,0.08410,0.08740,0.07830,0.09150,0.08780,0.09720,0.09780,0.08810,0.08970,0.08830,0.08590,0.08630,0.09360,0.09070,0.10000,0.08640,0.08750,0.12040,0.09310,0.08570,0.09010,0.08620,0.08600,0.08540,0.09190,0.08630,0.09630,0.08620,0.08490,0.08460,0.08780,0.08800,0.08820,0.08900,0.08730,0.08440,0.09680,0.08570,0.09180
0:40:34,0.10200,0.09280,0.09210,0.09020,0.92930,0.08530,0.09020,0.08560,0.08550,0.08480,0.09790,0.08530,0.10400,0.10030,0.09610,0.09900,0.70590,0.42740,0.09740,0.08990,0.08630,0.08760,0.09460,0.10410,0.09940,0.09650,0.09510,0.08780,0.37720,0.39580,0.09070,0.09200,0.08610,0.08960,0.08980,0.09180,0.09620,0.09560,0.09970,0.08870,0.08640,0.20810,0.08520,0.08550,0.09060,0.09380,0.08680,0.09180,0.09620,0.08890,0.09810,0.08710,0.08970,0.10920,0.10050,0.09160,0.08650,0.08500,0.08880,0.08080,0.09190,0.08820,0.09690,0.09900,0.08900,0.09030,0.08920,0.08680,0.08700,0.09670,0.09180,0.10570,0.08690,0.08800,0.11690,0.09400,0.08650,0.09040,0.08710,0.08700,0.08620,0.09420,0.08730,0.10120,0.08630,0.08560,0.08510,0.08840,0.08870,0.08890,0.09100,0.08830,0.08490,0.09780,0.08790,0.09490
0:50:34,0.10450,0.09380,0.09260,0.08930,1.08150,0.08790,0.09320,0.08890,0.08680,0.08690,0.10190,0.09240,0.10240,0.10170,0.09730,0.09980,0.83260,0.51420,0.10040,0.09220,0.08860,0.08970,0.09940,0.10960,0.10100,0.09800,0.09650,0.09540,0.45740,0.46860,0.09280,0.09230,0.08730,0.09200,0.09290,0.09610,0.09660,0.09700,0.10110,0.08990,0.08790,0.24350,0.08660,0.08720,0.09250,0.09590,0.08840,0.09470,0.09680,0.09010,0.09910,0.08840,0.09080,0.10640,0.10210,0.09380,0.08830,0.08660,0.09140,0.08350,0.09260,0.08910,0.09750,0.10070,0.09040,0.09140,0.09040,0.08890,0.08820,0.10100,0.09370,0.11210,0.08740,0.08920,0.11420,0.09520,0.08780,0.09110,0.08850,0.08880,0.08740,0.09740,0.08920,0.10680,0.08660,0.08610,0.08580,0.08970,0.08970,0.09000,0.09230,0.08970,0.08600,0.09980,0.08990,0.09840
1:00:34,0.10700,0.09440,0.09360,0.09180,1.18650,0.09030,0.09610,0.09150,0.08840,0.08880,0.10590,0.09820,0.10440,0.10310,0.09840,0.10070,0.95120,0.59520,0.10370,0.09470,0.09080,0.09170,0.10360,0.11520,0.10240,0.09950,0.09790,0.10230,0.52550,0.54610,0.09490,0.09290,0.08900,0.09460,0.09600,0.09920,0.09690,0.09860,0.10290,0.09120,0.08450,0.28190,0.08840,0.08950,0.09450,0.09900,0.08980,0.09740,0.09710,0.09120,0.10060,0.08970,0.09260,0.10460,0.10410,0.09700,0.09000,0.08840,0.09360,0.08570,0.09380,0.09020,0.09820,0.10200,0.09220,0.09280,0.09210,0.09230,0.09000,0.10500,0.09530,0.11860,0.08780,0.09060,0.11340,0.09670,0.08890,0.09210,0.09030,0.09050,0.08880,0.10080,0.09110,0.11200,0.08680,0.08650,0.08650,0.09110,0.09090,0.09090,0.09240,0.09110,0.08700,0.10090,0.09090,0.10150
1:10:34,0.10940,0.09520,0.09460,0.09370,1.25710,0.09230,0.09890,0.09400,0.09000,0.09070,0.10990,0.10350,0.10660,0.10420,0.09980,0.10160,1.04650,0.66520,0.10680,0.09730,0.09290,0.09380,0.10800,0.12040,0.10350,0.10080,0.09940,0.10330,0.59230,0.60500,0.09710,0.08700,0.09070,0.09690,0.09860,0.10260,0.09720,0.09980,0.10450,0.09240,0.08640,0.31630,0.09020,0.09170,0.09650,0.10150,0.09150,0.09980,0.09760,0.09220,0.10180,0.09100,0.09440,0.10320,0.10710,0.09950,0.09160,0.09010,0.09280,0.08770,0.09470,0.09110,0.09890,0.10320,0.09380,0.09390,0.09340,0.09430,0.09170,0.10880,0.09670,0.12480,0.08820,0.09140,0.11170,0.09810,0.08980,0.09280,0.09160,0.09230,0.09020,0.10390,0.09300,0.11680,0.08680,0.08690,0.08720,0.09220,0.09210,0.09180,0.08780,0.09240,0.08800,0.10230,0.09160,0.10430
1:20:34,0.11210,0.09650,0.09590,0.09690,1.29650,0.09560,0.10260,0.09830,0.09190,0.09390,0.11480,0.10920,0.10890,0.10630,0.10120,0.10290,1.12240,0.73040,0.11110,0.10150,0.09650,0.09710,0.11430,0.12590,0.10470,0.10280,0.10140,0.10510,0.65030,0.66760,0.10210,0.08930,0.09320,0.10070,0.10230,0.10710,0.09790,0.10140,0.10680,0.09400,0.08900,0.34950,0.09300,0.09450,0.09930,0.10470,0.09350,0.10470,0.09790,0.09360,0.10360,0.09280,0.09640,0.10240,0.10960,0.10270,0.09340,0.09230,0.09500,0.09030,0.09590,0.09190,0.10010,0.10480,0.09560,0.09510,0.09540,0.09670,0.09330,0.11280,0.09900,0.13090,0.08850,0.09220,0.11100,0.09970,0.09110,0.09370,0.09320,0.09440,0.09160,0.10730,0.09470,0.12140,0.08700,0.08730,0.08810,0.09350,0.09360,0.09290,0.09100,0.09390,0.08900,0.10380,0.09270,0.10730
1:30:34,0.11440,0.09730,0.09670,0.09960,1.31600,0.09870,0.10590,0.10180,0.09350,0.09630,0.11920,0.11400,0.11110,0.10820,0.10210,0.10370,1.18120,0.79220,0.11470,0.10490,0.09940,0.10040,0.12000,0.13160,0.10580,0.10470,0.10300,0.10660,0.70940,0.72540,0.10580,0.09070,0.09570,0.10400,0.10550,0.11120,0.09830,0.10240,0.10880,0.09530,0.09140,0.38090,0.09550,0.09690,0.10190,0.10560,0.09530,0.10800,0.09840,0.09470,0.10530,0.09440,0.09820,0.10210,0.11070,0.10550,0.09510,0.09420,0.09680,0.09290,0.09630,0.09260,0.10120,0.10660,0.09730,0.09630,0.09750,0.09890,0.09480,0.11680,0.10100,0.13660,0.08860,0.09290,0.10960,0.10120,0.09220,0.09450,0.09450,0.09640,0.09310,0.11060,0.09640,0.12550,0.08710,0.08780,0.08880,0.09460,0.09460,0.09390,0.09080,0.09520,0.08990,0.10540,0.09370,0.11020
1:40:34,0.11640,0.09790,0.09740,0.10180,1.32070,0.10120,0.10850,0.10480,0.09530,0.09850,0.12370,0.11820,0.11290,0.10930,0.10290,0.10450,1.22340,0.84780,0.11810,0.10770,0.10210,0.10280,0.12540,0.13620,0.10650,0.10590,0.10400,0.10750,0.76250,0.74700,0.10820,0.09190,0.09760,0.10650,0.10830,0.11530,0.09850,0.10300,0.10970,0.09610,0.09340,0.41060,0.09750,0.09880,0.10440,0.10770,0.09700,0.11060,0.09870,0.09540,0.10620,0.09530,0.09930,0.10170,0.11200,0.10780,0.09650,0.09590,0.09840,0.09550,0.09690,0.09310,0.10200,0.10770,0.09850,0.09700,0.09890,0.10070,0.09590,0.12030,0.10240,0.14190,0.08860,0.09340,0.10780,0.10210,0.09300,0.09490,0.09550,0.09790,0.09410,0.11340,0.09750,0.12940,0.08730,0.08820,0.08930,0.09560,0.09510,0.09460,0.09220,0.09610,0.09060,0.10670,0.09440,0.11270
1:50:34,0.11830,0.09850,0.09820,0.10410,1.31740,0.10370,0.11120,0.10790,0.09690,0.10090,0.12790,0.12200,0.11490,0.11070,0.10370,0.10520,1.25300,0.89890,0.12120,0.11060,0.10470,0.10550,0.13070,0.14070,0.10740,0.10710,0.10500,0.10860,0.81120,0.79380,0.11040,0.09280,0.09970,0.10880,0.11050,0.11910,0.09860,0.10370,0.11070,0.09700,0.09530,0.43920,0.09950,0.10060,0.10730,0.10960,0.09860,0.11300,0.09890,0.09600,0.10720,0.09650,0.10030,0.10160,0.11320,0.10990,0.09780,0.09740,0.09980,0.09760,0.09720,0.09370,0.10300,0.10890,0.09960,0.09760,0.10000,0.10220,0.09690,0.12360,0.10360,0.14690,0.08870,0.09400,0.10630,0.10310,0.09370,0.09540,0.09630,0.09930,0.09500,0.11610,0.09850,0.13290,0.08730,0.08860,0.08980,0.09640,0.09570,0.09520,0.09130,0.09690,0.09120,0.10790,0.09490,0.11480
2:00:34,0.12030,0.09950,0.09910,0.10680,1.31070,0.10630,0.11420,0.11100,0.09920,0.10360,0.13250,0.12580,0.11710,0.11270,0.10450,0.10600,1.27340,0.94470,0.12420,0.11380,0.10660,0.10840,0.13570,0.14520,0.10820,0.10870,0.10650,0.11020,0.85570,0.83770,0.11290,0.09380,0.10230,0.11140,0.11290,0.12300,0.09890,0.10460,0.11210,0.09820,0.09750,0.46740,0.10190,0.10290,0.10950,0.11180,0.10020,0.11590,0.09910,0.09690,0.10850,0.09800,0.10170,0.10150,0.11510,0.11220,0.09930,0.09900,0.10140,0.10000,0.09780,0.09440,0.10390,0.11050,0.10110,0.09860,0.10150,0.10420,0.09830,0.12710,0.10490,0.15260,0.08880,0.09440,0.10530,0.10420,0.09470,0.09620,0.09740,0.10090,0.09590,0.11900,0.09960,0.13660,0.08740,0.08890,0.09040,0.09750,0.09640,0.09610,0.09230,0.09790,0.09200,0.10950,0.09580,0.11720
2:10:34,0.12220,0.10030,0.10010,0.10920,1.30170,0.10880,0.11720,0.11430,0.10170,0.10620,0.13740,0.12930,0.11930,0.11460,0.10530,0.10670,1.28400,0.98620,0.12710,0.11680,0.10930,0.11150,0.14060,0.14940,0.10890,0.11040,0.10800,0.11180,0.89530,0.87790,0.11520,0.09460,0.10490,0.11390,0.11580,0.12690,0.09900,0.10550,0.11350,0.09940,0.09980,0.49480,0.10440,0.10530,0.11160,0.11430,0.10170,0.11890,0.09920,0.09790,0.11000,0.09960,0.10310,0.10170,0.11700,0.12010,0.10100,0.10100,0.10320,0.10220,0.09830,0.09500,0.10510,0.11220,0.10270,0.09950,0.10290,0.10630,0.09960,0.13080,0.10650,0.15750,0.08890,0.09490,0.10460,0.10540,0.09560,0.09720,0.09850,0.10280,0.09680,0.12210,0.10080,0.14020,0.08740,0.08910,0.09100,0.09840,0.09710,0.09690,0.09320,0.09900,0.09290,0.11090,0.09660,0.11940
2:20:34,0.12410,0.10150,0.10130,0.11180,1.29210,0.11120,0.12030,0.11760,0.10470,0.10900,0.14280,0.13270,0.12180,0.11660,0.10650,0.10750,1.28950,1.02250,0.13030,0.12000,0.11230,0.11470,0.14550,0.15350,0.10960,0.11230,0.10990,0.11360,0.93000,0.91420,0.11770,0.09550,0.10780,0.11670,0.11890,0.13030,0.09910,0.10660,0.11520,0.10100,0.10210,0.52150,0.10700,0.10810,0.11400,0.11700,0.10360,0.12190,0.09930,0.09910,0.11180,0.10150,0.10480,0.10230,0.11930,0.12300,0.10330,0.10330,0.10540,0.10450,0.09880,0.09550,0.10640,0.11420,0.10450,0.10080,0.10460,0.10890,0.10140,0.13490,0.10850,0.16240,0.08890,0.09540,0.10390,0.10660,0.09690,0.09840,0.09990,0.10500,0.09800,0.12530,0.10220,0.14370,0.08750,0.08950,0.09150,0.09950,0.09810,0.09790,0.09420,0.10030,0.09410,0.11300,0.09780,0.12190
2:30:34,0.12600,0.10280,0.10240,0.11440,1.28200,0.11370,0.12330,0.12070,0.10760,0.11160,0.14800,0.13580,0.12400,0.11860,0.10750,0.10840,1.29070,1.05450,0.13300,0.12290,0.11520,0.11770,0.15040,0.15740,0.11030,0.11420,0.11170,0.11550,0.96230,0.94630,0.12000,0.09640,0.11080,0.11940,0.12200,0.13340,0.09910,0.10770,0.11680,0.10260,0.10450,0.54710,0.10960,0.11080,0.11340,0.11970,0.10580,0.12500,0.09920,0.10040,0.11360,0.10340,0.10670,0.10290,0.12150,0.12570,0.10550,0.10570,0.10790,0.10680,0.09920,0.09610,0.10780,0.11630,0.10640,0.10220,0.10680,0.11140,0.10320,0.13890,0.11040,0.16700,0.08890,0.09580,0.10400,0.10800,0.09830,0.10000,0.10140,0.10720,0.09910,0.12840,0.10370,0.14710,0.08750,0.08970,0.09210,0.10070,0.09910,0.09890,0.09540,0.10160,0.09530,0.11500,0.09900,0.12450
2:40:34,0.12790,0.10400,0.10380,0.11680,1.27280,0.11620,0.12630,0.12400,0.11050,0.11440,0.15300,0.13870,0.12650,0.12050,0.10860,0.10940,1.28910,1.08180,0.13570,0.12590,0.11790,0.12060,0.15490,0.16130,0.11090,0.11600,0.11350,0.11730,0.99000,0.97640,0.12250,0.09740,0.11380,0.12180,0.12510,0.13640,0.09920,0.10870,0.11840,0.10430,0.10680,0.57180,0.11220,0.11360,0.11550,0.12220,0.10790,0.12790,0.09920,0.10160,0.11530,0.10530,0.10850,0.10370,0.12390,0.12820,0.10790,0.10800,0.11010,0.10910,0.09960,0.09660,0.10940,0.11830,0.10820,0.10360,0.10890,0.11390,0.10510,0.14290,0.11240,0.17160,0.08890,0.09610,0.10430,0.10950,0.09950,0.10140,0.10280,0.10940,0.10040,0.13150,0.10520,0.15050,0.08750,0.08990,0.09250,0.10180,0.10010,0.09980,0.10270,0.10300,0.09650,0.11690,0.10020,0.12700
2:50:34,0.12970,0.10510,0.10500,0.11900,1.26390,0.11830,0.12900,0.12660,0.11320,0.11680,0.15780,0.14160,0.12870,0.12230,0.10960,0.11020,1.28510,1.10500,0.13820,0.12860,0.12050,0.12310,0.15920,0.16490,0.11150,0.11780,0.11510,0.11910,1.01330,1.00210,0.12460,0.09830,0.11620,0.12410,0.12760,0.13910,0.09920,0.10970,0.11980,0.10570,0.10890,0.59560,0.11440,0.11600,0.11550,0.12430,0.10970,0.13050,0.09920,0.10280,0.11700,0.10710,0.11020,0.10430,0.12580,0.13030,0.10990,0.11000,0.11200,0.11130,0.09990,0.09710,0.11060,0.12010,0.10970,0.10480,0.11050,0.11610,0.10680,0.14680,0.11420,0.17600,0.08880,0.09650,0.10450,0.11060,0.10070,0.10260,0.10400,0.11130,0.10140,0.13440,0.10630,0.15370,0.08750,0.09010,0.09290,0.10280,0.10100,0.10070,0.09790,0.10420,0.09760,0.11870,0.10110,0.12920
3:00:34,0.13140,0.10590,0.10590,0.12090,1.25520,0.12040,0.13160,0.12920,0.11540,0.11900,0.16230,0.14430,0.13090,0.12380,0.11030,0.11060,1.27900,1.12520,0.14040,0.13090,0.12270,0.12540,0.16310,0.16850,0.11200,0.11910,0.11630,0.12060,1.03400,1.02480,0.12650,0.09910,0.11850,0.12610,0.13010,0.14150,0.09910,0.11000,0.12090,0.10690,0.11080,0.61820,0.11640,0.11810,0.11770,0.12630,0.11130,0.13300,0.09910,0.10360,0.11820,0.10820,0.11150,0.10490,0.12740,0.13210,0.11170,0.11180,0.11370,0.11320,0.10000,0.09740,0.11180,0.12170,0.11110,0.10580,0.11190,0.11800,0.10820,0.15030,0.11490,0.18030,0.08870,0.09670,0.10470,0.11150,0.10160,0.10370,0.10510,0.11300,0.10240,0.13710,0.10710,0.15660,0.08750,0.09020,0.09320,0.10360,0.10160,0.10130,0.09820,0.10510,0.09850,0.12010,0.10190,0.13130
3:10:34,0.13220,0.10590,0.10590,0.12220,1.24660,0.12170,0.13330,0.13090,0.11710,0.12040,0.16610,0.14650,0.13230,0.12480,0.11020,0.11040,1.27310,1.14070,0.14200,0.13270,0.12420,0.12690,0.16640,0.17130,0.11210,0.12020,0.11700,0.12150,1.05120,1.04390,0.12800,0.09940,0.12010,0.12740,0.13190,0.14340,0.09860,0.11000,0.12150,0.10760,0.11240,0.63980,0.11810,0.11960,0.11950,0.12770,0.11230,0.13490,0.09860,0.10400,0.11910,0.10950,0.11250,0.10500,0.12850,0.13340,0.11300,0.11290,0.11480,0.11480,0.09990,0.09740,0.11250,0.12290,0.11210,0.10640,0.11280,0.11960,0.10930,0.15340,0.11590,0.18430,0.08860,0.09670,0.10460,0.11220,0.10220,0.10450,0.10580,0.11420,0.10290,0.13940,0.10760,0.15940,0.08740,0.09010,0.09320,0.10400,0.10190,0.10160,0.09860,0.10570,0.09910,0.12140,0.10230,0.13290
3:20:34,0.13350,0.10570,0.10570,0.12350,1.23860,0.12310,0.13490,0.13250,0.11840,0.12160,0.16950,0.14860,0.13360,0.12550,0.10970,0.10990,1.26590,1.15420,0.14320,0.13410,0.12550,0.12800,0.16950,0.17370,0.11250,0.12090,0.11740,0.12210,1.06510,1.06110,0.12920,0.10000,0.12140,0.12840,0.13320,0.14490,0.09830,0.10960,0.12180,0.10800,0.11360,0.66040,0.11930,0.12070,0.12090,0.12880,0.11280,0.13670,0.09830,0.10410,0.11960,0.11040,0.11300,0.10470,0.12920,0.13420,0.11390,0.11380,0.11560,0.11610,0.09980,0.09750,0.11270,0.12380,0.11260,0.10650,0.11320,0.12070,0.10990,0.15590,0.11640,0.18810,0.08850,0.09660,0.10420,0.11250,0.10240,0.10480,0.10610,0.11500,0.10310,0.14150,0.10740,0.16200,0.08730,0.09010,0.09320,0.10410,0.10180,0.10160,0.09870,0.10590,0.09930,0.12200,0.10220,0.13410
3:30:34,0.13470,0.10560,0.10580,0.12450,1.23040,0.12430,0.13650,0.13390,0.11980,0.12280,0.17290,0.15070,0.13490,0.12610,0.10950,0.10980,1.25870,1.16490,0.14430,0.13560,0.12660,0.12900,0.17240,0.17610,0.11280,0.12170,0.11780,0.12270,1.07690,1.07510,0.13040,0.10080,0.12260,0.12950,0.13460,0.14640,0.09800,0.10920,0.12210,0.10840,0.11490,0.68010,0.12060,0.12180,0.12240,0.13000,0.11340,0.13820,0.09810,0.10420,0.12000,0.11130,0.11350,0.10480,0.13000,0.13500,0.11480,0.11460,0.11630,0.11740,0.09970,0.09760,0.11290,0.12470,0.11330,0.10670,0.11370,0.12180,0.11060,0.15850,0.11700,0.19210,0.08850,0.09670,0.10420,0.11290,0.10270,0.10520,0.10640,0.11580,0.10350,0.14340,0.10740,0.16490,0.08730,0.09020,0.09330,0.10440,0.10190,0.10160,0.09880,0.10610,0.09950,0.12270,0.10230,0.13550
3:40:34,0.13600,0.10560,0.10590,0.12550,1.22240,0.12550,0.13790,0.13530,0.12090,0.12400,0.17590,0.15260,0.13630,0.12670,0.10940,0.10990,1.25190,1.17400,0.14570,0.13690,0.12780,0.13000,0.17510,0.17840,0.11320,0.12230,0.11820,0.12320,1.08640,1.08640,0.13150,0.10160,0.12380,0.13040,0.13590,0.14770,0.09780,0.10890,0.12240,0.10880,0.11600,0.69900,0.12190,0.12280,0.12370,0.13110,0.11380,0.13970,0.09790,0.10420,0.12040,0.11210,0.11400,0.10480,0.13050,0.13550,0.11560,0.11520,0.11690,0.11860,0.09970,0.09780,0.11310,0.12560,0.11380,0.10690,0.11410,0.12270,0.11120,0.16100,0.11740,0.19590,0.08830,0.09680,0.10410,0.11340,0.10290,0.10550,0.10670,0.11650,0.10380,0.14510,0.10720,0.16750,0.08720,0.09020,0.09350,0.10480,0.10190,0.10170,0.09890,0.10630,0.09940,0.12330,0.10230,0.13680
3:50:34,0.13800,0.10620,0.10690,0.12680,1.21560,0.12690,0.13980,0.13690,0.12240,0.12530,0.17940,0.15470,0.13800,0.12760,0.11010,0.11050,1.24440,1.18000,0.14700,0.13860,0.12910,0.13130,0.17800,0.18080,0.11370,0.12300,0.11880,0.12400,1.09450,1.09740,0.13270,0.10300,0.12520,0.13150,0.13730,0.14900,0.09780,0.10900,0.12270,0.10940,0.11730,0.71720,0.12340,0.12400,0.12520,0.13210,0.11440,0.14130,0.09770,0.10460,0.12100,0.11310,0.11470,0.10520,0.13120,0.13630,0.11660,0.11610,0.11770,0.11970,0.09980,0.09820,0.11360,0.12670,0.11440,0.10730,0.11470,0.12390,0.11180,0.16380,0.11800,0.19990,0.08830,0.09700,0.10420,0.11410,0.10310,0.10580,0.10700,0.11730,0.10460,0.14700,0.10740,0.17040,0.08720,0.09020,0.09380,0.10520,0.10200,0.10190,0.09900,0.10660,0.09960,0.12420,0.10250,0.13820
4:00:34,0.13990,0.10720,0.10830,0.12830,1.20890,0.12850,0.14170,0.13890,0.12430,0.12700,0.18320,0.15690,0.14030,0.12880,0.11100,0.11150,1.23730,1.18530,0.14860,0.14060,0.13060,0.13270,0.18120,0.18360,0.11420,0.12410,0.11980,0.12500,1.10160,1.10680,0.13390,0.10530,0.12680,0.13290,0.13930,0.15080,0.09580,0.10950,0.12350,0.11060,0.11880,0.73540,0.12490,0.12560,0.12700,0.13360,0.11550,0.14320,0.09760,0.10530,0.12190,0.11450,0.11580,0.10630,0.13230,0.13750,0.11790,0.11740,0.11900,0.12110,0.10020,0.09870,0.11430,0.12810,0.11530,0.10820,0.11580,0.12530,0.11310,0.16680,0.11910,0.20410,0.08820,0.09720,0.10480,0.11510,0.10390,0.10670,0.10790,0.11850,0.10550,0.14930,0.10820,0.17350,0.08720,0.09030,0.09430,0.10610,0.10270,0.10250,0.09960,0.10740,0.10020,0.12550,0.10310,0.14010
4:10:34,0.14200,0.11000,0.10990,0.12990,1.20240,0.13000,0.14370,0.14070,0.12620,0.12870,0.18720,0.15900,0.14260,0.13010,0.11230,0.11270,1.23050,1.18930,0.15040,0.14240,0.13240,0.13430,0.18450,0.18640,0.11470,0.12520,0.12100,0.12630,1.10700,1.11430,0.13510,0.10730,0.12850,0.13430,0.14140,0.15260,0.09590,0.11020,0.12430,0.11190,0.12030,0.75290,0.12650,0.12720,0.12870,0.13490,0.11690,0.14510,0.09740,0.10620,0.12290,0.11670,0.11710,0.10740,0.13340,0.13840,0.11930,0.11870,0.12040,0.12260,0.10040,0.09910,0.11530,0.12970,0.11640,0.10920,0.11690,0.12680,0.11450,0.16990,0.12030,0.20820,0.08820,0.09600,0.10530,0.11620,0.10480,0.10760,0.10890,0.11960,0.10640,0.15160,0.10890,0.17630,0.08720,0.09050,0.09480,0.10700,0.10320,0.10310,0.10020,0.10820,0.10080,0.12680,0.10380,0.14190
4:20:34,0.14350,0.11100,0.11110,0.13120,1.19630,0.13160,0.14560,0.14240,0.12790,0.13020,0.19090,0.16110,0.14480,0.13120,0.11330,0.11350,1.22450,1.19120,0.15190,0.14430,0.13390,0.13590,0.18760,0.18920,0.11510,0.12630,0.12220,0.12760,1.11150,1.12080,0.13650,0.10900,0.13010,0.13560,0.14340,0.15440,0.09560,0.11070,0.12530,0.11310,0.12190,0.76980,0.12800,0.12880,0.13040,0.13650,0.11820,0.14710,0.09710,0.10700,0.12400,0.11820,0.11840,0.10840,0.13450,0.13940,0.12070,0.12000,0.12180,0.12390,0.10050,0.09950,0.11630,0.13130,0.11740,0.11020,0.11810,0.12840,0.11570,0.17280,0.12160,0.21210,0.08820,0.09620,0.10590,0.11740,0.10570,0.10860,0.10990,0.12090,0.10740,0.15390,0.10970,0.17900,0.08710,0.09050,0.09510,0.10780,0.10390,0.10360,0.10090,0.10910,0.10080,0.12820,0.10450,0.14380
4:30:34,0.14440,0.11160,0.11160,0.13240,1.19040,0.13270,0.14710,0.14370,0.12910,0.13120,0.19410,0.16300,0.14630,0.13200,0.11360,0.11360,1.21780,1.19190,0.15310,0.14570,0.13520,0.13670,0.19040,0.19150,0.11520,0.12700,0.12280,0.12810,1.11440,1.12420,0.13760,0.10990,0.13130,0.13660,0.14490,0.15580,0.09520,0.11070,0.12570,0.11390,0.12310,0.78540,0.12900,0.13000,0.13180,0.13750,0.11910,0.14860,0.09670,0.10750,0.12460,0.11930,0.11930,0.10900,0.13510,0.13990,0.12170,0.12100,0.12280,0.12510,0.10020,0.09940,0.11670,0.13260,0.11800,0.11080,0.11890,0.12950,0.11670,0.17510,0.12240,0.21550,0.08800,0.09600,0.10590,0.11800,0.10620,0.10920,0.11050,0.12180,0.10790,0.15580,0.10990,0.18130,0.08690,0.09030,0.09490,0.10810,0.10420,0.10380,0.10120,0.10950,0.10120,0.12920,0.10480,0.14530
4:40:34,0.14490,0.11150,0.11150,0.13300,1.18370,0.13350,0.14820,0.14470,0.13000,0.13210,0.19690,0.16430,0.14750,0.13230,0.11340,0.11310,1.21170,1.19230,0.15410,0.14680,0.13580,0.13730,0.19270,0.19270,0.11480,0.12720,0.12300,0.12860,1.11670,1.12790,0.13840,0.11000,0.13220,0.13730,0.14600,0.15680,0.09470,0.11020,0.12590,0.11430,0.12400,0.80060,0.12980,0.13070,0.13270,0.13810,0.11950,0.14990,0.09620,0.10740,0.12500,0.12000,0.11980,0.10890,0.13550,0.14030,0.12240,0.12150,0.12330,0.12600,0.09960,0.09910,0.11680,0.13340,0.11680,0.11090,0.11920,0.13030,0.11710,0.17720,0.12280,0.21870,0.08780,0.09570,0.10550,0.11820,0.10640,0.10950,0.11060,0.12220,0.10800,0.15750,0.10970,0.18350,0.08680,0.09020,0.09450,0.10810,0.10400,0.10360,0.10120,0.10950,0.10120,0.12960,0.10460,0.14630
4:50:34,0.14560,0.11120,0.11120,0.13370,1.17820,0.13430,0.14930,0.14530,0.13080,0.13270,0.19950,0.16580,0.14850,0.13280,0.11290,0.11250,1.20460,1.19100,0.15500,0.14760,0.13660,0.13770,0.19500,0.19460,0.11490,0.12760,0.12310,0.12880,1.11810,1.12940,0.13920,0.11000,0.13320,0.13790,0.14700,0.15770,0.09440,0.10960,0.12580,0.11450,0.12480,0.81480,0.13040,0.13140,0.13360,0.13870,0.11980,0.15100,0.09590,0.10740,0.12500,0.12070,0.12010,0.10880,0.13570,0.14050,0.12300,0.12200,0.12380,0.12680,0.09900,0.09890,0.11670,0.13400,0.11700,0.11080,0.11950,0.13090,0.11750,0.17900,0.12310,0.22200,0.08770,0.09560,0.10500,0.11830,0.10630,0.10970,0.11070,0.12260,0.10790,0.15900,0.10920,0.18580,0.08680,0.09010,0.09420,0.10790,0.10380,0.10310,0.10100,0.10950,0.10110,0.13000,0.10430,0.14720
5:00:34,0.14710,0.11130,0.11150,0.13460,1.17230,0.13530,0.15060,0.14660,0.13200,0.13360,0.20250,0.16730,0.15000,0.13320,0.11290,0.11250,1.19960,1.18970,0.15580,0.14880,0.13760,0.13840,0.19750,0.19670,0.11520,0.12790,0.12350,0.12920,1.11890,1.13150,0.14020,0.11040,0.13400,0.13850,0.14810,0.15880,0.09430,0.10910,0.12600,0.11490,0.12570,0.82870,0.13110,0.13210,0.13460,0.13940,0.12010,0.15230,0.09580,0.10720,0.12530,0.12130,0.12060,0.10880,0.13600,0.14080,0.12360,0.12240,0.12430,0.12780,0.09870,0.09890,0.11670,0.13470,0.11730,0.11080,0.11980,0.13160,0.11790,0.18100,0.12350,0.22570,0.08750,0.09560,0.10470,0.11850,0.10640,0.11000,0.11080,0.12300,0.10800,0.16060,0.10890,0.18840,0.08690,0.09000,0.09410,0.10790,0.10350,0.10290,0.10090,0.10950,0.10110,0.13050,0.10410,0.14820
5:10:34,0.14850,0.11150,0.11160,0.13550,1.16640,0.13630,0.15200,0.14780,0.13300,0.13460,0.20550,0.16870,0.15120,0.13380,0.11310,0.11260,1.19210,1.18860,0.15690,0.15000,0.13860,0.13920,0.19990,0.19880,0.11530,0.12820,0.12380,0.12970,1.11920,1.13220,0.14120,0.11120,0.13500,0.13930,0.14930,0.15980,0.09410,0.10890,0.12610,0.11540,0.12670,0.84180,0.13180,0.13300,0.13580,0.14020,0.12070,0.15360,0.09570,0.10730,0.12550,0.12220,0.12110,0.10910,0.13630,0.14120,0.12430,0.12290,0.12490,0.12860,0.09870,0.09920,0.11670,0.13560,0.11770,0.11090,0.12020,0.13240,0.11830,0.18300,0.12400,0.22940,0.08750,0.09580,0.10470,0.11890,0.10650,0.11030,0.11110,0.12360,0.10820,0.16230,0.10900,0.19100,0.08690,0.09000,0.09420,0.10820,0.10340,0.10290,0.10090,0.10950,0.10110,0.13110,0.10420,0.14940
5:20:34,0.14990,0.11180,0.11190,0.13640,1.16160,0.13730,0.15340,0.14890,0.13420,0.13560,0.20840,0.17030,0.15270,0.13440,0.11340,0.11270,1.18690,1.18570,0.15790,0.15130,0.13970,0.13980,0.20250,0.20080,0.11570,0.12880,0.12440,0.13020,1.11870,1.13300,0.14230,0.11210,0.13490,0.14000,0.15050,0.16090,0.09400,0.10880,0.12650,0.11590,0.12770,0.85470,0.13260,0.13380,0.13690,0.14090,0.12120,0.15500,0.09560,0.10740,0.12590,0.12300,0.12170,0.10940,0.13630,0.14150,0.12500,0.12340,0.12560,0.12950,0.09860,0.09940,0.11690,0.13660,0.11820,0.11110,0.12080,0.13320,0.11890,0.18500,0.12450,0.23300,0.08740,0.09590,0.10480,0.11940,0.10680,0.11060,0.11140,0.12420,0.10850,0.16380,0.10890,0.19360,0.08690,0.09000,0.09440,0.10850,0.10350,0.10300,0.10100,0.10980,0.10130,0.13190,0.10430,0.15070
5:30:34,0.15120,0.11220,0.11200,0.13740,1.15600,0.13830,0.15480,0.15000,0.13530,0.13660,0.21130,0.17160,0.15410,0.13330,0.11360,0.11300,1.18110,1.18360,0.15910,0.15240,0.14060,0.14060,0.20480,0.20290,0.11580,0.12930,0.12470,0.13080,1.11920,1.13300,0.14340,0.11280,0.13590,0.14070,0.15170,0.16190,0.09380,0.10860,0.12680,0.11640,0.12870,0.86730,0.13330,0.13460,0.13780,0.14170,0.12170,0.15630,0.09530,0.10760,0.12620,0.12370,0.12230,0.10970,0.13670,0.14190,0.12570,0.12400,0.12630,0.13040,0.09840,0.09950,0.11700,0.13740,0.11870,0.11140,0.12120,0.13400,0.11950,0.18710,0.12500,0.23650,0.08740,0.09600,0.10500,0.11990,0.10700,0.11090,0.11170,0.12470,0.10880,0.16550,0.10890,0.19600,0.08690,0.09000,0.09440,0.10880,0.10350,0.10300,0.10100,0.11000,0.10160,0.13250,0.10420,0.15200
5:40:34,0.15260,0.11250,0.11230,0.13830,1.15150,0.13920,0.15620,0.15100,0.13650,0.13760,0.21410,0.17310,0.15560,0.13390,0.11400,0.11320,1.17670,1.18040,0.15990,0.15370,0.14150,0.14130,0.20720,0.20500,0.11620,0.12970,0.12530,0.13130,1.11860,1.13380,0.14450,0.11380,0.13700,0.14150,0.15290,0.16310,0.09320,0.10860,0.12700,0.11690,0.12960,0.87910,0.13410,0.13550,0.13880,0.14250,0.12230,0.15770,0.09530,0.10770,0.12650,0.12440,0.12300,0.11010,0.13720,0.14230,0.12650,0.12470,0.12690,0.13120,0.09830,0.09970,0.11710,0.13840,0.11920,0.11150,0.12180,0.13470,0.12000,0.18910,0.12550,0.24000,0.08740,0.09610,0.10510,0.12050,0.10730,0.11120,0.11210,0.12530,0.10920,0.16740,0.10900,0.19860,0.08690,0.09000,0.09460,0.10910,0.10350,0.10310,0.10110,0.11020,0.10190,0.13320,0.10440,0.15330
5:50:34,0.15420,0.11310,0.11280,0.13930,1.14660,0.14020,0.15770,0.15220,0.13770,0.13870,0.21700,0.17440,0.15720,0.13480,0.11460,0.11370,1.17140,1.17780,0.16100,0.15500,0.14250,0.14210,0.20970,0.20700,0.11650,0.13030,0.12590,0.13220,1.11870,1.13310,0.14570,0.11490,0.13820,0.14240,0.15440,0.16420,0.09310,0.10870,0.12750,0.11760,0.13060,0.89050,0.13500,0.13630,0.14000,0.14330,0.12290,0.15920,0.09530,0.10810,0.12700,0.12530,0.12390,0.11070,0.13770,0.14260,0.12740,0.12540,0.12790,0.13220,0.09850,0.10010,0.11750,0.13960,0.11980,0.11210,0.12240,0.13570,0.12070,0.19130,0.12630,0.24370,0.08750,0.09630,0.10560,0.12130,0.10780,0.11180,0.11260,0.12600,0.10970,0.16910,0.10930,0.20130,0.08700,0.09010,0.09490,0.10970,0.10380,0.10330,0.10140,0.11070,0.10240,0.13410,0.10470,0.15480
6:00:34,0.15660,0.11420,0.11400,0.14060,1.14290,0.14150,0.15970,0.15390,0.13940,0.14020,0.22040,0.17600,0.15940,0.13600,0.11590,0.11490,1.16600,1.17440,0.16260,0.15670,0.14390,0.14330,0.21250,0.20950,0.11720,0.13120,0.12700,0.13330,1.11850,1.13190,0.14720,0.11680,0.13980,0.14360,0.15620,0.16580,0.09330,0.10940,0.12820,0.11870,0.13190,0.90160,0.13620,0.13750,0.14140,0.14460,0.12410,0.16090,0.09560,0.10880,0.12790,0.12640,0.12510,0.11170,0.13870,0.14330,0.12860,0.12640,0.12910,0.13330,0.09880,0.10090,0.11810,0.14100,0.12070,0.11290,0.12340,0.13690,0.12180,0.19370,0.12730,0.24890,0.08760,0.09690,0.10640,0.12240,0.10860,0.11250,0.11350,0.12700,0.11060,0.17110,0.10990,0.20420,0.08710,0.09040,0.09560,0.11050,0.10430,0.10390,0.10200,0.11140,0.10320,0.13530,0.10530,0.15650
6:10:34,0.15890,0.11530,0.11510,0.14180,1.13910,0.14280,0.16140,0.15530,0.14100,0.14140,0.22350,0.17770,0.16150,0.13720,0.11720,0.11610,1.16210,1.17200,0.16430,0.15830,0.14520,0.14450,0.21530,0.21200,0.11760,0.13210,0.12810,0.13430,1.11740,1.13180,0.14870,0.11870,0.14130,0.14470,0.15820,0.16740,0.09320,0.11020,0.12920,0.11990,0.13320,0.91240,0.13740,0.13890,0.14280,0.14570,0.12530,0.16270,0.09570,0.10970,0.12890,0.12770,0.12640,0.11290,0.13970,0.14400,0.12990,0.12740,0.13040,0.13460,0.09900,0.10170,0.11900,0.14280,0.12170,0.11400,0.12460,0.13830,0.12300,0.19630,0.12850,0.25280,0.08770,0.09740,0.10730,0.12370,0.10960,0.11340,0.11460,0.12830,0.11160,0.17330,0.11080,0.20710,0.08720,0.09050,0.09630,0.11160,0.10500,0.10470,0.10280,0.11230,0.10420,0.13680,0.10610,0.15840
6:20:34,0.16040,0.11600,0.11580,0.14290,1.13410,0.14400,0.16310,0.15650,0.14220,0.14250,0.22640,0.17910,0.16330,0.13810,0.11810,0.11700,1.15780,1.16880,0.16530,0.15970,0.14620,0.14530,0.21770,0.21410,0.11770,0.13290,0.12900,0.13530,1.11620,1.13060,0.14990,0.12020,0.14240,0.14560,0.15970,0.16860,0.09280,0.11070,0.12980,0.12080,0.13440,0.92220,0.13840,0.14000,0.14390,0.14670,0.12620,0.16420,0.09550,0.11020,0.12960,0.12880,0.12750,0.11370,0.14050,0.14470,0.13100,0.12840,0.13140,0.13560,0.09880,0.10190,0.11970,0.14420,0.12240,0.11480,0.12550,0.13930,0.12390,0.19860,0.12950,0.25610,0.08760,0.09740,0.10800,0.12480,0.11030,0.11450,0.11580,0.12920,0.11240,0.17520,0.11130,0.20930,0.08720,0.09030,0.09660,0.11230,0.10550,0.10510,0.10330,0.11300,0.10490,0.13790,0.10670,0.16000
6:30:34,0.16210,0.11690,0.11670,0.14380,1.13050,0.14510,0.16470,0.15780,0.14350,0.14370,0.22930,0.18050,0.16520,0.13900,0.11910,0.11790,1.15320,1.16610,0.16660,0.16110,0.14730,0.14640,0.22010,0.21630,0.11810,0.13350,0.12980,0.13610,1.11550,1.12910,0.15120,0.12150,0.14360,0.14650,0.16120,0.17000,0.09270,0.11110,0.12910,0.12170,0.13550,0.93140,0.13950,0.14100,0.14500,0.14770,0.12710,0.16570,0.09560,0.11090,0.13050,0.12960,0.12860,0.11460,0.14130,0.14230,0.13200,0.12930,0.13240,0.13650,0.09890,0.10220,0.12020,0.14570,0.12320,0.11550,0.12630,0.14040,0.12480,0.20070,0.13040,0.25940,0.08770,0.09750,0.10830,0.12580,0.11100,0.11520,0.11660,0.13010,0.11310,0.17680,0.11180,0.21160,0.08750,0.09030,0.09660,0.11290,0.10590,0.10550,0.10380,0.11370,0.10570,0.13890,0.10710,0.16160
6:40:34,0.16380,0.11770,0.11760,0.14510,1.12680,0.14620,0.16650,0.15900,0.14480,0.14480,0.23220,0.18200,0.16720,0.14010,0.12030,0.11900,1.14970,1.16270,0.16810,0.16580,0.14850,0.14740,0.22260,0.21860,0.11850,0.13330,0.13080,0.13720,1.11480,1.12710,0.15250,0.12310,0.14480,0.14760,0.16300,0.17150,0.09260,0.11170,0.12990,0.12280,0.13680,0.94160,0.14040,0.14220,0.14630,0.14870,0.12830,0.16740,0.09580,0.11170,0.13140,0.13070,0.12930,0.11530,0.14220,0.14330,0.13320,0.13020,0.13360,0.13760,0.09910,0.10270,0.12100,0.14720,0.12410,0.11630,0.12730,0.14160,0.12580,0.20320,0.13140,0.26310,0.08770,0.09770,0.10900,0.12700,0.11180,0.11610,0.11750,0.13120,0.11390,0.17880,0.11270,0.21420,0.08780,0.09040,0.09700,0.11370,0.10650,0.10600,0.10440,0.11450,0.10650,0.14010,0.10770,0.16330
6:50:34,0.16530,0.11840,0.11840,0.14590,1.12360,0.14720,0.16800,0.16010,0.14600,0.14570,0.23490,0.18330,0.16900,0.14100,0.12120,0.11990,1.14590,1.16050,0.16930,0.16700,0.14960,0.14830,0.22480,0.22070,0.11880,0.13410,0.13170,0.13800,1.11360,1.12590,0.15380,0.12440,0.14590,0.14860,0.16460,0.17280,0.09230,0.11210,0.13070,0.12370,0.13780,0.95010,0.14150,0.14320,0.14750,0.14960,0.12920,0.16890,0.09590,0.11230,0.13220,0.13170,0.13040,0.11600,0.14310,0.14410,0.13420,0.13100,0.13470,0.13860,0.09900,0.10310,0.12160,0.14880,0.12500,0.11710,0.12820,0.14260,0.12670,0.20540,0.13230,0.26640,0.08770,0.09790,0.10950,0.12800,0.11260,0.11690,0.11830,0.13220,0.11460,0.18070,0.11310,0.21650,0.08810,0.09040,0.09710,0.11430,0.10700,0.10650,0.10500,0.11530,0.10730,0.14120,0.10820,0.16480
7:00:34,0.16680,0.11910,0.11910,0.14680,1.12000,0.14830,0.16940,0.16110,0.14720,0.14680,0.23770,0.18440,0.17080,0.14180,0.12190,0.12070,1.14200,1.15700,0.17040,0.16810,0.15050,0.14920,0.22710,0.22270,0.11900,0.13490,0.13250,0.13890,1.11200,1.12460,0.15490,0.12550,0.14680,0.14960,0.16610,0.17420,0.09210,0.11250,0.13140,0.12460,0.13890,0.95870,0.14230,0.14430,0.14840,0.15050,0.13000,0.17040,0.09590,0.11270,0.13170,0.13250,0.13150,0.11660,0.14370,0.14490,0.13530,0.13180,0.13580,0.13960,0.09890,0.10340,0.12220,0.15020,0.12570,0.11770,0.12910,0.14370,0.12760,0.20760,0.13320,0.26960,0.08780,0.09800,0.10990,0.12890,0.11310,0.11750,0.11890,0.13300,0.11530,0.18260,0.11350,0.21880,0.08840,0.09040,0.09720,0.11480,0.10730,0.10680,0.10540,0.11580,0.10790,0.14230,0.10870,0.16610
7:10:34,0.16890,0.12000,0.12020,0.14800,1.11640,0.14960,0.17120,0.16230,0.14850,0.14810,0.24070,0.18590,0.17280,0.14290,0.12310,0.12180,1.13920,1.15480,0.17190,0.16960,0.15170,0.15030,0.22940,0.22490,0.11970,0.13580,0.13350,0.13990,1.11110,1.12300,0.15620,0.12690,0.14810,0.15060,0.16770,0.17570,0.09230,0.11300,0.13240,0.12560,0.13990,0.96680,0.14340,0.14540,0.14960,0.15160,0.13100,0.17200,0.09640,0.11350,0.13270,0.13350,0.13270,0.11730,0.14470,0.14600,0.13650,0.13260,0.13700,0.14050,0.09920,0.10400,0.12290,0.15180,0.12660,0.11870,0.13010,0.14480,0.12850,0.20990,0.13420,0.27330,0.08800,0.09840,0.11040,0.13000,0.11390,0.11830,0.11970,0.13400,0.11600,0.18450,0.11400,0.22150,0.08880,0.09060,0.09740,0.11540,0.10690,0.10720,0.10610,0.11640,0.10870,0.14350,0.10920,0.16770
7:20:34,0.17120,0.12100,0.12140,0.14930,1.11410,0.15090,0.17300,0.16360,0.15010,0.14930,0.24370,0.18720,0.17500,0.14400,0.12440,0.12330,1.13570,1.15160,0.17350,0.17110,0.15290,0.15140,0.23190,0.22730,0.12030,0.13700,0.13460,0.14120,1.10950,1.12200,0.15770,0.12850,0.14940,0.15170,0.16960,0.17740,0.09230,0.11390,0.13340,0.12680,0.14110,0.97420,0.14440,0.14670,0.15080,0.15270,0.13220,0.17370,0.09690,0.11430,0.13410,0.13460,0.13350,0.11820,0.14590,0.14700,0.13770,0.13360,0.13840,0.14170,0.09980,0.10500,0.12380,0.15350,0.12770,0.11970,0.13130,0.14630,0.12970,0.21230,0.13540,0.27730,0.08820,0.09910,0.11130,0.13140,0.11500,0.11930,0.12070,0.13520,0.11700,0.18660,0.11480,0.22440,0.08910,0.09100,0.09810,0.11640,0.10770,0.10810,0.10690,0.11750,0.10970,0.14500,0.11000,0.16960
7:30:34,0.17330,0.12200,0.12250,0.15040,1.11080,0.15190,0.17470,0.16470,0.15140,0.15030,0.24630,0.18840,0.17710,0.14500,0.12570,0.12450,1.13300,1.14910,0.17500,0.17260,0.15390,0.15260,0.23430,0.22970,0.12050,0.13790,0.13570,0.14230,1.10870,1.11960,0.15900,0.13000,0.15060,0.15290,0.17130,0.17900,0.09210,0.11450,0.13440,0.12790,0.14220,0.98210,0.14550,0.14800,0.15190,0.15380,0.13320,0.17530,0.09700,0.11510,0.13540,0.13570,0.13470,0.11910,0.14690,0.14810,0.13900,0.13450,0.13970,0.14260,0.10000,0.10590,0.12470,0.15520,0.12880,0.12070,0.13240,0.14760,0.13070,0.21470,0.13650,0.28100,0.08820,0.09950,0.11210,0.13260,0.11580,0.12030,0.12160,0.13640,0.11790,0.18870,0.11570,0.22710,0.08910,0.09110,0.09860,0.11720,0.10850,0.10860,0.10770,0.11840,0.11050,0.14620,0.11090,0.17130
7:40:34,0.17530,0.12290,0.12350,0.15160,1.10770,0.15320,0.17640,0.16570,0.15270,0.15130,0.24920,0.19010,0.17900,0.14600,0.12680,0.12580,1.12950,1.14600,0.17640,0.17370,0.15500,0.15360,0.23660,0.23180,0.12100,0.13890,0.13670,0.14340,1.10710,1.11890,0.16030,0.13150,0.15180,0.15390,0.17290,0.18060,0.09190,0.11520,0.13520,0.12900,0.14320,0.98910,0.14650,0.14910,0.15290,0.15470,0.13430,0.17690,0.09690,0.11590,0.13650,0.13670,0.13590,0.11990,0.14800,0.14910,0.14020,0.13550,0.14090,0.14370,0.10010,0.10650,0.12560,0.15670,0.12970,0.12160,0.13360,0.14890,0.13170,0.21700,0.13760,0.28460,0.08820,0.09980,0.11280,0.13380,0.11660,0.12120,0.12250,0.13750,0.11870,0.19070,0.11620,0.22940,0.08920,0.09120,0.09900,0.11800,0.10910,0.10910,0.10840,0.11920,0.11130,0.14750,0.11150,0.17300
7:50:34,0.17740,0.12370,0.12470,0.15270,1.10490,0.15440,0.17820,0.16690,0.15390,0.15240,0.25190,0.19130,0.18100,0.14710,0.12800,0.12690,1.12690,1.14420,0.17800,0.17520,0.15620,0.15480,0.23890,0.23430,0.12140,0.13980,0.13780,0.14450,1.10620,1.11650,0.16170,0.13300,0.15290,0.15490,0.17460,0.18240,0.09180,0.11580,0.13610,0.13000,0.14430,0.99580,0.14750,0.15020,0.15410,0.15570,0.13540,0.17840,0.09700,0.11650,0.13760,0.13760,0.13700,0.12070,0.14880,0.15000,0.14140,0.13640,0.14230,0.14470,0.10010,0.10710,0.12640,0.15810,0.13060,0.12260,0.13470,0.15020,0.13270,0.21930,0.13860,0.28810,0.08820,0.10000,0.11350,0.13500,0.11740,0.12210,0.12340,0.13860,0.11960,0.19270,0.11700,0.23180,0.08920,0.09130,0.09930,0.11880,0.10970,0.10970,0.10910,0.12010,0.11210,0.14880,0.11220,0.17470
8:00:34,0.17920,0.12460,0.12560,0.15360,1.10250,0.15540,0.18000,0.16770,0.15510,0.15340,0.25460,0.19260,0.18290,0.14790,0.12900,0.12810,1.12410,1.14110,0.17950,0.17650,0.15700,0.15570,0.24120,0.23640,0.12190,0.14070,0.13870,0.14560,1.10470,1.11450,0.16300,0.13440,0.15400,0.15600,0.17620,0.18400,0.09160,0.11640,0.13700,0.13100,0.14530,1.00190,0.14850,0.15130,0.15510,0.15650,0.13640,0.18010,0.09700,0.11720,0.13860,0.13850,0.13810,0.12140,0.14970,0.15090,0.14240,0.13730,0.14360,0.14570,0.10020,0.10750,0.12720,0.15950,0.13160,0.12350,0.13580,0.15150,0.13370,0.22160,0.13970,0.29140,0.08820,0.10030,0.11410,0.13610,0.11810,0.12290,0.12430,0.13960,0.12030,0.19590,0.11750,0.23430,0.08930,0.09140,0.09950,0.11950,0.11020,0.11020,0.11000,0.12090,0.11280,0.14990,0.11270,0.17630
8:10:34,0.18100,0.12530,0.12650,0.15470,1.09930,0.15660,0.18150,0.16870,0.15620,0.15440,0.25730,0.19370,0.18490,0.14880,0.13000,0.12900,1.12110,1.13820,0.18070,0.17760,0.15800,0.15660,0.24340,0.23860,0.12230,0.14140,0.13960,0.14650,1.10350,1.11320,0.16420,0.13570,0.15500,0.15690,0.17780,0.18560,0.09140,0.11690,0.13780,0.13180,0.14630,1.00790,0.14920,0.15210,0.15600,0.15740,0.13730,0.18160,0.09700,0.11880,0.13940,0.13930,0.13910,0.12210,0.15060,0.15170,0.14340,0.13810,0.14480,0.14660,0.10020,0.10790,0.12790,0.16080,0.13240,0.12430,0.13670,0.15260,0.13460,0.22390,0.14070,0.29450,0.08820,0.10050,0.11450,0.13700,0.11880,0.12370,0.12500,0.14060,0.12100,0.19760,0.11800,0.23650,0.08940,0.09140,0.09960,0.12010,0.11070,0.11070,0.11140,0.12150,0.11360,0.15100,0.11330,0.17760
8:20:34,0.18260,0.12590,0.12730,0.15560,1.09690,0.15760,0.18300,0.16970,0.15720,0.15520,0.25990,0.19480,0.18680,0.14970,0.13100,0.12990,1.11860,1.13590,0.18230,0.17860,0.15900,0.15750,0.24560,0.24050,0.12280,0.14220,0.14050,0.14750,1.10200,1.11090,0.16540,0.13690,0.15590,0.15780,0.17920,0.18710,0.09130,0.11730,0.13850,0.13270,0.14720,1.01330,0.15010,0.15300,0.15690,0.15810,0.13810,0.18290,0.09700,0.11990,0.14020,0.14020,0.14010,0.12270,0.15120,0.15250,0.14430,0.13880,0.14590,0.14750,0.10020,0.10810,0.12860,0.16200,0.13320,0.12510,0.13760,0.15370,0.13550,0.22600,0.14160,0.29780,0.08820,0.10060,0.11500,0.13800,0.11940,0.12430,0.12580,0.14150,0.12160,0.19930,0.11850,0.23890,0.08940,0.09150,0.09980,0.12070,0.11090,0.11100,0.11340,0.12220,0.11420,0.15210,0.11360,0.17900
8:30:34,0.18420,0.12660,0.12790,0.15670,1.09400,0.15870,0.18470,0.17070,0.15810,0.15630,0.26260,0.19610,0.18870,0.15050,0.13180,0.13070,1.11570,1.13330,0.18370,0.17970,0.16010,0.15850,0.24770,0.24270,0.12320,0.14280,0.14100,0.14850,1.10060,1.10970,0.16670,0.13810,0.15670,0.15880,0.18060,0.18870,0.09110,0.11770,0.13930,0.13360,0.14820,1.01860,0.15100,0.15390,0.15770,0.15900,0.13900,0.18440,0.09710,0.12030,0.14100,0.14110,0.14100,0.12340,0.15210,0.15330,0.14520,0.13960,0.14700,0.14830,0.10030,0.10830,0.12920,0.16330,0.13400,0.12590,0.13870,0.15470,0.13640,0.22830,0.14250,0.30090,0.08820,0.10090,0.11540,0.13890,0.12000,0.12490,0.12650,0.14230,0.12230,0.20100,0.11890,0.24120,0.08960,0.09160,0.10000,0.12130,0.11150,0.11150,0.11580,0.12280,0.11480,0.15320,0.11420,0.18060
8:40:34,0.18560,0.12720,0.12860,0.15720,1.09170,0.16000,0.18620,0.17140,0.15910,0.15710,0.26520,0.19730,0.19060,0.15120,0.13260,0.13160,1.11340,1.13100,0.18500,0.18070,0.16090,0.15920,0.24990,0.24460,0.12360,0.14350,0.14180,0.14930,1.09890,1.10800,0.16780,0.13910,0.15770,0.15960,0.18200,0.19010,0.09100,0.11810,0.13990,0.13440,0.14900,1.02340,0.15170,0.15460,0.15850,0.15970,0.13970,0.18580,0.09710,0.12040,0.14170,0.14190,0.14170,0.12380,0.15270,0.15380,0.14600,0.14030,0.14800,0.14920,0.10030,0.10850,0.12980,0.16440,0.13460,0.12660,0.13940,0.15560,0.13720,0.23040,0.14340,0.30400,0.08820,0.10090,0.11580,0.13980,0.12050,0.12560,0.12720,0.14320,0.12290,0.20260,0.11920,0.24360,0.08950,0.09160,0.10000,0.12180,0.11180,0.11180,0.11870,0.12340,0.11530,0.15410,0.11450,0.18210
8:50:34,0.18720,0.12790,0.12930,0.15810,1.08880,0.16100,0.18760,0.17240,0.16000,0.15820,0.26780,0.19850,0.19250,0.15210,0.13360,0.13250,1.11110,1.12870,0.18630,0.18180,0.16180,0.16010,0.25190,0.24670,0.12410,0.14420,0.14270,0.15030,1.09800,1.10540,0.16890,0.14040,0.15860,0.16050,0.18340,0.19160,0.09090,0.11860,0.14070,0.13530,0.15010,1.02850,0.15260,0.15550,0.15930,0.16060,0.14050,0.18730,0.09720,0.12090,0.14240,0.14260,0.14270,0.12450,0.15350,0.15470,0.14680,0.14110,0.14910,0.15000,0.10040,0.10870,0.13040,0.16560,0.13530,0.12730,0.14010,0.15650,0.13790,0.23250,0.14420,0.30710,0.08820,0.10110,0.11630,0.14050,0.12110,0.12610,0.12790,0.14400,0.12350,0.20430,0.11960,0.24590,0.08960,0.09180,0.10020,0.12230,0.11220,0.11220,0.12060,0.12400,0.11600,0.15530,0.11490,0.18350
9:00:34,0.18890,0.12860,0.13010,0.15890,1.08630,0.16210,0.18910,0.17320,0.16110,0.15910,0.27060,0.19930,0.19440,0.15300,0.13460,0.13350,1.10840,1.12630,0.18750,0.18290,0.16280,0.16110,0.25400,0.24870,0.12470,0.14480,0.14360,0.15120,1.09650,1.10240,0.17020,0.14150,0.15950,0.16140,0.18500,0.19330,0.09080,0.11910,0.14140,0.13610,0.15110,1.03250,0.15350,0.15640,0.16010,0.16140,0.14140,0.18870,0.09730,0.12140,0.14330,0.14340,0.14360,0.12510,0.15420,0.15560,0.14770,0.14190,0.15000,0.15080,0.10050,0.10900,0.13100,0.16680,0.13600,0.12800,0.14090,0.15760,0.13880,0.23460,0.14510,0.31040,0.08820,0.10130,0.11670,0.14140,0.12180,0.12680,0.12860,0.14490,0.12420,0.20610,0.12010,0.24840,0.08970,0.09190,0.10040,0.12290,0.11270,0.11270,0.12180,0.12470,0.11660,0.15630,0.11540,0.18500
9:10:34,0.19050,0.12940,0.13080,0.16010,1.08420,0.16320,0.19040,0.17430,0.16220,0.16000,0.27310,0.20030,0.19630,0.15380,0.13550,0.13450,1.10610,1.12440,0.18880,0.18380,0.16370,0.16210,0.25610,0.25060,0.12520,0.14550,0.14460,0.15230,1.09500,1.10090,0.17150,0.14260,0.16050,0.16240,0.18640,0.19480,0.09080,0.11950,0.14220,0.13710,0.15200,1.03650,0.15440,0.15720,0.16100,0.16220,0.14230,0.19030,0.09740,0.12190,0.14400,0.14420,0.14440,0.12560,0.15500,0.15630,0.14860,0.14270,0.15110,0.15170,0.10060,0.10920,0.13150,0.16800,0.13670,0.12890,0.14170,0.15860,0.13950,0.23660,0.14610,0.31360,0.08820,0.10140,0.11720,0.14230,0.12230,0.12750,0.12930,0.14570,0.12490,0.20780,0.12050,0.25080,0.08980,0.09210,0.10060,0.12350,0.11320,0.11310,0.12230,0.12540,0.11730,0.15750,0.11590,0.18650
9:20:34,0.19220,0.13020,0.13160,0.16100,1.08160,0.16420,0.19200,0.17520,0.16330,0.16100,0.27580,0.20150,0.19820,0.15480,0.13650,0.13550,1.10460,1.12200,0.19020,0.18480,0.16470,0.16300,0.25830,0.25250,0.12580,0.14640,0.14550,0.15310,1.09390,1.09950,0.17270,0.14380,0.16140,0.16330,0.18800,0.19630,0.09080,0.12000,0.14300,0.13800,0.15300,1.04070,0.15530,0.15810,0.16180,0.16320,0.14320,0.19180,0.09750,0.12250,0.14490,0.14510,0.14540,0.12630,0.15580,0.15720,0.14950,0.14360,0.15210,0.15250,0.10070,0.10950,0.13230,0.16930,0.13740,0.12970,0.14250,0.15950,0.14040,0.23870,0.14690,0.31680,0.08830,0.10170,0.11770,0.14330,0.12310,0.12820,0.13010,0.14670,0.12560,0.20960,0.12100,0.25320,0.08990,0.09230,0.10090,0.12410,0.11370,0.11360,0.12280,0.12600,0.11800,0.15860,0.11640,0.18800
9:30:34,0.19360,0.13070,0.13230,0.16200,1.07930,0.16510,0.19310,0.17600,0.16410,0.16190,0.27810,0.20230,0.20000,0.15550,0.13730,0.13630,1.10240,1.11960,0.19110,0.18560,0.16550,0.16380,0.26020,0.25420,0.12630,0.14700,0.14630,0.15400,1.09250,1.09860,0.17380,0.14490,0.16220,0.16400,0.18930,0.19780,0.09060,0.12050,0.14360,0.13870,0.15390,1.04470,0.15600,0.15900,0.16260,0.16390,0.14400,0.19310,0.09760,0.12290,0.14560,0.14580,0.14620,0.12680,0.15640,0.15790,0.15020,0.14420,0.15290,0.15320,0.10070,0.10960,0.13270,0.17030,0.13800,0.13030,0.14320,0.16030,0.14110,0.24050,0.14770,0.31980,0.08820,0.10180,0.11820,0.14410,0.12360,0.12870,0.13080,0.14730,0.12620,0.21120,0.12140,0.25540,0.08990,0.09230,0.10100,0.12470,0.11420,0.11400,0.12310,0.12660,0.11850,0.15950,0.11670,0.18940
9:40:34,0.19530,0.13150,0.13310,0.16290,1.07730,0.16630,0.19460,0.17700,0.16520,0.16290,0.28060,0.20340,0.20180,0.15640,0.13830,0.13740,1.10050,1.11800,0.19220,0.18660,0.16650,0.16450,0.26240,0.25620,0.12690,0.14780,0.14730,0.15500,1.09110,1.09710,0.17500,0.14600,0.16320,0.16480,0.19080,0.19930,0.09060,0.12110,0.14440,0.13970,0.15490,1.04790,0.15700,0.16000,0.16350,0.16470,0.14480,0.19460,0.09770,0.12350,0.14640,0.14660,0.14720,0.12750,0.15730,0.15870,0.15110,0.14500,0.15390,0.15410,0.10090,0.11010,0.13330,0.17160,0.13880,0.13120,0.14400,0.16130,0.14180,0.24260,0.14860,0.32290,0.08820,0.10210,0.11880,0.14510,0.12430,0.12940,0.13150,0.14820,0.12700,0.21300,0.12190,0.25780,0.09000,0.09250,0.10140,0.12540,0.11460,0.11450,0.12370,0.12730,0.11910,0.16070,0.11720,0.19100
9:50:34,0.19690,0.13220,0.13380,0.16400,1.07570,0.16730,0.19580,0.17780,0.16610,0.16380,0.28300,0.20420,0.20350,0.15720,0.13920,0.13830,1.09830,1.11570,0.19310,0.18750,0.16730,0.16550,0.26430,0.25820,0.12740,0.14840,0.14810,0.15570,1.08930,1.09400,0.17610,0.14700,0.16400,0.16550,0.19220,0.20070,0.09050,0.12160,0.14500,0.14050,0.15580,1.05080,0.15770,0.16070,0.16420,0.16540,0.14550,0.19590,0.09770,0.12400,0.14720,0.14740,0.14800,0.12800,0.15780,0.15950,0.15180,0.14570,0.15470,0.15480,0.10080,0.11020,0.13390,0.17270,0.13940,0.13190,0.14470,0.16220,0.14250,0.24450,0.14940,0.32600,0.08820,0.10220,0.11920,0.14600,0.12490,0.13010,0.13220,0.14900,0.12760,0.21470,0.12220,0.26010,0.09010,0.09260,0.10160,0.12590,0.11500,0.11490,0.12400,0.12790,0.11970,0.16160,0.11760,0.19240
10:00:34,0.19840,0.13290,0.13440,0.16460,1.07340,0.16820,0.19710,0.17850,0.16690,0.16460,0.28530,0.20520,0.20510,0.15800,0.14010,0.13930,1.09590,1.11420,0.19430,0.18840,0.16810,0.16620,0.26630,0.26010,0.12790,0.14910,0.14900,0.15650,1.08800,1.09510,0.17720,0.14810,0.16480,0.16630,0.19360,0.20230,0.09040,0.12200,0.14580,0.14140,0.15660,1.05360,0.15840,0.16150,0.16510,0.16610,0.14630,0.19730,0.09780,0.12440,0.14790,0.14800,0.14880,0.12860,0.15820,0.16020,0.15260,0.14640,0.15560,0.15550,0.10080,0.11040,0.13440,0.17390,0.14000,0.13250,0.14550,0.16300,0.14320,0.24650,0.15010,0.32910,0.08810,0.10230,0.11960,0.14680,0.12540,0.13060,0.13280,0.14980,0.12820,0.21640,0.12260,0.26240,0.09000,0.09260,0.10180,0.12650,0.11550,0.11530,0.12440,0.12850,0.12020,0.16270,0.11810,0.19370

