420

Time,A1,A2,A3,A4,A5,A6,A7,A8,A9,A10,A11,A12,B1,B2,B3,B4,B5,B6,B7,B8,B9,B10,B11,B12,C1,C2,C3,C4,C5,C6,C7,C8,C9,C10,C11,C12,D1,D2,D3,D4,D5,D6,D7,D8,D9,D10,D11,D12,E1,E2,E3,E4,E5,E6,E7,E8,E9,E10,E11,E12,F1,F2,F3,F4,F5,F6,F7,F8,F9,F10,F11,F12,G1,G2,G3,G4,G5,G6,G7,G8,G9,G10,G11,G12,H1,H2,H3,H4,H5,H6,H7,H8,H9,H10,H11,H12
0:00:09,0.18370,0.07740,0.18550,0.07800,0.12300,0.07890,0.13240,0.07760,0.11500,0.07930,0.13890,0.07830,0.14990,0.14400,0.14950,0.16870,0.12040,0.11740,0.12140,0.18800,0.10310,0.11150,0.11950,0.15360,0.12260,0.11700,0.11400,0.14630,0.10060,0.10790,0.10290,0.14650,0.09850,0.10620,0.09910,0.13750,0.07740,0.09630,0.07860,0.12110,0.07830,0.09770,0.07810,0.11070,0.07930,0.09620,0.08100,0.10980,0.11570,0.07740,0.18620,0.07830,0.12970,0.07810,0.16900,0.07940,0.11230,0.07970,0.12930,0.07810,0.10870,0.15010,0.15860,0.13550,0.11920,0.14490,0.15520,0.17100,0.10300,0.10920,0.11660,0.07960,0.09310,0.12220,0.12330,0.11480,0.10340,0.12910,0.12470,0.14160,0.09680,0.10530,0.10180,0.07980,0.07800,0.10330,0.07810,0.09910,0.07800,0.11160,0.07820,0.11900,0.07880,0.09670,0.08130,0.07890
0:01:49,0.22410,0.07730,0.23440,0.07800,0.15340,0.07890,0.16270,0.07740,0.13840,0.07900,0.17030,0.07810,0.17710,0.17510,0.18280,0.21550,0.14280,0.14200,0.14410,0.23120,0.11780,0.13440,0.14120,0.19730,0.13770,0.13360,0.12950,0.17660,0.11000,0.12210,0.11510,0.18360,0.10790,0.12080,0.11220,0.16620,0.07730,0.10480,0.07840,0.13740,0.07820,0.10560,0.07790,0.12720,0.07900,0.10710,0.08090,0.12850,0.12940,0.07720,0.22950,0.07810,0.15480,0.07810,0.21910,0.07920,0.13690,0.07960,0.16030,0.07800,0.11970,0.17750,0.18870,0.15570,0.13740,0.17600,0.18850,0.21460,0.11870,0.13100,0.13640,0.07970,0.09820,0.14060,0.13850,0.12850,0.11230,0.14930,0.14330,0.18510,0.10460,0.12110,0.11370,0.07960,0.07780,0.11270,0.07800,0.10670,0.07780,0.12310,0.07800,0.13810,0.07860,0.10440,0.08120,0.07880
0:03:29,0.26500,0.07720,0.28370,0.07780,0.18240,0.07880,0.19350,0.07740,0.16390,0.07890,0.20730,0.07800,0.20540,0.20740,0.21640,0.26440,0.16050,0.16850,0.16860,0.27860,0.13490,0.16030,0.16420,0.24960,0.15400,0.15230,0.14640,0.20850,0.12100,0.13710,0.12730,0.21480,0.11760,0.13870,0.12600,0.20460,0.07730,0.11450,0.07840,0.15450,0.07810,0.11450,0.07780,0.14470,0.07880,0.11710,0.08080,0.14960,0.14420,0.07710,0.27290,0.07800,0.17660,0.07810,0.26280,0.07910,0.16450,0.07950,0.19500,0.07780,0.13110,0.20610,0.21940,0.17400,0.15520,0.20930,0.22490,0.26510,0.13800,0.15580,0.16010,0.08010,0.10370,0.16000,0.15330,0.14370,0.12120,0.17040,0.16310,0.22650,0.11350,0.13850,0.12790,0.07980,0.07780,0.12290,0.07790,0.11450,0.07770,0.13530,0.07790,0.15750,0.07830,0.11450,0.08100,0.07880
0:05:09,0.30590,0.07720,0.33590,0.07780,0.21350,0.07880,0.22620,0.07740,0.19240,0.07870,0.24700,0.07790,0.23380,0.23800,0.24880,0.31510,0.17790,0.19530,0.19330,0.32670,0.15230,0.18930,0.19050,0.30710,0.17040,0.17230,0.16380,0.24130,0.13100,0.15290,0.13960,0.24940,0.12830,0.15830,0.14170,0.24150,0.07730,0.12440,0.07830,0.17270,0.07810,0.12370,0.07780,0.16350,0.07870,0.12800,0.08070,0.17270,0.15970,0.07710,0.31360,0.07800,0.19810,0.07820,0.31250,0.07900,0.19230,0.07930,0.23300,0.07780,0.14270,0.23570,0.25070,0.19410,0.17270,0.24300,0.26010,0.31700,0.15710,0.18180,0.18370,0.08040,0.10980,0.18000,0.16910,0.15930,0.13120,0.19230,0.18440,0.26520,0.12320,0.15680,0.14230,0.08010,0.07780,0.13350,0.07790,0.12310,0.07770,0.14860,0.07790,0.17970,0.07830,0.12500,0.08100,0.07880
0:06:49,0.34680,0.07720,0.38940,0.07780,0.24560,0.07880,0.26030,0.07730,0.22260,0.07860,0.28790,0.07780,0.26100,0.26850,0.28090,0.36680,0.19610,0.22030,0.21910,0.37490,0.17140,0.21880,0.21910,0.36390,0.18770,0.19330,0.18210,0.27290,0.14090,0.16960,0.15160,0.28360,0.13920,0.17660,0.15700,0.28050,0.07720,0.13480,0.07830,0.19130,0.07800,0.13280,0.07770,0.18310,0.07850,0.13900,0.08060,0.19620,0.17540,0.07710,0.35530,0.07800,0.22230,0.07810,0.36350,0.07890,0.22020,0.07920,0.27040,0.07770,0.15450,0.26560,0.28260,0.21560,0.19050,0.27510,0.29360,0.36630,0.17690,0.20800,0.20770,0.08060,0.11600,0.20090,0.18620,0.17600,0.14180,0.21560,0.20560,0.30320,0.13340,0.17540,0.15580,0.08040,0.07770,0.14510,0.07780,0.13230,0.07770,0.16210,0.07780,0.20110,0.07830,0.13490,0.08090,0.07900
0:08:29,0.38680,0.07710,0.44250,0.07770,0.27660,0.07880,0.29450,0.07720,0.25200,0.07850,0.33160,0.07780,0.28790,0.30030,0.31240,0.41760,0.21480,0.24680,0.24590,0.42360,0.19000,0.24950,0.24810,0.41960,0.20490,0.21430,0.20140,0.30530,0.15100,0.18690,0.16330,0.31840,0.15050,0.19590,0.17190,0.31910,0.07720,0.14560,0.07820,0.21070,0.07790,0.14180,0.07770,0.20400,0.07840,0.15050,0.08050,0.21730,0.19160,0.07700,0.39710,0.07790,0.24760,0.07810,0.41520,0.07880,0.24670,0.07910,0.30490,0.07760,0.16700,0.29580,0.31440,0.23670,0.20840,0.30670,0.32690,0.41450,0.19620,0.23300,0.23360,0.08080,0.12240,0.22280,0.20420,0.19300,0.15240,0.24130,0.22690,0.34150,0.14420,0.19410,0.16950,0.08050,0.07750,0.15670,0.07770,0.14120,0.07750,0.17570,0.07770,0.22350,0.07810,0.14490,0.08070,0.07900
0:10:09,0.42610,0.07720,0.49640,0.07770,0.30810,0.07880,0.32710,0.07720,0.28170,0.07840,0.37460,0.07780,0.31560,0.33340,0.34330,0.46840,0.23460,0.27260,0.27280,0.47290,0.21000,0.28000,0.27660,0.47590,0.22260,0.23660,0.22060,0.33810,0.16170,0.20480,0.17500,0.35330,0.16200,0.21560,0.18670,0.35840,0.07720,0.15660,0.07820,0.23020,0.07790,0.15080,0.07760,0.22520,0.07840,0.16240,0.08060,0.23830,0.20820,0.07710,0.43910,0.07800,0.27430,0.07810,0.46670,0.07880,0.27520,0.07910,0.34080,0.07760,0.18000,0.32640,0.34610,0.25830,0.22690,0.34070,0.36290,0.46350,0.21570,0.25820,0.25850,0.08120,0.12900,0.24470,0.22390,0.21010,0.16360,0.26770,0.24790,0.38290,0.15460,0.21290,0.18360,0.08080,0.07760,0.16820,0.07770,0.15030,0.07750,0.18980,0.07780,0.24670,0.07810,0.15560,0.08070,0.07910
0:11:49,0.46470,0.07720,0.55020,0.07770,0.34070,0.07880,0.36170,0.07730,0.31140,0.07830,0.41610,0.07770,0.34360,0.36790,0.37570,0.51880,0.25710,0.29810,0.30020,0.52220,0.23010,0.31030,0.30490,0.53110,0.23980,0.25910,0.23950,0.37090,0.17250,0.22310,0.18690,0.38780,0.17380,0.23720,0.20080,0.39750,0.07710,0.16850,0.07820,0.24920,0.07790,0.16040,0.07760,0.24670,0.07840,0.17430,0.08060,0.25990,0.22520,0.07700,0.48210,0.07790,0.30090,0.07810,0.51870,0.07890,0.30340,0.07900,0.37550,0.07750,0.19310,0.35680,0.37820,0.28060,0.24500,0.37460,0.40000,0.51250,0.23630,0.28420,0.28310,0.08160,0.13580,0.26770,0.24430,0.22700,0.17480,0.29480,0.26910,0.42370,0.16510,0.23210,0.19740,0.08100,0.07760,0.18070,0.07770,0.15910,0.07750,0.20360,0.07770,0.26970,0.07800,0.16670,0.08070,0.07920
0:13:29,0.50290,0.07720,0.60100,0.07760,0.37310,0.07880,0.39710,0.07720,0.34080,0.07820,0.45770,0.07770,0.37150,0.40110,0.40810,0.56710,0.28120,0.32410,0.32770,0.56970,0.24990,0.34070,0.33230,0.58500,0.25740,0.28190,0.25840,0.40340,0.18380,0.24210,0.19970,0.42280,0.18620,0.25820,0.21570,0.43530,0.07710,0.18040,0.07820,0.26800,0.07780,0.17020,0.07760,0.26820,0.07830,0.18630,0.08050,0.28320,0.24250,0.07700,0.52520,0.07790,0.32810,0.07800,0.56820,0.07880,0.33320,0.07890,0.40790,0.07750,0.20630,0.38690,0.40930,0.30360,0.26330,0.40810,0.43690,0.56270,0.25770,0.31190,0.30870,0.08210,0.14230,0.29030,0.26380,0.24390,0.18590,0.32200,0.29020,0.46170,0.17580,0.25180,0.21190,0.08130,0.07760,0.19360,0.07760,0.16800,0.07740,0.21750,0.07760,0.29290,0.07800,0.17840,0.08070,0.07930
0:15:09,0.54030,0.07720,0.64970,0.07770,0.40590,0.07880,0.43250,0.07730,0.37150,0.07820,0.49750,0.07770,0.39910,0.43520,0.44020,0.61380,0.30360,0.34980,0.35460,0.61660,0.27030,0.37180,0.35910,0.63580,0.27470,0.30450,0.27620,0.43560,0.19510,0.26140,0.21310,0.45740,0.19890,0.27920,0.23080,0.47430,0.07700,0.19240,0.07810,0.28650,0.07790,0.18030,0.07760,0.28940,0.07830,0.19870,0.08050,0.30720,0.25950,0.07700,0.56720,0.07790,0.35580,0.07800,0.61430,0.07880,0.36190,0.07900,0.44030,0.07750,0.21950,0.41650,0.44010,0.32660,0.28200,0.44110,0.47420,0.61290,0.27840,0.34020,0.33440,0.08260,0.14880,0.31300,0.28290,0.26110,0.19720,0.34850,0.31140,0.49720,0.18670,0.27150,0.22640,0.08170,0.07760,0.20630,0.07760,0.17720,0.07740,0.23180,0.07760,0.31650,0.07800,0.19020,0.08060,0.07950
0:16:49,0.57680,0.07730,0.69700,0.07780,0.43910,0.07890,0.46850,0.07730,0.40310,0.07830,0.53760,0.07760,0.42650,0.46850,0.47240,0.65790,0.32530,0.37520,0.38060,0.66030,0.29110,0.40300,0.38610,0.68310,0.29270,0.32690,0.29330,0.46780,0.20650,0.28020,0.22650,0.49230,0.21190,0.30020,0.24640,0.51170,0.07710,0.20430,0.07820,0.30460,0.07790,0.19060,0.07750,0.31010,0.07830,0.21160,0.08060,0.33110,0.27670,0.07700,0.60860,0.07790,0.38390,0.07810,0.65780,0.07890,0.39030,0.07890,0.47220,0.07760,0.23270,0.44530,0.47140,0.34940,0.30200,0.47380,0.51110,0.66010,0.30030,0.36760,0.36070,0.08320,0.15540,0.33560,0.30170,0.27820,0.20860,0.37440,0.33320,0.53140,0.19760,0.29170,0.24090,0.08210,0.07750,0.21830,0.07760,0.18640,0.07740,0.24670,0.07760,0.34010,0.07800,0.20220,0.08060,0.07970
0:18:29,0.61270,0.07730,0.74220,0.07770,0.47220,0.07890,0.50330,0.07720,0.43250,0.07830,0.57560,0.07760,0.45360,0.50120,0.50310,0.69990,0.34600,0.40000,0.40600,0.70230,0.31130,0.43460,0.41310,0.72750,0.31020,0.35020,0.31050,0.49920,0.21760,0.29860,0.23980,0.52790,0.22520,0.32180,0.26180,0.54950,0.07700,0.21600,0.07810,0.32280,0.07780,0.20140,0.07750,0.33080,0.07830,0.22470,0.08060,0.35500,0.29360,0.07700,0.64790,0.07780,0.41150,0.07800,0.69850,0.07880,0.41820,0.07890,0.50460,0.07760,0.24590,0.47280,0.50170,0.37130,0.32200,0.50550,0.54600,0.70540,0.32140,0.39510,0.38550,0.08360,0.16180,0.35820,0.32050,0.29540,0.21990,0.39960,0.35540,0.56410,0.20860,0.31240,0.25560,0.08240,0.07750,0.23020,0.07750,0.19570,0.07730,0.26150,0.07760,0.36280,0.07790,0.21430,0.08050,0.07980
0:20:09,0.64750,0.07730,0.78470,0.07780,0.50370,0.07890,0.53730,0.07730,0.46090,0.07820,0.61270,0.07760,0.48030,0.53240,0.53300,0.74000,0.36610,0.42410,0.43100,0.74160,0.33200,0.46570,0.44070,0.76740,0.32750,0.37480,0.32780,0.53000,0.22880,0.31640,0.25330,0.56120,0.23850,0.34220,0.27720,0.58590,0.07700,0.22720,0.07790,0.34130,0.07780,0.21210,0.07750,0.35140,0.07830,0.23830,0.08050,0.37860,0.31020,0.07690,0.68560,0.07790,0.43860,0.07810,0.73720,0.07890,0.44460,0.07890,0.53690,0.07760,0.25880,0.50010,0.53180,0.39290,0.34250,0.53670,0.57910,0.74710,0.34200,0.42250,0.41070,0.08410,0.16820,0.37990,0.33910,0.31260,0.23120,0.42430,0.37660,0.59570,0.22060,0.33290,0.27070,0.08270,0.07740,0.24340,0.07750,0.20530,0.07730,0.27730,0.07760,0.38490,0.07790,0.22580,0.08050,0.08000
0:21:49,0.68260,0.07730,0.82420,0.07780,0.53440,0.07900,0.57010,0.07720,0.48930,0.07820,0.64780,0.07760,0.50700,0.56160,0.56320,0.77800,0.38590,0.44870,0.45530,0.77800,0.35310,0.49390,0.46750,0.80410,0.34460,0.39610,0.34500,0.56030,0.23960,0.33400,0.26620,0.59230,0.25170,0.36250,0.29240,0.61960,0.07700,0.23800,0.07790,0.35950,0.07790,0.22260,0.07760,0.37150,0.07840,0.25130,0.08060,0.40130,0.32660,0.07700,0.71950,0.07790,0.46530,0.07810,0.77290,0.07900,0.47040,0.07900,0.56960,0.07780,0.27170,0.52680,0.56060,0.41330,0.36280,0.56690,0.61010,0.78560,0.36160,0.45030,0.43500,0.08470,0.17470,0.40000,0.35680,0.32980,0.24240,0.44830,0.39630,0.62540,0.23250,0.35290,0.28500,0.08300,0.07740,0.25570,0.07750,0.21480,0.07740,0.29240,0.07760,0.40720,0.07790,0.23760,0.08060,0.08010
0:23:29,0.71590,0.07720,0.85860,0.07780,0.56320,0.07890,0.60290,0.07720,0.51560,0.07820,0.68120,0.07750,0.53300,0.58990,0.59260,0.81310,0.40590,0.47210,0.47910,0.81200,0.37380,0.51990,0.49350,0.83810,0.36140,0.41630,0.36160,0.58940,0.25050,0.35140,0.27930,0.62190,0.26460,0.38200,0.30740,0.65190,0.07680,0.24890,0.07780,0.37760,0.07780,0.23320,0.07750,0.39100,0.07830,0.26400,0.08050,0.42380,0.34340,0.07690,0.75250,0.07770,0.49110,0.07800,0.80630,0.07900,0.49390,0.07880,0.59960,0.07770,0.28420,0.55290,0.58820,0.43270,0.38250,0.59600,0.63960,0.82080,0.38070,0.47660,0.45960,0.08510,0.18090,0.41970,0.37390,0.34710,0.25320,0.47150,0.41500,0.65380,0.24450,0.37200,0.29990,0.08340,0.07740,0.26730,0.07730,0.22430,0.07730,0.30660,0.07760,0.42840,0.07770,0.24870,0.08050,0.08020
0:25:09,0.74870,0.07720,0.88910,0.07780,0.59070,0.07900,0.63440,0.07720,0.54130,0.07820,0.71340,0.07750,0.55850,0.61670,0.62100,0.84530,0.42550,0.49420,0.50280,0.84390,0.39260,0.54450,0.51800,0.87130,0.37760,0.43700,0.37830,0.61790,0.26120,0.36900,0.29240,0.65060,0.27730,0.40070,0.32210,0.67990,0.07680,0.25990,0.07780,0.39540,0.07790,0.24390,0.07750,0.40990,0.07830,0.27640,0.08070,0.44600,0.36000,0.07680,0.78350,0.07780,0.51650,0.07800,0.83690,0.07910,0.51810,0.07880,0.62830,0.07790,0.29670,0.57890,0.61490,0.45290,0.40180,0.62420,0.66770,0.85370,0.39970,0.50250,0.48350,0.08570,0.18720,0.43880,0.39110,0.36400,0.26390,0.49460,0.43350,0.68050,0.25590,0.39150,0.31530,0.08380,0.07730,0.27890,0.07740,0.23370,0.07730,0.32060,0.07750,0.44930,0.07780,0.26000,0.08040,0.08040
0:26:49,0.77940,0.07730,0.91740,0.07790,0.61690,0.07910,0.66400,0.07720,0.56640,0.07820,0.74500,0.07760,0.58330,0.64270,0.64790,0.87550,0.44510,0.51590,0.52590,0.87350,0.41160,0.56940,0.54180,0.90020,0.39400,0.45620,0.39490,0.64510,0.27220,0.38640,0.30570,0.67880,0.28980,0.41890,0.33670,0.70720,0.07690,0.27060,0.07770,0.41330,0.07800,0.25430,0.07750,0.42850,0.07850,0.28880,0.08070,0.46770,0.37660,0.07690,0.81300,0.07780,0.53980,0.07810,0.86570,0.07930,0.54210,0.07890,0.65610,0.07790,0.30910,0.60480,0.64090,0.47260,0.42090,0.65180,0.69540,0.88430,0.41890,0.52800,0.50670,0.08620,0.19340,0.45770,0.40800,0.38060,0.27450,0.51790,0.45200,0.70620,0.26670,0.41020,0.32970,0.08410,0.07730,0.28980,0.07750,0.24300,0.07740,0.33450,0.07760,0.47020,0.07780,0.27110,0.08040,0.08060
0:28:29,0.80840,0.07730,0.94250,0.07790,0.64280,0.07910,0.69220,0.07720,0.59060,0.07810,0.77470,0.07750,0.60730,0.66790,0.67450,0.90390,0.46430,0.53810,0.54820,0.90090,0.43030,0.59450,0.56520,0.92520,0.40960,0.47510,0.41140,0.67280,0.28300,0.40350,0.31890,0.70550,0.30210,0.43720,0.35100,0.73430,0.07680,0.28150,0.07750,0.43090,0.07800,0.26440,0.07760,0.44710,0.07850,0.30110,0.08080,0.48850,0.39270,0.07680,0.84070,0.07780,0.56230,0.07810,0.89160,0.07940,0.56480,0.07900,0.68420,0.07800,0.32140,0.63020,0.66590,0.49250,0.43960,0.67860,0.72180,0.91130,0.43780,0.55220,0.52910,0.08670,0.19970,0.47660,0.42410,0.39690,0.28490,0.54060,0.47060,0.73060,0.27740,0.42810,0.34360,0.08450,0.07720,0.30040,0.07750,0.25220,0.07730,0.34820,0.07760,0.49080,0.07770,0.28210,0.08030,0.08070
0:30:09,0.83550,0.07740,0.96460,0.07790,0.66710,0.07920,0.71900,0.07720,0.61370,0.07810,0.80360,0.07750,0.63070,0.69240,0.69940,0.92910,0.48230,0.55990,0.56980,0.92630,0.44880,0.61900,0.58840,0.94940,0.42500,0.49390,0.42790,0.69940,0.29400,0.42040,0.33190,0.73080,0.31430,0.45480,0.36540,0.76040,0.07670,0.29220,0.07760,0.44850,0.07810,0.27440,0.07760,0.46490,0.07870,0.31340,0.08090,0.50910,0.40870,0.07700,0.86650,0.07780,0.58470,0.07820,0.91590,0.07960,0.58720,0.07910,0.70990,0.07820,0.33360,0.65460,0.69020,0.51230,0.45790,0.70470,0.74660,0.93660,0.45620,0.57550,0.55080,0.08730,0.20590,0.49580,0.44020,0.41300,0.29540,0.56290,0.48920,0.75330,0.28800,0.44540,0.35750,0.08490,0.07720,0.31170,0.07760,0.26140,0.07730,0.36180,0.07760,0.51090,0.07780,0.29300,0.08030,0.08090
0:31:49,0.86090,0.07750,0.98470,0.07800,0.68960,0.07930,0.74370,0.07720,0.63660,0.07820,0.82990,0.07750,0.65360,0.71590,0.72280,0.95200,0.50030,0.58100,0.59060,0.94840,0.46720,0.64260,0.61060,0.96940,0.44030,0.51310,0.44400,0.72450,0.30470,0.43710,0.34500,0.75520,0.32640,0.47290,0.37940,0.78720,0.07680,0.30310,0.07760,0.46570,0.07820,0.28440,0.07750,0.48290,0.07870,0.32540,0.08100,0.52940,0.42430,0.07710,0.88940,0.07780,0.60690,0.07820,0.93910,0.07990,0.61030,0.07920,0.73520,0.07830,0.34570,0.67780,0.71360,0.53060,0.47600,0.73020,0.77100,0.95910,0.47430,0.59810,0.57190,0.08780,0.21210,0.51460,0.45570,0.42890,0.30580,0.58430,0.50790,0.77560,0.29930,0.46260,0.37100,0.08530,0.07710,0.32330,0.07760,0.27030,0.07730,0.37520,0.07770,0.53080,0.07780,0.30380,0.08030,0.08110
0:33:29,0.88390,0.07750,1.00120,0.07810,0.71180,0.07950,0.76830,0.07730,0.65930,0.07820,0.85550,0.07750,0.67620,0.73920,0.74570,0.97360,0.51840,0.60200,0.61080,0.96920,0.48460,0.66600,0.63300,0.98870,0.45540,0.53130,0.46030,0.74790,0.31550,0.45360,0.35790,0.77810,0.33870,0.49070,0.39350,0.81050,0.07690,0.31290,0.07780,0.48280,0.07830,0.29460,0.07770,0.50080,0.07900,0.33750,0.08120,0.54930,0.43990,0.07720,0.91090,0.07780,0.62830,0.07820,0.96030,0.08010,0.63290,0.07940,0.75920,0.07850,0.35790,0.70020,0.73580,0.54880,0.49350,0.75450,0.79380,0.97900,0.49200,0.61990,0.59280,0.08840,0.21830,0.53370,0.47080,0.44450,0.31620,0.60520,0.52580,0.79590,0.31080,0.47980,0.38470,0.08580,0.07720,0.33500,0.07770,0.27950,0.07740,0.38870,0.07770,0.55030,0.07800,0.31450,0.08040,0.08120
0:35:09,0.90580,0.07760,1.01640,0.07810,0.73240,0.07950,0.79160,0.07710,0.68180,0.07810,0.87860,0.07740,0.69780,0.76150,0.76770,0.99160,0.53580,0.62230,0.63070,0.98740,0.50190,0.68870,0.65450,1.00410,0.47010,0.54890,0.47640,0.77250,0.32610,0.46980,0.37030,0.79950,0.35060,0.50790,0.40710,0.83250,0.07690,0.32290,0.07770,0.49980,0.07830,0.30470,0.07770,0.51830,0.07920,0.34940,0.08130,0.56790,0.45500,0.07720,0.93050,0.07780,0.64880,0.07820,0.97950,0.08040,0.65500,0.07940,0.78160,0.07860,0.36980,0.72120,0.75750,0.56660,0.51050,0.77740,0.81440,0.99630,0.50920,0.64120,0.61240,0.08900,0.22450,0.55220,0.48460,0.45980,0.32660,0.62530,0.54350,0.81460,0.32180,0.49660,0.39790,0.08620,0.07720,0.34670,0.07760,0.28830,0.07720,0.40190,0.07770,0.56930,0.07800,0.32510,0.08040,0.08130
0:36:49,0.92560,0.07790,1.02960,0.07840,0.75270,0.07970,0.81300,0.07730,0.70360,0.07820,0.90040,0.07750,0.71890,0.78280,0.78880,1.00830,0.55310,0.64210,0.65090,1.00290,0.51930,0.71060,0.67520,1.01840,0.48480,0.56340,0.49240,0.79500,0.33680,0.48560,0.38330,0.82010,0.36260,0.52520,0.42080,0.85300,0.07700,0.33860,0.07780,0.51630,0.07850,0.31480,0.07790,0.53580,0.07960,0.36140,0.08160,0.58730,0.47010,0.07730,0.94910,0.07790,0.66820,0.07840,0.99590,0.08080,0.67660,0.07950,0.80330,0.07900,0.38160,0.74180,0.77880,0.58410,0.52710,0.79960,0.83540,1.01210,0.52640,0.66190,0.63230,0.08960,0.23070,0.57050,0.50220,0.47500,0.33700,0.64480,0.56110,0.83230,0.33400,0.51370,0.41160,0.08670,0.07720,0.35840,0.07720,0.29730,0.07740,0.41520,0.07790,0.58800,0.07810,0.33580,0.08050,0.08140
0:38:29,0.94410,0.07800,1.03980,0.07840,0.77130,0.07980,0.83340,0.07720,0.72470,0.07810,0.91970,0.07750,0.73900,0.80280,0.80840,1.02240,0.56940,0.66080,0.66990,1.01590,0.53560,0.73040,0.69500,1.02990,0.49880,0.57740,0.50800,0.81480,0.34720,0.50140,0.39580,0.83860,0.37430,0.54220,0.43420,0.87280,0.07700,0.35100,0.07770,0.53260,0.07840,0.32470,0.07790,0.55310,0.07980,0.37310,0.08170,0.60540,0.48470,0.07730,0.96530,0.07790,0.68720,0.07840,1.01070,0.08110,0.69740,0.07950,0.82320,0.07910,0.39320,0.76130,0.79850,0.60160,0.54290,0.81990,0.85450,1.02500,0.54290,0.68220,0.65130,0.09020,0.23680,0.58860,0.51850,0.48990,0.34710,0.66340,0.57800,0.84870,0.34660,0.52990,0.42460,0.08710,0.07720,0.36910,0.07720,0.30620,0.07730,0.42810,0.07780,0.60600,0.07800,0.34620,0.08040,0.08160
0:40:09,0.96070,0.07810,1.04940,0.07850,0.78920,0.07990,0.85280,0.07720,0.74540,0.07810,0.93810,0.07750,0.75810,0.82200,0.82810,1.03460,0.58570,0.67900,0.68910,1.02760,0.55280,0.75080,0.71440,1.03960,0.51300,0.60250,0.52380,0.83430,0.35770,0.51670,0.40850,0.85740,0.38630,0.55920,0.44770,0.89080,0.07700,0.36550,0.07770,0.54890,0.07860,0.33460,0.07800,0.57000,0.08010,0.38490,0.08190,0.62340,0.49960,0.07730,0.98050,0.07790,0.70530,0.07850,1.02390,0.08160,0.71730,0.07960,0.84210,0.07940,0.40480,0.78050,0.81790,0.61870,0.55880,0.83960,0.87330,1.03680,0.55950,0.70190,0.67010,0.09100,0.24290,0.60660,0.53370,0.50460,0.35730,0.68200,0.59500,0.86410,0.35840,0.54620,0.43780,0.08760,0.07720,0.37970,0.07720,0.31510,0.07730,0.44090,0.07790,0.62400,0.07810,0.35680,0.08030,0.08170
0:41:49,0.97580,0.07820,1.05690,0.07870,0.80590,0.08010,0.87110,0.07740,0.76550,0.07820,0.95460,0.07760,0.77670,0.83970,0.84590,1.04500,0.60230,0.69620,0.70710,1.03600,0.56890,0.76940,0.73260,1.04700,0.52700,0.62590,0.53840,0.85240,0.36820,0.53190,0.42090,0.87420,0.39800,0.57540,0.46070,0.90700,0.07700,0.37850,0.07780,0.56430,0.07870,0.34440,0.07820,0.58650,0.08050,0.39660,0.08230,0.64060,0.51390,0.07730,0.99300,0.07800,0.72300,0.07860,1.03620,0.08220,0.73640,0.07980,0.86040,0.07980,0.41630,0.79840,0.83580,0.63520,0.57420,0.85790,0.89080,1.04670,0.57560,0.72070,0.68780,0.09170,0.24890,0.62380,0.54890,0.51900,0.36720,0.69960,0.61180,0.87780,0.37000,0.56240,0.45080,0.08810,0.07720,0.39130,0.07730,0.32380,0.07730,0.45370,0.07800,0.64120,0.07810,0.36720,0.08040,0.08190
0:43:29,0.98930,0.07850,1.06270,0.07890,0.82260,0.08030,0.88860,0.07750,0.78540,0.07820,0.96980,0.07760,0.79420,0.85660,0.86250,1.05410,0.61770,0.71360,0.72520,1.04380,0.58560,0.78720,0.75050,1.05460,0.54080,0.64600,0.55160,0.86980,0.37850,0.54690,0.43340,0.89020,0.40970,0.59190,0.47400,0.92280,0.07700,0.39080,0.07790,0.58000,0.07890,0.35430,0.07840,0.60290,0.08100,0.40840,0.08270,0.65780,0.52830,0.07740,1.00470,0.07800,0.74020,0.07870,1.04670,0.08290,0.75500,0.07990,0.87760,0.08020,0.42750,0.81560,0.85270,0.65150,0.58960,0.87530,0.90670,1.05530,0.59180,0.73900,0.70610,0.09240,0.25500,0.63810,0.56370,0.53310,0.37710,0.71730,0.62820,0.89020,0.38120,0.57830,0.46370,0.08870,0.07720,0.40260,0.07730,0.33250,0.07740,0.46610,0.07810,0.65820,0.07810,0.37750,0.08040,0.08210
0:45:09,1.00070,0.07860,1.06800,0.07900,0.83820,0.08050,0.90510,0.07750,0.80360,0.07820,0.98350,0.07760,0.81040,0.87260,0.87720,1.06110,0.63320,0.72990,0.74240,1.04910,0.60180,0.80440,0.76760,1.06060,0.55450,0.66390,0.56320,0.88510,0.38850,0.56140,0.44590,0.90540,0.42100,0.60760,0.48680,0.93730,0.07700,0.40260,0.07800,0.59530,0.07900,0.36410,0.07850,0.61860,0.08150,0.41980,0.08320,0.67400,0.54240,0.07740,1.01430,0.07810,0.75680,0.07890,1.05540,0.08370,0.77310,0.08010,0.89410,0.08070,0.43860,0.83170,0.86910,0.66750,0.60430,0.89180,0.92070,1.06240,0.60720,0.75590,0.72290,0.09310,0.26090,0.65100,0.57840,0.54700,0.38690,0.73370,0.64360,0.90150,0.39220,0.59400,0.47650,0.08920,0.07720,0.41330,0.07730,0.34110,0.07740,0.47850,0.07820,0.67490,0.07820,0.38780,0.08040,0.08220
0:46:49,1.01170,0.07870,1.07230,0.07920,0.85270,0.08070,0.91980,0.07750,0.82160,0.07820,0.99500,0.07760,0.82700,0.88810,0.89170,1.06620,0.64840,0.74630,0.75920,1.05370,0.61760,0.82090,0.78400,1.06550,0.56810,0.68090,0.57450,0.90010,0.39900,0.57590,0.45830,0.92000,0.43240,0.62390,0.49990,0.95040,0.07700,0.41410,0.07790,0.61000,0.07920,0.37350,0.07870,0.63380,0.08230,0.43100,0.08380,0.68970,0.55610,0.07750,1.02450,0.07810,0.77220,0.07900,1.06360,0.08450,0.78990,0.08010,0.90890,0.08110,0.44950,0.84720,0.88420,0.68320,0.61880,0.90640,0.93420,1.06830,0.62310,0.77260,0.73920,0.09370,0.26690,0.66460,0.59310,0.56060,0.39670,0.74980,0.65930,0.91150,0.40320,0.60900,0.48920,0.08970,0.07710,0.42410,0.07720,0.34960,0.07740,0.49070,0.07820,0.69060,0.07820,0.39790,0.08030,0.08230
0:48:29,1.02170,0.07890,1.07540,0.07950,0.86760,0.08100,0.93390,0.07760,0.83930,0.07830,1.00570,0.07760,0.84240,0.90250,0.90490,1.07040,0.66310,0.76170,0.77520,1.05730,0.63340,0.83580,0.79920,1.06950,0.58130,0.69750,0.58680,0.91340,0.40940,0.59000,0.47050,0.93350,0.44330,0.64010,0.51270,0.96290,0.07710,0.42540,0.07800,0.62450,0.07940,0.38320,0.07890,0.64820,0.08310,0.44220,0.08450,0.70550,0.56990,0.07760,1.03270,0.07820,0.78840,0.07910,1.07050,0.08550,0.80620,0.08040,0.92310,0.08170,0.46050,0.86150,0.89890,0.69840,0.63350,0.92010,0.94660,1.07330,0.63830,0.78830,0.75550,0.09460,0.27290,0.67940,0.60780,0.57440,0.40650,0.76530,0.67440,0.92120,0.41410,0.62360,0.50160,0.09040,0.07720,0.43500,0.07730,0.35820,0.07740,0.50290,0.07840,0.70650,0.07820,0.40800,0.08040,0.08260
0:50:09,1.03030,0.07920,1.07750,0.07980,0.88060,0.08130,0.94660,0.07770,0.85550,0.07830,1.01450,0.07770,0.85710,0.91600,0.91730,1.07430,0.67810,0.77660,0.79090,1.06050,0.64900,0.85070,0.81430,1.07280,0.59430,0.71430,0.59960,0.92780,0.41960,0.60400,0.48220,0.94590,0.45460,0.65530,0.52500,0.97430,0.07710,0.43690,0.07810,0.63880,0.07950,0.39260,0.07910,0.66220,0.08390,0.45300,0.08520,0.72030,0.58320,0.07760,1.03950,0.07830,0.80330,0.07920,1.07460,0.08630,0.82260,0.08060,0.93650,0.08230,0.47130,0.87500,0.91280,0.71300,0.64770,0.93230,0.95800,1.07710,0.65320,0.80340,0.77070,0.09550,0.27860,0.69390,0.62220,0.58760,0.41620,0.77980,0.68900,0.92950,0.42490,0.63780,0.51380,0.09100,0.07720,0.44560,0.07740,0.36650,0.07750,0.51480,0.07860,0.72140,0.07830,0.41770,0.08030,0.08270
0:51:49,1.03760,0.07930,1.07980,0.08000,0.89410,0.08150,0.95750,0.07760,0.87030,0.07820,1.02090,0.07770,0.87100,0.92840,0.92840,1.07590,0.69180,0.79100,0.80530,1.06250,0.66360,0.86560,0.82820,1.07450,0.60720,0.72930,0.61270,0.93920,0.42940,0.61760,0.49400,0.95750,0.46570,0.67030,0.53720,0.98490,0.07710,0.47160,0.07820,0.65280,0.07970,0.40180,0.07930,0.67650,0.08460,0.46340,0.08590,0.73460,0.59630,0.07770,1.04550,0.07830,0.81780,0.07940,1.07890,0.08710,0.83770,0.08070,0.94720,0.08280,0.48190,0.88790,0.92540,0.72750,0.66150,0.94330,0.96870,1.08030,0.66810,0.81790,0.78490,0.09630,0.28460,0.70830,0.63610,0.60070,0.42570,0.79410,0.70350,0.93700,0.43560,0.65200,0.52590,0.09150,0.07720,0.45630,0.07740,0.37490,0.07750,0.52660,0.07860,0.73610,0.07830,0.42750,0.08030,0.08280
0:53:29,1.04440,0.07950,1.08120,0.08020,0.90610,0.08190,0.96830,0.07780,0.88500,0.07840,1.02900,0.07770,0.88420,0.94000,0.93960,1.07850,0.70550,0.80490,0.82000,1.06440,0.67830,0.87810,0.84240,1.07690,0.62000,0.74520,0.62600,0.95120,0.43930,0.63100,0.50530,0.96810,0.47680,0.68510,0.54950,0.99470,0.07720,0.46000,0.07830,0.66620,0.08000,0.41140,0.07960,0.69030,0.08550,0.47420,0.08670,0.74900,0.60910,0.07780,1.05140,0.07840,0.83230,0.07960,1.08250,0.08800,0.85200,0.08100,0.95980,0.08340,0.49260,0.90040,0.93770,0.74130,0.67520,0.95400,0.97850,1.08290,0.68240,0.83200,0.79950,0.09730,0.29050,0.72230,0.64990,0.61370,0.43540,0.80780,0.71790,0.94430,0.44610,0.66570,0.53780,0.09220,0.07720,0.46680,0.07750,0.38320,0.07760,0.53840,0.07880,0.75030,0.07840,0.43720,0.08040,0.08310
0:55:09,1.04990,0.07970,1.08170,0.08060,0.91740,0.08220,0.97830,0.07790,0.89900,0.07840,1.03550,0.07780,0.89660,0.95070,0.94920,1.07950,0.71920,0.81850,0.83380,1.06540,0.69270,0.89190,0.85590,1.07830,0.63260,0.75900,0.63880,0.96150,0.44980,0.64430,0.51730,0.97870,0.48790,0.69940,0.56180,1.00330,0.07720,0.47070,0.07840,0.67960,0.08030,0.42050,0.07980,0.70410,0.08640,0.48480,0.08750,0.76300,0.62190,0.07780,1.05610,0.07850,0.84550,0.07970,1.08480,0.08890,0.86640,0.08120,0.97120,0.08420,0.50300,0.91240,0.94890,0.75510,0.68890,0.96450,0.98900,1.08530,0.69670,0.84570,0.81360,0.09820,0.29640,0.73580,0.66350,0.62650,0.44500,0.82120,0.73160,0.95090,0.45680,0.67960,0.54960,0.09270,0.07730,0.47730,0.07740,0.39150,0.07760,0.55000,0.07880,0.76390,0.07840,0.44690,0.08030,0.08320
0:56:49,1.05500,0.07990,1.08280,0.08090,0.92800,0.08250,0.98710,0.07790,0.91240,0.07840,1.04250,0.07770,0.90890,0.96120,0.95890,1.08030,0.73320,0.83160,0.84670,1.06620,0.70740,0.90390,0.86910,1.08050,0.64490,0.77320,0.65140,0.97170,0.45970,0.65700,0.52840,0.98790,0.49890,0.71420,0.57410,1.01160,0.07720,0.48150,0.07850,0.69240,0.08050,0.43010,0.08010,0.71720,0.08710,0.49510,0.08830,0.77610,0.63450,0.07790,1.05970,0.07850,0.85910,0.08000,1.08700,0.08990,0.87980,0.08150,0.98030,0.08480,0.51340,0.92340,0.96000,0.76820,0.70210,0.97230,0.99780,1.08650,0.71070,0.85890,0.82720,0.09910,0.30220,0.74920,0.67650,0.63890,0.45440,0.83410,0.74490,0.95700,0.46740,0.69280,0.56130,0.09330,0.07720,0.48750,0.07740,0.39960,0.07750,0.56120,0.07900,0.77720,0.07840,0.45640,0.08030,0.08330
0:58:29,1.05930,0.08020,1.08290,0.08130,0.93790,0.08290,0.99550,0.07800,0.92440,0.07850,1.04750,0.07780,0.91960,0.97030,0.96760,1.08030,0.74660,0.84380,0.86010,1.06650,0.72100,0.91510,0.88150,1.08080,0.65710,0.78740,0.66360,0.97980,0.46950,0.66980,0.53970,0.99700,0.50980,0.72770,0.58580,1.01870,0.07730,0.49260,0.07870,0.70540,0.08090,0.43940,0.08030,0.73040,0.08810,0.50560,0.08930,0.78930,0.64640,0.07800,1.06360,0.07860,0.87140,0.08010,1.08840,0.09070,0.89210,0.08170,0.98980,0.08550,0.52360,0.93410,0.96990,0.78090,0.71480,0.98050,1.00610,1.08710,0.72390,0.87170,0.83960,0.10010,0.30820,0.76220,0.68960,0.65130,0.46390,0.84610,0.75830,0.96190,0.47770,0.70610,0.57300,0.09400,0.07720,0.49790,0.07750,0.40780,0.07760,0.57240,0.07910,0.79030,0.07850,0.46590,0.08030,0.08350
1:00:09,1.06300,0.08030,1.08270,0.08160,0.94690,0.08330,1.00250,0.07810,0.93580,0.07850,1.05110,0.07780,0.93020,0.97880,0.97600,1.08020,0.75910,0.85580,0.87220,1.06630,0.73440,0.92660,0.89270,1.08170,0.66890,0.80060,0.67560,0.98920,0.47940,0.68200,0.55060,1.00520,0.52070,0.74120,0.59770,1.02510,0.07720,0.50330,0.07860,0.71800,0.08110,0.44820,0.08070,0.74330,0.08910,0.51640,0.09030,0.80270,0.65830,0.07800,1.06610,0.07860,0.88290,0.08030,1.08920,0.09180,0.90470,0.08190,0.99880,0.08640,0.53380,0.94400,0.97920,0.79320,0.72740,0.98770,1.01380,1.08830,0.73710,0.88380,0.85150,0.10120,0.31390,0.77470,0.70240,0.66330,0.47300,0.85830,0.77110,0.96600,0.48800,0.71860,0.58430,0.09470,0.07720,0.50790,0.07750,0.41570,0.07760,0.58340,0.07920,0.80220,0.07850,0.47520,0.08030,0.08360

