Corrected [600]
	1	2	3	4	5	6	7	8	9	10	11	12
A	0.47111	0.07828	0.37157	0.07796	0.32233	0.07709	0.32940	0.07598	0.33879	0.07612	0.29588	0.07692	Corrected [600]
B	0.36215	0.36512	0.28418	0.64684	0.20744	0.33303	0.26349	0.35766	0.25115	0.33673	0.21323	0.28406	Corrected [600]
C	0.22016	0.26980	0.17646	0.25706	0.13490	0.23660	0.17075	0.27031	0.16437	0.24143	0.14337	0.24112	Corrected [600]
D	0.07770	0.17618	0.07624	0.17060	0.09345	0.15434	0.07569	0.17387	0.07659	0.15797	0.07569	0.14841	Corrected [600]
E	0.39556	0.07711	0.39439	0.08015	0.35744	0.07787	0.37296	0.07626	0.37715	0.07529	0.34200	0.07697	Corrected [600]
F	0.27843	0.37312	0.28180	0.34813	0.25857	0.36470	0.26877	0.36990	0.26685	0.33106	0.24423	0.23626	Corrected [600]
G	0.17105	0.25888	0.18478	0.27890	0.17441	0.28981	0.16212	0.27021	0.17590	0.24523	0.15877	0.18641	Corrected [600]
H	0.07567	0.16570	0.09020	0.18207	0.07695	0.18061	0.07629	0.18649	0.07706	0.16493	0.07497	0.13103	Corrected [600]

