420

Time,A1,A2,A3,A4,A5,A6,A7,A8,A9,A10,A11,A12,B1,B2,B3,B4,B5,B6,B7,B8,B9,B10,B11,B12,C1,C2,C3,C4,C5,C6,C7,C8,C9,C10,C11,C12,D1,D2,D3,D4,D5,D6,D7,D8,D9,D10,D11,D12,E1,E2,E3,E4,E5,E6,E7,E8,E9,E10,E11,E12,F1,F2,F3,F4,F5,F6,F7,F8,F9,F10,F11,F12,G1,G2,G3,G4,G5,G6,G7,G8,G9,G10,G11,G12,H1,H2,H3,H4,H5,H6,H7,H8,H9,H10,H11,H12
0:00:09,0.23070,0.07760,0.07820,0.07680,0.07800,0.07730,0.13800,0.07780,0.07870,0.07810,0.07980,0.07910,0.20850,0.08070,0.08450,0.07890,0.07770,0.07960,0.12750,0.07910,0.07870,0.08260,0.07840,0.12870,0.14070,0.08020,0.07840,0.07780,0.07750,0.07820,0.11190,0.07900,0.07810,0.07960,0.07780,0.12230,0.07750,0.07930,0.08260,0.07770,0.07750,0.07820,0.07710,0.07900,0.07750,0.07910,0.07730,0.10920,0.08230,0.07690,0.08090,0.07720,0.07880,0.07700,0.07840,0.07950,0.07990,0.07770,0.16470,0.07850,0.07980,0.07930,0.08040,0.07790,0.07800,0.07900,0.07920,0.08010,0.07830,0.08030,0.14050,0.08000,0.08260,0.07880,0.07950,0.07920,0.07810,0.07900,0.07970,0.07980,0.07880,0.07890,0.11890,0.07900,0.07980,0.08280,0.07830,0.07820,0.07750,0.07780,0.07720,0.07930,0.07720,0.07850,0.07760,0.08440
0:01:49,0.28940,0.07730,0.07810,0.07660,0.07810,0.07710,0.19520,0.07740,0.07880,0.07780,0.07950,0.07860,0.26060,0.08140,0.08890,0.07910,0.07750,0.07930,0.16140,0.07900,0.07850,0.08270,0.07840,0.18160,0.16610,0.08040,0.07810,0.07780,0.07730,0.07820,0.12890,0.07880,0.07760,0.07940,0.07750,0.16790,0.07710,0.07930,0.08230,0.07740,0.07870,0.07800,0.07690,0.07870,0.07770,0.07860,0.07700,0.13050,0.08340,0.07670,0.08080,0.07690,0.07850,0.07690,0.07850,0.07910,0.07990,0.07750,0.22010,0.07810,0.08040,0.07930,0.08020,0.07790,0.07800,0.07930,0.07890,0.07990,0.07830,0.08010,0.18700,0.07930,0.08260,0.07870,0.07930,0.07910,0.07790,0.07910,0.07930,0.07960,0.07870,0.07880,0.14120,0.07890,0.07950,0.08260,0.07790,0.07800,0.07730,0.07770,0.07690,0.07910,0.07680,0.07860,0.07730,0.08370
0:03:29,0.34750,0.07710,0.07850,0.07640,0.07830,0.07690,0.24870,0.07710,0.07920,0.07770,0.07990,0.07830,0.31240,0.08260,0.08890,0.07960,0.07760,0.07920,0.19850,0.07920,0.07850,0.08300,0.07860,0.24710,0.19130,0.08100,0.07780,0.07790,0.07720,0.07810,0.14770,0.07880,0.07750,0.07950,0.07750,0.21440,0.07700,0.07950,0.08200,0.07730,0.07770,0.07780,0.07670,0.07850,0.07890,0.07870,0.07690,0.15930,0.08450,0.07650,0.08080,0.07670,0.07850,0.07660,0.07880,0.07880,0.07990,0.07730,0.27800,0.07800,0.08100,0.07940,0.08020,0.07820,0.07790,0.08000,0.07870,0.07990,0.07850,0.08070,0.23240,0.08440,0.08270,0.07850,0.07920,0.07900,0.07770,0.07930,0.07920,0.08170,0.07860,0.07900,0.16450,0.07900,0.07940,0.08250,0.07760,0.07790,0.07710,0.07780,0.07690,0.07890,0.07680,0.07850,0.07710,0.08350
0:05:09,0.41170,0.07700,0.07860,0.07630,0.07840,0.07680,0.30340,0.07690,0.07950,0.07750,0.08050,0.07820,0.36230,0.08380,0.08900,0.08020,0.07770,0.07940,0.23790,0.07950,0.07870,0.08360,0.07900,0.31890,0.21750,0.08170,0.07770,0.07820,0.07710,0.07810,0.16700,0.07890,0.07750,0.07960,0.07750,0.26240,0.07690,0.07980,0.08190,0.07730,0.07800,0.07770,0.07680,0.07840,0.07880,0.07880,0.07680,0.18590,0.08570,0.07640,0.08100,0.07660,0.07870,0.07650,0.07900,0.07860,0.08030,0.07730,0.34400,0.07890,0.08180,0.07940,0.08020,0.07830,0.07790,0.08050,0.07870,0.08010,0.07880,0.08120,0.27550,0.08460,0.08310,0.07860,0.07900,0.07910,0.07780,0.07990,0.07900,0.07990,0.07880,0.07930,0.18830,0.07900,0.07920,0.08250,0.07740,0.07790,0.07710,0.07800,0.07680,0.07890,0.07660,0.07860,0.07700,0.08360
0:06:49,0.47610,0.07690,0.07860,0.07630,0.07850,0.07670,0.35910,0.07690,0.08000,0.07750,0.08130,0.07810,0.41130,0.08510,0.08910,0.08060,0.07780,0.07970,0.27630,0.07990,0.07890,0.08440,0.07930,0.38780,0.24560,0.08240,0.07770,0.07850,0.07710,0.07830,0.18680,0.07890,0.07770,0.07990,0.07770,0.30910,0.07690,0.08000,0.08170,0.07750,0.07830,0.07760,0.07670,0.07830,0.07740,0.07890,0.07680,0.21070,0.08690,0.07640,0.08120,0.07660,0.07890,0.07640,0.07900,0.07850,0.08070,0.07720,0.40850,0.07930,0.08270,0.07950,0.08040,0.07870,0.07810,0.08100,0.07880,0.08060,0.07920,0.08170,0.31940,0.08490,0.08360,0.07870,0.07900,0.07930,0.07780,0.08030,0.07910,0.08010,0.07890,0.07950,0.21120,0.07920,0.07920,0.08250,0.07720,0.07780,0.07700,0.07820,0.07670,0.07900,0.07670,0.07870,0.07700,0.08350
0:08:29,0.53690,0.07690,0.07890,0.07620,0.07870,0.07660,0.41300,0.07680,0.08060,0.07750,0.08180,0.07800,0.45840,0.08650,0.08930,0.08090,0.07800,0.07980,0.31750,0.08040,0.07910,0.08500,0.07960,0.45450,0.27500,0.08310,0.07770,0.07880,0.07710,0.07830,0.20830,0.07910,0.07780,0.08020,0.07790,0.35370,0.07680,0.08040,0.08170,0.07760,0.07890,0.07760,0.07680,0.07840,0.07700,0.07890,0.07680,0.23610,0.08850,0.07640,0.08160,0.07650,0.07910,0.07640,0.07920,0.07830,0.08110,0.07720,0.47810,0.07880,0.08350,0.07980,0.08060,0.07880,0.07820,0.08160,0.07890,0.08100,0.07940,0.08230,0.36620,0.08510,0.08440,0.07880,0.07920,0.07930,0.07770,0.08080,0.07910,0.08060,0.07900,0.07970,0.23590,0.07940,0.07900,0.08230,0.07720,0.07790,0.07700,0.07840,0.07670,0.07900,0.07650,0.07880,0.07700,0.08360
0:10:09,0.59520,0.07680,0.07910,0.07620,0.07890,0.07660,0.46720,0.07680,0.08100,0.07750,0.08260,0.07790,0.50530,0.08790,0.08950,0.08120,0.07820,0.08000,0.35660,0.08090,0.07940,0.08570,0.08000,0.51790,0.30480,0.08390,0.07780,0.07900,0.07710,0.07840,0.23030,0.07930,0.07780,0.08070,0.07810,0.39810,0.07690,0.08070,0.08160,0.07770,0.07910,0.07760,0.07670,0.07860,0.07700,0.07900,0.07670,0.26250,0.09010,0.07630,0.08200,0.07650,0.07930,0.07640,0.07940,0.07830,0.08200,0.07710,0.54950,0.07850,0.08450,0.08000,0.08090,0.07910,0.07840,0.08240,0.07910,0.08140,0.07980,0.08300,0.40830,0.08540,0.08530,0.07900,0.07930,0.07950,0.07780,0.08140,0.07910,0.08110,0.07930,0.08030,0.26020,0.07950,0.07900,0.08240,0.07710,0.07790,0.07710,0.07860,0.07670,0.07900,0.07660,0.07900,0.07690,0.08350
0:11:49,0.65680,0.07670,0.07930,0.07610,0.07920,0.07660,0.52210,0.07680,0.08150,0.07730,0.08330,0.07790,0.55130,0.08940,0.08960,0.08180,0.07830,0.08020,0.39590,0.08140,0.07960,0.08640,0.08040,0.57740,0.33500,0.08470,0.07790,0.07940,0.07720,0.07860,0.25270,0.07940,0.07780,0.08180,0.07830,0.44180,0.07680,0.08110,0.08150,0.07780,0.08050,0.07760,0.07660,0.07880,0.07700,0.07920,0.07670,0.28840,0.09180,0.07640,0.08230,0.07650,0.07950,0.07630,0.07980,0.07820,0.08260,0.07710,0.61680,0.07810,0.08540,0.08020,0.08110,0.07940,0.07870,0.08300,0.07940,0.08170,0.08030,0.08360,0.45150,0.08570,0.08650,0.07910,0.07930,0.07960,0.07780,0.08180,0.07910,0.08160,0.07950,0.08060,0.28470,0.07980,0.07900,0.08230,0.07710,0.07800,0.07700,0.07890,0.07660,0.07910,0.07650,0.07920,0.07690,0.08370
0:13:29,0.71780,0.07660,0.07960,0.07610,0.07950,0.07650,0.57470,0.07670,0.08190,0.07740,0.08400,0.07790,0.59690,0.09080,0.09000,0.08230,0.07860,0.08050,0.43510,0.08180,0.08000,0.08700,0.08080,0.63470,0.36470,0.08560,0.07790,0.07980,0.07720,0.07870,0.27550,0.07980,0.07800,0.08140,0.07850,0.48440,0.07680,0.08150,0.08140,0.07790,0.08050,0.07770,0.07660,0.07930,0.07700,0.07930,0.07670,0.31390,0.09350,0.07630,0.08270,0.07650,0.07980,0.07640,0.08020,0.07820,0.08330,0.07700,0.67760,0.07800,0.08650,0.08040,0.08130,0.07970,0.07890,0.08360,0.07950,0.08230,0.08080,0.08430,0.49400,0.08600,0.08750,0.07920,0.07940,0.07980,0.07780,0.08230,0.07910,0.08200,0.07950,0.08110,0.31040,0.08000,0.07890,0.08220,0.07690,0.07800,0.07700,0.07920,0.07660,0.07920,0.07650,0.07940,0.07690,0.08370
0:15:09,0.77260,0.07660,0.07990,0.07610,0.07980,0.07630,0.62560,0.07660,0.08240,0.07730,0.08470,0.07780,0.64090,0.09230,0.08970,0.08280,0.07870,0.08070,0.47410,0.08220,0.08040,0.08750,0.08110,0.68910,0.39430,0.08640,0.07790,0.07990,0.07730,0.07890,0.29800,0.07980,0.07800,0.08180,0.07870,0.52530,0.07670,0.08180,0.08130,0.07800,0.08070,0.07770,0.07660,0.07960,0.07680,0.07950,0.07660,0.33740,0.09490,0.07620,0.08300,0.07640,0.08000,0.07640,0.08050,0.07810,0.08390,0.07690,0.73460,0.07770,0.08740,0.08060,0.08160,0.08000,0.07910,0.08430,0.07960,0.08260,0.08140,0.08500,0.53820,0.08630,0.08840,0.07930,0.07950,0.07990,0.07790,0.08280,0.07900,0.08250,0.07970,0.08140,0.33660,0.08020,0.07870,0.08220,0.07690,0.07810,0.07690,0.07930,0.07660,0.07920,0.07640,0.07960,0.07680,0.08390
0:16:49,0.82290,0.07650,0.08010,0.07610,0.08010,0.07630,0.67400,0.07660,0.08290,0.07720,0.08530,0.07780,0.68290,0.09380,0.09040,0.08330,0.07890,0.08100,0.51330,0.08260,0.08080,0.08810,0.08150,0.74100,0.42300,0.08740,0.07800,0.08030,0.07730,0.07900,0.32090,0.08010,0.07820,0.08210,0.07890,0.56590,0.07670,0.08210,0.08120,0.07820,0.08050,0.07780,0.07660,0.07990,0.07670,0.07970,0.07660,0.36190,0.09670,0.07620,0.08350,0.07640,0.08030,0.07640,0.08080,0.07810,0.08480,0.07690,0.78780,0.07750,0.08850,0.08090,0.08200,0.08040,0.07940,0.08510,0.07980,0.08320,0.08190,0.08570,0.58180,0.08670,0.08960,0.07950,0.07980,0.08010,0.07800,0.08330,0.07910,0.08310,0.08000,0.08190,0.36360,0.08050,0.07870,0.08220,0.07680,0.07820,0.07680,0.07960,0.07660,0.07940,0.07630,0.07990,0.07680,0.08410
0:18:29,0.86920,0.07650,0.08040,0.07610,0.08050,0.07630,0.71920,0.07650,0.08350,0.07730,0.08600,0.07780,0.72380,0.09540,0.09010,0.08400,0.07910,0.08140,0.55070,0.08320,0.08130,0.08880,0.08200,0.78920,0.45100,0.08840,0.07810,0.08070,0.07730,0.07920,0.34420,0.08040,0.07830,0.08250,0.07910,0.60560,0.07680,0.08270,0.08140,0.07850,0.08030,0.07790,0.07660,0.08020,0.07680,0.07990,0.07660,0.38450,0.09860,0.07610,0.08410,0.07640,0.08060,0.07650,0.08120,0.07810,0.08550,0.07680,0.83480,0.07750,0.08950,0.08130,0.08250,0.08070,0.07980,0.08600,0.08010,0.08380,0.08240,0.08660,0.62410,0.08720,0.09030,0.07960,0.08000,0.08040,0.07810,0.08390,0.07920,0.08370,0.08020,0.08240,0.39090,0.08070,0.07860,0.08220,0.07680,0.07840,0.07680,0.07990,0.07660,0.07950,0.07630,0.08010,0.07680,0.08410
0:20:09,0.91150,0.07640,0.08070,0.07610,0.08080,0.07630,0.75920,0.07650,0.08410,0.07720,0.08660,0.07770,0.76170,0.09680,0.09090,0.08450,0.07930,0.08180,0.58600,0.08350,0.08160,0.08940,0.08240,0.83370,0.47880,0.08930,0.07810,0.08120,0.07740,0.07940,0.36710,0.08060,0.07840,0.08290,0.07930,0.64380,0.07670,0.08320,0.08130,0.07870,0.07670,0.07800,0.07660,0.08020,0.07670,0.08010,0.07660,0.40750,0.10030,0.07610,0.08480,0.07640,0.08080,0.07640,0.08160,0.07820,0.08620,0.07690,0.87720,0.07770,0.09050,0.08150,0.08290,0.08120,0.08010,0.08680,0.08030,0.08430,0.08290,0.08730,0.66520,0.08760,0.09110,0.07990,0.08030,0.08070,0.07830,0.08450,0.07940,0.08440,0.08050,0.08290,0.41890,0.08100,0.07850,0.08230,0.07680,0.07850,0.07680,0.08020,0.07650,0.07960,0.07620,0.08030,0.07680,0.08430
0:21:49,0.94770,0.07630,0.08100,0.07600,0.08110,0.07620,0.79680,0.07640,0.08450,0.07710,0.08720,0.07770,0.79520,0.09830,0.09040,0.08520,0.07940,0.08210,0.61990,0.08390,0.08190,0.09000,0.08280,0.87460,0.50590,0.09020,0.07820,0.08160,0.07740,0.07940,0.38940,0.08090,0.07860,0.08330,0.07950,0.68270,0.07670,0.08360,0.08120,0.07890,0.07680,0.07810,0.07660,0.08030,0.07670,0.08030,0.07660,0.43120,0.10210,0.07600,0.08550,0.07640,0.08110,0.07650,0.08190,0.07820,0.08690,0.07690,0.91190,0.07780,0.09140,0.08180,0.08340,0.08150,0.08050,0.08770,0.08050,0.08490,0.08340,0.08810,0.70340,0.08820,0.09180,0.08000,0.08040,0.08090,0.07840,0.08500,0.07950,0.08500,0.08070,0.08330,0.44640,0.08120,0.07840,0.08220,0.07670,0.07860,0.07690,0.08040,0.07650,0.07970,0.07630,0.08050,0.07680,0.08440
0:23:29,0.98080,0.07630,0.08140,0.07600,0.08150,0.07610,0.83060,0.07640,0.08510,0.07710,0.08790,0.07760,0.82530,0.09990,0.09110,0.08580,0.07950,0.08260,0.65180,0.08420,0.08230,0.09070,0.08330,0.91140,0.53130,0.09120,0.07830,0.08200,0.07740,0.07970,0.41110,0.08120,0.07880,0.08370,0.07970,0.71730,0.07670,0.08420,0.08120,0.07920,0.07670,0.07830,0.07660,0.08050,0.07670,0.08050,0.07660,0.45530,0.10400,0.07600,0.08640,0.07630,0.08130,0.07650,0.08230,0.07830,0.08770,0.07680,0.94190,0.07830,0.09240,0.08220,0.08390,0.08190,0.08080,0.08880,0.08080,0.08560,0.08400,0.08890,0.73760,0.08880,0.09220,0.08040,0.08070,0.08130,0.07860,0.08570,0.07980,0.08560,0.08100,0.08360,0.47230,0.08150,0.07840,0.08230,0.07660,0.07870,0.07680,0.08070,0.07660,0.07990,0.07620,0.08070,0.07660,0.08450
0:25:09,1.00930,0.07630,0.08180,0.07600,0.08180,0.07610,0.86280,0.07650,0.08560,0.07710,0.08860,0.07760,0.85280,0.10140,0.09060,0.08660,0.07970,0.08320,0.68230,0.08480,0.08270,0.09140,0.08380,0.94540,0.55630,0.09230,0.07840,0.08240,0.07750,0.07980,0.43200,0.08160,0.07920,0.08420,0.08000,0.75050,0.07680,0.08470,0.08120,0.07960,0.07680,0.07860,0.07670,0.08090,0.07670,0.08080,0.07680,0.47980,0.10540,0.07610,0.08720,0.07640,0.08160,0.07650,0.08270,0.07850,0.08860,0.07690,0.97000,0.07930,0.09340,0.08260,0.08450,0.08250,0.08130,0.08990,0.08130,0.08640,0.08480,0.08980,0.77030,0.08950,0.09260,0.08060,0.08110,0.08160,0.07890,0.08640,0.08000,0.08620,0.08140,0.08420,0.49670,0.08190,0.07840,0.08230,0.07670,0.07880,0.07680,0.08110,0.07660,0.08010,0.07630,0.08100,0.07670,0.08460
0:26:49,1.03260,0.07640,0.08210,0.07600,0.08210,0.07610,0.89130,0.07640,0.08620,0.07710,0.08930,0.07760,0.87910,0.10290,0.09050,0.08720,0.07970,0.08360,0.71160,0.08510,0.08290,0.09220,0.08430,0.97360,0.58060,0.09330,0.07850,0.08290,0.07760,0.07990,0.45170,0.08190,0.07940,0.08460,0.08020,0.78260,0.07670,0.08510,0.08120,0.07980,0.07670,0.07890,0.07680,0.08110,0.07670,0.08100,0.07680,0.50320,0.10680,0.07600,0.08800,0.07630,0.08180,0.07650,0.08300,0.07850,0.08920,0.07690,0.99380,0.08010,0.09420,0.08300,0.08510,0.08300,0.08160,0.09110,0.08170,0.08710,0.08550,0.09070,0.79990,0.09030,0.09270,0.08080,0.08130,0.08190,0.07910,0.08710,0.08020,0.08650,0.08150,0.08470,0.52040,0.08210,0.07840,0.08230,0.07620,0.07890,0.07680,0.08140,0.07650,0.08010,0.07620,0.08110,0.07660,0.08470
0:28:29,1.05090,0.07640,0.08240,0.07600,0.08240,0.07610,0.91740,0.07640,0.08680,0.07720,0.09010,0.07770,0.90540,0.10470,0.09090,0.08790,0.07990,0.08430,0.73990,0.08560,0.08330,0.09300,0.08490,1.00050,0.60430,0.09440,0.07870,0.08360,0.07770,0.08020,0.47250,0.08230,0.07960,0.08510,0.08060,0.81170,0.07690,0.08570,0.08020,0.08020,0.07670,0.07930,0.07700,0.08140,0.07680,0.08130,0.07680,0.52830,0.10820,0.07610,0.08890,0.07630,0.08230,0.07660,0.08330,0.07890,0.09000,0.07700,1.01600,0.08120,0.09500,0.08340,0.08580,0.08370,0.08220,0.09250,0.08220,0.08800,0.08640,0.09160,0.82980,0.09130,0.09300,0.08130,0.08170,0.08230,0.07940,0.08780,0.08050,0.08680,0.08180,0.08520,0.54330,0.08250,0.07830,0.08240,0.07630,0.07900,0.07690,0.08180,0.07660,0.08040,0.07620,0.08140,0.07660,0.08480
0:30:09,1.06560,0.07630,0.08270,0.07580,0.08270,0.07600,0.93870,0.07630,0.08720,0.07720,0.09080,0.07770,0.92970,0.10610,0.09160,0.08850,0.07990,0.08490,0.76650,0.08610,0.08360,0.09370,0.08530,1.02290,0.62710,0.09540,0.07870,0.08420,0.07760,0.08040,0.49200,0.08250,0.07980,0.08560,0.08080,0.83890,0.07700,0.08620,0.08010,0.08050,0.07660,0.07960,0.07710,0.08170,0.07680,0.08150,0.07680,0.55420,0.10960,0.07600,0.08960,0.07620,0.08260,0.07650,0.08360,0.07920,0.09070,0.07690,1.03270,0.08220,0.09580,0.08380,0.08640,0.08430,0.08270,0.09370,0.08260,0.08880,0.08720,0.09280,0.85750,0.09220,0.09310,0.08150,0.08200,0.08270,0.07970,0.08860,0.08070,0.08710,0.08200,0.08560,0.56570,0.08270,0.07840,0.08240,0.07620,0.07900,0.07680,0.08210,0.07650,0.08040,0.07620,0.08160,0.07670,0.08520
0:31:49,1.07630,0.07630,0.08310,0.07600,0.08310,0.07620,0.95910,0.07650,0.08790,0.07720,0.09160,0.07790,0.95200,0.10780,0.09210,0.08940,0.08020,0.08570,0.79240,0.08670,0.08400,0.09460,0.08610,1.04090,0.64890,0.09650,0.07900,0.08480,0.07760,0.08040,0.51170,0.08300,0.08010,0.08620,0.08120,0.86460,0.07730,0.08670,0.08020,0.08090,0.07640,0.08000,0.07730,0.08190,0.07690,0.08180,0.07700,0.58070,0.11110,0.07600,0.09050,0.07630,0.08310,0.07650,0.08410,0.07970,0.09150,0.07700,1.04740,0.08310,0.09660,0.08440,0.08710,0.08500,0.08350,0.09530,0.08320,0.08990,0.08830,0.09410,0.88360,0.09320,0.09290,0.08190,0.08240,0.08330,0.08010,0.08930,0.08110,0.08750,0.08230,0.08610,0.58790,0.08290,0.07840,0.08240,0.07630,0.07920,0.07690,0.08260,0.07650,0.08060,0.07620,0.08200,0.07670,0.08510
0:33:29,1.08450,0.07630,0.08360,0.07610,0.08340,0.07620,0.97650,0.07650,0.08850,0.07740,0.09240,0.07790,0.97220,0.10940,0.09100,0.09030,0.08040,0.08640,0.81790,0.08730,0.08450,0.09560,0.08660,1.05800,0.66950,0.09780,0.07920,0.08560,0.07770,0.08050,0.53120,0.08340,0.08030,0.08680,0.08160,0.88870,0.07740,0.08730,0.08040,0.08130,0.07680,0.08050,0.07770,0.08220,0.07700,0.08220,0.07710,0.60610,0.11280,0.07610,0.09150,0.07640,0.08350,0.07650,0.08460,0.08020,0.09240,0.07700,1.05890,0.08390,0.09760,0.08490,0.08790,0.08590,0.08430,0.09670,0.08370,0.09090,0.08940,0.09560,0.90700,0.09430,0.09300,0.08230,0.08300,0.08380,0.08040,0.09020,0.08140,0.08780,0.08260,0.08670,0.60890,0.08340,0.07840,0.08240,0.07630,0.07920,0.07690,0.08290,0.07650,0.08070,0.07620,0.08210,0.07670,0.08540
0:35:09,1.09120,0.07620,0.08400,0.07620,0.08370,0.07610,0.99100,0.07650,0.08890,0.07720,0.09310,0.07780,0.98950,0.11100,0.09220,0.09120,0.08060,0.08730,0.84080,0.08780,0.08480,0.09630,0.08730,1.07100,0.68930,0.09900,0.07930,0.08640,0.07800,0.08080,0.55010,0.08380,0.08060,0.08740,0.08190,0.91040,0.07750,0.08770,0.08030,0.08180,0.07660,0.08110,0.07800,0.08240,0.07690,0.08250,0.07720,0.63020,0.11440,0.07600,0.09240,0.07650,0.08390,0.07650,0.08500,0.08070,0.09320,0.07710,1.06790,0.08480,0.09840,0.08550,0.08870,0.08670,0.08510,0.09810,0.08440,0.09200,0.09060,0.09700,0.92940,0.09550,0.09320,0.08260,0.08340,0.08440,0.08080,0.09110,0.08180,0.08810,0.08280,0.08720,0.62980,0.08370,0.07830,0.08230,0.07620,0.07920,0.07690,0.08330,0.07650,0.08080,0.07620,0.08230,0.07670,0.08540
0:36:49,1.09630,0.07630,0.08440,0.07640,0.08410,0.07620,1.00440,0.07670,0.08980,0.07740,0.09410,0.07790,1.00540,0.11290,0.09320,0.09230,0.08100,0.08830,0.86310,0.08840,0.08540,0.09750,0.08830,1.08260,0.70870,0.10050,0.07960,0.08750,0.07840,0.08120,0.56920,0.08430,0.08110,0.08820,0.08230,0.93030,0.07790,0.08840,0.08050,0.08250,0.07680,0.08190,0.07850,0.08280,0.07720,0.08300,0.07760,0.65360,0.11640,0.07620,0.09370,0.07660,0.08450,0.07680,0.08560,0.08150,0.09430,0.07740,1.07510,0.08590,0.09950,0.08630,0.08960,0.08760,0.08600,0.09960,0.08520,0.09320,0.09200,0.09870,0.94900,0.09680,0.09370,0.08320,0.08410,0.08500,0.08140,0.09200,0.08240,0.08870,0.08330,0.08790,0.64970,0.08440,0.07840,0.08250,0.07640,0.07940,0.07700,0.08390,0.07660,0.08120,0.07630,0.08260,0.07670,0.08590
0:38:29,1.10010,0.07630,0.08470,0.07630,0.08450,0.07610,1.01620,0.07670,0.09040,0.07750,0.09490,0.07800,1.01910,0.11460,0.09340,0.09340,0.08130,0.08930,0.88400,0.08900,0.08600,0.09840,0.08900,1.09330,0.72790,0.10180,0.07980,0.08850,0.07860,0.08170,0.58770,0.08480,0.08160,0.08900,0.08280,0.94900,0.07820,0.08900,0.08060,0.08330,0.07690,0.08290,0.07920,0.08320,0.07730,0.08350,0.07780,0.67680,0.11820,0.07620,0.09480,0.07660,0.08500,0.07690,0.08610,0.08230,0.09530,0.07750,1.08030,0.08710,0.10030,0.08690,0.09040,0.08850,0.08690,0.10110,0.08590,0.09440,0.09320,0.10000,0.96740,0.09810,0.09410,0.08350,0.08470,0.08570,0.08200,0.09310,0.08290,0.08910,0.08370,0.08860,0.66950,0.08490,0.07830,0.08250,0.07630,0.07940,0.07700,0.08440,0.07660,0.08130,0.07620,0.08280,0.07670,0.08590
0:40:09,1.10140,0.07640,0.08510,0.07640,0.08490,0.07610,1.02540,0.07680,0.09110,0.07760,0.09590,0.07800,1.03080,0.11640,0.09390,0.09450,0.08150,0.09040,0.90420,0.08960,0.08660,0.09950,0.09000,1.10100,0.74650,0.10310,0.08010,0.08940,0.07890,0.08220,0.60600,0.08520,0.08200,0.08970,0.08330,0.96520,0.07840,0.08960,0.08080,0.08420,0.07700,0.08390,0.07980,0.08360,0.07750,0.08390,0.07800,0.70000,0.12020,0.07620,0.09590,0.07680,0.08540,0.07710,0.08670,0.08310,0.09640,0.07770,1.08430,0.08830,0.10130,0.08760,0.09110,0.08940,0.08780,0.10250,0.08660,0.09560,0.09460,0.10170,0.98360,0.09950,0.09460,0.08400,0.08530,0.08630,0.08260,0.09400,0.08350,0.08960,0.08410,0.08930,0.68840,0.08540,0.07820,0.08250,0.07620,0.07950,0.07700,0.08500,0.07660,0.08140,0.07620,0.08310,0.07660,0.08620
0:41:49,1.10140,0.07650,0.08550,0.07650,0.08540,0.07620,1.03280,0.07690,0.09200,0.07780,0.09690,0.07820,1.04030,0.11830,0.09440,0.09580,0.08190,0.09160,0.92140,0.09040,0.08740,0.10070,0.09120,1.10850,0.76440,0.10460,0.08060,0.09070,0.07920,0.08280,0.62370,0.08590,0.08260,0.09060,0.08390,0.97970,0.07880,0.09020,0.08100,0.08500,0.07730,0.08480,0.08050,0.08420,0.07780,0.08460,0.07850,0.72230,0.12210,0.07630,0.09700,0.07690,0.08610,0.07730,0.08730,0.08410,0.09750,0.07790,1.08610,0.08950,0.10220,0.08830,0.09210,0.09040,0.08890,0.10420,0.08760,0.09700,0.09620,0.10340,0.99800,0.10110,0.09530,0.08470,0.08600,0.08700,0.08320,0.09510,0.08420,0.09020,0.08450,0.09000,0.70670,0.08620,0.07830,0.08270,0.07640,0.07960,0.07710,0.08570,0.07670,0.08160,0.07630,0.08340,0.07660,0.08640
0:43:29,1.10020,0.07650,0.08600,0.07660,0.08590,0.07640,1.03800,0.07710,0.09280,0.07810,0.09800,0.07840,1.04720,0.12010,0.09500,0.09700,0.08240,0.09280,0.93780,0.09110,0.08820,0.10180,0.09230,1.11300,0.78110,0.10620,0.08100,0.09170,0.07960,0.08320,0.64140,0.08660,0.08310,0.09150,0.08450,0.99280,0.07920,0.09090,0.08110,0.08590,0.07750,0.08590,0.08130,0.08490,0.07810,0.08510,0.07890,0.74250,0.12430,0.07640,0.09840,0.07710,0.08680,0.07750,0.08790,0.08500,0.09870,0.07830,1.08770,0.09070,0.10330,0.08920,0.09310,0.09150,0.08990,0.10600,0.08840,0.09840,0.09770,0.10500,1.01090,0.10250,0.09600,0.08530,0.08670,0.08780,0.08400,0.09620,0.08480,0.09080,0.08510,0.09080,0.72430,0.08680,0.07830,0.08270,0.07640,0.07970,0.07720,0.08640,0.07680,0.08200,0.07640,0.08370,0.07680,0.08680
0:45:09,1.09890,0.07660,0.08660,0.07670,0.08630,0.07640,1.04210,0.07720,0.09360,0.07830,0.09910,0.07850,1.05160,0.12200,0.09560,0.09840,0.08290,0.09400,0.95300,0.09200,0.08900,0.10310,0.09340,1.11730,0.79720,0.10770,0.08130,0.09290,0.07980,0.08360,0.65860,0.08710,0.08390,0.09250,0.08530,1.00470,0.07950,0.09150,0.08140,0.08670,0.07760,0.08680,0.08200,0.08570,0.07830,0.08580,0.07930,0.76150,0.12630,0.07650,0.09950,0.07720,0.08740,0.07770,0.08860,0.08600,0.09990,0.07860,1.08880,0.09200,0.10420,0.08990,0.09410,0.09240,0.09080,0.10770,0.08930,0.09970,0.09910,0.10670,1.02200,0.10400,0.09660,0.08580,0.08730,0.08850,0.08460,0.09730,0.08540,0.09130,0.08560,0.09160,0.74140,0.08760,0.07820,0.08260,0.07640,0.07990,0.07730,0.08690,0.07690,0.08210,0.07630,0.08400,0.07670,0.08700
0:46:49,1.09650,0.07660,0.08720,0.07690,0.08700,0.07670,1.04570,0.07740,0.09470,0.07870,0.10050,0.07880,1.05380,0.12400,0.09630,0.09990,0.08350,0.09560,0.96850,0.09290,0.09000,0.10440,0.09470,1.12050,0.81270,0.10930,0.08190,0.09400,0.08040,0.08430,0.67510,0.08780,0.08470,0.09360,0.08600,1.01520,0.08000,0.09230,0.08170,0.08780,0.07810,0.08780,0.08280,0.08680,0.07880,0.08640,0.07980,0.77970,0.12830,0.07660,0.10090,0.07760,0.08810,0.07800,0.08930,0.08700,0.10120,0.07910,1.08840,0.09330,0.10530,0.09080,0.09520,0.09350,0.09190,0.10950,0.09030,0.10120,0.10070,0.10830,1.03180,0.10560,0.09720,0.08650,0.08820,0.08940,0.08540,0.09840,0.08620,0.09190,0.08630,0.09240,0.75810,0.08840,0.07820,0.08270,0.07650,0.08000,0.07750,0.08790,0.07700,0.08230,0.07640,0.08440,0.07680,0.08740
0:48:29,1.09380,0.07670,0.08780,0.07700,0.08740,0.07690,1.04660,0.07760,0.09580,0.07910,0.10170,0.07860,1.05530,0.12590,0.09700,0.10080,0.08400,0.09740,0.97950,0.09380,0.09100,0.10580,0.09580,1.12120,0.82800,0.11080,0.08240,0.09520,0.08080,0.08490,0.69190,0.08850,0.08560,0.09470,0.08680,1.02370,0.08040,0.09310,0.08200,0.08870,0.07830,0.08880,0.08350,0.08800,0.07940,0.08720,0.08030,0.79690,0.13040,0.07670,0.10220,0.07770,0.08880,0.07830,0.09010,0.08790,0.10250,0.07940,1.08920,0.09460,0.10630,0.09160,0.09640,0.09450,0.09290,0.11120,0.09120,0.10260,0.10220,0.10990,1.04030,0.10700,0.09790,0.08710,0.08900,0.09020,0.08610,0.09960,0.08690,0.09250,0.08680,0.09320,0.77400,0.08890,0.07820,0.08280,0.07650,0.08010,0.07750,0.08850,0.07710,0.08250,0.07650,0.08470,0.07690,0.08760
0:50:09,1.09070,0.07680,0.08850,0.07720,0.08800,0.07720,1.04830,0.07780,0.09680,0.07940,0.10310,0.07890,1.05650,0.12780,0.09770,0.10200,0.08460,0.09890,0.99220,0.09470,0.09200,0.10720,0.09710,1.12340,0.84280,0.11230,0.08300,0.09630,0.08130,0.08550,0.70750,0.08910,0.08630,0.09590,0.08760,1.03120,0.08090,0.09390,0.08250,0.08950,0.07860,0.08980,0.08430,0.08870,0.07980,0.08790,0.08090,0.81300,0.13240,0.07700,0.10350,0.07810,0.08950,0.07870,0.09070,0.08880,0.10360,0.07990,1.08790,0.09570,0.10730,0.09240,0.09720,0.09540,0.09380,0.11290,0.09210,0.10390,0.10350,0.11140,1.04760,0.10840,0.09850,0.08770,0.08970,0.09080,0.08680,0.10060,0.08770,0.09300,0.08760,0.09410,0.78940,0.08960,0.07820,0.08290,0.07660,0.08030,0.07770,0.08920,0.07720,0.08280,0.07650,0.08490,0.07680,0.08790
0:51:49,1.08760,0.07680,0.08910,0.07720,0.08840,0.07740,1.04880,0.07800,0.09780,0.07990,0.10430,0.07920,1.05830,0.12960,0.09840,0.10310,0.08520,0.09990,1.00240,0.09570,0.09310,0.10850,0.09820,1.12340,0.85640,0.11380,0.08340,0.09730,0.08180,0.08610,0.72320,0.08990,0.08720,0.09710,0.08850,1.03750,0.08140,0.09450,0.08260,0.09030,0.07880,0.09050,0.08490,0.08940,0.08010,0.08850,0.08140,0.82860,0.13430,0.07710,0.10460,0.07830,0.09000,0.07890,0.09130,0.08970,0.10470,0.08010,1.08680,0.09670,0.10830,0.09310,0.09810,0.09630,0.09460,0.11440,0.09290,0.10510,0.10480,0.11290,1.05340,0.10970,0.09910,0.08820,0.09040,0.09150,0.08730,0.10160,0.08830,0.09350,0.08800,0.09480,0.80430,0.09040,0.07810,0.08280,0.07650,0.08030,0.07770,0.08980,0.07720,0.08290,0.07640,0.08530,0.07680,0.08810
0:53:29,1.08470,0.07700,0.08980,0.07760,0.08910,0.07780,1.04820,0.07830,0.09890,0.08030,0.10540,0.07960,1.06000,0.13150,0.09900,0.10430,0.08590,0.10140,1.01160,0.09660,0.09400,0.10980,0.09920,1.12290,0.86990,0.11530,0.08410,0.09840,0.08240,0.08690,0.73820,0.09070,0.08810,0.09820,0.08910,1.04220,0.08180,0.09540,0.08310,0.09120,0.07920,0.09140,0.08570,0.09040,0.08080,0.08940,0.08200,0.84400,0.13650,0.07730,0.10610,0.07870,0.09080,0.07930,0.09210,0.09050,0.10600,0.08060,1.08540,0.09760,0.10930,0.09410,0.09930,0.09720,0.09560,0.11620,0.09380,0.10650,0.10620,0.11440,1.05870,0.11100,0.10010,0.08890,0.09120,0.09230,0.08820,0.10280,0.08900,0.09400,0.08870,0.09560,0.81870,0.09100,0.07820,0.08280,0.07660,0.08050,0.07790,0.09060,0.07740,0.08330,0.07660,0.08570,0.07680,0.08850
0:55:09,1.08230,0.07710,0.09040,0.07770,0.08970,0.07830,1.04790,0.07870,0.10000,0.08090,0.10670,0.07990,1.06150,0.13340,0.09980,0.10550,0.08670,0.10290,1.01980,0.09750,0.09500,0.11110,0.10020,1.12190,0.88290,0.11680,0.08470,0.09940,0.08300,0.08760,0.75290,0.09160,0.08910,0.09940,0.08980,1.04660,0.08230,0.09620,0.08350,0.09200,0.07970,0.09230,0.08640,0.09130,0.08150,0.09030,0.08250,0.85870,0.13860,0.07750,0.10730,0.07900,0.09160,0.07980,0.09290,0.09140,0.10740,0.08120,1.08480,0.09850,0.11040,0.09490,0.10030,0.09800,0.09660,0.11770,0.09460,0.10770,0.10740,0.11600,1.06330,0.11220,0.10120,0.08950,0.09190,0.09310,0.08890,0.10390,0.08970,0.09440,0.08930,0.09640,0.83230,0.09180,0.07810,0.08280,0.07660,0.08060,0.07800,0.09140,0.07760,0.08350,0.07670,0.08600,0.07690,0.08880
0:56:49,1.08030,0.07730,0.09110,0.07810,0.09040,0.07880,1.04730,0.07910,0.10120,0.08150,0.10810,0.08030,1.06250,0.13530,0.10050,0.10660,0.08740,0.10430,1.02840,0.09850,0.09610,0.11240,0.10150,1.12100,0.89490,0.11830,0.08530,0.10040,0.08370,0.08830,0.76750,0.09250,0.09000,0.10060,0.09070,1.05060,0.08270,0.09710,0.08410,0.09290,0.08020,0.09330,0.08720,0.09220,0.08230,0.09130,0.08320,0.87310,0.14070,0.07790,0.10870,0.07950,0.09240,0.08020,0.09370,0.09250,0.10870,0.08170,1.08270,0.09970,0.11140,0.09560,0.10130,0.09890,0.09750,0.11940,0.09560,0.10910,0.10890,0.11760,1.06720,0.11350,0.10250,0.09020,0.09270,0.09390,0.08960,0.10500,0.09040,0.09500,0.09010,0.09730,0.84550,0.09250,0.07810,0.08300,0.07680,0.08080,0.07830,0.09220,0.07790,0.08390,0.07680,0.08640,0.07700,0.08930
0:58:29,1.07740,0.07740,0.09170,0.07830,0.09100,0.07910,1.04720,0.07950,0.10230,0.08210,0.10920,0.08070,1.06310,0.13700,0.10130,0.10760,0.08800,0.10520,1.03460,0.09950,0.09700,0.11350,0.10250,1.11930,0.90610,0.11960,0.08590,0.10120,0.08430,0.08900,0.78090,0.09320,0.09070,0.10140,0.09130,1.05260,0.08310,0.09790,0.08440,0.09350,0.08060,0.09410,0.08790,0.09280,0.08280,0.09200,0.08370,0.88620,0.14250,0.07810,0.10970,0.07980,0.09300,0.08050,0.09440,0.09340,0.10990,0.08220,1.08110,0.10080,0.11240,0.09620,0.10220,0.09980,0.09830,0.12090,0.09640,0.11030,0.11000,0.11920,1.07020,0.11480,0.10340,0.09070,0.09340,0.09450,0.09010,0.10610,0.09100,0.09540,0.09060,0.09800,0.85790,0.09310,0.07800,0.08300,0.07670,0.08080,0.07850,0.09290,0.07800,0.08410,0.07680,0.08670,0.07700,0.08950
1:00:09,1.07510,0.07760,0.09240,0.07860,0.09160,0.07950,1.04440,0.07990,0.10350,0.08270,0.11040,0.08130,1.06360,0.13890,0.10170,0.10870,0.08860,0.10650,1.04030,0.10030,0.09800,0.11480,0.10370,1.11760,0.91720,0.12100,0.08640,0.10220,0.08490,0.08970,0.79430,0.09410,0.09160,0.10250,0.09190,1.05500,0.08350,0.09870,0.08490,0.09430,0.08100,0.09490,0.08870,0.09350,0.08340,0.09270,0.08410,0.89790,0.14430,0.07830,0.11090,0.08030,0.09380,0.08090,0.09510,0.09430,0.11110,0.08260,1.07940,0.10200,0.11350,0.09700,0.10310,0.10070,0.09920,0.12250,0.09720,0.11160,0.11140,0.12080,1.07300,0.11590,0.10450,0.09130,0.09410,0.09520,0.09080,0.10710,0.09170,0.09580,0.09110,0.09880,0.86970,0.09370,0.07800,0.08300,0.07680,0.08100,0.07860,0.09360,0.07820,0.08440,0.07700,0.08710,0.07690,0.09000

