Corrected [600]
	1	2	3	4	5	6	7	8	9	10	11	12
A	0.23398	0.07548	0.15836	0.07628	0.32956	0.07701	0.36039	0.07558	0.17244	0.07478	0.40322	0.07433	Corrected [600]
B	0.20900	0.50027	0.17265	0.50673	0.35010	0.26829	0.39107	0.26831	0.20476	0.46422	0.39472	0.24757	Corrected [600]
C	0.15850	0.38093	0.13654	0.38349	0.21766	0.21035	0.22697	0.21746	0.13743	0.36211	0.25708	0.21390	Corrected [600]
D	0.07581	0.22973	0.07528	0.24375	0.07701	0.15610	0.07406	0.14983	0.07412	0.24620	0.07341	0.14668	Corrected [600]
E	0.28745	0.07494	0.42303	0.07755	0.49141	0.07446	0.50370	0.07517	0.28889	0.07381	0.56594	0.07416	Corrected [600]
F	0.29280	0.50491	0.32749	0.53159	0.34067	0.48062	0.34102	0.46207	0.21531	0.42235	0.41513	0.29422	Corrected [600]
G	0.17677	0.32598	0.20811	0.41824	0.20895	0.36068	0.21166	0.33400	0.14151	0.28782	0.24916	0.23045	Corrected [600]
H	0.07542	0.18138	0.07641	0.19398	0.08163	0.16164	0.07406	0.18314	0.07491	0.15646	0.07395	0.15159	Corrected [600]

