420

Time,A1,A2,A3,A4,A5,A6,A7,A8,A9,A10,A11,A12,B1,B2,B3,B4,B5,B6,B7,B8,B9,B10,B11,B12,C1,C2,C3,C4,C5,C6,C7,C8,C9,C10,C11,C12,D1,D2,D3,D4,D5,D6,D7,D8,D9,D10,D11,D12,E1,E2,E3,E4,E5,E6,E7,E8,E9,E10,E11,E12,F1,F2,F3,F4,F5,F6,F7,F8,F9,F10,F11,F12,G1,G2,G3,G4,G5,G6,G7,G8,G9,G10,G11,G12,H1,H2,H3,H4,H5,H6,H7,H8,H9,H10,H11,H12
0:00:34,0.08070,0.07880,0.19120,0.07710,0.07900,0.07670,0.10340,0.07680,0.11510,0.07720,0.15330,0.07740,0.07850,0.32410,0.16550,0.07810,0.07810,0.26780,0.10040,0.09420,0.09920,0.18680,0.14070,0.10780,0.07730,0.22950,0.12960,0.07980,0.07780,0.22970,0.09650,0.08740,0.09500,0.16980,0.11300,0.10400,0.07670,0.17070,0.07630,0.07830,0.07650,0.17730,0.07630,0.08520,0.07640,0.13410,0.07640,0.10130,0.07780,0.07990,0.18210,0.07760,0.08000,0.07710,0.07870,0.07730,0.19840,0.07680,0.13120,0.07710,0.07780,0.08210,0.17280,0.28520,0.07840,0.19090,0.07760,0.25400,0.16630,0.15190,0.11070,0.07980,0.07690,0.08050,0.13310,0.23470,0.07970,0.17590,0.07820,0.25880,0.13030,0.14250,0.10880,0.07820,0.07790,0.07820,0.07600,0.18790,0.07660,0.14560,0.07630,0.17960,0.07690,0.12570,0.07670,0.07720
0:10:34,0.08310,0.07810,0.55280,0.07610,0.08030,0.07570,0.23950,0.07600,0.29420,0.07630,0.57390,0.07650,0.07850,0.83920,0.43430,0.07820,0.07860,0.87420,0.21030,0.17680,0.20820,0.80580,0.47180,0.41970,0.07680,0.60810,0.29100,0.07940,0.07730,0.75060,0.15710,0.14700,0.15440,0.67340,0.30390,0.32740,0.07590,0.42250,0.07560,0.07740,0.07580,0.50800,0.07580,0.11840,0.07570,0.43160,0.07570,0.23910,0.07720,0.07900,0.52190,0.07680,0.08160,0.07650,0.07790,0.07650,0.66400,0.07600,0.43830,0.07620,0.07700,0.08960,0.40460,0.81740,0.07940,0.62310,0.07700,0.87950,0.49340,0.58380,0.32740,0.07920,0.07610,0.08520,0.28280,0.64870,0.07970,0.48990,0.07750,0.74570,0.31560,0.44580,0.24510,0.07750,0.07720,0.08030,0.07530,0.47340,0.07590,0.32810,0.07570,0.49480,0.07630,0.30350,0.07600,0.07680
0:20:34,0.08530,0.07790,0.84200,0.07590,0.08310,0.07550,0.39570,0.07590,0.48110,0.07600,0.90290,0.07660,0.07970,1.06730,0.69190,0.07940,0.08060,1.09240,0.33830,0.27510,0.33280,1.07760,0.76740,0.69990,0.07740,0.91210,0.45970,0.08010,0.07820,1.04330,0.22990,0.21910,0.24030,0.99240,0.51560,0.55740,0.07580,0.65210,0.07550,0.07760,0.07570,0.80380,0.07570,0.15920,0.07550,0.71510,0.07560,0.38750,0.07750,0.07820,0.82770,0.07660,0.08500,0.07620,0.07840,0.07630,0.98110,0.07600,0.73770,0.07620,0.07710,0.10000,0.64230,1.07720,0.08180,0.93890,0.07700,1.11030,0.80840,0.91470,0.57780,0.07970,0.07600,0.09140,0.44380,0.94700,0.08100,0.82910,0.07750,1.04170,0.52240,0.73390,0.39770,0.07780,0.07700,0.08370,0.07520,0.72370,0.07580,0.51730,0.07560,0.77380,0.07620,0.50160,0.07600,0.07680
0:30:34,0.08720,0.07800,1.00720,0.07580,0.08620,0.07560,0.53970,0.07610,0.64680,0.07610,1.05380,0.07750,0.08130,1.09850,0.88920,0.08080,0.08300,1.10480,0.46000,0.37400,0.46060,1.10150,0.96080,0.90970,0.07820,1.05100,0.62030,0.08120,0.07940,1.11470,0.30000,0.29340,0.31260,1.08620,0.70130,0.75940,0.07590,0.83270,0.07560,0.07800,0.07570,0.98510,0.07580,0.20300,0.07570,0.91830,0.07600,0.53270,0.07790,0.07770,1.01080,0.07660,0.08870,0.07630,0.07880,0.07640,1.08010,0.07620,0.94330,0.07660,0.07720,0.11090,0.83800,1.11290,0.08420,1.06780,0.07740,1.11330,1.00020,1.06130,0.78050,0.08070,0.07600,0.09790,0.59390,1.07560,0.08260,1.02430,0.07770,1.09960,0.70410,0.93070,0.54380,0.07830,0.07670,0.08680,0.07520,0.91270,0.07600,0.69160,0.07560,0.96390,0.07640,0.67450,0.07610,0.07710
0:40:34,0.08940,0.07830,1.07200,0.07590,0.08940,0.07590,0.67170,0.07630,0.78640,0.07680,1.08710,0.08130,0.08340,1.09720,1.00660,0.08270,0.08590,1.09910,0.57230,0.46840,0.57810,1.09470,1.04880,1.02800,0.07930,1.09410,0.75930,0.08280,0.08120,1.10980,0.36850,0.36780,0.38420,1.10050,0.85010,0.91290,0.07650,0.96100,0.07600,0.07890,0.07610,1.06790,0.07620,0.24710,0.07610,1.03190,0.07780,0.66340,0.07850,0.07820,1.08660,0.07710,0.09310,0.07680,0.08020,0.07710,1.09380,0.07780,1.05020,0.07850,0.07740,0.12280,0.97020,1.10500,0.08750,1.09530,0.07830,1.10310,1.07700,1.09680,0.92190,0.08310,0.07620,0.10500,0.72440,1.10360,0.08490,1.08700,0.07820,1.10110,0.85280,1.03560,0.67240,0.07920,0.07670,0.09040,0.07530,1.02330,0.07610,0.83360,0.07590,1.04980,0.07670,0.81530,0.07680,0.07790
0:50:34,0.09200,0.07890,1.08520,0.07600,0.09340,0.07700,0.78350,0.07740,0.89330,0.07830,1.08530,0.08580,0.08620,1.09040,1.06070,0.08550,0.08980,1.09170,0.67380,0.55680,0.68120,1.08720,1.07840,1.07070,0.08120,1.10020,0.86890,0.08520,0.08410,1.10190,0.43590,0.43960,0.45370,1.09670,0.95380,1.00660,0.07770,1.03700,0.07720,0.08080,0.07750,1.09080,0.07770,0.29170,0.07760,1.07950,0.08120,0.77240,0.07970,0.07960,1.10300,0.07840,0.09840,0.07820,0.08260,0.07890,1.08950,0.08100,1.08820,0.08130,0.07740,0.13570,1.04170,1.09600,0.09140,1.09490,0.08010,1.09400,1.09790,1.09960,1.00760,0.08620,0.07640,0.11310,0.83200,1.10000,0.08760,1.09720,0.07940,1.09250,0.95720,1.07750,0.78180,0.08060,0.07670,0.09410,0.07550,1.07340,0.07650,0.93650,0.07640,1.08620,0.07770,0.91860,0.07830,0.07910
1:00:34,0.09500,0.08020,1.08110,0.07620,0.09760,0.07860,0.87170,0.07900,0.96640,0.08050,1.07870,0.09160,0.08960,1.08210,1.07740,0.08870,0.09410,1.08490,0.76210,0.63790,0.76880,1.07760,1.08200,1.08300,0.08370,1.09350,0.94790,0.08820,0.08750,1.09170,0.49980,0.50890,0.51880,1.09260,1.01820,1.05770,0.07960,1.07230,0.07900,0.08320,0.07960,1.09230,0.07980,0.33500,0.08000,1.09460,0.08420,0.85930,0.08130,0.08170,1.10030,0.08020,0.10390,0.08030,0.08510,0.08120,1.08250,0.08410,1.09630,0.08360,0.07770,0.14890,1.07370,1.08780,0.09600,1.08960,0.08240,1.08670,1.09910,1.09300,1.05190,0.08860,0.07690,0.12180,0.90980,1.09230,0.09070,1.09580,0.08110,1.08400,1.02200,1.08900,0.86890,0.08230,0.07650,0.09780,0.07590,1.08820,0.07720,1.00240,0.07740,1.08960,0.07910,0.99080,0.07990,0.08030
1:10:34,0.09840,0.08160,1.07470,0.07670,0.10170,0.08010,0.93550,0.08070,1.00760,0.08230,1.07130,0.09590,0.09290,1.07290,1.07810,0.09190,0.09820,1.07660,0.83500,0.71110,0.84050,1.07190,1.07890,1.08300,0.08630,1.08450,1.00000,0.09110,0.09070,1.08330,0.56060,0.57320,0.58020,1.08310,1.05610,1.07630,0.08150,1.08310,0.08080,0.08560,0.08190,1.08890,0.08190,0.37670,0.08210,1.09450,0.08670,0.92730,0.08290,0.08370,1.09430,0.08230,0.10950,0.08230,0.08740,0.08350,1.07630,0.08680,1.09240,0.08530,0.07800,0.16160,1.08160,1.07980,0.10030,1.08270,0.08440,1.08060,1.09340,1.08510,1.07050,0.09050,0.07760,0.13040,0.96430,1.08370,0.09380,1.08950,0.08270,1.07430,1.05440,1.08820,0.93550,0.08380,0.07650,0.10160,0.07650,1.08550,0.07810,1.03850,0.07850,1.08310,0.08040,1.03390,0.08150,0.08150
1:20:34,0.10140,0.08280,1.06380,0.07710,0.10570,0.08170,0.97840,0.08230,1.02900,0.08420,1.06300,0.10020,0.09560,1.06290,1.07000,0.09460,0.10200,1.06690,0.89250,0.77340,0.89590,1.06530,1.07070,1.07680,0.08840,1.07340,1.02970,0.09360,0.09360,1.07400,0.61680,0.62900,0.63600,1.07560,1.07150,1.07990,0.08310,1.07990,0.08220,0.08770,0.08360,1.08050,0.08340,0.41590,0.08370,1.08790,0.08870,0.97460,0.08420,0.08530,1.08300,0.08390,0.11440,0.08390,0.08930,0.08510,1.06760,0.08890,1.08390,0.08670,0.07830,0.17350,1.07740,1.07000,0.10430,1.07380,0.08610,1.07350,1.08360,1.07530,1.07420,0.09200,0.07830,0.13830,1.00140,1.07300,0.09660,1.07910,0.08390,1.06470,1.06630,1.08080,0.98270,0.08480,0.07640,0.10520,0.07700,1.07670,0.07900,1.05330,0.07940,1.07450,0.08160,1.05480,0.08250,0.08240
1:30:34,0.10440,0.08390,1.05480,0.07770,0.10940,0.08280,1.00500,0.08360,1.03830,0.08600,1.05650,0.10480,0.09800,1.05370,1.06160,0.09710,0.10550,1.05900,0.93630,0.82480,0.93880,1.05830,1.06350,1.07060,0.09040,1.06430,1.04410,0.09590,0.09600,1.06530,0.66850,0.68010,0.68580,1.06780,1.07390,1.07720,0.08450,1.07220,0.08350,0.08950,0.08510,1.07220,0.08490,0.45380,0.08530,1.07970,0.09080,1.00770,0.08540,0.08660,1.07380,0.08540,0.11910,0.08530,0.09100,0.08660,1.05850,0.09090,1.07460,0.08790,0.07860,0.18520,1.06950,1.06120,0.10800,1.06560,0.08750,1.06620,1.07440,1.06620,1.07070,0.09340,0.07910,0.14600,1.02470,1.06300,0.09920,1.06920,0.08510,1.05600,1.06750,1.07190,1.01400,0.08580,0.07640,0.10870,0.07760,1.06750,0.07970,1.05690,0.08020,1.06480,0.08250,1.06280,0.08350,0.08330
1:40:34,0.10730,0.08490,1.04580,0.07830,0.11310,0.08410,1.02000,0.08500,1.04040,0.08850,1.05040,0.10940,0.10020,1.04590,1.05300,0.09940,0.10880,1.05120,0.96850,0.86860,0.96860,1.05260,1.05640,1.06350,0.09220,1.05520,1.04940,0.09790,0.09840,1.05620,0.71460,0.72610,0.73260,1.06150,1.07120,1.07190,0.08580,1.06300,0.08460,0.09120,0.08640,1.06360,0.08630,0.49000,0.08670,1.07100,0.09270,1.02730,0.08640,0.08780,1.06360,0.08660,0.12370,0.08640,0.09240,0.08800,1.05030,0.09270,1.06670,0.08910,0.07900,0.19640,1.06090,1.05310,0.11150,1.05750,0.08880,1.05770,1.06570,1.05830,1.06400,0.09460,0.07990,0.15340,1.03640,1.05420,0.10160,1.06020,0.08600,1.04730,1.06230,1.06220,1.03160,0.08640,0.07630,0.11230,0.07810,1.05780,0.08030,1.05400,0.08100,1.05500,0.08330,1.06190,0.08430,0.08390
1:50:34,0.11020,0.08590,1.03890,0.07900,0.11660,0.08520,1.02660,0.08630,1.03850,0.09060,1.04550,0.11360,0.10240,1.03930,1.04560,0.10170,0.11210,1.04440,0.99180,0.90350,0.98930,1.04590,1.05120,1.05870,0.09390,1.04760,1.04970,0.09990,0.10080,1.05020,0.75670,0.76810,0.77290,1.05500,1.06600,1.06650,0.08690,1.05480,0.08570,0.09280,0.08780,1.05520,0.08770,0.52440,0.08790,1.06390,0.09460,1.03940,0.08720,0.08880,1.05560,0.08770,0.12810,0.08760,0.09400,0.08950,1.04380,0.09460,1.05960,0.09020,0.07940,0.20740,1.05300,1.04570,0.11490,1.05030,0.09010,1.05060,1.05740,1.05150,1.05670,0.09570,0.08060,0.16080,1.04100,1.04760,0.10410,1.05250,0.08700,1.04030,1.05610,1.05390,1.04150,0.08710,0.07620,0.11580,0.07860,1.04970,0.08100,1.04860,0.08170,1.04670,0.08430,1.05810,0.08500,0.08450
2:00:34,0.11290,0.08670,1.03240,0.07950,0.12000,0.08610,1.02940,0.08740,1.03540,0.09230,1.04120,0.11740,0.10430,1.03350,1.03910,0.10370,0.11520,1.03940,1.00670,0.93200,1.00320,1.04080,1.04630,1.05350,0.09540,1.04100,1.04680,0.10160,0.10300,1.04470,0.79480,0.80500,0.80900,1.04920,1.06170,1.06160,0.08770,1.04760,0.08670,0.09420,0.08890,1.04940,0.08900,0.55720,0.08900,1.05770,0.09630,1.04570,0.08800,0.08980,1.04850,0.08860,0.13250,0.08870,0.09540,0.09080,1.03780,0.09660,1.05420,0.09120,0.07990,0.21820,1.04630,1.04010,0.11830,1.04400,0.09120,1.04480,1.05150,1.04580,1.05050,0.09670,0.08130,0.16800,1.04220,1.04070,0.10630,1.04600,0.08790,1.03420,1.04940,1.04710,1.04570,0.08760,0.07620,0.11930,0.07890,1.04250,0.08150,1.04250,0.08230,1.03880,0.08500,1.05280,0.08550,0.08510
2:10:34,0.11570,0.08750,1.02730,0.08030,0.12350,0.08720,1.02970,0.08870,1.03080,0.09430,1.03840,0.12130,0.10640,1.02830,1.03410,0.10590,0.11850,1.03410,1.01740,0.95570,1.01150,1.03660,1.04310,1.05030,0.09710,1.03580,1.04310,0.10360,0.10540,1.04010,0.82880,0.83850,0.84180,1.04510,1.05660,1.05680,0.08870,1.04080,0.08780,0.09590,0.09030,1.04320,0.09050,0.58880,0.09030,1.05280,0.09820,1.04810,0.08880,0.09090,1.04350,0.08980,0.13700,0.08990,0.09720,0.09240,1.03280,0.09870,1.04900,0.09230,0.08040,0.22890,1.04030,1.03520,0.12180,1.03870,0.09260,1.03940,1.04630,1.04110,1.04450,0.09780,0.08200,0.17510,1.04050,1.03550,0.10880,1.04040,0.08900,1.02910,1.04330,1.04120,1.04660,0.08830,0.07630,0.12300,0.07950,1.03600,0.08230,1.03640,0.08310,1.03230,0.08590,1.04730,0.08630,0.08570
2:20:34,0.11840,0.08840,1.02230,0.08080,0.12680,0.08820,1.02730,0.09000,1.02590,0.09660,1.03550,0.12480,0.10840,1.02420,1.02930,0.10800,0.12160,1.03010,1.02360,0.97280,1.01600,1.03330,1.03990,1.04690,0.09850,1.03110,1.03880,0.10550,0.10770,1.03630,0.85910,0.86760,0.87110,1.04070,1.05260,1.05350,0.08960,1.03500,0.08890,0.09750,0.09150,1.03870,0.09200,0.61960,0.09160,1.04890,0.10000,1.04790,0.08950,0.09180,1.03920,0.09080,0.14130,0.09090,0.09880,0.09400,1.02920,0.10060,1.04480,0.09330,0.08090,0.23950,1.03530,1.03110,0.12510,1.03430,0.09390,1.03540,1.04190,1.03730,1.03970,0.09900,0.08260,0.18210,1.03800,1.03060,0.11110,1.03540,0.09000,1.02520,1.03830,1.03650,1.04570,0.08880,0.07640,0.12660,0.07990,1.02980,0.08290,1.03020,0.08370,1.02690,0.08690,1.04180,0.08690,0.08620
2:30:34,0.12110,0.08930,1.01790,0.08130,0.13030,0.08930,1.02560,0.09150,1.02380,0.09930,1.03360,0.12830,0.11030,1.02040,1.02560,0.11000,0.12490,1.02670,1.02760,0.98750,1.01840,1.03000,1.03790,1.04480,0.10010,1.02670,1.03480,0.10750,0.11010,1.03200,0.88710,0.89360,0.89480,1.03860,1.04900,1.05040,0.09050,1.03020,0.09000,0.09910,0.09300,1.03430,0.09330,0.64880,0.09300,1.04600,0.10190,1.04700,0.09010,0.09280,1.03460,0.09200,0.14580,0.09210,0.10040,0.09540,1.02620,0.10260,1.04050,0.09420,0.08130,0.25000,1.03090,1.02700,0.12860,1.03040,0.09530,1.03220,1.03820,1.03410,1.03520,0.09990,0.08330,0.18900,1.03460,1.02630,0.11350,1.03110,0.09100,1.02140,1.03330,1.03250,1.04340,0.08920,0.07640,0.13020,0.08020,1.02430,0.08350,1.02500,0.08440,1.02170,0.08770,1.03680,0.08740,0.08660
2:40:34,0.12340,0.09130,1.01380,0.08170,0.13340,0.09000,1.02170,0.09250,1.01970,0.10120,1.03110,0.13130,0.11190,1.01700,1.02170,0.11180,0.12780,1.02360,1.02810,0.99750,1.01870,1.02800,1.03640,1.04180,0.10130,1.02410,1.03040,0.10910,0.11220,1.02930,0.91030,0.91570,0.91690,1.03510,1.04560,1.04800,0.09120,1.02570,0.09080,0.10040,0.09400,1.03070,0.09450,0.67640,0.09410,1.04290,0.10340,1.04460,0.09040,0.09350,1.03100,0.09290,0.14990,0.09300,0.10190,0.09670,1.02330,0.10430,1.03740,0.09500,0.08160,0.26020,1.02680,1.02370,0.13180,1.02650,0.09640,1.02860,1.03520,1.03130,1.03150,0.10060,0.08370,0.19570,1.03090,1.02230,0.11570,1.02730,0.09180,1.01780,1.02870,1.02880,1.04070,0.08960,0.07640,0.13360,0.08050,1.01970,0.08380,1.01890,0.08490,1.01700,0.08840,1.03200,0.08770,0.08690
2:50:34,0.12580,0.09320,1.00940,0.08210,0.13660,0.09090,1.02000,0.09350,1.01620,0.10290,1.02970,0.13410,0.11370,1.01390,1.01830,0.11360,0.13080,1.02070,1.02870,1.00500,1.01710,1.02520,1.03340,1.04000,0.10220,1.02050,1.02690,0.11070,0.11420,1.02510,0.93100,0.93480,0.93510,1.03370,1.04050,1.04560,0.09190,1.02120,0.09180,0.10170,0.09500,1.02770,0.09560,0.70240,0.09520,1.04030,0.10480,1.04120,0.09100,0.09430,1.02770,0.09370,0.15400,0.09390,0.10320,0.09780,1.02020,0.10590,1.03390,0.09560,0.08200,0.27020,1.02270,1.02060,0.13480,1.02310,0.09740,1.02540,1.03190,1.02840,1.02800,0.10140,0.08410,0.20230,1.02760,1.01870,0.11760,1.02370,0.09260,1.01460,1.02490,1.02550,1.03760,0.09010,0.07640,0.13710,0.08080,1.01510,0.08420,1.01400,0.08540,1.01210,0.08910,1.02750,0.08810,0.08730
3:00:34,0.12830,0.09490,1.00600,0.08260,0.13980,0.09180,1.01640,0.09470,1.01350,0.10500,1.02780,0.13720,0.11550,1.01100,1.01500,0.11550,0.13380,1.01780,1.02670,1.00920,1.01530,1.02230,1.03150,1.03860,0.10340,1.01710,1.02270,0.11250,0.11640,1.02380,0.94810,0.95000,0.95050,1.03100,1.03980,1.04300,0.09260,1.01720,0.09280,0.10320,0.09620,1.02460,0.09690,0.72730,0.09640,1.03760,0.10650,1.03790,0.09160,0.09520,1.02390,0.09470,0.15830,0.09490,0.10470,0.09910,1.01800,0.10770,1.03120,0.09660,0.08240,0.28030,1.01930,1.01740,0.13810,1.02020,0.09870,1.02270,1.02920,1.02610,1.02470,0.10230,0.08450,0.20900,1.02340,1.01530,0.11990,1.02020,0.09350,1.01150,1.02120,1.02260,1.03430,0.09060,0.07640,0.14060,0.08110,1.01030,0.08480,1.00920,0.08610,1.00820,0.09000,1.02330,0.08870,0.08780
3:10:34,0.13080,0.09600,1.00250,0.08300,0.14310,0.09290,1.01460,0.09610,1.01120,0.10730,1.02660,0.14010,0.11740,1.00880,1.01220,0.11750,0.13690,1.01590,1.02620,1.01250,1.01320,1.02030,1.02870,1.03700,0.10450,1.01360,1.01940,0.11440,0.11870,1.02130,0.96340,0.96300,0.96290,1.02900,1.03780,1.04150,0.09340,1.01360,0.09390,0.10470,0.09750,1.02210,0.09820,0.75070,0.09790,1.03580,0.10820,1.03460,0.09220,0.09630,1.02190,0.09590,0.16260,0.09610,0.10620,0.10050,1.01560,0.10960,1.02890,0.09760,0.08280,0.29040,1.01590,1.01480,0.14150,1.01800,0.10000,1.02030,1.02680,1.02420,1.02220,0.10340,0.08500,0.21570,1.01990,1.01230,0.12220,1.01750,0.09470,1.00900,1.01830,1.02030,1.03140,0.09110,0.07660,0.14410,0.08160,1.00610,0.08530,1.00480,0.08690,1.00470,0.09110,1.01960,0.08930,0.08820
3:20:34,0.13320,0.09950,0.99930,0.08340,0.14630,0.09370,1.01180,0.09720,1.00870,0.10940,1.02480,0.14250,0.11910,1.00570,1.00930,0.11930,0.13980,1.01350,1.02430,1.01500,1.01000,1.01910,1.02830,1.03530,0.10550,1.01190,1.01570,0.11600,0.12080,1.01660,0.97550,0.97300,0.97230,1.02670,1.03430,1.04010,0.09380,1.01070,0.09480,0.10610,0.09850,1.01920,0.09950,0.77300,0.09900,1.03320,0.10970,1.03140,0.09260,0.09700,1.01870,0.09690,0.16670,0.09700,0.10770,0.10180,1.01370,0.11130,1.02650,0.09830,0.08310,0.30000,1.01330,1.01260,0.14460,1.01530,0.10120,1.01790,1.02430,1.02220,1.01920,0.10400,0.08520,0.22210,1.01680,1.00940,0.12430,1.01450,0.09550,1.00650,1.01530,1.01760,1.02850,0.09150,0.07660,0.14740,0.08170,1.00220,0.08570,1.00060,0.08740,1.00080,0.09180,1.01590,0.08970,0.08850
3:30:34,0.13560,0.10150,0.99650,0.08390,0.14950,0.09460,1.00970,0.09840,1.00630,0.11170,1.02320,0.14520,0.12080,1.00360,1.00620,0.12110,0.14270,1.01190,1.02340,1.01580,1.00770,1.01720,1.02540,1.03420,0.10640,1.00720,1.01240,0.11770,0.12290,1.01670,0.98550,0.98290,0.98090,1.02520,1.03240,1.03790,0.09410,1.00750,0.09570,0.10740,0.09960,1.01700,0.10060,0.79370,0.10020,1.03150,0.11120,1.02820,0.09310,0.09780,1.01540,0.09780,0.17070,0.09800,0.10910,0.10300,1.01130,0.11290,1.02410,0.09910,0.08340,0.30950,1.01020,1.00980,0.14780,1.01210,0.10230,1.01540,1.02200,1.01980,1.01650,0.10480,0.08590,0.22860,1.01400,1.00670,0.12640,1.01160,0.09630,1.00410,1.01240,1.01520,1.02550,0.09200,0.07650,0.15080,0.08210,0.99820,0.08610,0.99630,0.08800,0.99710,0.09270,1.01230,0.09010,0.08880
3:40:34,0.13780,0.10220,0.99370,0.08430,0.15250,0.09560,1.00630,0.09970,1.00430,0.11380,1.02210,0.14760,0.12250,1.00130,1.00350,0.12290,0.14550,1.01040,1.02100,1.01610,1.00490,1.01520,1.02430,1.03300,0.10740,1.00480,1.01040,0.11940,0.12500,1.01430,0.99430,0.98960,0.98580,1.02380,1.03060,1.03710,0.09450,1.00440,0.09670,0.10880,0.10080,1.01490,0.10200,0.81360,0.10150,1.02990,0.11270,1.02580,0.09360,0.09860,1.01330,0.09880,0.17490,0.09890,0.11060,0.10430,1.00940,0.11460,1.02100,0.09980,0.08380,0.31910,1.00780,1.00780,0.15110,1.01020,0.10350,1.01330,1.02010,1.01840,1.01420,0.10560,0.08640,0.23500,1.01060,1.00390,0.12860,1.00920,0.09720,1.00190,1.00990,1.01300,1.02320,0.09230,0.07670,0.15420,0.08240,0.99440,0.08670,0.99220,0.08870,0.99410,0.09360,1.00900,0.09060,0.08910
3:50:34,0.13990,0.10470,0.98960,0.08450,0.15530,0.09600,1.00470,0.10060,1.00200,0.11560,1.02070,0.14970,0.12370,0.99880,1.00060,0.12430,0.14800,1.00800,1.01990,1.01620,1.00190,1.01310,1.02230,1.03090,0.10810,1.00240,1.00740,0.12060,0.12690,1.01270,1.00060,0.99590,0.98990,1.02110,1.02760,1.03490,0.09460,1.00100,0.09730,0.10990,0.10160,1.01040,0.10300,0.83170,0.10240,1.02780,0.11390,1.02260,0.09380,0.09920,1.01120,0.09940,0.17870,0.09960,0.11160,0.10540,1.00680,0.11600,1.01960,0.10020,0.08400,0.32830,1.00470,1.00500,0.15390,1.00800,0.10440,1.01120,1.01790,1.01610,1.01160,0.10610,0.08670,0.24100,1.00730,1.00090,0.13050,1.00650,0.09800,0.99960,1.00720,1.01070,1.02020,0.09260,0.07670,0.15740,0.08260,0.99040,0.08710,0.98840,0.08920,0.99010,0.09430,1.00570,0.09080,0.08930
4:00:34,0.14200,0.10510,0.98750,0.08470,0.15810,0.09650,1.00270,0.10130,1.00000,0.11710,1.01890,0.15170,0.12510,0.99650,0.99730,0.12590,0.15050,1.00610,1.01780,1.01520,0.99930,1.01240,1.02010,1.02980,0.10870,0.99870,1.00390,0.12210,0.12860,1.01070,1.00660,1.00060,0.99510,1.01980,1.02810,1.03290,0.09480,0.99820,0.09790,0.11090,0.10250,1.00910,0.10390,0.84820,0.10330,1.02600,0.11500,1.02010,0.09420,0.09970,1.00850,0.10010,0.18240,0.10030,0.11290,0.10630,1.00510,0.11750,1.01680,0.10060,0.08420,0.33720,1.00200,1.00280,0.15690,1.00560,0.10540,1.00930,1.01570,1.01440,1.00890,0.10660,0.08700,0.24690,1.00500,0.99810,0.13240,1.00350,0.09860,0.99720,1.00490,1.00850,1.01760,0.09300,0.07670,0.16080,0.08290,0.98690,0.08750,0.98430,0.08970,0.98690,0.09490,1.00220,0.09100,0.08960
4:10:34,0.14430,0.10590,0.98460,0.08520,0.16100,0.09710,1.00050,0.10230,0.99740,0.11900,1.01780,0.15390,0.12670,0.99440,0.99470,0.12750,0.15320,1.00390,1.01560,1.01470,0.99650,1.00990,1.01860,1.02840,0.10960,0.99550,1.00140,0.12360,0.13060,1.00880,1.01090,1.00340,0.99720,1.01890,1.02690,1.03150,0.09510,0.99510,0.09880,0.11200,0.10340,1.00700,0.10500,0.86380,0.10430,1.02450,0.11630,1.01700,0.09460,0.10040,1.00650,0.10080,0.18630,0.10110,0.11410,0.10750,1.00320,0.11890,1.01470,0.10100,0.08460,0.34630,0.99990,1.00070,0.15980,1.00360,0.10640,1.00700,1.01400,1.01310,1.00680,0.10740,0.08740,0.25290,1.00200,0.99600,0.13440,1.00160,0.09950,0.99530,1.00230,1.00660,1.01530,0.09340,0.07680,0.16410,0.08330,0.98360,0.08820,0.98080,0.09030,0.98370,0.09570,0.99920,0.09140,0.08990
4:20:34,0.14570,0.10650,0.98130,0.08500,0.16320,0.09720,0.99700,0.10260,0.99580,0.12000,1.01580,0.15560,0.12770,0.99200,0.99140,0.12850,0.15530,1.00180,1.01310,1.01280,0.99300,1.00860,1.01640,1.02690,0.10990,0.99230,0.99830,0.12460,0.13210,1.00670,1.01350,1.00520,0.99840,1.01660,1.02410,1.02910,0.09510,0.99170,0.09920,0.11280,0.10400,1.00420,0.10580,0.87750,0.10490,1.02240,0.11710,1.01380,0.09440,0.10060,1.00360,0.10130,0.18970,0.10160,0.11500,0.10820,1.00160,0.12000,1.01190,0.10100,0.08440,0.35470,0.99710,0.99820,0.16240,1.00080,0.10710,1.00520,1.01170,1.01060,1.00380,0.10740,0.08720,0.25830,0.99850,0.99270,0.13600,0.99870,0.10000,0.99250,0.99960,1.00400,1.01230,0.09330,0.07680,0.16700,0.08340,0.97930,0.08840,0.97660,0.09050,0.97990,0.09600,0.99580,0.09120,0.08960
4:30:34,0.14700,0.10610,0.97800,0.08510,0.16500,0.09680,0.99530,0.10260,0.99260,0.12090,1.01400,0.15700,0.12840,0.98900,0.98800,0.12910,0.15690,0.99990,1.01140,1.01110,0.99030,1.00530,1.01430,1.02480,0.10960,0.98860,0.99430,0.12510,0.13320,1.00410,1.01530,1.00620,0.99890,1.01480,1.02230,1.02670,0.09430,0.98810,0.09930,0.11310,0.10400,1.00120,0.10600,0.89080,0.10500,1.02010,0.11730,1.01010,0.09410,0.10010,1.00050,0.10120,0.19270,0.10160,0.11550,0.10840,0.99860,0.12080,1.00990,0.10050,0.08450,0.36280,0.99430,0.99520,0.16460,0.99830,0.10730,1.00240,1.00930,1.00900,1.00070,0.10700,0.08710,0.26330,0.99550,0.98990,0.13710,0.99570,0.09990,0.99020,0.99700,1.00160,1.00950,0.09360,0.07690,0.17010,0.08340,0.97530,0.08830,0.97320,0.09030,0.97610,0.09590,0.99210,0.09080,0.08960
4:40:34,0.14860,0.10600,0.97520,0.08550,0.16720,0.09690,0.99300,0.10280,0.99040,0.12200,1.01260,0.15850,0.12950,0.98670,0.98460,0.13020,0.15880,0.99700,1.00930,1.00850,0.98770,1.00310,1.01240,1.02300,0.11010,0.98760,0.99140,0.12600,0.13440,1.00160,1.01630,1.00690,0.99900,1.01240,1.02030,1.02470,0.09400,0.98510,0.09940,0.11360,0.10430,0.99840,0.10650,0.90240,0.10540,1.01820,0.11780,1.00700,0.09440,0.10000,0.99800,0.10130,0.19580,0.10170,0.11600,0.10890,0.99740,0.12160,1.00710,0.10030,0.08460,0.37100,0.99190,0.99290,0.16690,0.99560,0.10770,1.00000,1.00730,1.00670,0.99790,0.10750,0.08720,0.26870,0.99250,0.98690,0.13850,0.99290,0.10020,0.98740,0.99420,0.99900,1.00680,0.09380,0.07690,0.17310,0.08360,0.97170,0.08860,0.96950,0.09040,0.97270,0.09630,0.98870,0.09090,0.08980
4:50:34,0.14980,0.10620,0.97210,0.08530,0.16920,0.09670,0.99060,0.10270,0.98720,0.12310,1.01070,0.15990,0.13010,0.98410,0.98150,0.13110,0.16050,0.99470,1.00690,1.00670,0.98400,1.00060,1.01030,1.02170,0.10980,0.98360,0.98860,0.12650,0.13550,0.99960,1.01660,1.00690,0.99830,1.01100,1.01780,1.02240,0.09320,0.98220,0.09950,0.11380,0.10430,0.99670,0.10680,0.91290,0.10560,1.01580,0.11790,1.00310,0.09400,0.09980,0.99560,0.10130,0.19870,0.10170,0.11640,0.10920,0.99490,0.12230,1.00370,0.09990,0.08460,0.37900,0.98920,0.99000,0.16900,0.99310,0.10800,0.99760,1.00490,1.00450,0.99480,0.10710,0.08690,0.27390,0.98970,0.98410,0.13960,0.98990,0.10020,0.98490,0.99120,0.99660,1.00370,0.09380,0.07690,0.17610,0.08370,0.96800,0.08840,0.96580,0.09050,0.96900,0.09620,0.98550,0.09060,0.08960
5:00:34,0.15050,0.10580,0.96920,0.08520,0.17100,0.09610,0.98810,0.10230,0.98430,0.12380,1.00890,0.16130,0.13040,0.98090,0.97760,0.13170,0.16170,0.99200,1.00440,1.00410,0.98160,0.99940,1.00820,1.01960,0.10930,0.98030,0.98540,0.12680,0.13620,0.99670,1.01580,1.00640,0.99770,1.00820,1.01570,1.01960,0.09200,0.97900,0.09940,0.11390,0.10410,0.99260,0.10680,0.92270,0.10540,1.01360,0.11790,0.99910,0.09360,0.09920,0.99270,0.10100,0.20140,0.10130,0.11660,0.10920,0.99210,0.12270,1.00130,0.09910,0.08460,0.38660,0.98640,0.98720,0.17080,0.99000,0.10780,0.99520,1.00250,1.00230,0.99140,0.10680,0.08660,0.27890,0.98660,0.98100,0.14060,0.98730,0.10010,0.98240,0.98830,0.99360,1.00060,0.09410,0.07700,0.17920,0.08380,0.96380,0.08850,0.96250,0.09040,0.96540,0.09610,0.98180,0.09030,0.08960
5:10:34,0.15330,0.10620,0.96700,0.08590,0.17340,0.09620,0.98580,0.10230,0.98170,0.12460,1.00730,0.16270,0.13230,0.97890,0.97410,0.13310,0.16350,0.98980,1.00240,1.00250,0.97950,0.99610,1.00680,1.01760,0.11080,0.97820,0.98230,0.12750,0.13730,0.99360,1.01560,1.00570,0.99760,1.00650,1.01340,1.01750,0.09280,0.97620,0.09950,0.11430,0.10410,0.99150,0.10700,0.93170,0.10560,1.01170,0.11800,0.99560,0.09470,0.09920,0.98990,0.10100,0.20430,0.10130,0.11700,0.10950,0.99080,0.12330,0.99920,0.09930,0.08510,0.39500,0.98360,0.98440,0.17310,0.98770,0.10800,0.99260,1.00020,1.00030,0.98880,0.10820,0.08730,0.28490,0.98330,0.97810,0.14190,0.98470,0.10040,0.97970,0.98580,0.99100,0.99790,0.09480,0.07720,0.18240,0.08420,0.96070,0.08940,0.95940,0.09080,0.96170,0.09640,0.97890,0.09100,0.09020
5:20:34,0.15590,0.10700,0.96450,0.08660,0.17630,0.09690,0.98380,0.10300,0.98050,0.12600,1.00560,0.16430,0.13440,0.97680,0.97230,0.13490,0.16580,0.98810,1.00040,1.00130,0.97820,0.99400,1.00390,1.01630,0.11260,0.97610,0.98060,0.12880,0.13880,0.99270,1.01520,1.00500,0.99760,1.00410,1.01150,1.01560,0.09410,0.97410,0.09990,0.11510,0.10470,0.98860,0.10750,0.93990,0.10630,1.00990,0.11870,0.99370,0.09570,0.09980,0.98780,0.10160,0.20780,0.10180,0.11770,0.11010,0.98870,0.12420,0.99650,0.10040,0.08570,0.40370,0.98150,0.98220,0.17570,0.98580,0.10880,0.99130,0.99850,0.99880,0.98650,0.11020,0.08790,0.29120,0.98140,0.97620,0.14370,0.98250,0.10110,0.97780,0.98370,0.98920,0.99580,0.09540,0.07730,0.18550,0.08460,0.95790,0.09040,0.95630,0.09170,0.95930,0.09720,0.97670,0.09200,0.09070
5:30:34,0.15870,0.10810,0.96250,0.08750,0.17980,0.09820,0.98280,0.10420,0.97920,0.12790,1.00490,0.16630,0.13630,0.97530,0.97020,0.13730,0.16880,0.98680,0.99930,0.99980,0.97690,0.99250,1.00350,1.01510,0.11410,0.97450,0.97920,0.13040,0.14090,0.99040,1.01510,1.00440,0.99450,1.00340,1.00970,1.01390,0.09520,0.97190,0.10090,0.11650,0.10580,0.98740,0.10880,0.94750,0.10770,1.00910,0.12010,0.99220,0.09680,0.10090,0.98590,0.10290,0.21190,0.10280,0.11900,0.11130,0.98710,0.12570,0.99550,0.10170,0.08650,0.41280,0.97990,0.98080,0.17900,0.98460,0.11000,0.98980,0.99720,0.99760,0.98560,0.11170,0.08850,0.29770,0.97930,0.97460,0.14600,0.98100,0.10230,0.97620,0.98230,0.98780,0.99410,0.09620,0.07760,0.18900,0.08540,0.95530,0.09160,0.95310,0.09300,0.95700,0.09860,0.97490,0.09300,0.09150
5:40:34,0.16190,0.10950,0.96150,0.08860,0.18340,0.09960,0.98150,0.10580,0.97800,0.13010,1.00390,0.16840,0.13850,0.97410,0.96850,0.13980,0.17200,0.98590,0.99830,0.99860,0.97600,0.99190,1.00180,1.01440,0.11550,0.97350,0.97710,0.13250,0.14320,0.99000,1.01480,1.00420,0.99540,1.00310,1.00910,1.01240,0.09610,0.97080,0.10210,0.11810,0.10710,0.98550,0.11020,0.95540,0.10930,1.00780,0.12170,0.99150,0.09770,0.10240,0.98480,0.10420,0.21610,0.10400,0.12060,0.11280,0.98600,0.12750,0.99410,0.10320,0.08700,0.42200,0.97830,0.97940,0.18250,0.98340,0.11150,0.98870,0.99560,0.99640,0.98430,0.11320,0.08910,0.30440,0.97780,0.97340,0.14850,0.97980,0.10360,0.97480,0.98080,0.98660,0.99310,0.09700,0.07780,0.19210,0.08600,0.95280,0.09290,0.95010,0.09440,0.95500,0.10000,0.97290,0.09410,0.09230
5:50:34,0.16530,0.11080,0.95960,0.08960,0.18710,0.10140,0.98110,0.10780,0.97690,0.13250,1.00360,0.17040,0.14090,0.97310,0.96680,0.14240,0.17530,0.98510,0.99710,0.99830,0.97540,0.99120,1.00060,1.01420,0.11690,0.97150,0.97550,0.13470,0.14580,0.98880,1.01390,1.00360,0.99430,1.00200,1.00810,1.01100,0.09690,0.96920,0.10350,0.11990,0.10870,0.98440,0.11180,0.96200,0.11110,1.00710,0.12350,0.98990,0.09860,0.10370,0.98290,0.10570,0.22050,0.10540,0.12240,0.11450,0.98490,0.12950,0.99340,0.10480,0.08750,0.43110,0.97710,0.97800,0.18620,0.98200,0.11310,0.98780,0.99480,0.99580,0.98310,0.11480,0.08960,0.31080,0.97590,0.97170,0.15110,0.97850,0.10520,0.97370,0.97990,0.98540,0.99180,0.09770,0.07820,0.19540,0.08680,0.95040,0.09420,0.94710,0.09590,0.95300,0.10160,0.97120,0.09530,0.09300
6:00:34,0.16880,0.11220,0.95870,0.09070,0.19110,0.10330,0.98030,0.10980,0.97690,0.13500,1.00290,0.17250,0.14330,0.97240,0.96540,0.14510,0.17870,0.98450,0.99660,0.99770,0.97500,0.99030,1.00050,1.01350,0.11850,0.97080,0.97430,0.13700,0.14860,0.98820,1.01420,1.00400,0.99200,1.00150,1.00800,1.01020,0.09780,0.96790,0.10510,0.12200,0.11060,0.98370,0.11370,0.96870,0.11320,1.00640,0.12560,0.98910,0.09950,0.10520,0.98160,0.10740,0.22520,0.10710,0.12450,0.11650,0.98510,0.13160,0.99280,0.10650,0.08810,0.44030,0.97590,0.97710,0.19010,0.98160,0.11510,0.98760,0.99420,0.99540,0.98230,0.11650,0.09030,0.31740,0.97480,0.97070,0.15400,0.97780,0.10700,0.97270,0.97890,0.98480,0.99090,0.09840,0.07850,0.19870,0.08760,0.94790,0.09570,0.94430,0.09760,0.95130,0.10340,0.97000,0.09650,0.09370
6:10:34,0.17190,0.11360,0.95660,0.09150,0.19490,0.10500,0.97980,0.11180,0.97660,0.13730,1.00270,0.17450,0.14550,0.97200,0.96370,0.14770,0.18220,0.98420,0.99680,0.99730,0.97420,0.99010,0.99960,1.01300,0.11990,0.96970,0.97330,0.13930,0.15120,0.98640,1.01350,1.00350,0.98900,1.00130,1.00640,1.00930,0.09850,0.96640,0.10670,0.12390,0.11230,0.98330,0.11540,0.97440,0.11540,1.00570,0.12770,0.98800,0.10020,0.10660,0.98060,0.10910,0.22980,0.10860,0.12640,0.11840,0.98370,0.13350,0.99210,0.10800,0.08850,0.44920,0.97450,0.97570,0.19400,0.98060,0.11710,0.98650,0.99340,0.99500,0.98130,0.11780,0.09070,0.32350,0.97310,0.96950,0.15680,0.97660,0.10880,0.97210,0.97830,0.98430,0.98980,0.09890,0.07850,0.20170,0.08820,0.94570,0.09700,0.94130,0.09920,0.94940,0.10510,0.96830,0.09740,0.09420
6:20:34,0.17470,0.11480,0.95580,0.09210,0.19860,0.10660,0.97880,0.11380,0.97630,0.13940,1.00170,0.17640,0.14760,0.97160,0.96200,0.15000,0.18560,0.98370,0.99600,0.99630,0.97310,0.99030,0.99900,1.01280,0.12110,0.96890,0.97260,0.14170,0.15390,0.98620,1.01290,1.00330,0.98610,0.99980,1.00610,1.00850,0.09910,0.96520,0.10840,0.12580,0.11410,0.98130,0.11720,0.97930,0.11740,1.00510,0.12970,0.98670,0.10080,0.10800,0.98040,0.11070,0.23420,0.11020,0.12850,0.12010,0.98290,0.13550,0.99130,0.10920,0.08890,0.45780,0.97360,0.97480,0.19770,0.97990,0.11890,0.98610,0.99270,0.99450,0.98070,0.11910,0.09110,0.32970,0.97170,0.96830,0.15950,0.97550,0.11050,0.97140,0.97740,0.98350,0.98890,0.09940,0.07870,0.20480,0.08890,0.94340,0.09810,0.93830,0.10060,0.94800,0.10690,0.96670,0.09820,0.09460
6:30:34,0.17730,0.11560,0.95430,0.09270,0.20200,0.10810,0.97830,0.11560,0.97510,0.14180,1.00150,0.17810,0.14950,0.97060,0.96040,0.15230,0.18900,0.98330,0.99550,0.99650,0.97230,0.98950,0.99860,1.01270,0.12230,0.96750,0.97060,0.14390,0.15650,0.98510,1.01260,1.00200,0.98580,0.99950,1.00400,1.00800,0.09970,0.96320,0.10990,0.12780,0.11570,0.97970,0.11890,0.98380,0.11940,1.00400,0.13170,0.98580,0.10140,0.10940,0.97850,0.11220,0.23880,0.11170,0.13040,0.12190,0.98240,0.13750,0.99080,0.11040,0.08930,0.46630,0.97250,0.97380,0.20140,0.97920,0.12090,0.98570,0.99230,0.99390,0.97970,0.12020,0.09150,0.33580,0.97050,0.96710,0.16230,0.97470,0.11210,0.97030,0.97660,0.98270,0.98800,0.10020,0.07890,0.20780,0.08950,0.94100,0.09920,0.93540,0.10210,0.94600,0.10850,0.96490,0.09890,0.09510
6:40:34,0.17960,0.11640,0.95200,0.09320,0.20540,0.10950,0.97760,0.11730,0.97490,0.14390,1.00090,0.17980,0.15130,0.96970,0.95900,0.15440,0.19210,0.98240,0.99480,0.99570,0.97090,0.98960,0.99770,1.01190,0.12340,0.96520,0.97010,0.14610,0.15900,0.98430,1.01220,1.00300,0.98370,0.99950,1.00420,1.00740,0.10010,0.96160,0.11120,0.12950,0.11720,0.97980,0.12050,0.98780,0.12130,1.00370,0.13350,0.98480,0.10200,0.11060,0.97810,0.11360,0.24310,0.11320,0.13230,0.12360,0.98110,0.13940,0.98990,0.11140,0.08960,0.47440,0.97150,0.97270,0.20510,0.97840,0.12260,0.98520,0.99160,0.99380,0.97930,0.12120,0.09180,0.34160,0.96890,0.96580,0.16500,0.97370,0.11370,0.96940,0.97570,0.98210,0.98690,0.10070,0.07900,0.21080,0.09000,0.93870,0.10030,0.93250,0.10340,0.94420,0.11000,0.96330,0.09950,0.09550
6:50:34,0.18200,0.11750,0.95060,0.09370,0.20880,0.11080,0.97680,0.11890,0.97460,0.14610,1.00000,0.18150,0.15320,0.96920,0.95720,0.15650,0.19520,0.98190,0.99400,0.99530,0.96990,0.98830,0.99720,1.01120,0.12440,0.96350,0.96830,0.14810,0.16140,0.98410,1.01170,1.00240,0.98250,0.99940,1.00480,1.00590,0.10050,0.96040,0.11260,0.13120,0.11860,0.97850,0.12210,0.99130,0.12300,1.00280,0.13540,0.98300,0.10240,0.11170,0.97720,0.11500,0.24740,0.11450,0.13410,0.12520,0.98070,0.14120,0.98920,0.11240,0.09000,0.48230,0.97010,0.97150,0.20860,0.97720,0.12440,0.98430,0.99090,0.99330,0.97810,0.12210,0.09210,0.34730,0.96760,0.96440,0.16760,0.97240,0.11510,0.96840,0.97460,0.98150,0.98570,0.10120,0.07910,0.21380,0.09040,0.93580,0.10130,0.92960,0.10470,0.94220,0.11140,0.96100,0.10010,0.09590
7:00:34,0.18430,0.11810,0.94910,0.09420,0.21200,0.11210,0.97540,0.12040,0.97340,0.14790,0.99910,0.18310,0.15480,0.96820,0.95550,0.15850,0.19830,0.98110,0.99350,0.99520,0.96870,0.98790,0.99720,1.01110,0.12530,0.96190,0.96710,0.15000,0.16380,0.98300,1.01040,1.00150,0.98140,0.99940,1.00450,1.00550,0.10090,0.95860,0.11390,0.13290,0.11990,0.97690,0.12360,0.99420,0.12480,1.00210,0.13730,0.98220,0.10260,0.11280,0.97610,0.11630,0.25160,0.11580,0.13590,0.12660,0.98020,0.14300,0.98800,0.11330,0.09050,0.49010,0.96890,0.97040,0.21200,0.97620,0.12600,0.98330,0.98990,0.99290,0.97720,0.12310,0.09230,0.35290,0.96590,0.96300,0.17010,0.97120,0.11650,0.96770,0.97380,0.98070,0.98470,0.10190,0.07930,0.21670,0.09090,0.93380,0.10230,0.92680,0.10580,0.94050,0.11280,0.95950,0.10060,0.09620
7:10:34,0.18630,0.11850,0.94710,0.09440,0.21510,0.11300,0.97490,0.12170,0.97280,0.14970,0.99850,0.18470,0.15640,0.96740,0.95370,0.16040,0.20120,0.98000,0.99240,0.99360,0.96780,0.98730,0.99610,1.01030,0.12600,0.96020,0.96580,0.15190,0.16610,0.98150,1.01010,1.00110,0.97860,0.99900,1.00350,1.00460,0.10100,0.95660,0.11500,0.13430,0.12130,0.97560,0.12500,0.99670,0.12640,1.00110,0.13880,0.98060,0.10290,0.11370,0.97520,0.11740,0.25590,0.11710,0.13750,0.12810,0.97960,0.14470,0.98710,0.11390,0.09100,0.49760,0.96760,0.96910,0.21530,0.97540,0.12760,0.98260,0.98950,0.99260,0.97610,0.12380,0.09250,0.35830,0.96430,0.96160,0.17250,0.97050,0.11780,0.96650,0.97240,0.97980,0.98350,0.10230,0.07940,0.21960,0.09130,0.93090,0.10310,0.92400,0.10690,0.93830,0.11410,0.95730,0.10090,0.09650
7:20:34,0.18830,0.11900,0.94530,0.09470,0.21800,0.11420,0.97450,0.12300,0.97160,0.15150,0.99750,0.18610,0.15780,0.96620,0.95190,0.16210,0.20400,0.97970,0.99160,0.99370,0.96670,0.98700,0.99480,1.01000,0.12670,0.95940,0.96440,0.15370,0.16830,0.98110,1.00880,1.00020,0.97580,0.99800,1.00240,1.00360,0.10100,0.95480,0.11620,0.13570,0.12240,0.97480,0.12630,0.99880,0.12780,1.00060,0.14040,0.97930,0.10320,0.11450,0.97420,0.11840,0.25980,0.11810,0.13920,0.12940,0.97790,0.14620,0.98650,0.11440,0.09140,0.50500,0.96650,0.96790,0.21860,0.97430,0.12910,0.98170,0.98860,0.99200,0.97530,0.12450,0.09260,0.36340,0.96290,0.96020,0.17480,0.96880,0.11910,0.96590,0.97170,0.97900,0.98240,0.10280,0.07940,0.22270,0.09160,0.92840,0.10380,0.92130,0.10790,0.93610,0.11520,0.95530,0.10100,0.09670
7:30:34,0.19020,0.11910,0.94350,0.09500,0.22090,0.11500,0.97220,0.12420,0.97040,0.15300,0.99700,0.18760,0.15920,0.96480,0.94990,0.16390,0.20680,0.97890,0.99070,0.99300,0.96570,0.98760,0.99530,1.00980,0.12740,0.95830,0.96200,0.15550,0.17040,0.97990,1.00810,0.99940,0.97460,0.99690,1.00190,1.00300,0.10110,0.95210,0.11720,0.13710,0.12340,0.97360,0.12750,1.00070,0.12920,0.99930,0.14170,0.97750,0.10350,0.11520,0.97330,0.11930,0.26390,0.11910,0.14080,0.13070,0.97850,0.14780,0.98550,0.11470,0.09180,0.51220,0.96540,0.96680,0.22180,0.97340,0.13050,0.98050,0.98790,0.99210,0.97380,0.12510,0.09280,0.36850,0.96100,0.95830,0.17700,0.96780,0.12020,0.96460,0.97030,0.97820,0.98130,0.10330,0.07960,0.22560,0.09200,0.92580,0.10440,0.91840,0.10880,0.93410,0.11630,0.95290,0.10120,0.09690
7:40:34,0.19200,0.11930,0.94160,0.09540,0.22370,0.11580,0.97260,0.12540,0.96930,0.15480,0.99630,0.18900,0.16060,0.96340,0.94830,0.16550,0.20960,0.97830,0.99020,0.99270,0.96470,0.98650,0.99420,1.00900,0.12810,0.95450,0.96050,0.15710,0.17240,0.97960,1.00750,0.99900,0.97370,0.99720,1.00130,1.00160,0.10120,0.95090,0.11810,0.13830,0.12440,0.97240,0.12860,1.00220,0.13060,0.99880,0.14320,0.97600,0.10390,0.11590,0.97230,0.12020,0.26780,0.12000,0.14250,0.13180,0.97760,0.14920,0.98520,0.11500,0.09200,0.51940,0.96370,0.96550,0.22490,0.97260,0.13190,0.97990,0.98720,0.99130,0.97300,0.12590,0.09300,0.37330,0.95950,0.95720,0.17920,0.96650,0.12150,0.96350,0.96950,0.97730,0.98000,0.10400,0.07960,0.22830,0.09230,0.92300,0.10510,0.91590,0.10960,0.93210,0.11740,0.95110,0.10140,0.09720
7:50:34,0.19380,0.11950,0.93950,0.09570,0.22660,0.11650,0.97100,0.12650,0.96860,0.15640,0.99580,0.19030,0.16210,0.96200,0.94660,0.16720,0.21230,0.97710,0.98920,0.99170,0.96340,0.98570,0.99410,1.00970,0.12880,0.95360,0.95900,0.15890,0.17450,0.97830,1.00650,0.99760,0.97070,0.99640,0.99950,1.00100,0.10130,0.94820,0.11910,0.13960,0.12540,0.97130,0.12990,1.00320,0.13190,0.99740,0.14440,0.97430,0.10440,0.11650,0.97070,0.12110,0.27170,0.12090,0.14420,0.13290,0.97700,0.15070,0.98420,0.11530,0.09250,0.52650,0.96260,0.96450,0.22820,0.97210,0.13320,0.97920,0.98660,0.99100,0.97160,0.12670,0.09310,0.37820,0.95790,0.95570,0.18140,0.96540,0.12260,0.96240,0.96810,0.97650,0.97890,0.10470,0.07980,0.23120,0.09280,0.92040,0.10570,0.91310,0.11050,0.93030,0.11840,0.94870,0.10150,0.09760
8:00:34,0.19580,0.11970,0.93820,0.09610,0.22940,0.11740,0.97110,0.12760,0.96840,0.15810,0.99490,0.19170,0.16360,0.96100,0.94480,0.16900,0.21530,0.97710,0.98860,0.99160,0.96210,0.98610,0.99290,1.00850,0.12960,0.95080,0.95760,0.16070,0.17660,0.97750,1.00540,0.99720,0.96940,0.99650,0.99950,1.00020,0.10150,0.94660,0.12000,0.14100,0.12650,0.97020,0.13100,1.00400,0.13330,0.99720,0.14570,0.97290,0.10500,0.11710,0.97070,0.12200,0.27590,0.12180,0.14610,0.13420,0.97580,0.15210,0.98320,0.11560,0.09290,0.53370,0.96160,0.96360,0.23150,0.97120,0.13460,0.97810,0.98600,0.99100,0.97090,0.12760,0.09340,0.38320,0.95610,0.95440,0.18360,0.96440,0.12380,0.96150,0.96720,0.97580,0.97750,0.10560,0.08000,0.23410,0.09330,0.91790,0.10650,0.91040,0.11150,0.92820,0.11950,0.94670,0.10190,0.09800
8:10:34,0.19780,0.11990,0.93670,0.09640,0.23230,0.11810,0.97010,0.12860,0.96760,0.15960,0.99470,0.19310,0.16500,0.95930,0.94290,0.17080,0.21810,0.97660,0.98780,0.99090,0.96090,0.98580,0.99220,1.00820,0.13040,0.95010,0.95610,0.16240,0.17850,0.97700,1.00440,0.99680,0.96890,0.99580,0.99890,0.99970,0.10160,0.94470,0.12080,0.14210,0.12740,0.96860,0.13210,1.00530,0.13460,0.99570,0.14700,0.97120,0.10570,0.11770,0.96990,0.12270,0.28010,0.12250,0.14790,0.13510,0.97630,0.15340,0.98260,0.11580,0.09340,0.54060,0.96010,0.96270,0.23470,0.97070,0.13590,0.97770,0.98540,0.99090,0.96980,0.12860,0.09360,0.38810,0.95450,0.95280,0.18570,0.96310,0.12500,0.96070,0.96600,0.97520,0.97620,0.10640,0.08000,0.23690,0.09370,0.91560,0.10700,0.90800,0.11220,0.92630,0.12050,0.94430,0.10210,0.09840
8:20:34,0.19990,0.12020,0.93510,0.09690,0.23530,0.11870,0.97000,0.12970,0.96720,0.16120,0.99390,0.19430,0.16640,0.95830,0.94120,0.17260,0.22110,0.97590,0.98760,0.99080,0.96020,0.98550,0.99340,1.00850,0.13120,0.94710,0.95460,0.16420,0.18060,0.97600,1.00360,0.99620,0.96500,0.99490,0.99750,0.99870,0.10170,0.94270,0.12190,0.14340,0.12840,0.96720,0.13320,1.00570,0.13590,0.99550,0.14830,0.96920,0.10650,0.11830,0.96930,0.12370,0.28430,0.12340,0.14980,0.13630,0.97530,0.15490,0.98230,0.11600,0.09390,0.54750,0.95880,0.96200,0.23800,0.96980,0.13750,0.97710,0.98480,0.99050,0.96910,0.12970,0.09390,0.39300,0.95280,0.95170,0.18800,0.96230,0.12620,0.95970,0.96490,0.97490,0.97540,0.10740,0.08020,0.23970,0.09410,0.91280,0.10780,0.90530,0.11310,0.92450,0.12160,0.94250,0.10250,0.09880
8:30:34,0.20180,0.12020,0.93350,0.09720,0.23820,0.11930,0.96950,0.13060,0.96650,0.16250,0.99400,0.19550,0.16780,0.95720,0.93960,0.17440,0.22390,0.97570,0.98730,0.98960,0.95930,0.98640,0.99220,1.00780,0.13190,0.94550,0.95280,0.16590,0.18250,0.97510,1.00280,0.99590,0.96450,0.99540,0.99710,0.99820,0.10180,0.94080,0.12260,0.14450,0.12920,0.96660,0.13430,1.00640,0.13710,0.99430,0.14950,0.96760,0.10730,0.11880,0.96900,0.12440,0.28840,0.12430,0.15180,0.13730,0.97450,0.15620,0.98190,0.11630,0.09460,0.55440,0.95780,0.96100,0.24110,0.96930,0.13890,0.97670,0.98430,0.99040,0.96800,0.13080,0.09410,0.39790,0.95150,0.95040,0.19010,0.96090,0.12730,0.95860,0.96390,0.97410,0.97390,0.10840,0.08020,0.24250,0.09450,0.91030,0.10830,0.90290,0.11390,0.92240,0.12250,0.94060,0.10270,0.09910
8:40:34,0.20420,0.12040,0.93170,0.09760,0.24130,0.12010,0.96900,0.13180,0.96670,0.16420,0.99380,0.19680,0.16930,0.95570,0.93810,0.17630,0.22670,0.97560,0.98690,0.99020,0.95810,0.98540,0.99180,1.00690,0.13280,0.94470,0.95090,0.16760,0.18440,0.97490,1.00130,0.99550,0.96260,0.99460,0.99590,0.99770,0.10200,0.93910,0.12350,0.14560,0.13020,0.96470,0.13540,1.00640,0.13850,0.99330,0.15080,0.96610,0.10820,0.11940,0.96720,0.12520,0.29240,0.12510,0.15370,0.13840,0.97530,0.15770,0.98180,0.11660,0.09530,0.56150,0.95690,0.96020,0.24430,0.96850,0.14040,0.97640,0.98370,0.99010,0.96720,0.13210,0.09440,0.40280,0.94960,0.94900,0.19230,0.96020,0.12840,0.95810,0.96320,0.97330,0.97300,0.10940,0.08040,0.24530,0.09500,0.90800,0.10910,0.90040,0.11470,0.92060,0.12370,0.93870,0.10320,0.09950
8:50:34,0.20630,0.12060,0.93010,0.09800,0.24440,0.12070,0.96830,0.13270,0.96650,0.16540,0.99310,0.19790,0.17070,0.95430,0.93600,0.17800,0.22950,0.97460,0.98640,0.99010,0.95710,0.98570,0.99140,1.00650,0.13360,0.94200,0.94950,0.16930,0.18640,0.97280,1.00080,0.99450,0.96120,0.99450,0.99430,0.99690,0.10210,0.93720,0.12440,0.14670,0.13100,0.96470,0.13650,1.00690,0.13970,0.99240,0.15190,0.96420,0.10900,0.12000,0.96680,0.12600,0.29630,0.12590,0.15540,0.13950,0.97450,0.15900,0.98070,0.11680,0.09570,0.56840,0.95570,0.95880,0.24730,0.96750,0.14180,0.97600,0.98310,0.98990,0.96580,0.13340,0.09470,0.40770,0.94820,0.94760,0.19440,0.95920,0.12950,0.95680,0.96200,0.97260,0.97180,0.11020,0.08040,0.24800,0.09540,0.90540,0.10970,0.89790,0.11560,0.91880,0.12460,0.93660,0.10350,0.09990
9:00:34,0.20850,0.12070,0.92810,0.09840,0.24740,0.12130,0.96760,0.13370,0.96570,0.16690,0.99220,0.19920,0.17200,0.95320,0.93410,0.17960,0.23220,0.97400,0.98570,0.98950,0.95620,0.98470,0.98980,1.00580,0.13440,0.94120,0.94770,0.17100,0.18830,0.97160,0.99930,0.99310,0.95880,0.99390,0.99430,0.99630,0.10220,0.93500,0.12520,0.14780,0.13190,0.96310,0.13760,1.00680,0.14100,0.99160,0.15320,0.96240,0.10970,0.12050,0.96570,0.12690,0.30010,0.12660,0.15710,0.14040,0.97360,0.16030,0.98050,0.11710,0.09620,0.57510,0.95470,0.95790,0.25040,0.96660,0.14320,0.97510,0.98230,0.98920,0.96470,0.13450,0.09480,0.41250,0.94680,0.94620,0.19650,0.95770,0.13060,0.95590,0.96110,0.97190,0.97060,0.11080,0.08060,0.25070,0.09590,0.90290,0.11040,0.89560,0.11640,0.91670,0.12570,0.93460,0.10370,0.10010
9:10:34,0.21040,0.12100,0.92620,0.09870,0.25020,0.12180,0.96660,0.13450,0.96420,0.16830,0.99150,0.20060,0.17320,0.95150,0.93220,0.18110,0.23470,0.97300,0.98560,0.98830,0.95500,0.98360,0.98840,1.00460,0.13500,0.93870,0.94550,0.17240,0.19010,0.97210,0.99820,0.99310,0.95870,0.99280,0.99350,0.99520,0.10220,0.93310,0.12590,0.14880,0.13270,0.96160,0.13860,1.00670,0.14210,0.99040,0.15420,0.96060,0.11040,0.12090,0.96440,0.12750,0.30370,0.12740,0.15850,0.14130,0.97300,0.16150,0.97910,0.11710,0.09660,0.58150,0.95360,0.95660,0.25330,0.96540,0.14440,0.97440,0.98160,0.98860,0.96360,0.13550,0.09490,0.41720,0.94480,0.94480,0.19840,0.95650,0.13160,0.95480,0.96000,0.97080,0.96920,0.11130,0.08070,0.25340,0.09630,0.90050,0.11080,0.89310,0.11720,0.91470,0.12660,0.93270,0.10390,0.10030
9:20:34,0.21230,0.12120,0.92440,0.09900,0.25280,0.12220,0.96540,0.13550,0.96400,0.16950,0.99080,0.20180,0.17440,0.95030,0.93070,0.18250,0.23720,0.97230,0.98430,0.98770,0.95340,0.98280,0.98790,1.00470,0.13570,0.93650,0.94390,0.17390,0.19190,0.97000,0.99720,0.99190,0.95680,0.99280,0.99280,0.99400,0.10230,0.93120,0.12680,0.14980,0.13350,0.96060,0.13970,1.00620,0.14330,0.98920,0.15530,0.95860,0.11080,0.12140,0.96320,0.12830,0.30740,0.12810,0.16000,0.14240,0.97200,0.16280,0.97800,0.11720,0.09700,0.58800,0.95260,0.95540,0.25610,0.96420,0.14560,0.97360,0.98080,0.98790,0.96200,0.13630,0.09510,0.42180,0.94320,0.94330,0.20050,0.95540,0.13260,0.95400,0.95910,0.96990,0.96810,0.11190,0.08080,0.25610,0.09670,0.89800,0.11150,0.89050,0.11790,0.91270,0.12760,0.93060,0.10420,0.10040
9:30:34,0.21400,0.12110,0.92220,0.09930,0.25520,0.12280,0.96550,0.13650,0.96290,0.17110,0.98980,0.20290,0.17560,0.94870,0.92820,0.18390,0.23940,0.97170,0.98380,0.98750,0.95210,0.98310,0.98650,1.00330,0.13630,0.93510,0.94260,0.17550,0.19360,0.96960,0.99650,0.99150,0.95530,0.99170,0.99070,0.99290,0.10230,0.92900,0.12750,0.15060,0.13430,0.95960,0.14070,1.00590,0.14450,0.98830,0.15640,0.95650,0.11120,0.12170,0.96190,0.12900,0.31090,0.12880,0.16110,0.14330,0.97110,0.16410,0.97670,0.11720,0.09730,0.59420,0.95090,0.95440,0.25890,0.96280,0.14670,0.97290,0.98000,0.98720,0.96070,0.13700,0.09520,0.42630,0.94150,0.94140,0.20240,0.95430,0.13360,0.95300,0.95790,0.96880,0.96670,0.11240,0.08100,0.25870,0.09710,0.89570,0.11200,0.88820,0.11870,0.91080,0.12850,0.92820,0.10440,0.10060
9:40:34,0.21570,0.12160,0.92010,0.09960,0.25770,0.12320,0.96410,0.13730,0.96210,0.17230,0.98850,0.20420,0.17660,0.94670,0.92650,0.18510,0.24160,0.97030,0.98300,0.98590,0.95110,0.98120,0.98670,1.00240,0.13700,0.93330,0.94060,0.17690,0.19530,0.96790,0.99530,0.99010,0.95240,0.99120,0.98990,0.99200,0.10230,0.92710,0.12820,0.15160,0.13500,0.95810,0.14170,1.00530,0.14570,0.98740,0.15740,0.95460,0.11160,0.12210,0.96000,0.12970,0.31440,0.12960,0.16240,0.14430,0.96980,0.16530,0.97570,0.11730,0.09760,0.60030,0.94980,0.95330,0.26160,0.96200,0.14780,0.97150,0.97900,0.98600,0.95910,0.13770,0.09530,0.43080,0.93980,0.94020,0.20430,0.95260,0.13450,0.95150,0.95680,0.96810,0.96530,0.11290,0.08110,0.26130,0.09760,0.89290,0.11260,0.88580,0.11940,0.90880,0.12950,0.92630,0.10470,0.10080
9:50:34,0.21730,0.12160,0.91750,0.10010,0.26000,0.12360,0.96320,0.13830,0.96080,0.17360,0.98780,0.20530,0.17790,0.94530,0.92440,0.18650,0.24370,0.96990,0.98230,0.98580,0.94970,0.98100,0.98490,1.00130,0.13770,0.93140,0.93860,0.17840,0.19700,0.96860,0.99400,0.98970,0.95160,0.99070,0.98960,0.99080,0.10250,0.92510,0.12910,0.15260,0.13570,0.95600,0.14260,1.00450,0.14680,0.98640,0.15850,0.95250,0.11200,0.12250,0.95950,0.13040,0.31780,0.13040,0.16350,0.14530,0.96930,0.16660,0.97430,0.11740,0.09790,0.60610,0.94870,0.95180,0.26430,0.96050,0.14880,0.97080,0.97820,0.98540,0.95790,0.13830,0.09550,0.43530,0.93820,0.93880,0.20620,0.95150,0.13540,0.95030,0.95580,0.96710,0.96390,0.11350,0.08120,0.26390,0.09810,0.89070,0.11320,0.88350,0.12010,0.90690,0.13040,0.92410,0.10500,0.10100
10:00:34,0.21890,0.12170,0.91590,0.10030,0.26230,0.12390,0.96190,0.13900,0.95990,0.17480,0.98670,0.20620,0.17900,0.94320,0.92250,0.18790,0.24560,0.96900,0.98140,0.98480,0.94810,0.97960,0.98400,1.00050,0.13830,0.92980,0.93680,0.17980,0.19850,0.96740,0.99310,0.98860,0.95080,0.98960,0.98790,0.98960,0.10250,0.92330,0.12970,0.15350,0.13640,0.95520,0.14350,1.00390,0.14790,0.98530,0.15960,0.95030,0.11210,0.12290,0.95840,0.13110,0.32100,0.13110,0.16470,0.14610,0.96790,0.16780,0.97350,0.11750,0.09810,0.61170,0.94720,0.95060,0.26690,0.95990,0.14970,0.96960,0.97710,0.98490,0.95650,0.13880,0.09560,0.43950,0.93660,0.93730,0.20800,0.95040,0.13630,0.94920,0.95450,0.96580,0.96250,0.11370,0.08130,0.26650,0.09850,0.88830,0.11380,0.88090,0.12080,0.90480,0.13130,0.92190,0.10520,0.10110

