Corrected [600]
	1	2	3	4	5	6	7	8	9	10	11	12
A	0.67247	0.07772	0.11283	0.07877	0.16020	0.07750	0.19786	0.07595	0.44009	0.07828	0.28823	0.07679	Corrected [600]
B	0.38763	0.19372	0.11726	0.18103	0.20476	0.28596	0.19018	0.15234	0.42561	0.24899	0.21156	0.18256	Corrected [600]
C	0.27595	0.14629	0.10024	0.15491	0.14311	0.18658	0.18725	0.12731	0.21468	0.24181	0.19125	0.18116	Corrected [600]
D	0.07784	0.12225	0.07912	0.11028	0.07812	0.14641	0.07706	0.11210	0.07744	0.14359	0.07794	0.14031	Corrected [600]
E	0.21723	0.07717	0.15393	0.07866	0.91952	0.09139	0.30966	0.07790	0.42952	0.07750	0.15462	0.07739	Corrected [600]
F	0.15296	0.14910	0.12379	0.15884	0.18644	0.23053	0.25485	0.30756	0.23596	0.35504	0.12662	1.19822	Corrected [600]
G	0.12243	0.12390	0.10300	0.14265	0.14370	0.18802	0.14336	0.24109	0.14252	0.25558	0.10812	0.82177	Corrected [600]
H	0.07914	0.10642	0.07870	0.10184	0.07953	0.11722	0.07801	0.15289	0.07967	0.12460	0.07739	0.42042	Corrected [600]

