420

Time,A1,A2,A3,A4,A5,A6,A7,A8,A9,A10,A11,A12,B1,B2,B3,B4,B5,B6,B7,B8,B9,B10,B11,B12,C1,C2,C3,C4,C5,C6,C7,C8,C9,C10,C11,C12,D1,D2,D3,D4,D5,D6,D7,D8,D9,D10,D11,D12,E1,E2,E3,E4,E5,E6,E7,E8,E9,E10,E11,E12,F1,F2,F3,F4,F5,F6,F7,F8,F9,F10,F11,F12,G1,G2,G3,G4,G5,G6,G7,G8,G9,G10,G11,G12,H1,H2,H3,H4,H5,H6,H7,H8,H9,H10,H11,H12
0:00:09,0.25920,0.07770,0.10090,0.08980,0.38130,0.07780,0.09440,0.08260,0.29200,0.08580,0.27410,0.07750,0.21940,0.41100,0.10030,0.41480,0.30690,0.34840,0.09940,0.38180,0.26430,0.28310,0.21050,0.11310,0.18150,0.35410,0.10080,0.35610,0.25230,0.27840,0.11650,0.28370,0.20300,0.22550,0.19240,0.10650,0.08220,0.24920,0.08310,0.24180,0.07680,0.22620,0.07580,0.21730,0.07620,0.18420,0.08030,0.29460,0.27640,0.07700,0.44030,0.07790,0.29660,0.08020,0.27700,0.08250,0.37670,0.08360,0.09420,0.08740,0.37030,0.50920,0.35090,0.24940,0.60580,0.38660,0.24090,0.14800,0.29060,0.11720,0.10300,0.29410,0.24330,0.39760,0.31190,0.38500,0.13890,0.29030,0.16040,0.14130,0.20130,0.12170,0.08820,0.37690,0.07930,0.25180,0.07580,0.23820,0.07560,0.37520,0.07570,0.10560,0.07560,0.09460,0.08050,0.27270
0:01:49,0.26970,0.07650,0.10200,0.08930,0.51250,0.07670,0.09190,0.08180,0.45100,0.08550,0.40260,0.07720,0.27070,0.53300,0.10040,0.56170,0.40100,0.48940,0.09780,0.53230,0.40510,0.43640,0.33260,0.12730,0.21520,0.45370,0.09880,0.48160,0.31430,0.40000,0.11140,0.38860,0.28570,0.34430,0.28450,0.11670,0.07890,0.30560,0.08280,0.25540,0.07650,0.30130,0.07540,0.29470,0.07580,0.25680,0.08020,0.29200,0.33660,0.07670,0.60900,0.07770,0.39340,0.07710,0.39000,0.07970,0.53990,0.08310,0.09000,0.08660,0.46020,0.65920,0.45540,0.31470,0.72520,0.51600,0.32110,0.15270,0.41930,0.12100,0.09930,0.27740,0.29590,0.52990,0.39710,0.51120,0.16440,0.39020,0.20070,0.14900,0.26790,0.13260,0.08810,0.36750,0.07900,0.31690,0.07550,0.29620,0.07530,0.43330,0.07610,0.11080,0.07530,0.09530,0.08030,0.28430
0:03:29,0.33380,0.07620,0.09950,0.08920,0.61850,0.07740,0.09090,0.08150,0.62980,0.08530,0.54750,0.07710,0.32710,0.62390,0.09970,0.66080,0.48110,0.59860,0.09800,0.68630,0.55410,0.59830,0.48050,0.14510,0.25300,0.54200,0.09870,0.58470,0.38890,0.50100,0.11060,0.49540,0.36160,0.48300,0.37190,0.12630,0.07850,0.38180,0.08260,0.31200,0.07630,0.37630,0.07530,0.37470,0.07570,0.33680,0.07640,0.30070,0.39410,0.07650,0.72530,0.07740,0.48290,0.07690,0.45410,0.07940,0.68860,0.08300,0.08780,0.08600,0.53570,0.78480,0.52920,0.37930,0.80730,0.64170,0.39120,0.18480,0.48600,0.13530,0.09830,0.27590,0.36430,0.65260,0.49300,0.63030,0.19340,0.51600,0.24140,0.16340,0.34300,0.13740,0.08700,0.37910,0.07910,0.38130,0.07540,0.35510,0.07510,0.50230,0.07530,0.11930,0.07510,0.10120,0.08020,0.29480
0:05:09,0.39210,0.07600,0.09870,0.08910,0.70760,0.07630,0.09070,0.08120,0.75640,0.08670,0.66890,0.07700,0.37910,0.72240,0.09980,0.74910,0.58610,0.70200,0.09770,0.81690,0.67810,0.71060,0.61020,0.16480,0.29600,0.63580,0.09840,0.71110,0.45890,0.60660,0.10900,0.59260,0.43990,0.60660,0.47280,0.14370,0.07830,0.45470,0.08240,0.36700,0.07620,0.45390,0.07520,0.44050,0.07570,0.41620,0.07620,0.29920,0.44780,0.07630,0.83740,0.07720,0.56570,0.07670,0.53840,0.07920,0.81760,0.08280,0.08890,0.08560,0.60640,0.88750,0.61710,0.44190,0.89080,0.75020,0.45510,0.20100,0.57910,0.15170,0.09810,0.27520,0.43560,0.78050,0.53740,0.74980,0.22140,0.62700,0.28220,0.18140,0.39050,0.14590,0.08710,0.37730,0.07880,0.44050,0.07530,0.37910,0.07490,0.56360,0.07500,0.12790,0.07500,0.10720,0.08010,0.30140
0:06:49,0.44500,0.07600,0.09920,0.08540,0.78960,0.07610,0.09170,0.08100,0.85340,0.08670,0.80650,0.07680,0.43070,0.82080,0.10060,0.83930,0.67830,0.80620,0.09730,0.92620,0.79070,0.82660,0.72240,0.18700,0.34430,0.73610,0.09790,0.82530,0.52370,0.69320,0.10710,0.68230,0.51640,0.72250,0.55970,0.16200,0.07810,0.53090,0.08210,0.42030,0.07610,0.53010,0.07500,0.51390,0.07550,0.49440,0.07620,0.32060,0.49850,0.07610,0.92910,0.07710,0.64090,0.07650,0.61520,0.07910,0.91560,0.08270,0.08740,0.08540,0.68230,0.99050,0.70330,0.50330,0.97160,0.85110,0.51450,0.23000,0.66040,0.16950,0.09860,0.27020,0.50300,0.88590,0.57390,0.84990,0.25050,0.71700,0.32210,0.20200,0.44010,0.15770,0.08690,0.37420,0.07870,0.50640,0.07520,0.44630,0.07480,0.63750,0.07560,0.13810,0.07490,0.11230,0.07810,0.30030
0:08:29,0.49690,0.07590,0.09930,0.08130,0.86580,0.07680,0.09250,0.08090,0.95550,0.08660,0.92630,0.07670,0.48540,0.91470,0.10100,0.92780,0.75970,0.89460,0.09740,1.02060,0.89630,0.93280,0.81250,0.21200,0.39120,0.83250,0.09800,0.92790,0.59030,0.79150,0.10520,0.76310,0.59370,0.83240,0.64550,0.17690,0.07810,0.61000,0.08200,0.47410,0.07600,0.60500,0.07490,0.58460,0.07550,0.57190,0.07600,0.35820,0.54700,0.07600,1.01570,0.07700,0.70620,0.07650,0.69380,0.07890,1.01050,0.08490,0.08750,0.08520,0.75130,1.07610,0.78280,0.56220,1.04630,0.93510,0.56910,0.25780,0.74530,0.18810,0.09900,0.26780,0.56710,0.98750,0.64410,0.93740,0.28020,0.79900,0.36380,0.22200,0.51170,0.16740,0.08650,0.37960,0.07640,0.56700,0.07510,0.49410,0.07480,0.71500,0.07620,0.14860,0.07480,0.11830,0.07790,0.30210
0:10:09,0.54580,0.07580,0.09990,0.07660,0.93630,0.07600,0.09340,0.08070,1.04130,0.08650,1.02330,0.07670,0.54140,1.00220,0.10160,1.01440,0.83590,0.97810,0.09750,1.09660,0.98020,1.02120,0.89010,0.23640,0.38470,0.81440,0.09790,1.02210,0.65750,0.87950,0.10450,0.83360,0.67170,0.92320,0.72960,0.19410,0.07780,0.69070,0.08520,0.52630,0.07590,0.67720,0.07480,0.65610,0.07540,0.65190,0.07600,0.13630,0.59500,0.07600,1.09210,0.07680,0.76350,0.07640,0.75920,0.07880,1.08740,0.08040,0.08720,0.08490,0.82310,1.14810,0.84880,0.61820,1.11890,1.01090,0.62080,0.28970,0.82550,0.21070,0.09830,0.26780,0.63370,1.07860,0.73050,1.01600,0.31030,0.87790,0.40570,0.24240,0.58120,0.17880,0.08630,0.37910,0.07640,0.62770,0.07510,0.54580,0.07470,0.81460,0.07470,0.15960,0.07470,0.12470,0.07780,0.30070
0:11:49,0.59270,0.07590,0.10120,0.07680,1.00520,0.07610,0.09430,0.08080,1.11510,0.08650,1.10260,0.07670,0.60370,1.08280,0.10280,1.09940,0.90890,1.05530,0.09840,1.16410,1.05880,1.09700,0.96150,0.26150,0.42690,0.84730,0.09810,1.11000,0.72140,0.95950,0.08870,0.90080,0.75040,1.00580,0.80730,0.21320,0.07790,0.76620,0.08560,0.57690,0.07600,0.74510,0.07490,0.72450,0.07540,0.73820,0.07610,0.14910,0.64190,0.07610,1.15030,0.07680,0.81450,0.07640,0.81810,0.07880,1.15760,0.08010,0.08790,0.08490,0.89680,1.21190,0.86830,0.67080,0.90590,1.07900,0.67100,0.32290,0.89550,0.22830,0.09780,0.26400,0.69760,1.16900,0.71630,1.08610,0.34020,0.95510,0.44620,0.26380,0.65090,0.19130,0.08670,0.09600,0.07630,0.68980,0.07520,0.59770,0.07480,0.92020,0.07520,0.17160,0.07480,0.13230,0.07790,0.29930
0:13:29,0.63840,0.07580,0.10240,0.07660,1.06680,0.07600,0.09510,0.08060,1.17480,0.08650,1.16860,0.07660,0.66300,1.15470,0.10370,1.18530,0.97820,1.12350,0.09910,1.22570,1.12390,1.16130,1.03910,0.28570,0.47260,0.91900,0.09820,1.19170,1.10340,1.01740,0.08490,0.96330,0.82940,1.08530,0.88830,0.23270,0.07780,0.85080,0.08550,0.62630,0.07590,0.81820,0.07480,0.79350,0.07530,0.82010,0.07590,0.16120,0.68970,0.07590,1.20760,0.07670,0.86480,0.07620,0.87390,0.07870,1.23020,0.07990,0.08840,0.07710,0.95900,1.27840,0.92780,0.72020,0.94670,1.13690,0.72150,0.35910,0.95790,0.25250,0.09780,0.26200,0.76420,1.25560,0.77480,1.16000,0.37050,1.02020,0.48690,0.28750,0.72090,0.20670,0.08610,0.09690,0.07620,0.74880,0.07510,0.64750,0.07460,0.80080,0.07510,0.18470,0.07460,0.13900,0.07780,0.29510
0:15:09,0.68250,0.07580,0.10400,0.07670,1.12240,0.07600,0.09650,0.08060,1.23620,0.08650,1.23500,0.07670,0.72570,1.22740,0.10490,1.26750,1.04490,1.18770,0.10010,1.28570,1.19080,1.22850,1.10280,0.31290,0.51610,0.99060,0.09860,1.26640,1.14560,1.08890,0.08530,1.02080,0.90900,1.15840,0.96470,0.25260,0.07780,0.93130,0.08560,0.67460,0.07590,0.89260,0.07480,0.86240,0.07530,0.89930,0.07600,0.17310,0.73350,0.07590,1.25430,0.07680,0.90740,0.07630,0.92370,0.07880,1.31280,0.07980,0.08880,0.07710,1.02880,1.33270,0.98050,0.76770,0.89000,1.19170,0.77080,0.39310,1.01840,0.27390,0.09780,0.25900,0.82460,1.35150,0.83220,1.22590,0.40150,1.08430,0.52820,0.31350,0.78780,0.22130,0.08630,0.09810,0.07620,0.80990,0.07510,0.69820,0.07470,0.87700,0.07640,0.19710,0.07460,0.14770,0.07780,0.29210
0:16:49,0.72590,0.07580,0.10570,0.07660,1.17290,0.07600,0.09790,0.08050,1.29180,0.08650,1.29700,0.07680,0.78460,1.30070,0.10620,1.35180,1.01040,1.25020,0.10110,1.34530,1.25600,1.28870,1.16390,0.34370,0.55450,0.99660,0.09900,1.33200,1.17620,1.15330,0.08570,1.07700,0.97790,1.22290,1.03650,0.27330,0.07780,0.99860,0.08560,0.72050,0.07590,0.96800,0.07470,0.89460,0.07540,0.97430,0.07600,0.18500,0.77530,0.07590,1.29840,0.07670,0.94790,0.07630,0.96890,0.07870,1.37640,0.07980,0.08970,0.07710,1.09930,1.39540,1.03160,0.81130,0.91320,1.24400,0.81540,0.42980,1.07830,0.30290,0.09810,0.25680,0.88660,1.42610,0.88740,1.29150,0.43200,1.13760,0.56710,0.34190,0.85500,0.23830,0.08600,0.09850,0.07630,0.86810,0.07520,0.74420,0.07470,0.95810,0.07540,0.21110,0.07470,0.15620,0.07780,0.28780
0:18:29,0.76840,0.07590,0.10770,0.07650,1.22080,0.07600,0.10000,0.08050,1.34910,0.08650,1.34650,0.07700,0.84390,1.36530,0.10760,1.43130,1.06240,1.31080,0.10220,1.40360,1.31250,1.35090,1.22690,0.37350,0.58940,1.05760,0.09950,1.38850,1.22690,1.21350,0.08620,1.12900,1.04700,1.27920,1.10510,0.29490,0.07770,1.05570,0.08550,0.76580,0.07580,1.03670,0.07480,0.90300,0.07540,1.04620,0.07610,0.19680,0.81460,0.07600,1.33870,0.07670,0.98520,0.07630,1.01020,0.07870,1.45490,0.07980,0.09040,0.07720,1.16770,1.43660,1.07650,0.85300,0.95700,1.29170,0.86080,0.46830,1.13200,0.33080,0.09810,0.25590,0.94910,1.46230,0.93850,1.35140,0.46300,1.18980,0.60700,0.38360,0.92090,0.25620,0.08610,0.09810,0.07630,0.92970,0.07520,0.79050,0.07470,1.05430,0.07470,0.22370,0.07480,0.16550,0.07780,0.28340
0:20:09,0.80950,0.07590,0.10920,0.07640,1.26860,0.07610,0.10130,0.08060,1.39470,0.08660,1.40380,0.07730,0.90190,1.41560,0.10900,1.49180,1.10490,1.36970,0.10310,1.46270,1.37460,1.40780,1.28640,0.40170,0.61910,1.10280,0.09990,1.44420,1.26120,1.27570,0.08650,1.17790,1.11570,1.33120,1.16790,0.31670,0.07780,1.11060,0.08550,0.80930,0.07580,1.10760,0.07480,0.86880,0.07540,1.10820,0.07610,0.20880,0.85360,0.07590,1.37960,0.07670,1.02080,0.07630,1.05350,0.07870,1.49310,0.07970,0.09070,0.07730,1.23010,1.47670,1.12030,0.89260,1.00070,1.34490,0.90390,0.51030,1.18240,0.35360,0.09810,0.25270,0.99990,1.49310,0.98440,1.40290,0.49400,1.23310,0.64570,0.42330,0.98780,0.27420,0.08610,0.09810,0.07620,0.98570,0.07520,0.83440,0.07470,1.14530,0.07500,0.23900,0.07490,0.17420,0.07900,0.27870
0:21:49,0.84850,0.07590,0.11080,0.07640,1.31420,0.07620,0.10290,0.07790,1.42510,0.08800,1.44900,0.07770,0.95580,1.45630,0.11030,1.53750,1.14320,1.41830,0.10430,1.51680,1.43090,1.44990,1.34160,0.42520,0.65450,1.13980,0.10020,1.49090,1.29470,1.33710,0.08700,1.22460,1.17640,1.37520,1.22210,0.33300,0.07640,1.16460,0.08550,0.85120,0.07580,1.17260,0.07480,0.96320,0.07540,1.16450,0.07620,0.22050,0.89030,0.07590,1.42030,0.07670,1.05570,0.07620,1.09040,0.07860,1.51320,0.07970,0.09130,0.07740,1.29080,1.50430,1.16050,0.92940,1.03960,1.39380,0.94370,0.54450,1.22840,0.38060,0.09890,0.25050,1.05650,1.51220,1.03030,1.44820,0.52470,1.27500,0.68410,0.45400,1.04160,0.29320,0.08600,0.09830,0.07630,1.04010,0.07530,0.87620,0.07470,1.21940,0.07460,0.25200,0.07500,0.18330,0.07790,0.27500
0:23:29,0.88500,0.07610,0.11240,0.07630,1.35890,0.07640,0.10460,0.07780,1.45010,0.08850,1.48300,0.07830,1.00890,1.48010,0.11150,1.56460,1.17850,1.45750,0.10540,1.56520,1.48260,1.47710,1.39260,0.45250,0.68990,1.16810,0.10050,1.52780,1.34000,1.37680,0.08750,1.27230,1.13930,1.41760,1.26980,0.35060,0.07640,1.22190,0.08560,0.89100,0.07590,1.23190,0.07480,1.02880,0.07540,1.21620,0.07640,0.23270,0.92490,0.07610,1.45670,0.07670,1.08780,0.07640,1.12460,0.07770,1.52470,0.07600,0.09230,0.07780,1.35670,1.52090,1.19880,0.96460,1.07680,1.43410,0.98410,0.57980,1.27350,0.40080,0.09950,0.24880,1.10670,1.52740,1.07370,1.48550,0.55590,1.31780,0.72290,0.48960,1.09040,0.31440,0.08620,0.09910,0.07630,1.09840,0.07530,0.91990,0.07480,1.19120,0.07490,0.26450,0.07520,0.19210,0.07810,0.09170
0:25:09,0.91950,0.07610,0.11440,0.07640,1.39760,0.07750,0.10620,0.07780,1.47500,0.08870,1.51140,0.07900,1.05760,1.49660,0.11260,1.59250,1.21110,1.48400,0.10640,1.59890,1.51560,1.49790,1.43380,0.48320,0.73070,1.18870,0.10090,1.55240,1.37990,1.40790,0.08800,1.31940,1.14330,1.44970,1.32000,0.37220,0.07630,1.27990,0.08550,0.92910,0.07590,1.28560,0.07480,1.08800,0.07540,1.26450,0.07660,0.24480,0.95760,0.07610,1.49210,0.07680,1.11740,0.07640,1.15950,0.07710,1.52220,0.07590,0.09300,0.07810,1.40770,1.52730,1.23120,0.99860,1.11390,1.47190,1.01990,0.57130,1.27120,0.42430,0.10010,0.24600,1.15380,1.53440,1.11520,1.52070,0.58750,1.35490,0.76070,0.52070,1.13540,0.33590,0.08670,0.10030,0.07630,1.15470,0.07540,0.96080,0.07480,1.25570,0.07490,0.27590,0.07530,0.20000,0.07800,0.09230
0:26:49,0.95510,0.07630,0.11650,0.07650,1.42720,0.07780,0.10760,0.07820,1.49510,0.08910,1.52220,0.08020,1.10330,1.50560,0.11390,1.60540,1.24170,1.50920,0.10770,1.61530,1.54020,1.50700,1.46780,0.51320,0.76870,1.20870,0.10150,1.56040,1.43490,1.44790,0.08890,1.37190,1.19780,1.48500,1.37290,0.39740,0.07650,1.32200,0.08570,0.96620,0.07600,1.33080,0.07490,1.14040,0.07550,1.30910,0.07710,0.25730,0.98900,0.07620,1.52240,0.07700,1.14710,0.07650,1.19180,0.07720,1.52120,0.07610,0.09400,0.07880,1.44860,1.53670,1.25680,1.03150,1.14790,1.50170,1.05470,0.60040,1.30350,0.44540,0.10080,0.24420,1.20360,1.53420,1.15510,1.54160,0.61910,1.39490,0.79870,0.55340,1.17560,0.35710,0.08730,0.10190,0.07640,1.20320,0.07560,0.99950,0.07480,1.30850,0.07490,0.28750,0.07560,0.20790,0.07840,0.09290
0:28:29,0.99130,0.07650,0.11890,0.07670,1.45520,0.07780,0.10920,0.07850,1.50420,0.08950,1.52460,0.08160,1.13440,1.51020,0.11510,1.60740,1.27160,1.52940,0.10900,1.62010,1.55530,1.51640,1.49290,0.54520,0.81060,1.22330,0.10220,1.56440,1.46160,1.45860,0.08940,1.42950,1.23460,1.50830,1.41530,0.42150,0.07650,1.35970,0.08590,1.00100,0.07600,1.37080,0.07500,1.18380,0.07570,1.35220,0.07760,0.26970,1.01960,0.07630,1.54440,0.07710,1.17420,0.07670,1.22160,0.07720,1.51940,0.07630,0.09540,0.07950,1.48020,1.53550,1.27700,1.06310,1.17860,1.51990,1.08820,0.62590,1.32690,0.46880,0.10150,0.24280,1.25010,1.53340,1.18880,1.55670,0.65160,1.43360,0.83450,0.58170,1.21470,0.37830,0.08770,0.10340,0.07650,1.24290,0.07570,1.03520,0.07490,1.34600,0.07530,0.30090,0.07610,0.21540,0.07880,0.09330
0:30:09,1.02780,0.07680,0.12120,0.07690,1.47330,0.07780,0.11110,0.07910,1.51620,0.09000,1.52580,0.08350,1.17010,1.51310,0.11650,1.60390,1.30130,1.54190,0.11070,1.62630,1.56620,1.52510,1.51260,0.57590,0.85250,1.23340,0.10300,1.55270,1.51490,1.47120,0.09030,1.47760,1.26200,1.52970,1.45390,0.44320,0.07680,1.39360,0.08620,1.03380,0.07620,1.40750,0.07530,1.22100,0.07600,1.39060,0.07840,0.28270,1.04910,0.07650,1.56750,0.07730,1.20200,0.07690,1.25140,0.07740,1.51550,0.07680,0.09690,0.08050,1.50090,1.53160,1.29250,1.09270,1.20570,1.52820,1.12080,0.66830,1.34770,0.49360,0.10240,0.24250,1.28890,1.52960,1.21690,1.56620,0.68420,1.46750,0.86930,0.61250,1.24870,0.39640,0.08840,0.10480,0.07660,1.21010,0.07610,1.07370,0.07490,1.20360,0.07660,0.31530,0.07660,0.22360,0.07940,0.09430
0:31:49,1.06280,0.07690,0.12360,0.07700,1.48780,0.07820,0.11300,0.07970,1.51890,0.09050,1.52150,0.08530,1.21890,1.50910,0.11820,1.59860,1.28890,1.55260,0.11240,1.62600,1.56870,1.51870,1.52100,0.60570,0.88950,1.23540,0.10380,1.55510,1.52190,1.48360,0.09110,1.51770,1.28860,1.53520,1.48280,0.46530,0.07680,1.41960,0.08220,1.06550,0.07630,1.44170,0.07560,1.24950,0.07630,1.41940,0.07950,0.29550,1.07780,0.07660,1.58150,0.07760,1.22550,0.07700,1.27390,0.07760,1.51000,0.07720,0.09850,0.08170,1.51480,1.52750,1.30470,1.12040,1.23210,1.53340,1.14760,0.70900,1.36760,0.52040,0.10350,0.24090,1.32120,1.52530,1.24150,1.57330,0.71580,1.49200,0.90180,0.64360,1.28160,0.41520,0.08880,0.10660,0.07660,1.25720,0.07640,1.06100,0.07500,1.24170,0.07630,0.33060,0.07710,0.23500,0.08040,0.09510
0:33:29,1.09470,0.07730,0.12620,0.07740,1.49800,0.07850,0.11510,0.08070,1.50950,0.09130,1.51980,0.08750,1.26120,1.50290,0.12010,1.58960,1.30970,1.55810,0.11430,1.62660,1.56520,1.51610,1.53150,0.63510,0.92760,1.22080,0.10490,1.55580,1.54630,1.49140,0.09200,1.54830,1.31150,1.53660,1.50730,0.48770,0.07720,1.43980,0.08230,1.09500,0.07660,1.47360,0.07620,1.27810,0.07680,1.44800,0.08090,0.30880,1.10470,0.07690,1.58860,0.07800,1.24940,0.07730,1.29420,0.07760,1.50340,0.07790,0.10030,0.08310,1.52260,1.51930,1.31470,1.14780,1.25580,1.53300,1.17670,0.74740,1.37790,0.54700,0.10460,0.24180,1.34940,1.52100,1.26080,1.57030,0.74490,1.51010,0.93140,0.67240,1.31050,0.43360,0.08970,0.10860,0.07670,1.28860,0.07680,1.10880,0.07520,1.24590,0.07580,0.34640,0.07780,0.24700,0.08070,0.09640
0:35:09,1.12240,0.07750,0.12870,0.07760,1.50100,0.07920,0.11730,0.08180,1.50300,0.09210,1.51320,0.08950,1.29490,1.49480,0.12200,1.58130,1.28110,1.56040,0.11630,1.51620,1.55850,1.50960,1.53540,0.66500,0.96310,1.20930,0.10600,1.55040,1.59160,1.49710,0.09290,1.57680,1.33180,1.53430,1.52610,0.51130,0.07740,1.45770,0.08260,1.12210,0.07690,1.49920,0.07690,1.30150,0.07750,1.46890,0.08260,0.32190,1.12890,0.07710,1.59200,0.07840,1.27030,0.07770,1.31310,0.07790,1.49940,0.07890,0.10260,0.08490,1.52600,1.51210,1.32070,1.17160,1.27590,1.53060,1.20100,0.78450,1.38540,0.57250,0.10600,0.24170,1.37390,1.51560,1.27730,1.56950,0.77120,1.52210,0.96140,0.69930,1.33650,0.45180,0.09030,0.11040,0.07670,1.31310,0.07720,1.15000,0.07540,1.26350,0.07590,0.36190,0.07850,0.25810,0.08140,0.09750
0:36:49,1.14630,0.07790,0.13140,0.07810,1.49410,0.08020,0.11980,0.08340,1.49600,0.09340,1.50910,0.09160,1.31920,1.48280,0.12410,1.57340,1.29110,1.55600,0.11880,1.52120,1.54680,1.50090,1.53650,0.69420,0.99690,1.20580,0.10720,1.54670,1.58970,1.49130,0.09430,1.59990,1.34880,1.53120,1.53730,0.53500,0.07770,1.46910,0.08310,1.14700,0.07740,1.51780,0.07780,1.32380,0.07860,1.48480,0.08470,0.33520,1.15030,0.07750,1.59330,0.07900,1.28990,0.07820,1.32660,0.07860,1.49570,0.08030,0.10500,0.08690,1.52740,1.50650,1.32630,1.19220,1.29580,1.52440,1.22420,0.70730,1.39350,0.59790,0.10780,0.24220,1.39470,1.51010,1.29110,1.56750,0.79740,1.52580,0.98800,0.72470,1.35870,0.47050,0.09100,0.11250,0.07700,1.33280,0.07770,1.18050,0.07570,1.27530,0.07630,0.37720,0.07960,0.26830,0.08260,0.09910
0:38:29,1.16680,0.07840,0.13420,0.07860,1.48430,0.08130,0.12250,0.08480,1.48870,0.09470,1.50300,0.09350,1.33960,1.47080,0.12620,1.56430,1.27300,1.54880,0.12120,1.51630,1.53490,1.49560,1.53160,0.72460,1.02790,1.20470,0.10850,1.54150,1.63990,1.49020,0.09560,1.61330,1.36470,1.52900,1.54600,0.56010,0.07810,1.47630,0.08360,1.16990,0.07790,1.53170,0.07880,1.34430,0.07990,1.49620,0.08670,0.34840,1.16940,0.07790,1.59480,0.07970,1.30630,0.07870,1.33850,0.07950,1.49130,0.08160,0.10750,0.08870,1.52690,1.50160,1.32810,1.21060,1.30830,1.51680,1.24210,0.74640,1.39900,0.62280,0.10980,0.24160,1.41250,1.50470,1.30260,1.56310,0.82250,1.52940,1.01700,0.75100,1.28510,0.48660,0.09180,0.11470,0.07710,1.34870,0.07820,1.20550,0.07610,1.28310,0.07670,0.39190,0.08070,0.27820,0.08350,0.10060
0:40:09,1.18530,0.07890,0.13700,0.07910,1.47220,0.08230,0.12530,0.08630,1.48200,0.09610,1.49630,0.09520,1.35620,1.46100,0.12820,1.55690,1.26910,1.54030,0.12370,1.51370,1.52530,1.48870,1.52120,0.75500,1.05710,1.20360,0.10990,1.53820,1.68440,1.48820,0.09720,1.62990,1.37450,1.52690,1.55110,0.58470,0.07860,1.48360,0.08430,1.19140,0.07870,1.54030,0.08000,1.35900,0.08130,1.50500,0.08860,0.36140,1.18510,0.07810,1.59450,0.08040,1.32190,0.07940,1.34740,0.08040,1.48810,0.08310,0.11050,0.09050,1.52520,1.49750,1.33070,1.22830,1.32420,1.51180,1.26000,0.77970,1.40540,0.64670,0.11200,0.24280,1.42680,1.49850,1.31400,1.55860,0.84980,1.52360,1.04340,0.77580,1.30800,0.50490,0.09260,0.11680,0.07720,1.36160,0.07880,1.22630,0.07640,1.21440,0.07700,0.40680,0.08170,0.28790,0.08460,0.10200
0:41:49,1.19300,0.07940,0.13990,0.07970,1.46600,0.08360,0.12830,0.08800,1.47850,0.09770,1.49370,0.09700,1.37050,1.45510,0.13030,1.55030,1.25920,1.53310,0.12640,1.50880,1.51880,1.48270,1.50840,0.78400,1.08330,1.20210,0.11140,1.53530,1.71730,1.48740,0.09900,1.63140,1.37780,1.52280,1.55390,0.60840,0.07900,1.48740,0.08510,1.21220,0.07970,1.54420,0.08140,1.36920,0.08280,1.51250,0.09060,0.37480,1.19880,0.07870,1.59120,0.08140,1.33460,0.08030,1.35190,0.08160,1.48370,0.08490,0.11380,0.09230,1.52360,1.49320,1.33090,1.24500,1.33260,1.50490,1.27370,0.80930,1.40780,0.67060,0.11430,0.24280,1.43930,1.49290,1.32020,1.45870,0.87410,1.51990,1.07100,0.80150,1.31810,0.52710,0.09340,0.11890,0.07740,1.37190,0.07950,1.24540,0.07690,1.22380,0.07760,0.42160,0.08290,0.29800,0.08570,0.10370
0:43:29,1.19070,0.08000,0.14260,0.08040,1.46000,0.08500,0.13150,0.08960,1.47430,0.09920,1.49140,0.09880,1.38220,1.44820,0.13230,1.54460,1.24780,1.52650,0.12910,1.50760,1.51430,1.47890,1.49770,0.81090,1.10660,1.20150,0.11290,1.53240,1.70810,1.48450,0.10080,1.62250,1.37710,1.52000,1.55490,0.63100,0.07950,1.48960,0.08600,1.23150,0.08060,1.54710,0.08280,1.37710,0.08430,1.51790,0.09250,0.38790,1.21120,0.07910,1.58640,0.08250,1.34230,0.08140,1.35670,0.08290,1.48030,0.08660,0.11700,0.09400,1.52100,1.48940,1.33280,1.26110,1.34000,1.49770,1.28460,0.84010,1.40770,0.69400,0.11670,0.24240,1.44910,1.48740,1.32730,1.45690,0.90570,1.51600,1.10430,0.82600,1.32470,0.54730,0.09460,0.12070,0.07760,1.38050,0.08020,1.26240,0.07730,1.22860,0.07820,0.43640,0.08420,0.30790,0.08700,0.10530
0:45:09,1.19140,0.08070,0.14490,0.08130,1.45480,0.08700,0.13470,0.09140,1.47180,0.10080,1.48920,0.10060,1.39160,1.44310,0.13470,1.53860,1.24430,1.52130,0.13200,1.50560,1.51000,1.47570,1.49020,0.83680,1.12820,1.19990,0.11460,1.52900,1.73160,1.48350,0.10290,1.61610,1.37740,1.51710,1.55290,0.65340,0.08020,1.49040,0.08710,1.24880,0.08190,1.54650,0.08440,1.38550,0.08600,1.51950,0.09440,0.40080,1.22390,0.07990,1.58280,0.08370,1.34870,0.08270,1.36110,0.08450,1.47760,0.08830,0.11970,0.09590,1.51860,1.48570,1.33290,1.27670,1.34370,1.49380,1.29620,0.86910,1.40250,0.71730,0.11920,0.24430,1.45670,1.48220,1.33060,1.45590,0.94090,1.51400,1.13310,0.84940,1.32900,0.56760,0.09660,0.12330,0.07790,1.35290,0.08110,1.27660,0.07800,1.23170,0.07910,0.45080,0.08550,0.31790,0.08830,0.10700
0:46:49,1.19430,0.08140,0.14690,0.08210,1.45150,0.08840,0.13790,0.09290,1.46920,0.10220,1.48700,0.10240,1.39900,1.43950,0.13680,1.53370,1.24360,1.41550,0.13490,1.50530,1.50700,1.47200,1.39200,0.86240,1.14650,1.19980,0.11630,1.52540,1.72370,1.48060,0.10480,1.61080,1.37780,1.51320,1.55220,0.67490,0.08080,1.48950,0.08820,1.26130,0.08310,1.54530,0.08600,1.39290,0.08760,1.52080,0.09620,0.41370,1.23560,0.08060,1.57720,0.08490,1.35590,0.08400,1.36280,0.08600,1.47440,0.09000,0.12220,0.09740,1.51500,1.48220,1.33250,1.28990,1.34680,1.49010,1.30600,0.89910,1.39710,0.74020,0.12170,0.24480,1.46310,1.47660,1.33180,1.45470,0.98050,1.51180,1.16010,0.87350,1.33020,0.58680,0.09820,0.12600,0.07810,1.36110,0.08180,1.28870,0.07850,1.23240,0.07930,0.46560,0.08680,0.32760,0.08970,0.10890
0:48:29,1.19590,0.08220,0.14930,0.08290,1.44900,0.08950,0.14090,0.09440,1.46530,0.10360,1.48370,0.10400,1.40340,1.43480,0.13910,1.52630,1.24320,1.42130,0.13760,1.50400,1.50300,1.47020,1.38770,0.88710,1.16420,1.19690,0.11800,1.52070,1.72590,1.47960,0.10680,1.60800,1.37700,1.50970,1.55030,0.69610,0.08140,1.48850,0.08940,1.27270,0.08430,1.54360,0.08750,1.39810,0.08910,1.52050,0.09790,0.42630,1.24850,0.08140,1.57150,0.08620,1.36220,0.08530,1.36300,0.08740,1.47220,0.09160,0.12470,0.09910,1.51090,1.47820,1.33100,1.29670,1.34530,1.48700,1.31530,0.92570,1.38710,0.76220,0.12390,0.24580,1.46740,1.47120,1.33080,1.45240,1.02320,1.50940,1.18920,0.89640,1.33110,0.60620,0.10000,0.12880,0.07830,1.36600,0.08270,1.29890,0.07900,1.23310,0.08000,0.48010,0.08800,0.33740,0.09080,0.10970
0:50:09,1.19650,0.08290,0.15150,0.08380,1.44540,0.09170,0.14410,0.09580,1.46270,0.10480,1.48230,0.10580,1.40670,1.43020,0.14150,1.52140,1.24380,1.42080,0.14040,1.50320,1.50050,1.46730,1.38430,0.91120,1.17960,1.19520,0.11980,1.51580,1.73640,1.47660,0.10880,1.60440,1.37760,1.50650,1.54670,0.71640,0.08200,1.48640,0.09050,1.28360,0.08550,1.54190,0.08880,1.40280,0.09040,1.51890,0.09950,0.43840,1.26070,0.08220,1.56640,0.08750,1.36620,0.08650,1.35280,0.08870,1.46860,0.09300,0.12720,0.10040,1.50690,1.47460,1.33050,1.29970,1.34190,1.48340,1.32150,0.95380,1.38030,0.78420,0.12620,0.24630,1.47090,1.46580,1.32850,1.44540,1.05700,1.50700,1.21470,0.91890,1.33080,0.62470,0.10140,0.13130,0.07840,1.28910,0.08350,1.30730,0.07960,1.23270,0.08070,0.49440,0.08930,0.34730,0.09210,0.11140
0:51:49,1.19720,0.08370,0.15380,0.08480,1.44190,0.09220,0.14720,0.09740,1.45850,0.10640,1.48170,0.10760,1.40850,1.42660,0.14380,1.51600,1.24370,1.41840,0.13080,1.50070,1.49630,1.46620,1.38130,0.93460,1.19390,1.19410,0.12160,1.51410,1.71540,1.47550,0.11080,1.60200,1.37680,1.50210,1.54420,0.73700,0.08270,1.48380,0.09170,1.29350,0.08680,1.53890,0.09030,1.40550,0.09190,1.51780,0.10130,0.45100,1.27300,0.08310,1.56090,0.08890,1.36570,0.08780,1.34120,0.09000,1.46620,0.09450,0.12980,0.10200,1.50250,1.47110,1.32830,1.30090,1.33720,1.48030,1.31870,0.97860,1.27220,0.80520,0.12220,0.24720,1.47250,1.46100,1.32540,1.44380,1.08620,1.50600,1.23350,0.94010,1.32990,0.64360,0.10340,0.13400,0.07870,1.29920,0.08440,1.31450,0.08030,1.23170,0.08130,0.50860,0.09040,0.35690,0.09250,0.11310
0:53:29,1.19750,0.08450,0.15620,0.08570,1.43950,0.09360,0.15040,0.09900,1.45550,0.10790,1.48030,0.10940,1.41020,1.42190,0.14620,1.51110,1.24370,1.41660,0.13330,1.49990,1.49300,1.46320,1.37920,0.95730,1.20660,1.19280,0.12350,1.50960,1.73710,1.47330,0.11270,1.59740,1.37580,1.49900,1.54220,0.75680,0.08350,1.48090,0.09290,1.30100,0.08810,1.53610,0.09170,1.40790,0.09350,1.51480,0.10310,0.46290,1.28400,0.08410,1.55690,0.09030,1.36140,0.08920,1.32660,0.09140,1.46290,0.09610,0.13240,0.10360,1.49830,1.46730,1.32560,1.30580,1.32990,1.47770,1.31290,1.00190,1.27680,0.82640,0.12430,0.24740,1.34310,1.45570,1.32300,1.44210,1.11070,1.50420,1.24820,0.96260,1.32860,0.63280,0.10520,0.13620,0.07910,1.30260,0.08530,1.27840,0.08110,1.23110,0.08390,0.52260,0.09170,0.36670,0.09360,0.11470
0:55:09,1.19660,0.08510,0.15850,0.08650,1.43570,0.09580,0.15330,0.10040,1.45140,0.10930,1.47800,0.11090,1.41020,1.41720,0.14850,1.50520,1.24410,1.41440,0.13560,1.49840,1.48890,1.46020,1.37670,0.97890,1.21870,1.19220,0.12520,1.50710,1.75340,1.47130,0.11450,1.59360,1.37460,1.49580,1.53700,0.77600,0.08410,1.33740,0.09010,1.30720,0.08930,1.53340,0.09300,1.41030,0.09510,1.51270,0.10480,0.47500,1.29200,0.08500,1.55260,0.09140,1.35120,0.09040,1.31810,0.09260,1.46060,0.09750,0.13490,0.10510,1.49410,1.46380,1.32310,1.30990,1.32210,1.47420,1.31020,1.02310,1.27720,0.84640,0.12630,0.24910,1.34160,1.45090,1.32140,1.44040,1.13260,1.50070,1.26040,0.98440,1.32720,0.64980,0.10670,0.13840,0.07920,1.30380,0.08620,1.28400,0.08180,1.22950,0.08280,0.53680,0.09290,0.37630,0.09470,0.11640
0:56:49,1.19660,0.08590,0.16090,0.08740,1.43290,0.09720,0.15630,0.10190,1.44960,0.11070,1.47650,0.11250,1.40970,1.41460,0.15090,1.50150,1.24450,1.41210,0.13800,1.49600,1.48660,1.45950,1.37540,1.00000,1.22940,1.19000,0.12710,1.50360,1.74500,1.46890,0.11640,1.59030,1.37310,1.49360,1.53390,0.79520,0.08480,1.33660,0.09120,1.31210,0.09050,1.53060,0.09440,1.41120,0.09670,1.51020,0.10670,0.48710,1.29550,0.08600,1.54940,0.09270,1.34030,0.09160,1.31350,0.09400,1.45800,0.09910,0.13750,0.10670,1.48990,1.46060,1.32020,1.31360,1.31760,1.47120,1.30850,1.04250,1.27490,0.86640,0.12840,0.24980,1.34050,1.44610,1.32020,1.43870,1.15330,1.49800,1.27050,1.00530,1.32540,0.66740,0.10810,0.14060,0.07950,1.30400,0.08700,1.28930,0.08250,1.22800,0.08360,0.55080,0.09390,0.38600,0.09590,0.11800
0:58:29,1.19520,0.08690,0.16340,0.08840,1.42990,0.09770,0.15950,0.10340,1.44610,0.11250,1.47450,0.11420,1.40860,1.41020,0.15360,1.49670,1.24490,1.41360,0.14050,1.49480,1.48320,1.45820,1.37430,1.02030,1.23820,1.19000,0.12910,1.49950,1.73960,1.46610,0.11840,1.58560,1.37140,1.49120,1.43910,0.81380,0.08570,1.33460,0.09250,1.31590,0.09180,1.52810,0.09590,1.41160,0.09840,1.50850,0.10850,0.49930,1.29280,0.08710,1.54600,0.09390,1.33420,0.09290,1.31100,0.09550,1.45570,0.10080,0.14020,0.10830,1.48610,1.45710,1.31870,1.31510,1.31390,1.46830,1.30750,1.06000,1.27470,0.88620,0.13050,0.25130,1.33940,1.44130,1.32030,1.43650,1.17130,1.49580,1.27780,1.02570,1.32330,0.68450,0.10960,0.14290,0.07980,1.30380,0.08810,1.29270,0.08330,1.22630,0.08440,0.56420,0.09520,0.39570,0.09710,0.11980
1:00:09,1.19420,0.08790,0.16580,0.08950,1.42760,0.09980,0.16270,0.10510,1.44290,0.11410,1.47350,0.11590,1.40680,1.40660,0.15590,1.49230,1.24580,1.41250,0.14290,1.49240,1.48010,1.45570,1.37280,1.03990,1.24640,1.18800,0.13110,1.49700,1.75040,1.46360,0.12030,1.58250,1.37040,1.48640,1.44190,0.83220,0.08640,1.33230,0.09370,1.31890,0.09300,1.52450,0.09730,1.41280,0.10000,1.50570,0.11040,0.51130,1.28660,0.08810,1.54240,0.09530,1.33250,0.09410,1.31050,0.09690,1.45330,0.10250,0.14280,0.11010,1.48150,1.45360,1.31700,1.31630,1.31170,1.46510,1.30700,1.07820,1.27400,0.90520,0.13270,0.25190,1.33880,1.43640,1.31990,1.43420,1.18820,1.49340,1.28400,1.04510,1.32250,0.70070,0.11120,0.14520,0.08020,1.30260,0.08890,1.29640,0.08410,1.22490,0.08520,0.57790,0.09650,0.40520,0.09810,0.12150

