420

Time,A1,A2,A3,A4,A5,A6,A7,A8,A9,A10,A11,A12,B1,B2,B3,B4,B5,B6,B7,B8,B9,B10,B11,B12,C1,C2,C3,C4,C5,C6,C7,C8,C9,C10,C11,C12,D1,D2,D3,D4,D5,D6,D7,D8,D9,D10,D11,D12,E1,E2,E3,E4,E5,E6,E7,E8,E9,E10,E11,E12,F1,F2,F3,F4,F5,F6,F7,F8,F9,F10,F11,F12,G1,G2,G3,G4,G5,G6,G7,G8,G9,G10,G11,G12,H1,H2,H3,H4,H5,H6,H7,H8,H9,H10,H11,H12
0:00:34,0.08970,0.07790,0.08020,0.07790,0.07880,0.07880,0.07920,0.07800,0.08090,0.07760,0.08030,0.07890,0.08620,0.07970,0.08060,0.07920,0.07890,0.07960,0.07940,0.07970,0.07930,0.08360,0.07880,0.08000,0.08170,0.07890,0.08030,0.07840,0.08100,0.07920,0.07870,0.07960,0.07820,0.07930,0.07900,0.07990,0.07780,0.07750,0.07830,0.07850,0.07790,0.07830,0.07810,0.07850,0.08050,0.08300,0.07800,0.07870,0.08810,0.07690,0.08030,0.07780,0.08170,0.07760,0.07900,0.07750,0.07820,0.07850,0.08660,0.07800,0.08290,0.08080,0.07980,0.10150,0.08120,0.07930,0.07920,0.07900,0.07790,0.08350,0.08650,0.08150,0.08160,0.07780,0.07880,0.09310,0.07920,0.07830,0.07910,0.07820,0.08000,0.08240,0.08240,0.08040,0.07720,0.07750,0.07750,0.08690,0.07740,0.07750,0.08150,0.07840,0.07780,0.08200,0.07850,0.07910
0:10:34,0.11050,0.07750,0.08310,0.07740,0.07840,0.07840,0.07960,0.07760,0.08060,0.07730,0.08110,0.07850,0.09960,0.08120,0.08220,0.07900,0.07810,0.07940,0.07890,0.07950,0.07930,0.08090,0.07930,0.08290,0.08780,0.07980,0.07940,0.07800,0.07990,0.07920,0.07830,0.07910,0.07780,0.07860,0.07870,0.08180,0.07730,0.07780,0.07780,0.07810,0.07760,0.07760,0.07760,0.07800,0.08020,0.08090,0.07730,0.07930,0.10520,0.07660,0.08070,0.07730,0.08790,0.07720,0.07950,0.07700,0.07810,0.07770,0.11430,0.07760,0.09410,0.08090,0.07970,0.15060,0.08500,0.07890,0.07880,0.07870,0.07790,0.09610,0.10560,0.08630,0.08740,0.07750,0.07870,0.12480,0.08090,0.07810,0.07860,0.07800,0.07970,0.09240,0.09250,0.08340,0.07670,0.07710,0.07700,0.10410,0.07720,0.07710,0.08090,0.07810,0.07730,0.08570,0.07790,0.08000
0:20:34,0.13640,0.07740,0.08650,0.07720,0.07880,0.07830,0.08040,0.07760,0.08190,0.07690,0.08290,0.07830,0.11590,0.08400,0.08440,0.07930,0.07790,0.08020,0.07940,0.08000,0.07990,0.08090,0.08070,0.08690,0.09530,0.08140,0.08020,0.07790,0.07990,0.07960,0.07840,0.07950,0.07770,0.07850,0.07950,0.08500,0.07710,0.07850,0.07770,0.07800,0.07750,0.07740,0.07740,0.07800,0.08000,0.08150,0.07710,0.08050,0.12360,0.07650,0.08310,0.07700,0.09560,0.07720,0.08040,0.07700,0.07900,0.07740,0.15220,0.07740,0.10510,0.08100,0.08070,0.21130,0.09040,0.07890,0.07910,0.07870,0.07820,0.11500,0.12960,0.09250,0.09480,0.07740,0.07900,0.16350,0.08330,0.07830,0.07870,0.07790,0.07980,0.10670,0.10480,0.08760,0.07660,0.07690,0.07680,0.12480,0.07700,0.07700,0.08070,0.07780,0.07710,0.09110,0.07750,0.08180
0:30:34,0.16220,0.07760,0.09050,0.07730,0.07930,0.07840,0.08090,0.07790,0.08220,0.07690,0.08520,0.07760,0.13240,0.08700,0.08670,0.07950,0.07850,0.08020,0.08010,0.08110,0.08040,0.08200,0.08260,0.09110,0.10300,0.08320,0.08140,0.07840,0.07980,0.07990,0.07840,0.08010,0.07800,0.07870,0.08050,0.08850,0.07730,0.07930,0.07770,0.07820,0.07750,0.07740,0.07750,0.07830,0.08000,0.08160,0.07730,0.08220,0.14330,0.07650,0.08530,0.07710,0.10430,0.07720,0.08140,0.07720,0.07990,0.07730,0.19370,0.07750,0.11660,0.08110,0.08200,0.27290,0.09580,0.07930,0.07980,0.07900,0.07860,0.14100,0.15480,0.09950,0.10190,0.07750,0.07970,0.20280,0.08600,0.07850,0.07920,0.07820,0.07990,0.12230,0.11840,0.09250,0.07640,0.07680,0.07690,0.14620,0.07710,0.07710,0.08070,0.07790,0.07710,0.09780,0.07760,0.08380
0:40:34,0.18850,0.07780,0.09550,0.07760,0.07970,0.07870,0.08140,0.07820,0.08330,0.07740,0.08810,0.07830,0.15070,0.08970,0.08940,0.08000,0.07880,0.08100,0.08090,0.08210,0.08110,0.08320,0.08470,0.09580,0.11110,0.08490,0.08270,0.07890,0.08010,0.08030,0.07870,0.08100,0.07850,0.07930,0.08150,0.09170,0.07730,0.08030,0.07790,0.07850,0.07780,0.07780,0.07800,0.07900,0.08000,0.08160,0.07770,0.08390,0.16490,0.07660,0.08770,0.07740,0.11390,0.07750,0.08240,0.07750,0.08060,0.07750,0.23160,0.07790,0.12850,0.08140,0.08350,0.33240,0.10160,0.07990,0.08060,0.07970,0.07930,0.16540,0.18100,0.10520,0.10980,0.07770,0.08060,0.24120,0.08870,0.07860,0.07970,0.07870,0.08030,0.13940,0.13280,0.09660,0.07630,0.07710,0.07700,0.16770,0.07750,0.07720,0.08070,0.07830,0.07720,0.10520,0.07750,0.08610
0:50:34,0.21420,0.07760,0.10050,0.07780,0.08040,0.07920,0.08240,0.07860,0.08490,0.07850,0.09140,0.07970,0.17000,0.09230,0.09240,0.08070,0.07930,0.08190,0.08170,0.08370,0.08180,0.08380,0.08710,0.10110,0.11960,0.08650,0.08720,0.07940,0.08050,0.08070,0.07920,0.08200,0.07920,0.08050,0.08280,0.09500,0.07760,0.08130,0.07810,0.07890,0.07810,0.07820,0.07820,0.07960,0.08010,0.08150,0.07820,0.08580,0.18790,0.07680,0.09030,0.07780,0.12370,0.07780,0.08370,0.07780,0.08140,0.07810,0.26930,0.07840,0.14010,0.08160,0.08510,0.38980,0.10780,0.08060,0.08150,0.08030,0.08000,0.18850,0.20650,0.11120,0.11790,0.07790,0.08150,0.27930,0.09150,0.07900,0.08030,0.07930,0.08070,0.15710,0.14700,0.10120,0.07620,0.07730,0.07720,0.18930,0.07790,0.07760,0.08090,0.07860,0.07730,0.11430,0.07760,0.08880
1:00:34,0.23940,0.07830,0.10560,0.07840,0.08130,0.07980,0.08360,0.07920,0.08670,0.08000,0.09480,0.08120,0.18830,0.09500,0.09570,0.08170,0.08020,0.08290,0.08290,0.08570,0.08270,0.08430,0.09000,0.10670,0.12800,0.08840,0.08910,0.08010,0.08120,0.08160,0.08010,0.08360,0.08020,0.08180,0.08450,0.09870,0.07800,0.08240,0.07870,0.07960,0.07860,0.07880,0.07890,0.08070,0.08040,0.08320,0.07910,0.08820,0.20980,0.07700,0.09330,0.07850,0.13340,0.07840,0.08520,0.07850,0.08250,0.07910,0.30680,0.07920,0.15190,0.08210,0.08700,0.44330,0.11420,0.08140,0.08240,0.08130,0.08110,0.21160,0.23170,0.11850,0.12550,0.07820,0.08260,0.31670,0.09440,0.07960,0.08120,0.08020,0.08140,0.17370,0.16130,0.10610,0.07610,0.07770,0.07750,0.21050,0.07870,0.07800,0.08120,0.07930,0.07740,0.12470,0.07780,0.09130
1:10:34,0.26390,0.07920,0.11050,0.07910,0.08240,0.08010,0.08490,0.08020,0.08850,0.08170,0.09810,0.08340,0.20590,0.09780,0.09900,0.08270,0.08120,0.08410,0.08430,0.08770,0.08380,0.08540,0.09270,0.11190,0.13630,0.09040,0.09110,0.08100,0.08210,0.08260,0.08120,0.08530,0.08140,0.08290,0.08630,0.10270,0.07840,0.08340,0.07930,0.08030,0.07940,0.07960,0.07980,0.08200,0.08070,0.08370,0.08020,0.09060,0.23050,0.07730,0.09610,0.07930,0.14290,0.07900,0.08680,0.07950,0.08360,0.08020,0.34180,0.08000,0.16380,0.08250,0.08900,0.49260,0.12080,0.08240,0.08330,0.08240,0.08240,0.23410,0.25620,0.12550,0.13290,0.07850,0.08380,0.35220,0.09730,0.08030,0.08210,0.08110,0.08210,0.18920,0.17500,0.11130,0.07600,0.07810,0.07790,0.23090,0.07930,0.07860,0.08150,0.07980,0.07770,0.13460,0.07780,0.09340
1:20:34,0.28790,0.08010,0.11530,0.07980,0.08340,0.08070,0.08600,0.08090,0.09020,0.08360,0.10140,0.08630,0.22310,0.10070,0.10230,0.08370,0.08220,0.08520,0.08580,0.08960,0.08480,0.08630,0.09520,0.11700,0.14430,0.09220,0.09300,0.08190,0.08300,0.08340,0.08220,0.08680,0.08250,0.08370,0.08800,0.10620,0.07870,0.08450,0.07990,0.08120,0.08000,0.08020,0.08060,0.08320,0.08090,0.08430,0.08120,0.09270,0.25040,0.07740,0.09900,0.08000,0.15240,0.07960,0.08830,0.08030,0.08470,0.08130,0.37600,0.08060,0.17510,0.08280,0.09080,0.53820,0.12710,0.08310,0.08420,0.08340,0.08340,0.25630,0.28050,0.13230,0.14020,0.07890,0.08490,0.38650,0.10020,0.08100,0.08280,0.08200,0.08280,0.20500,0.18850,0.11620,0.07610,0.07840,0.07820,0.25090,0.08000,0.07910,0.08180,0.08050,0.07770,0.14330,0.07790,0.09560
1:30:34,0.31130,0.08110,0.12010,0.08070,0.08440,0.08160,0.08710,0.08180,0.09200,0.08670,0.10470,0.09010,0.23990,0.10360,0.10560,0.08490,0.08330,0.08640,0.08750,0.09180,0.08590,0.08730,0.09780,0.12230,0.15230,0.09410,0.09480,0.08300,0.08400,0.08440,0.08350,0.08870,0.08360,0.08460,0.08960,0.10980,0.07910,0.08550,0.08060,0.08200,0.08070,0.08100,0.08160,0.08460,0.08130,0.08490,0.08220,0.09480,0.27000,0.07770,0.10180,0.08090,0.16180,0.08020,0.08990,0.08140,0.08560,0.08250,0.40900,0.08130,0.18660,0.08310,0.09270,0.58050,0.13340,0.08400,0.08510,0.08460,0.08450,0.27790,0.30400,0.13890,0.14740,0.07910,0.08600,0.41960,0.10290,0.08160,0.08360,0.08280,0.08340,0.22030,0.20150,0.12080,0.07600,0.07860,0.07850,0.27060,0.08060,0.07950,0.08230,0.08100,0.07790,0.15180,0.07790,0.09760
1:40:34,0.33380,0.08220,0.12490,0.08150,0.08560,0.08250,0.08840,0.08270,0.09420,0.09000,0.10880,0.09420,0.25650,0.10640,0.10910,0.08620,0.08460,0.08780,0.08970,0.09460,0.08700,0.08860,0.10070,0.12760,0.16030,0.09590,0.09650,0.08420,0.08520,0.08550,0.08500,0.09080,0.08500,0.08560,0.09130,0.11340,0.07950,0.08660,0.08140,0.08290,0.08160,0.08180,0.08250,0.08620,0.08160,0.08570,0.08330,0.09680,0.28910,0.07800,0.10470,0.08190,0.17120,0.08100,0.09150,0.08250,0.08660,0.08380,0.44160,0.08200,0.19790,0.08360,0.09460,0.62030,0.13960,0.08490,0.08590,0.08560,0.08550,0.29930,0.32680,0.14510,0.15470,0.07940,0.08720,0.45200,0.10560,0.08220,0.08430,0.08370,0.08410,0.23540,0.21440,0.12550,0.07590,0.07890,0.07890,0.29000,0.08130,0.08000,0.08270,0.08160,0.07800,0.16060,0.07800,0.09970
1:50:34,0.35580,0.08360,0.12980,0.08260,0.08690,0.08350,0.08990,0.08380,0.09680,0.09350,0.11360,0.09830,0.27270,0.10930,0.11250,0.08750,0.08610,0.08920,0.09180,0.09760,0.08820,0.09020,0.10410,0.13310,0.16820,0.09790,0.09860,0.08550,0.08650,0.08660,0.08670,0.09330,0.08640,0.08650,0.09310,0.11690,0.08000,0.08780,0.08220,0.08390,0.08240,0.08270,0.08340,0.08800,0.08190,0.08650,0.08450,0.09870,0.30800,0.07830,0.10760,0.08290,0.18050,0.08170,0.09320,0.08360,0.08760,0.08540,0.47270,0.08250,0.20900,0.08400,0.09640,0.65760,0.14570,0.08580,0.08700,0.08690,0.08670,0.32000,0.34910,0.15150,0.16190,0.07980,0.08840,0.48300,0.10840,0.08290,0.08510,0.08470,0.08480,0.25030,0.22720,0.13020,0.07600,0.07940,0.07930,0.30920,0.08200,0.08050,0.08310,0.08230,0.07830,0.16960,0.07820,0.10180
2:00:34,0.37740,0.08480,0.13430,0.08360,0.08810,0.08450,0.09120,0.08510,0.09910,0.09650,0.11780,0.10190,0.28880,0.11200,0.11570,0.08880,0.08760,0.09080,0.09390,0.10010,0.08930,0.09220,0.10720,0.13920,0.17600,0.09980,0.09980,0.08670,0.08780,0.08770,0.08830,0.09560,0.08800,0.08750,0.09500,0.12030,0.08040,0.08890,0.08290,0.08510,0.08340,0.08360,0.08440,0.08970,0.08230,0.08760,0.08610,0.10070,0.32640,0.07850,0.11040,0.08390,0.18970,0.08240,0.09470,0.08480,0.08860,0.08690,0.50200,0.08320,0.21980,0.08430,0.09820,0.69160,0.15170,0.08660,0.08780,0.08790,0.08770,0.34000,0.37050,0.15750,0.16890,0.08010,0.08940,0.51270,0.11110,0.08360,0.08570,0.08540,0.08530,0.26490,0.23950,0.13470,0.07600,0.07960,0.07950,0.32770,0.08260,0.08090,0.08330,0.08280,0.07840,0.17830,0.07820,0.10380
2:10:34,0.39800,0.08630,0.13890,0.08480,0.08950,0.08560,0.09270,0.08660,0.10210,0.09960,0.12260,0.10550,0.30450,0.11470,0.11860,0.09020,0.08930,0.09240,0.09640,0.10310,0.09040,0.09440,0.11040,0.14520,0.18360,0.10160,0.10160,0.08810,0.08910,0.08890,0.09010,0.09790,0.08980,0.08850,0.09700,0.12400,0.08080,0.09000,0.08370,0.08620,0.08410,0.08440,0.08540,0.09150,0.08260,0.08860,0.08770,0.10260,0.34430,0.07880,0.11330,0.08470,0.19880,0.08320,0.09640,0.08600,0.08940,0.08870,0.53060,0.08390,0.23050,0.08480,0.10000,0.72290,0.15760,0.08740,0.08860,0.08910,0.08880,0.35960,0.39160,0.16350,0.17600,0.08040,0.09050,0.54120,0.11380,0.08410,0.08640,0.08620,0.08580,0.27920,0.25190,0.13920,0.07600,0.08000,0.07990,0.34590,0.08320,0.08130,0.08370,0.08330,0.07860,0.18710,0.07830,0.10590
2:20:34,0.41820,0.08770,0.14340,0.08590,0.09080,0.08670,0.09400,0.08790,0.10480,0.10240,0.12710,0.10890,0.31990,0.11740,0.12160,0.09170,0.09090,0.09390,0.09870,0.10600,0.09140,0.09600,0.11350,0.15080,0.19130,0.10350,0.10320,0.08930,0.09030,0.09000,0.09210,0.10030,0.09140,0.08950,0.09900,0.12770,0.08130,0.09110,0.08440,0.08710,0.08500,0.08520,0.08640,0.09320,0.08300,0.08940,0.08910,0.10450,0.36180,0.07910,0.11610,0.08550,0.20770,0.08380,0.09800,0.08710,0.09040,0.09050,0.55800,0.08460,0.24090,0.08520,0.10180,0.75090,0.16350,0.08820,0.08950,0.09010,0.08990,0.37900,0.41200,0.16940,0.18290,0.08070,0.09160,0.56850,0.11650,0.08470,0.08690,0.08700,0.08640,0.29340,0.26410,0.14360,0.07600,0.08020,0.08020,0.36370,0.08370,0.08170,0.08400,0.08380,0.07870,0.19570,0.07840,0.10780
2:30:34,0.43770,0.08900,0.14780,0.08680,0.09190,0.08750,0.09500,0.08890,0.10700,0.10480,0.13130,0.11180,0.33490,0.12010,0.12440,0.09280,0.09250,0.09520,0.10060,0.10850,0.09240,0.09760,0.11650,0.15630,0.19880,0.10530,0.10500,0.09060,0.09160,0.09100,0.09370,0.10250,0.09290,0.09060,0.10080,0.13140,0.08150,0.09210,0.08500,0.08810,0.08570,0.08590,0.08720,0.09490,0.08330,0.09030,0.09050,0.10630,0.37900,0.07930,0.11890,0.08630,0.21660,0.08440,0.09940,0.08820,0.09120,0.09230,0.58410,0.08520,0.25110,0.08560,0.10350,0.77660,0.16930,0.08890,0.09030,0.09120,0.09080,0.39780,0.43200,0.17530,0.18970,0.08090,0.09260,0.59450,0.11910,0.08520,0.08740,0.08780,0.08690,0.30720,0.27610,0.14800,0.07590,0.08050,0.08040,0.38110,0.08420,0.08210,0.08420,0.08430,0.07890,0.20410,0.07850,0.10980
2:40:34,0.45680,0.09050,0.15240,0.08810,0.09340,0.08880,0.09650,0.09050,0.10960,0.10730,0.13570,0.11510,0.34970,0.12280,0.12740,0.09430,0.09450,0.09700,0.10290,0.11130,0.09350,0.09970,0.11980,0.16210,0.20630,0.10720,0.10690,0.09210,0.09310,0.09210,0.09560,0.10490,0.09480,0.09180,0.10300,0.13520,0.08190,0.09330,0.08580,0.08930,0.08650,0.08680,0.08830,0.09680,0.08360,0.09130,0.09250,0.10830,0.39570,0.07960,0.12180,0.08730,0.22560,0.08520,0.10110,0.08960,0.09210,0.09410,0.60890,0.08610,0.26130,0.08600,0.10520,0.79980,0.17500,0.08960,0.09110,0.09240,0.09200,0.41640,0.45160,0.18120,0.19640,0.08130,0.09370,0.61940,0.12180,0.08590,0.08800,0.08870,0.08740,0.32090,0.28790,0.15230,0.07590,0.08080,0.08080,0.39820,0.08490,0.08250,0.08460,0.08480,0.07910,0.21250,0.07860,0.11180
2:50:34,0.48290,0.09200,0.15700,0.08960,0.09490,0.09010,0.09790,0.09220,0.11210,0.10960,0.13980,0.11740,0.36460,0.12550,0.13040,0.09590,0.09640,0.09890,0.10510,0.11400,0.09480,0.10160,0.12270,0.16770,0.21380,0.10900,0.10800,0.09370,0.09460,0.09350,0.09740,0.10730,0.09690,0.09290,0.10520,0.13870,0.08230,0.09430,0.08660,0.09050,0.08740,0.08770,0.08940,0.09870,0.08390,0.09220,0.09420,0.11010,0.41210,0.07980,0.12460,0.08830,0.23440,0.08590,0.10290,0.09110,0.09290,0.09590,0.63370,0.08680,0.27110,0.08640,0.10690,0.82080,0.18070,0.09040,0.09190,0.09370,0.09310,0.43450,0.47060,0.18690,0.20310,0.08160,0.09470,0.64350,0.12440,0.08640,0.08850,0.08960,0.08780,0.33470,0.29970,0.15640,0.07590,0.08110,0.08100,0.41480,0.08550,0.08290,0.08500,0.08530,0.07930,0.22070,0.07880,0.11370
3:00:34,0.50530,0.09360,0.16160,0.09090,0.09630,0.09170,0.09950,0.09400,0.11480,0.11200,0.14390,0.12000,0.37910,0.12820,0.13340,0.09740,0.09810,0.10070,0.10730,0.11680,0.09620,0.10360,0.12590,0.17340,0.22120,0.11080,0.11040,0.09520,0.09610,0.09490,0.09930,0.10960,0.09890,0.09420,0.10760,0.14240,0.08260,0.09520,0.08750,0.09180,0.08830,0.08860,0.09060,0.10060,0.08420,0.09330,0.09600,0.11200,0.42830,0.08010,0.12750,0.08930,0.24310,0.08670,0.10450,0.09250,0.09370,0.09770,0.65710,0.08760,0.28080,0.08670,0.10860,0.83920,0.18630,0.09120,0.09270,0.09490,0.09430,0.45200,0.48910,0.19260,0.20970,0.08180,0.09570,0.66610,0.12690,0.08690,0.08900,0.09050,0.08830,0.34820,0.31120,0.16040,0.07600,0.08130,0.08120,0.43090,0.08610,0.08330,0.08520,0.08580,0.07940,0.22870,0.07880,0.11560
3:10:34,0.52580,0.09500,0.16610,0.09210,0.09790,0.09310,0.10110,0.09580,0.11730,0.11410,0.14790,0.12240,0.39320,0.13090,0.13640,0.09900,0.09990,0.10270,0.10950,0.11960,0.09740,0.10580,0.12910,0.17900,0.22850,0.11270,0.11250,0.09680,0.09760,0.09630,0.10120,0.11190,0.10090,0.09560,0.10990,0.14620,0.08290,0.09630,0.08830,0.09310,0.08930,0.08960,0.09210,0.10250,0.08450,0.09440,0.09770,0.11390,0.44370,0.08030,0.13030,0.09030,0.25170,0.08760,0.10630,0.09390,0.09440,0.09950,0.67920,0.08840,0.29040,0.08700,0.11020,0.85580,0.19190,0.09190,0.09350,0.09620,0.09550,0.46940,0.50720,0.19830,0.21610,0.08210,0.09670,0.68740,0.12950,0.08740,0.08950,0.09150,0.08880,0.36180,0.32260,0.16460,0.07590,0.08150,0.08150,0.44680,0.08670,0.08370,0.08540,0.08630,0.07950,0.23670,0.07880,0.11750
3:20:34,0.54660,0.09650,0.17060,0.09330,0.09930,0.09450,0.10270,0.09760,0.11980,0.11630,0.15180,0.12480,0.40720,0.13350,0.13930,0.10060,0.10160,0.10460,0.11170,0.12220,0.09870,0.10780,0.13200,0.18450,0.23570,0.11440,0.11460,0.09830,0.09900,0.09760,0.10310,0.11420,0.10270,0.09690,0.11220,0.15000,0.08310,0.09730,0.08920,0.09430,0.09030,0.09060,0.09360,0.10430,0.08480,0.09570,0.09950,0.11590,0.45920,0.08050,0.13310,0.09140,0.26020,0.08840,0.10820,0.09530,0.09530,0.10120,0.70130,0.08950,0.29990,0.08730,0.11190,0.87050,0.19760,0.09280,0.09420,0.09760,0.09690,0.48640,0.52500,0.20390,0.22250,0.08240,0.09760,0.70820,0.13200,0.08800,0.08990,0.09240,0.08940,0.37510,0.33390,0.16870,0.07600,0.08180,0.08170,0.46240,0.08740,0.08410,0.08580,0.08690,0.07970,0.24470,0.07900,0.11950
3:30:34,0.56520,0.09790,0.17500,0.09460,0.10070,0.09580,0.10420,0.09930,0.12230,0.11830,0.15540,0.12700,0.42100,0.13610,0.14220,0.10220,0.10310,0.10640,0.11360,0.12460,0.10000,0.10950,0.13480,0.18990,0.24280,0.11610,0.11660,0.09970,0.10040,0.09890,0.10480,0.11630,0.10460,0.09810,0.11440,0.15360,0.08340,0.09820,0.09000,0.09540,0.09120,0.09160,0.09500,0.10600,0.08500,0.09660,0.10110,0.11740,0.47400,0.08070,0.13580,0.09230,0.26860,0.08910,0.10990,0.09660,0.09590,0.10290,0.72170,0.09030,0.30920,0.08750,0.11350,0.88300,0.20290,0.09360,0.09490,0.09880,0.09810,0.50280,0.54190,0.20930,0.22880,0.08260,0.09860,0.72750,0.13450,0.08850,0.09030,0.09320,0.08980,0.38790,0.34490,0.17290,0.07590,0.08180,0.08190,0.47730,0.08780,0.08440,0.08600,0.08740,0.07980,0.25240,0.07900,0.12130
3:40:34,0.58350,0.09930,0.17930,0.09560,0.10210,0.09710,0.10570,0.10090,0.12460,0.12030,0.15910,0.12930,0.43430,0.13860,0.14500,0.10360,0.10470,0.10810,0.11550,0.12710,0.10140,0.11130,0.13760,0.19520,0.24990,0.11780,0.11860,0.10120,0.10190,0.10020,0.10660,0.11840,0.10640,0.09930,0.11650,0.15710,0.08360,0.09920,0.09080,0.09670,0.09220,0.09270,0.09650,0.10780,0.08520,0.09780,0.10280,0.11920,0.48870,0.08100,0.13860,0.09340,0.27700,0.09000,0.11170,0.09800,0.09670,0.10440,0.74070,0.09130,0.31860,0.08790,0.11520,0.89400,0.20860,0.09450,0.09570,0.10000,0.09950,0.51910,0.55860,0.21480,0.23510,0.08290,0.09960,0.74590,0.13700,0.08910,0.09080,0.09420,0.09030,0.40070,0.35570,0.17700,0.07590,0.08210,0.08210,0.49220,0.08850,0.08470,0.08620,0.08790,0.07990,0.26020,0.07900,0.12320
3:50:34,0.60070,0.10050,0.18360,0.09680,0.10330,0.09850,0.10720,0.10250,0.12680,0.12210,0.16250,0.13130,0.44760,0.14110,0.14780,0.10510,0.10620,0.10980,0.11730,0.12940,0.10280,0.11310,0.14040,0.20050,0.25690,0.11940,0.12070,0.10270,0.10330,0.10150,0.10820,0.12050,0.10810,0.10060,0.11860,0.16060,0.08390,0.10010,0.09160,0.09780,0.09320,0.09380,0.09790,0.10960,0.08550,0.09880,0.10450,0.12090,0.50310,0.08110,0.14130,0.09430,0.28520,0.09090,0.11350,0.09930,0.09750,0.10600,0.75940,0.09220,0.32760,0.08810,0.11690,0.90330,0.21400,0.09540,0.09640,0.10130,0.10070,0.53470,0.57470,0.22000,0.24130,0.08310,0.10060,0.76320,0.13940,0.08970,0.09120,0.09510,0.09070,0.41330,0.36660,0.18110,0.07600,0.08240,0.08240,0.50660,0.08910,0.08520,0.08650,0.08850,0.08010,0.26800,0.07910,0.12510
4:00:34,0.61760,0.10170,0.18800,0.09790,0.10450,0.09960,0.10850,0.10400,0.12880,0.12380,0.16580,0.13340,0.46080,0.14350,0.15050,0.10640,0.10760,0.11140,0.11900,0.13160,0.10400,0.11470,0.14290,0.20570,0.26380,0.12100,0.12270,0.10390,0.10460,0.10280,0.10980,0.12240,0.10970,0.10160,0.12050,0.16390,0.08410,0.10120,0.09240,0.09890,0.09410,0.09480,0.09900,0.11120,0.08570,0.09960,0.10590,0.12260,0.51700,0.08140,0.14410,0.09520,0.29330,0.09170,0.11520,0.10050,0.09820,0.10750,0.77680,0.09300,0.33650,0.08840,0.11850,0.91150,0.21940,0.09620,0.09710,0.10240,0.10190,0.55000,0.58970,0.22500,0.24740,0.08330,0.10150,0.77960,0.14190,0.09020,0.09160,0.09590,0.09110,0.42550,0.37700,0.18510,0.07600,0.08250,0.08260,0.52070,0.08950,0.08550,0.08670,0.08890,0.08020,0.27540,0.07930,0.12690
4:10:34,0.63310,0.10270,0.19210,0.09900,0.10550,0.10060,0.10970,0.10540,0.13070,0.12540,0.16910,0.13520,0.47340,0.14580,0.15320,0.10760,0.10890,0.11290,0.12050,0.13370,0.10510,0.11610,0.14540,0.21050,0.27050,0.12250,0.12450,0.10520,0.10590,0.10390,0.11110,0.12420,0.11120,0.10270,0.12250,0.16710,0.08420,0.10210,0.09300,0.10000,0.09490,0.09570,0.10010,0.11270,0.08590,0.10050,0.10730,0.12420,0.53060,0.08150,0.14650,0.09610,0.30130,0.09240,0.11680,0.10160,0.09890,0.10880,0.79310,0.09380,0.34530,0.08870,0.12000,0.91830,0.22470,0.09690,0.09780,0.10340,0.10300,0.56470,0.60460,0.23020,0.25340,0.08350,0.10240,0.79480,0.14430,0.09050,0.09190,0.09670,0.09160,0.43770,0.38750,0.18910,0.07600,0.08270,0.08270,0.53430,0.09000,0.08580,0.08690,0.08940,0.08020,0.28310,0.07920,0.12870
4:20:34,0.64880,0.10360,0.19620,0.10000,0.10670,0.10170,0.11100,0.10670,0.13260,0.12690,0.17240,0.13700,0.48580,0.14810,0.15570,0.10870,0.11020,0.11430,0.12200,0.13570,0.10640,0.11750,0.14780,0.21550,0.27700,0.12410,0.12630,0.10640,0.10700,0.10500,0.11250,0.12590,0.11260,0.10350,0.12440,0.17040,0.08430,0.10290,0.09360,0.10090,0.09560,0.09650,0.10110,0.11410,0.08620,0.10120,0.10870,0.12580,0.54380,0.08170,0.14900,0.09680,0.30910,0.09300,0.11840,0.10270,0.09960,0.11010,0.80890,0.09450,0.35380,0.08890,0.12150,0.92380,0.22990,0.09750,0.09840,0.10440,0.10410,0.57890,0.61900,0.23520,0.25940,0.08370,0.10320,0.80890,0.14670,0.09090,0.09230,0.09730,0.09200,0.44940,0.39760,0.19290,0.07600,0.08290,0.08290,0.54770,0.09030,0.08600,0.08720,0.08970,0.08040,0.29020,0.07930,0.13050
4:30:34,0.66400,0.10450,0.20040,0.10110,0.10770,0.10280,0.11230,0.10800,0.13450,0.12830,0.17550,0.13880,0.49810,0.15040,0.15840,0.11000,0.11150,0.11580,0.12360,0.13770,0.10760,0.11900,0.15010,0.22030,0.28380,0.12570,0.12810,0.10750,0.10810,0.10620,0.11390,0.12770,0.11410,0.10460,0.12630,0.17350,0.08460,0.10380,0.09430,0.10180,0.09640,0.09750,0.10220,0.11560,0.08640,0.10200,0.10990,0.12740,0.55700,0.08180,0.15140,0.09760,0.31670,0.09370,0.12000,0.10380,0.10030,0.11130,0.82350,0.09520,0.36230,0.08920,0.12300,0.92830,0.23510,0.09820,0.09910,0.10540,0.10510,0.59290,0.63320,0.24030,0.26540,0.08390,0.10410,0.82220,0.14910,0.09130,0.09260,0.09800,0.09240,0.46110,0.40790,0.19690,0.07600,0.08300,0.08300,0.56050,0.09070,0.08630,0.08730,0.09010,0.08050,0.29750,0.07940,0.13230
4:40:34,0.67870,0.10550,0.20450,0.10210,0.10880,0.10400,0.11350,0.10930,0.13650,0.12980,0.17860,0.14050,0.51020,0.15280,0.16100,0.11110,0.11270,0.11720,0.12510,0.13970,0.10900,0.12040,0.15250,0.22500,0.29030,0.12740,0.13000,0.10870,0.10920,0.10750,0.11530,0.12940,0.11560,0.10560,0.12820,0.17660,0.08480,0.10480,0.09490,0.10290,0.09720,0.09850,0.10330,0.11690,0.08660,0.10290,0.11130,0.12910,0.56970,0.08210,0.15390,0.09840,0.32460,0.09450,0.12170,0.10480,0.10110,0.11260,0.83730,0.09620,0.37070,0.08950,0.12460,0.93220,0.24040,0.09900,0.09970,0.10640,0.10630,0.60650,0.64670,0.24550,0.27130,0.08410,0.10510,0.83470,0.15150,0.09180,0.09300,0.09880,0.09290,0.47270,0.41810,0.20090,0.07600,0.08330,0.08330,0.57330,0.09110,0.08660,0.08760,0.09050,0.08060,0.30490,0.07940,0.13390
4:50:34,0.69310,0.10650,0.20880,0.10330,0.11000,0.10520,0.11500,0.11070,0.13830,0.13140,0.18180,0.14220,0.52230,0.15520,0.16370,0.11250,0.11410,0.11880,0.12670,0.14180,0.11060,0.12190,0.15490,0.23000,0.29680,0.12910,0.13200,0.10990,0.11050,0.10940,0.11670,0.13120,0.11720,0.10680,0.13010,0.17990,0.08510,0.10580,0.09590,0.10400,0.09820,0.09970,0.10450,0.11860,0.08690,0.10400,0.11280,0.13100,0.58230,0.08230,0.15660,0.09950,0.33230,0.09550,0.12350,0.10600,0.10210,0.11390,0.84930,0.09720,0.37910,0.08980,0.12640,0.93550,0.24590,0.09990,0.10060,0.10760,0.10760,0.61980,0.66010,0.25060,0.27720,0.08430,0.10620,0.84660,0.15400,0.09250,0.09340,0.09960,0.09360,0.48410,0.42810,0.20500,0.07610,0.08350,0.08370,0.58580,0.09180,0.08720,0.08810,0.09120,0.08080,0.31250,0.07960,0.13560
5:00:34,0.70690,0.10750,0.21310,0.10460,0.11120,0.10640,0.11640,0.11210,0.14020,0.13280,0.18490,0.14390,0.53350,0.15770,0.16650,0.11380,0.11550,0.12030,0.12840,0.14380,0.11220,0.12340,0.15730,0.23480,0.30290,0.13070,0.13410,0.11120,0.11180,0.11180,0.11820,0.13290,0.11870,0.10810,0.13210,0.18320,0.08530,0.10680,0.09680,0.10520,0.09920,0.10080,0.10590,0.12010,0.08730,0.10500,0.11420,0.13280,0.59460,0.08250,0.15930,0.10040,0.34010,0.09650,0.12530,0.10730,0.10290,0.11520,0.86320,0.09820,0.38750,0.09020,0.12810,0.93830,0.25140,0.10100,0.10130,0.10880,0.10890,0.63280,0.67310,0.25570,0.28300,0.08460,0.10720,0.85760,0.15640,0.09310,0.09400,0.10060,0.09410,0.49540,0.43820,0.20890,0.07610,0.08370,0.08390,0.59790,0.09240,0.08770,0.08850,0.09180,0.08090,0.31980,0.07970,0.13740
5:10:34,0.72010,0.10830,0.21710,0.10560,0.11220,0.10750,0.11760,0.11350,0.14200,0.13430,0.18800,0.14560,0.54420,0.15990,0.16900,0.11490,0.11670,0.12180,0.13000,0.14570,0.11370,0.12480,0.15970,0.23950,0.30880,0.13230,0.13590,0.11240,0.11290,0.11350,0.11950,0.13460,0.12020,0.10910,0.13390,0.18640,0.08550,0.10760,0.09750,0.10620,0.10020,0.10190,0.10690,0.12150,0.08740,0.10600,0.11560,0.13450,0.60650,0.08270,0.16180,0.10140,0.34760,0.09740,0.12710,0.10830,0.10380,0.11640,0.87330,0.09920,0.39530,0.09040,0.12970,0.94010,0.25650,0.10190,0.10190,0.10980,0.11010,0.64530,0.68510,0.26060,0.28880,0.08470,0.10820,0.86800,0.15870,0.09370,0.09430,0.10140,0.09460,0.50630,0.44780,0.21280,0.07610,0.08380,0.08400,0.60970,0.09290,0.08790,0.08870,0.09230,0.08100,0.32680,0.07970,0.13900
5:20:34,0.73290,0.10920,0.22120,0.10670,0.11330,0.10850,0.11890,0.11460,0.14390,0.13560,0.19090,0.14710,0.55490,0.16220,0.17160,0.11620,0.11790,0.12310,0.13140,0.14750,0.11510,0.12620,0.16180,0.24400,0.31460,0.13380,0.13790,0.11360,0.11400,0.11470,0.12070,0.13630,0.12160,0.11040,0.13570,0.18950,0.08560,0.10850,0.09830,0.10720,0.10110,0.10300,0.10810,0.12290,0.08760,0.10690,0.11690,0.13610,0.61810,0.08290,0.16420,0.10230,0.35520,0.09830,0.12880,0.10950,0.10460,0.11760,0.88400,0.10020,0.40320,0.09060,0.13130,0.94180,0.26180,0.10280,0.10260,0.11090,0.11140,0.65710,0.69720,0.26560,0.29450,0.08490,0.10910,0.87740,0.16110,0.09410,0.09460,0.10220,0.09510,0.51720,0.45750,0.21660,0.07610,0.08400,0.08420,0.62140,0.09330,0.08830,0.08890,0.09280,0.08100,0.33410,0.07980,0.14070
5:30:34,0.74520,0.11000,0.22530,0.10790,0.11430,0.10960,0.12010,0.11600,0.14570,0.13700,0.19390,0.14870,0.56490,0.16450,0.17420,0.11740,0.11900,0.12460,0.13280,0.14950,0.11660,0.12760,0.16410,0.24850,0.32040,0.13540,0.13980,0.11470,0.11510,0.11570,0.12190,0.13780,0.12290,0.11180,0.13760,0.19270,0.08580,0.10940,0.09900,0.10820,0.10200,0.10400,0.10910,0.12420,0.08790,0.10780,0.11820,0.13770,0.62930,0.08310,0.16670,0.10320,0.36240,0.09920,0.13040,0.11050,0.10550,0.11890,0.89520,0.10110,0.41100,0.09090,0.13290,0.94290,0.26700,0.10350,0.10330,0.11190,0.11260,0.66900,0.70880,0.27050,0.30010,0.08510,0.11010,0.88610,0.16350,0.09460,0.09500,0.10300,0.09560,0.52780,0.46690,0.22060,0.07610,0.08420,0.08440,0.63230,0.09380,0.08860,0.08920,0.09330,0.08110,0.34110,0.07980,0.14240
5:40:34,0.75680,0.11090,0.22940,0.10910,0.11540,0.11060,0.12130,0.11710,0.14740,0.13840,0.19680,0.15020,0.57460,0.16680,0.17660,0.11850,0.12020,0.12590,0.13420,0.15130,0.11800,0.12900,0.16630,0.25310,0.32620,0.13700,0.14160,0.11580,0.11620,0.11650,0.12310,0.13940,0.12440,0.11320,0.13940,0.19600,0.08590,0.11040,0.09980,0.10920,0.10290,0.10500,0.11030,0.12560,0.08820,0.10880,0.11950,0.13960,0.64040,0.08320,0.16930,0.10410,0.37010,0.10010,0.13210,0.11150,0.10650,0.12010,0.90370,0.10210,0.41870,0.09130,0.13460,0.94340,0.27220,0.10460,0.10400,0.11300,0.11380,0.68020,0.71970,0.27540,0.30570,0.08530,0.11100,0.89430,0.16580,0.09520,0.09550,0.10390,0.09620,0.53860,0.47640,0.22450,0.07610,0.08440,0.08470,0.64330,0.09440,0.08910,0.08960,0.09390,0.08130,0.34830,0.07990,0.14410
5:50:34,0.76810,0.11170,0.23340,0.11020,0.11640,0.11170,0.12260,0.11840,0.14930,0.13970,0.19970,0.15180,0.58450,0.16920,0.17920,0.11980,0.12140,0.12730,0.13550,0.15310,0.11950,0.13030,0.16860,0.25770,0.33210,0.13860,0.14360,0.11700,0.11730,0.11720,0.12430,0.14100,0.12590,0.11470,0.14120,0.19900,0.08620,0.11140,0.10080,0.11040,0.10390,0.10620,0.11140,0.12700,0.08850,0.10980,0.12090,0.14140,0.65090,0.08350,0.17190,0.10510,0.37740,0.10120,0.13390,0.11270,0.10750,0.12130,0.91160,0.10300,0.42650,0.09160,0.13630,0.94390,0.27740,0.10550,0.10480,0.11410,0.11520,0.69180,0.73070,0.28020,0.31140,0.08560,0.11210,0.90170,0.16820,0.09590,0.09590,0.10480,0.09680,0.54880,0.48570,0.22830,0.07620,0.08450,0.08490,0.65370,0.09500,0.08950,0.09000,0.09450,0.08130,0.35530,0.08000,0.14590
6:00:34,0.77910,0.11260,0.23740,0.11130,0.11760,0.11280,0.12380,0.11960,0.15110,0.14100,0.20270,0.15330,0.59390,0.17160,0.18180,0.12100,0.12270,0.12870,0.13690,0.15490,0.12100,0.13170,0.17070,0.26210,0.33790,0.14020,0.14550,0.11800,0.11850,0.11800,0.12560,0.14270,0.12730,0.11600,0.14290,0.20200,0.08640,0.11220,0.10150,0.11130,0.10480,0.10720,0.11250,0.12830,0.08870,0.11060,0.12210,0.14300,0.66130,0.08370,0.17440,0.10600,0.38460,0.10210,0.13550,0.11370,0.10840,0.12240,0.92010,0.10390,0.43380,0.09180,0.13790,0.94410,0.28250,0.10640,0.10550,0.11510,0.11630,0.70210,0.74060,0.28510,0.31680,0.08580,0.11300,0.90860,0.17060,0.09650,0.09620,0.10560,0.09720,0.55870,0.49490,0.23200,0.07620,0.08470,0.08500,0.66410,0.09550,0.08990,0.09020,0.09490,0.08140,0.36220,0.08010,0.14750
6:10:34,0.78930,0.11340,0.24140,0.11250,0.11860,0.11390,0.12520,0.12090,0.15280,0.14240,0.20560,0.15480,0.60310,0.17390,0.18430,0.12220,0.12380,0.13010,0.13830,0.15660,0.12240,0.13300,0.17280,0.26660,0.34360,0.14170,0.14740,0.11920,0.11950,0.11900,0.12690,0.14420,0.12850,0.11750,0.14460,0.20510,0.08660,0.11320,0.10230,0.11230,0.10580,0.10820,0.11370,0.12970,0.08900,0.11160,0.12330,0.14470,0.67130,0.08390,0.17700,0.10700,0.39170,0.10310,0.13710,0.11480,0.10940,0.12360,0.92700,0.10500,0.44120,0.09210,0.13960,0.94390,0.28760,0.10720,0.10630,0.11610,0.11760,0.71260,0.75040,0.28980,0.32230,0.08600,0.11400,0.91510,0.17290,0.09710,0.09660,0.10650,0.09780,0.56870,0.50390,0.23550,0.07630,0.08490,0.08530,0.67400,0.09610,0.09030,0.09060,0.09550,0.08160,0.36890,0.08030,0.14920
6:20:34,0.79910,0.11410,0.24520,0.11340,0.11950,0.11480,0.12620,0.12190,0.15430,0.14370,0.20830,0.15620,0.61210,0.17600,0.18680,0.12320,0.12480,0.13120,0.13950,0.15840,0.12380,0.13420,0.17500,0.27080,0.34920,0.14310,0.14920,0.12010,0.12050,0.12010,0.12790,0.14570,0.12980,0.11870,0.14620,0.20810,0.08650,0.11400,0.10300,0.11320,0.10660,0.10920,0.11460,0.13090,0.08910,0.11250,0.12440,0.14620,0.68100,0.08400,0.17930,0.10780,0.39880,0.10400,0.13870,0.11580,0.11010,0.12460,0.93430,0.10570,0.44820,0.09220,0.14120,0.94360,0.29260,0.10800,0.10690,0.11700,0.11870,0.72230,0.75960,0.29440,0.32760,0.08610,0.11490,0.92080,0.17510,0.09760,0.09690,0.10720,0.09830,0.57850,0.51270,0.23880,0.07620,0.08500,0.08540,0.68350,0.09650,0.09060,0.09080,0.09590,0.08150,0.37580,0.08030,0.15080
6:30:34,0.80870,0.11480,0.24900,0.11430,0.12030,0.11570,0.12740,0.12300,0.15590,0.14480,0.21100,0.15740,0.62070,0.17830,0.18900,0.12410,0.12580,0.13250,0.14070,0.15990,0.12520,0.13530,0.17700,0.27510,0.35470,0.14440,0.15080,0.12100,0.12130,0.12100,0.12900,0.14700,0.13100,0.11990,0.14780,0.21090,0.08670,0.11480,0.10360,0.11400,0.10740,0.11010,0.11540,0.13210,0.08930,0.11330,0.12550,0.14770,0.69010,0.08420,0.18170,0.10850,0.40530,0.10480,0.14010,0.11670,0.11080,0.12570,0.94020,0.10660,0.45530,0.09250,0.14280,0.94290,0.29740,0.10870,0.10740,0.11790,0.11980,0.73180,0.76850,0.29910,0.33290,0.08630,0.11570,0.92540,0.17740,0.09810,0.09710,0.10790,0.09870,0.58790,0.52120,0.24190,0.07620,0.08510,0.08550,0.69290,0.09690,0.09090,0.09100,0.09630,0.08160,0.38240,0.08030,0.15240
6:40:34,0.81770,0.11560,0.25280,0.11550,0.12150,0.11670,0.12860,0.12420,0.15760,0.14610,0.21380,0.15870,0.62950,0.18070,0.19140,0.12540,0.12690,0.13380,0.14200,0.16170,0.12660,0.13660,0.17920,0.27940,0.36050,0.14630,0.15280,0.12210,0.12240,0.12230,0.13020,0.14850,0.13230,0.12130,0.14950,0.21400,0.08700,0.11590,0.10450,0.11510,0.10840,0.11120,0.11640,0.13340,0.08960,0.11430,0.12670,0.14940,0.69960,0.08440,0.18420,0.10950,0.41250,0.10580,0.14170,0.11770,0.11170,0.12700,0.94540,0.10750,0.46240,0.09290,0.14450,0.94250,0.30260,0.10960,0.10820,0.11890,0.12100,0.74100,0.77710,0.30390,0.33840,0.08660,0.11680,0.93030,0.17980,0.09870,0.09760,0.10870,0.09930,0.59730,0.53000,0.24490,0.07640,0.08540,0.08590,0.70210,0.09750,0.09150,0.09130,0.09680,0.08190,0.38900,0.08050,0.15410
6:50:34,0.82660,0.11640,0.25660,0.11640,0.12240,0.11760,0.12990,0.12520,0.15920,0.14720,0.21660,0.16000,0.63780,0.18300,0.19370,0.12650,0.12800,0.13510,0.14320,0.16320,0.12800,0.13780,0.18120,0.28370,0.36620,0.14770,0.15450,0.12320,0.12340,0.12330,0.13130,0.14990,0.13360,0.12250,0.15120,0.21690,0.08720,0.11680,0.10520,0.11600,0.10930,0.11210,0.11740,0.13460,0.09000,0.11520,0.12790,0.15110,0.70850,0.08460,0.18670,0.11040,0.41920,0.10670,0.14320,0.11870,0.11270,0.12800,0.95080,0.10840,0.46940,0.09310,0.14620,0.94160,0.30760,0.11040,0.10910,0.11980,0.12220,0.75000,0.78540,0.30860,0.34360,0.08690,0.11780,0.93470,0.18210,0.09940,0.09810,0.10950,0.09990,0.60650,0.53850,0.24800,0.07640,0.08550,0.08620,0.71080,0.09800,0.09200,0.09170,0.09740,0.08190,0.39550,0.08060,0.15560
7:00:34,0.83440,0.11700,0.26050,0.11740,0.12340,0.11850,0.13110,0.12650,0.16080,0.14850,0.21930,0.16130,0.64640,0.18540,0.19620,0.12750,0.12900,0.13620,0.14450,0.16490,0.12940,0.13910,0.18320,0.28790,0.37170,0.14930,0.15640,0.12420,0.12440,0.12460,0.13250,0.15140,0.13480,0.12370,0.15280,0.21980,0.08750,0.11770,0.10600,0.11690,0.11020,0.11300,0.11840,0.13580,0.09040,0.11610,0.12900,0.15270,0.71720,0.08490,0.18920,0.11120,0.42590,0.10760,0.14470,0.11970,0.11370,0.12910,0.95650,0.10930,0.47620,0.09340,0.14810,0.94070,0.31270,0.11130,0.11000,0.12090,0.12340,0.75860,0.79330,0.31330,0.34880,0.08700,0.11880,0.93870,0.18430,0.10000,0.09840,0.11030,0.10050,0.61560,0.54680,0.25110,0.07640,0.08570,0.08640,0.71940,0.09860,0.09240,0.09200,0.09790,0.08210,0.40220,0.08080,0.15720
7:10:34,0.84220,0.11780,0.26420,0.11860,0.12440,0.11950,0.13220,0.12760,0.16230,0.14970,0.22200,0.16240,0.65440,0.18760,0.19850,0.12880,0.13000,0.13750,0.14560,0.16660,0.13080,0.14030,0.18530,0.29210,0.37700,0.15070,0.15810,0.12510,0.12530,0.12560,0.13350,0.15260,0.13600,0.12500,0.15450,0.22270,0.08750,0.11850,0.10670,0.11780,0.11100,0.11400,0.11940,0.13700,0.09060,0.11700,0.13010,0.15430,0.72520,0.08500,0.19160,0.11200,0.43260,0.10840,0.14600,0.12050,0.11460,0.13020,0.96050,0.11020,0.48290,0.09360,0.14970,0.93960,0.31760,0.11210,0.11070,0.12190,0.12450,0.76720,0.80070,0.31770,0.35380,0.08710,0.11980,0.94230,0.18660,0.10050,0.09880,0.11110,0.10110,0.62430,0.55500,0.25420,0.07640,0.08580,0.08660,0.72740,0.09910,0.09290,0.09240,0.09850,0.08210,0.40880,0.08090,0.15870
7:20:34,0.84990,0.11850,0.26800,0.11950,0.12540,0.12030,0.13340,0.12870,0.16390,0.15070,0.22460,0.16360,0.66230,0.18980,0.20090,0.12980,0.13100,0.13870,0.14680,0.16820,0.13220,0.14160,0.18730,0.29620,0.38260,0.15230,0.15990,0.12610,0.12630,0.12670,0.13460,0.15380,0.13720,0.12630,0.15610,0.22570,0.08770,0.11950,0.10750,0.11870,0.11190,0.11500,0.12050,0.13810,0.09090,0.11800,0.13130,0.15600,0.73340,0.08520,0.19410,0.11290,0.43910,0.10940,0.14760,0.12150,0.11560,0.13130,0.96530,0.11120,0.48970,0.09390,0.15140,0.93880,0.32260,0.11300,0.11150,0.12290,0.12570,0.77500,0.80770,0.32240,0.35910,0.08740,0.12090,0.94520,0.18890,0.10120,0.09920,0.11190,0.10180,0.63300,0.56310,0.25750,0.07650,0.08600,0.08680,0.73530,0.09960,0.09340,0.09260,0.09910,0.08230,0.41520,0.08110,0.16030
7:30:34,0.85690,0.11940,0.27180,0.12040,0.12620,0.12130,0.13450,0.12980,0.16540,0.15170,0.22720,0.16470,0.67000,0.19200,0.20320,0.13070,0.13190,0.13990,0.14790,0.16970,0.13360,0.14260,0.18920,0.30020,0.38800,0.15360,0.16160,0.12690,0.12720,0.12780,0.13550,0.15520,0.13830,0.12730,0.15770,0.22860,0.08780,0.12030,0.10820,0.11950,0.11280,0.11600,0.12150,0.13930,0.09120,0.11870,0.13230,0.15760,0.74110,0.08540,0.19650,0.11370,0.44550,0.11030,0.14900,0.12240,0.11650,0.13230,0.96820,0.11200,0.49600,0.09420,0.15310,0.93770,0.32740,0.11390,0.11220,0.12370,0.12680,0.78310,0.81460,0.32680,0.36410,0.08750,0.12180,0.94780,0.19110,0.10190,0.09950,0.11270,0.10230,0.64160,0.57120,0.26070,0.07650,0.08620,0.08700,0.74310,0.10020,0.09390,0.09310,0.09960,0.08230,0.42140,0.08120,0.16180
7:40:34,0.86360,0.12020,0.27550,0.12140,0.12710,0.12220,0.13570,0.13090,0.16690,0.15270,0.22980,0.16580,0.67760,0.19420,0.20550,0.13190,0.13300,0.14110,0.14920,0.17140,0.13490,0.14380,0.19120,0.30430,0.39320,0.15510,0.16330,0.12790,0.12820,0.12880,0.13660,0.15650,0.13950,0.12860,0.15930,0.23150,0.08790,0.12110,0.10890,0.12040,0.11360,0.11690,0.12250,0.14030,0.09150,0.11970,0.13350,0.15920,0.74900,0.08560,0.19900,0.11460,0.45190,0.11110,0.15040,0.12330,0.11740,0.13340,0.97160,0.11300,0.50220,0.09450,0.15480,0.93650,0.33230,0.11470,0.11290,0.12470,0.12790,0.79030,0.82110,0.33120,0.36910,0.08780,0.12270,0.95010,0.19340,0.10250,0.09990,0.11340,0.10280,0.64990,0.57910,0.26400,0.07650,0.08630,0.08720,0.75040,0.10070,0.09450,0.09330,0.10010,0.08240,0.42780,0.08130,0.16340
7:50:34,0.86980,0.12090,0.27910,0.12220,0.12800,0.12300,0.13670,0.13180,0.16830,0.15360,0.23230,0.16690,0.68480,0.19650,0.20770,0.13280,0.13380,0.14220,0.15030,0.17290,0.13620,0.14480,0.19310,0.30830,0.39860,0.15650,0.16500,0.12880,0.12900,0.12980,0.13750,0.15780,0.14050,0.12970,0.16070,0.23440,0.08810,0.12200,0.10950,0.12120,0.11440,0.11770,0.12340,0.14150,0.09180,0.12040,0.13440,0.16080,0.75610,0.08580,0.20130,0.11540,0.45840,0.11190,0.15190,0.12420,0.11830,0.13430,0.97360,0.11380,0.50870,0.09480,0.15640,0.93530,0.33720,0.11550,0.11360,0.12570,0.12890,0.79750,0.82730,0.33560,0.37410,0.08800,0.12370,0.95230,0.19560,0.10310,0.10020,0.11410,0.10340,0.65800,0.58670,0.26720,0.07660,0.08650,0.08740,0.75750,0.10120,0.09490,0.09360,0.10060,0.08260,0.43390,0.08140,0.16500
8:00:34,0.87610,0.12150,0.28280,0.12310,0.12880,0.12380,0.13790,0.13280,0.16980,0.15460,0.23500,0.16800,0.69200,0.19870,0.20990,0.13380,0.13480,0.14340,0.15150,0.17440,0.13750,0.14600,0.19500,0.31230,0.40380,0.15810,0.16670,0.12960,0.12990,0.13090,0.13850,0.15890,0.14170,0.13080,0.16230,0.23720,0.08830,0.12300,0.11030,0.12200,0.11530,0.11860,0.12420,0.14260,0.09220,0.12130,0.13540,0.16240,0.76300,0.08600,0.20380,0.11620,0.46470,0.11280,0.15340,0.12520,0.11930,0.13530,0.97680,0.11460,0.51490,0.09510,0.15810,0.93440,0.34200,0.11630,0.11440,0.12650,0.13010,0.80400,0.83300,0.34010,0.37900,0.08820,0.12470,0.95430,0.19780,0.10370,0.10060,0.11490,0.10400,0.66600,0.59440,0.27050,0.07660,0.08660,0.08760,0.76420,0.10180,0.09550,0.09390,0.10110,0.08270,0.44000,0.08160,0.16650
8:10:34,0.88180,0.12230,0.28640,0.12410,0.12970,0.12470,0.13890,0.13370,0.17120,0.15560,0.23730,0.16910,0.69910,0.20100,0.21220,0.13480,0.13580,0.14450,0.15260,0.17590,0.13880,0.14710,0.19680,0.31620,0.40910,0.15970,0.16840,0.13050,0.13070,0.13200,0.13940,0.16020,0.14270,0.13190,0.16380,0.24000,0.08850,0.12400,0.11100,0.12290,0.11610,0.11960,0.12510,0.14370,0.09250,0.12220,0.13660,0.16400,0.77000,0.08630,0.20620,0.11700,0.47110,0.11360,0.15490,0.12600,0.12030,0.13630,0.97890,0.11560,0.52080,0.09530,0.15970,0.93290,0.34670,0.11700,0.11520,0.12740,0.13120,0.81080,0.83860,0.34450,0.38390,0.08840,0.12570,0.95570,0.20010,0.10420,0.10090,0.11560,0.10450,0.67390,0.60200,0.27380,0.07660,0.08680,0.08780,0.77100,0.10230,0.09590,0.09430,0.10160,0.08280,0.44620,0.08160,0.16800
8:20:34,0.88700,0.12310,0.29010,0.12500,0.13050,0.12550,0.14000,0.13480,0.17270,0.15660,0.24010,0.17020,0.70580,0.20320,0.21460,0.13570,0.13680,0.14570,0.15370,0.17720,0.14000,0.14820,0.19880,0.32000,0.41410,0.16120,0.17010,0.13150,0.13170,0.13300,0.14040,0.16150,0.14390,0.13310,0.16530,0.24290,0.08870,0.12480,0.11180,0.12380,0.11690,0.12050,0.12600,0.14480,0.09290,0.12310,0.13770,0.16560,0.77650,0.08650,0.20880,0.11780,0.47720,0.11450,0.15640,0.12690,0.12130,0.13730,0.98130,0.11640,0.52680,0.09570,0.16130,0.93190,0.35150,0.11790,0.11600,0.12840,0.13240,0.81700,0.84410,0.34900,0.38870,0.08860,0.12670,0.95670,0.20240,0.10490,0.10140,0.11640,0.10520,0.68140,0.60920,0.27710,0.07670,0.08700,0.08810,0.77720,0.10280,0.09640,0.09470,0.10220,0.08290,0.45210,0.08170,0.16950
8:30:34,0.89220,0.12380,0.29360,0.12590,0.13130,0.12650,0.14100,0.13570,0.17410,0.15760,0.24250,0.17120,0.71240,0.20540,0.21670,0.13680,0.13760,0.14690,0.15470,0.17870,0.14130,0.14930,0.20070,0.32410,0.41930,0.16280,0.17170,0.13230,0.13240,0.13400,0.14120,0.16270,0.14490,0.13410,0.16670,0.24570,0.08870,0.12570,0.11240,0.12450,0.11780,0.12130,0.12680,0.14580,0.09330,0.12390,0.13850,0.16710,0.78280,0.08660,0.21120,0.11860,0.48320,0.11530,0.15780,0.12770,0.12240,0.13820,0.98330,0.11720,0.53260,0.09590,0.16280,0.93050,0.35620,0.11860,0.11680,0.12920,0.13350,0.82310,0.84910,0.35340,0.39340,0.08880,0.12770,0.95790,0.20450,0.10550,0.10160,0.11700,0.10570,0.68910,0.61650,0.28030,0.07670,0.08700,0.08830,0.78330,0.10330,0.09680,0.09490,0.10270,0.08300,0.45820,0.08180,0.17110
8:40:34,0.89740,0.12470,0.29740,0.12690,0.13230,0.12730,0.14220,0.13670,0.17560,0.15870,0.24500,0.17220,0.71910,0.20780,0.21890,0.13780,0.13870,0.14800,0.15590,0.18020,0.14270,0.15050,0.20270,0.32800,0.42430,0.16440,0.17350,0.13330,0.13340,0.13500,0.14240,0.16400,0.14590,0.13520,0.16830,0.24860,0.08900,0.12670,0.11320,0.12540,0.11870,0.12230,0.12780,0.14690,0.09380,0.12480,0.13960,0.16890,0.78900,0.08700,0.21380,0.11950,0.48960,0.11620,0.15940,0.12860,0.12350,0.13920,0.98490,0.11820,0.53830,0.09630,0.16450,0.92950,0.36100,0.11950,0.11760,0.13020,0.13470,0.82910,0.85350,0.35770,0.39810,0.08910,0.12880,0.95910,0.20680,0.10610,0.10220,0.11790,0.10650,0.69620,0.62370,0.28360,0.07680,0.08730,0.08860,0.78920,0.10390,0.09730,0.09540,0.10330,0.08310,0.46410,0.08200,0.17260
8:50:34,0.90160,0.12550,0.30100,0.12770,0.13320,0.12820,0.14320,0.13770,0.17710,0.15950,0.24740,0.17330,0.72550,0.21000,0.22140,0.13880,0.13960,0.14910,0.15700,0.18160,0.14410,0.15160,0.20470,0.33190,0.42950,0.16610,0.17520,0.13420,0.13430,0.13610,0.14330,0.16540,0.14710,0.13640,0.16970,0.25160,0.08930,0.12770,0.11400,0.12630,0.11950,0.12320,0.12870,0.14810,0.09430,0.12580,0.14060,0.17060,0.79490,0.08730,0.21620,0.12040,0.49590,0.11710,0.16090,0.12960,0.12480,0.14020,0.98610,0.11910,0.54400,0.09670,0.16630,0.92790,0.36580,0.12030,0.11850,0.13120,0.13580,0.83460,0.85840,0.36240,0.40300,0.08940,0.12990,0.95970,0.20910,0.10690,0.10260,0.11850,0.10730,0.70340,0.63100,0.28700,0.07690,0.08750,0.08900,0.79520,0.10450,0.09790,0.09590,0.10400,0.08330,0.47010,0.08210,0.17410
9:00:34,0.90610,0.12620,0.30460,0.12850,0.13410,0.12890,0.14420,0.13870,0.17840,0.16030,0.25000,0.17430,0.73170,0.21220,0.22360,0.13970,0.14060,0.15030,0.15800,0.18290,0.14530,0.15270,0.20650,0.33560,0.43440,0.16750,0.17700,0.13510,0.13520,0.13710,0.14420,0.16660,0.14820,0.13740,0.17120,0.25430,0.08940,0.12860,0.11470,0.12720,0.12030,0.12380,0.12950,0.14910,0.09470,0.12660,0.14160,0.17220,0.80070,0.08750,0.21860,0.12120,0.50160,0.11780,0.16230,0.13040,0.12600,0.14130,0.98760,0.12000,0.54940,0.09700,0.16780,0.92700,0.37050,0.12110,0.11930,0.13190,0.13690,0.84000,0.86250,0.36650,0.40780,0.08960,0.13090,0.96040,0.21120,0.10750,0.10300,0.11920,0.10790,0.71060,0.63790,0.29010,0.07680,0.08770,0.08920,0.80050,0.10510,0.09850,0.09620,0.10450,0.08330,0.47590,0.08220,0.17560
9:10:34,0.91040,0.12700,0.30830,0.12940,0.13480,0.12980,0.14520,0.13960,0.17980,0.16130,0.25230,0.17530,0.73740,0.21420,0.22580,0.14070,0.14140,0.15140,0.15900,0.18440,0.14650,0.15370,0.20840,0.33950,0.43920,0.16890,0.17850,0.13600,0.13600,0.13810,0.14510,0.16780,0.14920,0.13840,0.17270,0.25720,0.08950,0.12950,0.11540,0.12800,0.12110,0.12480,0.13040,0.15020,0.09510,0.12760,0.14250,0.17390,0.80600,0.08770,0.22110,0.12210,0.50750,0.11880,0.16380,0.13120,0.12700,0.14230,0.98790,0.12090,0.55470,0.09720,0.16950,0.92570,0.37510,0.12190,0.12010,0.13280,0.13800,0.84480,0.86650,0.37080,0.41230,0.08980,0.13190,0.96090,0.21340,0.10820,0.10340,0.11990,0.10860,0.71740,0.64480,0.29340,0.07690,0.08780,0.08950,0.80550,0.10570,0.09910,0.09660,0.10510,0.08340,0.48160,0.08230,0.17710
9:20:34,0.91410,0.12770,0.31170,0.13020,0.13570,0.13050,0.14630,0.14050,0.18110,0.16220,0.25480,0.17620,0.74300,0.21650,0.22810,0.14160,0.14230,0.15250,0.16000,0.18570,0.14780,0.15480,0.21020,0.34310,0.44400,0.17040,0.18020,0.13680,0.13670,0.13910,0.14600,0.16900,0.15030,0.13960,0.17420,0.25990,0.08960,0.13030,0.11610,0.12870,0.12190,0.12560,0.13110,0.15120,0.09550,0.12850,0.14350,0.17540,0.81110,0.08790,0.22340,0.12290,0.51310,0.11960,0.16530,0.13200,0.12820,0.14310,0.98970,0.12180,0.55990,0.09740,0.17100,0.92450,0.37980,0.12280,0.12100,0.13370,0.13910,0.84990,0.87020,0.37510,0.41690,0.08990,0.13290,0.96110,0.21560,0.10890,0.10370,0.12060,0.10920,0.72440,0.65140,0.29650,0.07700,0.08790,0.08960,0.81050,0.10620,0.09960,0.09690,0.10570,0.08350,0.48700,0.08240,0.17860
9:30:34,0.91730,0.12850,0.31520,0.13090,0.13650,0.13140,0.14750,0.14140,0.18270,0.16310,0.25720,0.17700,0.74900,0.21860,0.23020,0.14250,0.14320,0.15360,0.16100,0.18720,0.14920,0.15580,0.21210,0.34700,0.44870,0.17190,0.18190,0.13780,0.13750,0.14000,0.14690,0.17020,0.15130,0.14050,0.17560,0.26280,0.08970,0.13110,0.11680,0.12950,0.12270,0.12650,0.13180,0.15230,0.09590,0.12920,0.14440,0.17700,0.81610,0.08800,0.22570,0.12360,0.51930,0.12030,0.16670,0.13280,0.12940,0.14410,0.99010,0.12270,0.56500,0.09780,0.17260,0.92330,0.38410,0.12370,0.12170,0.13460,0.14010,0.85450,0.87370,0.37940,0.42130,0.09010,0.13390,0.96100,0.21770,0.10950,0.10400,0.12120,0.10990,0.73090,0.65800,0.29990,0.07700,0.08800,0.08980,0.81500,0.10670,0.10000,0.09730,0.10610,0.08360,0.49300,0.08260,0.18010
9:40:34,0.92100,0.12930,0.31890,0.13180,0.13730,0.13210,0.14870,0.14230,0.18410,0.16400,0.25970,0.17810,0.75400,0.22060,0.23220,0.14340,0.14400,0.15460,0.16200,0.18850,0.15050,0.15660,0.21390,0.35060,0.45350,0.17330,0.18340,0.13850,0.13830,0.14100,0.14770,0.17140,0.15230,0.14160,0.17710,0.26560,0.08990,0.13200,0.11740,0.13030,0.12340,0.12720,0.13260,0.15330,0.09630,0.13010,0.14530,0.17860,0.82110,0.08830,0.22820,0.12440,0.52500,0.12110,0.16820,0.13350,0.13050,0.14500,0.98990,0.12360,0.57010,0.09800,0.17420,0.92210,0.38870,0.12470,0.12250,0.13550,0.14120,0.85910,0.87690,0.38370,0.42580,0.09040,0.13500,0.96090,0.22000,0.11010,0.10440,0.12200,0.11050,0.73730,0.66450,0.30310,0.07710,0.08830,0.09000,0.81970,0.10720,0.10050,0.09760,0.10670,0.08380,0.49810,0.08280,0.18160
9:50:34,0.92370,0.13010,0.32240,0.13270,0.13820,0.13290,0.14990,0.14330,0.18550,0.16500,0.26220,0.17900,0.75950,0.22290,0.23440,0.14440,0.14490,0.15560,0.16300,0.18990,0.15170,0.15760,0.21580,0.35450,0.45830,0.17480,0.18520,0.13940,0.13920,0.14190,0.14860,0.17260,0.15320,0.14270,0.17840,0.26830,0.09010,0.13300,0.11820,0.13110,0.12430,0.12820,0.13350,0.15430,0.09670,0.13110,0.14630,0.18020,0.82560,0.08860,0.23060,0.12530,0.53080,0.12180,0.16970,0.13450,0.13170,0.14610,0.99140,0.12450,0.57510,0.09850,0.17580,0.92090,0.39320,0.12560,0.12330,0.13620,0.14230,0.86340,0.88000,0.38810,0.43040,0.09070,0.13610,0.96110,0.22220,0.11080,0.10480,0.12270,0.11120,0.74350,0.67080,0.30640,0.07710,0.08850,0.09030,0.82410,0.10780,0.10100,0.09810,0.10730,0.08390,0.50370,0.08290,0.18310
10:00:34,0.92690,0.13070,0.32570,0.13320,0.13900,0.13360,0.15090,0.14400,0.18670,0.16580,0.26460,0.17970,0.76460,0.22490,0.23650,0.14520,0.14560,0.15680,0.16390,0.19120,0.15300,0.15850,0.21760,0.35810,0.46290,0.17630,0.18660,0.14020,0.13980,0.14280,0.14940,0.17370,0.15420,0.14360,0.17980,0.27110,0.09030,0.13380,0.11880,0.13190,0.12490,0.12900,0.13430,0.15530,0.09700,0.13180,0.14720,0.18170,0.83010,0.08880,0.23300,0.12600,0.53630,0.12260,0.17120,0.13530,0.13280,0.14690,0.99100,0.12540,0.57990,0.09880,0.17740,0.91970,0.39770,0.12640,0.12410,0.13710,0.14320,0.86790,0.88330,0.39260,0.43480,0.09090,0.13710,0.96070,0.22430,0.11130,0.10510,0.12330,0.11190,0.74950,0.67710,0.30970,0.07720,0.08860,0.09050,0.82800,0.10830,0.10130,0.09840,0.10780,0.08390,0.50880,0.08290,0.18460

