Corrected [600]
	1	2	3	4	5	6	7	8	9	10	11	12
A	0.36156	0.07348	0.35721	0.07245	0.34146	0.07230	0.35980	0.07215	0.31661	0.07219	0.33310	0.07112	Corrected [600]
B	0.26391	0.40505	0.29689	0.37178	0.27880	0.38425	0.27592	0.38026	0.27960	0.35668	0.25446	0.33362	Corrected [600]
C	0.19087	0.30142	0.19624	0.29878	0.21194	0.30846	0.19883	0.28898	0.18740	0.27353	0.18000	0.26990	Corrected [600]
D	0.07204	0.18855	0.07174	0.19848	0.07207	0.19981	0.07090	0.19814	0.07167	0.18230	0.07079	0.18172	Corrected [600]
E	0.37952	0.07160	0.44162	0.07263	0.39875	0.07086	0.39963	0.07211	0.36814	0.07315	0.34862	0.07392	Corrected [600]
F	0.30173	0.39815	0.32250	0.42505	0.30979	0.37631	0.28780	0.39412	0.27250	0.36659	0.26024	0.39265	Corrected [600]
G	0.19896	0.36945	0.21796	0.32368	0.20255	0.30753	0.19638	0.31006	0.18757	0.28879	0.17713	0.33054	Corrected [600]
H	0.07407	0.19938	0.07152	0.19955	0.07071	0.17733	0.07075	0.19654	0.07104	0.18463	0.07746	0.20100	Corrected [600]

