Corrected [600]
	1	2	3	4	5	6	7	8	9	10	11	12
A	0.24948	0.07689	0.21269	0.07670	0.21819	0.07582	0.24335	0.07572	0.26328	0.07543	0.26435	0.10335	Corrected [600]
B	0.19330	0.24446	0.18425	0.24811	0.18664	0.26112	0.21504	0.26664	0.22438	0.27387	0.22942	0.24955	Corrected [600]
C	0.12758	0.18673	0.13425	0.19495	0.13311	0.20930	0.14661	0.20707	0.15254	0.20779	0.16395	0.20193	Corrected [600]
D	0.07634	0.13859	0.07650	0.14096	0.07728	0.14388	0.07626	0.13889	0.07415	0.14018	0.07598	0.14252	Corrected [600]
E	0.20273	0.07548	0.24160	0.08655	0.24083	0.07734	0.23574	0.07770	0.27791	0.07756	0.26106	0.07587	Corrected [600]
F	0.15895	0.24557	0.17760	0.25043	0.18973	0.25271	0.18371	0.25824	0.21414	0.26531	0.21200	0.28868	Corrected [600]
G	0.11876	0.18790	0.12286	0.19865	0.13564	0.19207	0.13430	0.20028	0.14353	0.19837	0.15280	0.21769	Corrected [600]
H	0.08076	0.13824	0.07579	0.14654	0.07615	0.13544	0.07689	0.13722	0.07667	0.13720	0.07650	0.15226	Corrected [600]

