Corrected [600]
	1	2	3	4	5	6	7	8	9	10	11	12
A	0.23974	0.07853	0.19800	0.07858	0.18707	0.07809	0.19664	0.07946	0.19453	0.07823	0.19766	0.07650	Corrected [600]
B	0.18599	0.22561	0.17480	0.21271	0.16493	0.22081	0.16982	0.19082	0.16681	0.19224	0.16528	0.18080	Corrected [600]
C	0.17249	0.18580	0.12811	0.17856	0.12779	0.17959	0.12733	0.17102	0.12860	0.16515	0.13197	0.15354	Corrected [600]
D	0.07973	0.12837	0.07745	0.12678	0.07853	0.12874	0.08075	0.12227	0.07849	0.12227	0.07785	0.11405	Corrected [600]
E	0.19470	0.07734	0.21674	0.07795	0.20680	0.07826	0.19691	0.07759	0.20766	0.07706	0.20788	0.07623	Corrected [600]
F	0.15554	0.24785	0.17588	0.24601	0.17651	0.22195	0.15965	0.21403	0.16764	0.20247	0.17407	0.20409	Corrected [600]
G	0.11375	0.19097	0.12869	0.19375	0.12510	0.17899	0.11954	0.17568	0.12650	0.16515	0.12866	0.16865	Corrected [600]
H	0.09070	0.12834	0.07793	0.13085	0.07615	0.12726	0.07896	0.12346	0.07629	0.12074	0.07648	0.12199	Corrected [600]

