Corrected [600]
	1	2	3	4	5	6	7	8	9	10	11	12
A	0.34418	0.07650	0.33808	0.07823	0.30966	0.07631	0.31811	0.07728	0.33339	0.07606	0.32918	0.07834	Corrected [600]
B	0.28733	0.33118	0.25568	0.33958	0.23481	0.28035	0.24397	0.33018	0.24493	0.32211	0.24936	0.37207	Corrected [600]
C	0.19556	0.26240	0.16293	0.23691	0.15786	0.22245	0.16091	0.23014	0.16051	0.24944	0.16527	0.27731	Corrected [600]
D	0.07626	0.16591	0.07497	0.16478	0.07731	0.15454	0.07526	0.16598	0.07529	0.17662	0.07612	0.17551	Corrected [600]
E	0.38872	0.07577	0.35233	0.07745	0.33304	0.07695	0.32856	0.07670	0.34855	0.07505	0.23292	0.07566	Corrected [600]
F	0.27657	0.32593	0.26258	0.31259	0.23959	0.31197	0.23140	0.31894	0.24446	0.25964	0.17754	0.31387	Corrected [600]
G	0.17920	0.24909	0.16550	0.23062	0.15980	0.23933	0.15837	0.23171	0.16440	0.19722	0.12059	0.23163	Corrected [600]
H	0.07779	0.15848	0.07706	0.15204	0.07653	0.16307	0.07615	0.15551	0.07577	0.12386	0.07521	0.15702	Corrected [600]

