420

Time,A1,A2,A3,A4,A5,A6,A7,A8,A9,A10,A11,A12,B1,B2,B3,B4,B5,B6,B7,B8,B9,B10,B11,B12,C1,C2,C3,C4,C5,C6,C7,C8,C9,C10,C11,C12,D1,D2,D3,D4,D5,D6,D7,D8,D9,D10,D11,D12,E1,E2,E3,E4,E5,E6,E7,E8,E9,E10,E11,E12,F1,F2,F3,F4,F5,F6,F7,F8,F9,F10,F11,F12,G1,G2,G3,G4,G5,G6,G7,G8,G9,G10,G11,G12,H1,H2,H3,H4,H5,H6,H7,H8,H9,H10,H11,H12
0:00:34,0.08600,0.07790,0.08430,0.07820,0.08530,0.07840,0.08330,0.07670,0.08800,0.07640,0.08380,0.07670,0.08200,0.08390,0.08190,0.09330,0.08560,0.08560,0.08380,0.09670,0.09060,0.08500,0.08240,0.08310,0.08050,0.08240,0.08240,0.09090,0.08200,0.08430,0.08180,0.09030,0.08600,0.08790,0.07960,0.07880,0.07720,0.07990,0.07670,0.08750,0.07620,0.08090,0.07800,0.08640,0.07630,0.08000,0.07650,0.08090,0.08140,0.07760,0.08390,0.07740,0.10040,0.07800,0.08690,0.07730,0.19700,0.08100,0.08260,0.07650,0.08450,0.08680,0.08320,0.08640,0.09550,0.08960,0.08090,0.09110,0.14040,0.08510,0.08130,0.08070,0.07900,0.09030,0.08360,0.08520,0.08970,0.08210,0.07920,0.07870,0.11180,0.08290,0.08320,0.08160,0.07930,0.08360,0.07770,0.08350,0.07630,0.07920,0.07730,0.07940,0.07760,0.08260,0.07580,0.08080
0:10:34,0.08250,0.07690,0.08560,0.07720,0.08400,0.07740,0.08240,0.07590,0.08760,0.07580,0.08880,0.07570,0.08040,0.08260,0.08090,0.13610,0.08350,0.08070,0.08230,0.14420,0.08780,0.08330,0.08650,0.08190,0.07920,0.08040,0.08050,0.12550,0.08190,0.08240,0.08090,0.12060,0.08610,0.08860,0.08090,0.07870,0.07670,0.08030,0.07600,0.10760,0.07540,0.07900,0.07720,0.10730,0.07560,0.07840,0.07530,0.07960,0.08100,0.07660,0.08080,0.07670,0.15940,0.07720,0.08450,0.07660,0.42870,0.08070,0.08640,0.07540,0.07950,0.09350,0.08050,0.09390,0.14400,0.08550,0.07930,0.08240,0.28550,0.08450,0.08310,0.08430,0.07830,0.09500,0.08190,0.08800,0.10990,0.08380,0.07840,0.07810,0.18010,0.08210,0.08380,0.08410,0.07700,0.08430,0.07700,0.08730,0.07570,0.07980,0.07670,0.07780,0.07690,0.07940,0.07510,0.08110
0:20:34,0.08550,0.07710,0.08660,0.07740,0.08970,0.07740,0.08600,0.07620,0.08990,0.07600,0.09730,0.07620,0.08230,0.08420,0.08250,0.20440,0.08510,0.08060,0.08420,0.20580,0.09090,0.08290,0.09210,0.08430,0.08040,0.08110,0.08130,0.17280,0.08400,0.08200,0.08200,0.16620,0.08660,0.08820,0.08390,0.08060,0.07690,0.08140,0.07610,0.13500,0.07540,0.07870,0.07720,0.13480,0.07560,0.07860,0.07530,0.08070,0.08320,0.07660,0.08090,0.07680,0.23290,0.07710,0.08360,0.07670,0.63130,0.08010,0.09200,0.07570,0.08070,0.10550,0.08020,0.10630,0.19840,0.08830,0.07950,0.08370,0.45120,0.08720,0.08710,0.09060,0.07920,0.10360,0.08140,0.09540,0.13740,0.08620,0.07850,0.07870,0.26480,0.08370,0.08530,0.08850,0.07680,0.08690,0.07690,0.09290,0.07570,0.08140,0.07700,0.07790,0.07710,0.08040,0.07520,0.08330
0:30:34,0.08990,0.07760,0.08890,0.07790,0.09700,0.07770,0.09300,0.07660,0.09780,0.07660,0.11000,0.07750,0.08440,0.08710,0.08490,0.28550,0.08890,0.08130,0.08760,0.28240,0.09320,0.08530,0.09910,0.08930,0.08170,0.08250,0.08240,0.22630,0.08530,0.08230,0.08390,0.22060,0.08870,0.08720,0.08750,0.08300,0.07740,0.08200,0.07640,0.16640,0.07570,0.07900,0.07750,0.16850,0.07580,0.07920,0.07570,0.08190,0.08700,0.07700,0.08140,0.07730,0.33090,0.07730,0.08490,0.07710,0.81960,0.07910,0.09890,0.07600,0.08370,0.12260,0.08020,0.12320,0.26100,0.09590,0.08080,0.08490,0.61540,0.09250,0.09070,0.09820,0.08020,0.11520,0.08110,0.10660,0.17190,0.09010,0.07880,0.08000,0.36610,0.08620,0.08720,0.09360,0.07670,0.09270,0.07690,0.09930,0.07580,0.08380,0.07730,0.07820,0.07730,0.08220,0.07540,0.08580
0:40:34,0.09550,0.07820,0.09380,0.07850,0.10310,0.07840,0.10240,0.07720,0.10400,0.07750,0.12490,0.07940,0.08760,0.09050,0.08840,0.38820,0.09240,0.08320,0.09280,0.38680,0.09650,0.08670,0.10830,0.09340,0.08320,0.08510,0.08400,0.28950,0.08710,0.08280,0.08620,0.29040,0.09020,0.08710,0.09270,0.08670,0.07780,0.08230,0.07700,0.20410,0.07610,0.07930,0.07810,0.20940,0.07640,0.08040,0.07620,0.08380,0.09090,0.07750,0.08410,0.07780,0.44520,0.07760,0.08640,0.07790,1.01190,0.07640,0.10740,0.07650,0.08710,0.14180,0.08140,0.14590,0.34090,0.10160,0.08120,0.08770,0.80660,0.09810,0.09670,0.10900,0.08140,0.13050,0.08060,0.12250,0.21430,0.09660,0.07920,0.08130,0.47020,0.09010,0.09160,0.10030,0.07660,0.09900,0.07680,0.10660,0.07600,0.08710,0.07800,0.07880,0.07790,0.08430,0.07560,0.09050
0:50:34,0.10000,0.07950,0.09810,0.07960,0.10970,0.07970,0.10970,0.07820,0.10900,0.07920,0.13610,0.08270,0.09170,0.09310,0.09160,0.49350,0.09900,0.08430,0.09820,0.49690,0.10180,0.08870,0.11650,0.09560,0.08570,0.08840,0.08570,0.37570,0.09170,0.08320,0.09050,0.37800,0.09250,0.09000,0.09960,0.08890,0.07860,0.08330,0.07810,0.25880,0.07710,0.08070,0.07930,0.26780,0.07780,0.08200,0.07760,0.08580,0.09310,0.07860,0.08420,0.07930,0.54600,0.07850,0.08640,0.07890,1.13270,0.07690,0.11540,0.07760,0.08910,0.16230,0.08240,0.16780,0.42470,0.10730,0.08220,0.08870,0.96280,0.10260,0.10320,0.11890,0.08370,0.14920,0.08100,0.13780,0.28240,0.10190,0.08060,0.08270,0.58260,0.09480,0.09620,0.10800,0.07650,0.10630,0.07620,0.11680,0.07650,0.09040,0.07900,0.08010,0.07880,0.08760,0.07630,0.09350
1:00:34,0.10480,0.08110,0.10230,0.08090,0.11680,0.08150,0.11670,0.07940,0.11520,0.08150,0.14920,0.08690,0.09520,0.09600,0.09380,0.58760,0.10420,0.08600,0.10380,0.58130,0.10670,0.09150,0.12490,0.09890,0.08720,0.09070,0.08790,0.45400,0.09410,0.08470,0.09420,0.44910,0.09910,0.09360,0.10620,0.09210,0.07930,0.08480,0.07940,0.30280,0.07840,0.08220,0.08090,0.31370,0.07980,0.08420,0.07940,0.08700,0.09560,0.07980,0.08530,0.08060,0.64000,0.07960,0.08780,0.08030,1.16910,0.07740,0.12430,0.07890,0.09130,0.18370,0.08360,0.19060,0.49580,0.11490,0.08380,0.08970,1.07620,0.10930,0.10900,0.12810,0.08540,0.16650,0.08180,0.15290,0.32360,0.10770,0.08210,0.08440,0.71890,0.10000,0.10130,0.11420,0.07650,0.11550,0.07620,0.12750,0.07710,0.09420,0.08020,0.08140,0.07990,0.09080,0.07700,0.09660
1:10:34,0.10970,0.08260,0.10700,0.08220,0.12400,0.08330,0.12380,0.08060,0.12100,0.08350,0.16230,0.09170,0.09890,0.09940,0.09730,0.66660,0.10960,0.08770,0.10930,0.66140,0.11130,0.09390,0.13300,0.10190,0.08910,0.09350,0.09070,0.52410,0.09730,0.08620,0.09820,0.51390,0.10380,0.09540,0.11240,0.09450,0.08000,0.08600,0.08100,0.34940,0.08000,0.08380,0.08270,0.36170,0.08190,0.08630,0.08120,0.08860,0.09890,0.08120,0.08640,0.08220,0.72290,0.08130,0.08910,0.08200,1.17330,0.07820,0.13210,0.08000,0.09420,0.20370,0.08510,0.21260,0.56100,0.12210,0.08540,0.09000,1.12480,0.11480,0.11490,0.13660,0.08710,0.18370,0.08260,0.16820,0.36090,0.11310,0.08310,0.08600,0.80630,0.10460,0.10570,0.12050,0.07650,0.12320,0.07620,0.13780,0.07780,0.09800,0.08130,0.08250,0.08110,0.09390,0.07770,0.10010
1:20:34,0.11520,0.08510,0.11250,0.08440,0.13200,0.08590,0.13200,0.08260,0.12950,0.08720,0.17810,0.09630,0.10300,0.10300,0.10100,0.73770,0.11550,0.09000,0.11500,0.73390,0.11620,0.09820,0.14220,0.10580,0.09090,0.09660,0.09360,0.58530,0.10060,0.08820,0.10220,0.57300,0.10670,0.09810,0.11950,0.09750,0.08090,0.08760,0.08280,0.38920,0.08170,0.08560,0.08500,0.40530,0.08440,0.08870,0.08350,0.09040,0.10160,0.08290,0.08760,0.08390,0.79990,0.08310,0.09100,0.08390,1.17450,0.07870,0.14060,0.08130,0.09660,0.22300,0.08670,0.23330,0.62410,0.12940,0.08710,0.09130,1.15350,0.12060,0.12120,0.14610,0.08870,0.19970,0.08360,0.18210,0.39950,0.11900,0.08410,0.08760,0.90070,0.10860,0.11040,0.12760,0.07660,0.12920,0.07630,0.14800,0.07850,0.10170,0.08270,0.08390,0.08230,0.09730,0.07850,0.10340
1:30:34,0.12100,0.08760,0.11820,0.08670,0.14040,0.08860,0.14100,0.08460,0.13810,0.09120,0.19380,0.10110,0.10730,0.10750,0.10510,0.80670,0.12180,0.09290,0.12140,0.80320,0.12260,0.10290,0.15160,0.10960,0.09270,0.09980,0.09690,0.64770,0.10430,0.09040,0.10680,0.63410,0.10970,0.10160,0.12710,0.10050,0.08180,0.08900,0.08490,0.43160,0.08370,0.08790,0.08770,0.44950,0.08730,0.09160,0.08630,0.09230,0.10490,0.08480,0.08940,0.08600,0.87210,0.08530,0.09330,0.08610,1.17380,0.07930,0.14920,0.08270,0.09930,0.24370,0.08870,0.25580,0.68560,0.13740,0.08920,0.09340,1.16880,0.12710,0.12740,0.15580,0.09080,0.21720,0.08470,0.19740,0.44200,0.12520,0.08520,0.08950,0.97220,0.11350,0.11540,0.13450,0.07650,0.13660,0.07630,0.15810,0.07920,0.10550,0.08420,0.08540,0.08360,0.10080,0.07920,0.10670
1:40:34,0.12710,0.09030,0.12400,0.08930,0.14900,0.09130,0.15070,0.08720,0.14700,0.09510,0.20960,0.10580,0.11180,0.11220,0.10970,0.86880,0.12870,0.09620,0.12850,0.86800,0.12970,0.10760,0.16210,0.11340,0.09470,0.10370,0.10050,0.70610,0.10830,0.09310,0.11200,0.69240,0.11370,0.10550,0.13480,0.10410,0.08290,0.09080,0.08710,0.47360,0.08580,0.09040,0.09050,0.49540,0.09050,0.09490,0.08910,0.09420,0.10870,0.08680,0.09130,0.08840,0.93430,0.08760,0.09620,0.08870,1.16830,0.08030,0.15830,0.08440,0.10220,0.26440,0.09070,0.27780,0.74390,0.14530,0.09180,0.09620,1.17240,0.13380,0.13390,0.16540,0.09280,0.23460,0.08610,0.21310,0.48490,0.13190,0.08670,0.09160,1.03170,0.11840,0.12050,0.14170,0.07660,0.14400,0.07640,0.16820,0.08020,0.10970,0.08600,0.08720,0.08500,0.10440,0.08020,0.11020
1:50:34,0.13410,0.09400,0.13120,0.09290,0.15730,0.09500,0.16170,0.09170,0.15740,0.10040,0.22630,0.11140,0.11740,0.11790,0.11540,0.92260,0.13680,0.10030,0.13710,0.92170,0.13800,0.11380,0.17460,0.11740,0.09700,0.10840,0.10510,0.75920,0.11360,0.09690,0.11860,0.74720,0.11930,0.11060,0.14370,0.10760,0.08460,0.09290,0.09020,0.51510,0.08880,0.09390,0.09430,0.54010,0.09450,0.09930,0.09310,0.09650,0.11240,0.08980,0.09390,0.09150,0.98580,0.09080,0.10040,0.09220,1.16550,0.08130,0.16780,0.08730,0.10560,0.28560,0.09370,0.30060,0.79860,0.15430,0.09520,0.09980,1.17230,0.14190,0.14100,0.17530,0.09520,0.25250,0.08810,0.22880,0.52710,0.13900,0.08870,0.09460,1.07910,0.12410,0.12640,0.14880,0.07670,0.15130,0.07660,0.17910,0.08140,0.11470,0.08840,0.08970,0.08710,0.10900,0.08150,0.11360
2:00:34,0.14130,0.09800,0.13830,0.09680,0.16670,0.09890,0.17250,0.09610,0.16770,0.10570,0.24280,0.11700,0.12310,0.12360,0.12120,0.96750,0.14490,0.10450,0.14560,0.96560,0.14630,0.12000,0.18680,0.12130,0.09920,0.11310,0.10980,0.80650,0.11890,0.10060,0.12510,0.79760,0.12450,0.11590,0.15260,0.11100,0.08620,0.09500,0.09370,0.55480,0.09190,0.09740,0.09820,0.58200,0.09860,0.10360,0.09720,0.09860,0.11620,0.09290,0.09710,0.09470,1.02730,0.09410,0.10460,0.09580,1.16410,0.08280,0.17760,0.09050,0.10900,0.30640,0.09700,0.32280,0.84630,0.16330,0.09870,0.10350,1.17000,0.15020,0.14830,0.18480,0.09790,0.27000,0.09010,0.24440,0.56700,0.14650,0.09100,0.09770,1.11530,0.13000,0.13240,0.15540,0.07670,0.15840,0.07690,0.19000,0.08270,0.11970,0.09110,0.09250,0.08950,0.11370,0.08280,0.11690
2:10:34,0.14710,0.10050,0.14380,0.09900,0.17470,0.10160,0.18160,0.09880,0.17620,0.10940,0.25760,0.12110,0.12740,0.12800,0.12550,1.00410,0.15160,0.10760,0.15240,1.00180,0.15330,0.12490,0.19750,0.12480,0.10040,0.11680,0.11360,0.85070,0.12310,0.10350,0.13050,0.84160,0.12900,0.12010,0.16060,0.11360,0.08670,0.09600,0.09620,0.59220,0.09430,0.10010,0.10130,0.62230,0.10210,0.10710,0.10050,0.10000,0.11890,0.09520,0.09930,0.09730,1.06080,0.09680,0.10790,0.09870,1.16010,0.08310,0.18630,0.09260,0.11160,0.32590,0.09930,0.34390,0.88690,0.17160,0.10170,0.10650,1.16600,0.15770,0.15470,0.19360,0.09940,0.28620,0.09150,0.25870,0.60460,0.15330,0.09240,0.10010,1.14040,0.13520,0.13790,0.16180,0.07680,0.16520,0.07690,0.20000,0.08330,0.12410,0.09310,0.09460,0.09130,0.11790,0.08350,0.12030
2:20:34,0.15270,0.10310,0.14940,0.10140,0.18280,0.10430,0.19080,0.10190,0.18470,0.11310,0.27180,0.12510,0.13150,0.13220,0.12970,1.03430,0.15800,0.11060,0.15920,1.03110,0.15970,0.12940,0.20790,0.12830,0.10220,0.12000,0.11680,0.88780,0.12690,0.10610,0.13540,0.88180,0.13320,0.12400,0.16820,0.11650,0.08740,0.09740,0.09820,0.62710,0.09620,0.10260,0.10390,0.65950,0.10500,0.11020,0.10340,0.10170,0.12230,0.09700,0.10110,0.09940,1.08580,0.09900,0.11050,0.10120,1.15570,0.08380,0.19510,0.09440,0.11430,0.34460,0.10120,0.36390,0.92390,0.17930,0.10400,0.10900,1.16140,0.16440,0.16090,0.20250,0.10130,0.30170,0.09250,0.27320,0.63960,0.15950,0.09350,0.10210,1.15590,0.13990,0.14280,0.16810,0.07680,0.17220,0.07700,0.20950,0.08400,0.12790,0.09460,0.09610,0.09260,0.12130,0.08410,0.12350
2:30:34,0.15860,0.10580,0.15510,0.10390,0.19090,0.10710,0.19980,0.10510,0.19280,0.11670,0.28610,0.12900,0.13580,0.13670,0.13410,1.05870,0.16460,0.11390,0.16610,1.05520,0.16620,0.13400,0.21840,0.13210,0.10400,0.12360,0.12030,0.92340,0.13090,0.10880,0.14050,0.91740,0.13740,0.12780,0.17580,0.11960,0.08860,0.09910,0.10040,0.66130,0.09840,0.10510,0.10680,0.69530,0.10800,0.11340,0.10640,0.10360,0.12570,0.09910,0.10330,0.10150,1.10620,0.10150,0.11350,0.10380,1.15310,0.08470,0.20410,0.09640,0.11730,0.36350,0.10330,0.38380,0.95540,0.18720,0.10640,0.11180,1.15770,0.17140,0.16760,0.21140,0.10350,0.31760,0.09420,0.28780,0.67370,0.16600,0.09520,0.10430,1.16550,0.14510,0.14800,0.17460,0.07700,0.17930,0.07720,0.21920,0.08500,0.13200,0.09650,0.09810,0.09430,0.12510,0.08520,0.12690
2:40:34,0.16420,0.10820,0.15970,0.10610,0.19880,0.10960,0.20830,0.10800,0.20080,0.12000,0.29960,0.13230,0.13980,0.14080,0.13830,1.07770,0.17090,0.11670,0.17270,1.07540,0.17250,0.13800,0.22840,0.13550,0.10540,0.12700,0.12340,0.95240,0.13460,0.11110,0.14520,0.94820,0.14150,0.13130,0.18280,0.12240,0.08910,0.10030,0.10250,0.69290,0.10030,0.10730,0.10930,0.72880,0.11090,0.11650,0.10910,0.10510,0.12870,0.10080,0.10510,0.10350,1.12030,0.10360,0.11610,0.10630,1.15040,0.08550,0.21240,0.09820,0.11990,0.38140,0.10520,0.40290,0.98360,0.19470,0.10860,0.11430,1.15370,0.17810,0.17380,0.21990,0.10530,0.33270,0.09540,0.30170,0.70570,0.17210,0.09650,0.10640,1.17070,0.15000,0.15290,0.18080,0.07700,0.18610,0.07740,0.22860,0.08550,0.13590,0.09810,0.09980,0.09570,0.12860,0.08580,0.13010
2:50:34,0.16910,0.10990,0.16440,0.10770,0.20590,0.11140,0.21630,0.11030,0.20810,0.12260,0.31290,0.13530,0.14330,0.14440,0.14170,1.09220,0.17650,0.11890,0.17860,1.08740,0.17820,0.14160,0.23820,0.13880,0.10620,0.12960,0.12620,0.98120,0.13790,0.11320,0.14950,0.97630,0.14520,0.13440,0.18950,0.12470,0.08900,0.10080,0.10400,0.72330,0.10190,0.10910,0.11140,0.76010,0.11310,0.11900,0.11140,0.10630,0.13120,0.10220,0.10650,0.10530,1.13120,0.10550,0.11830,0.10830,1.14770,0.08580,0.22050,0.09970,0.12190,0.39870,0.10670,0.42150,1.00740,0.20190,0.11050,0.11640,1.15020,0.18430,0.17960,0.22810,0.10650,0.34730,0.09610,0.31500,0.73650,0.17790,0.09740,0.10800,1.17320,0.15440,0.15750,0.18700,0.07700,0.19270,0.07730,0.23750,0.08570,0.13950,0.09940,0.10120,0.09680,0.13170,0.08610,0.13330
3:00:34,0.17420,0.11170,0.16930,0.10950,0.21330,0.11350,0.22400,0.11270,0.21560,0.12540,0.32550,0.13840,0.14680,0.14800,0.14530,1.10410,0.18230,0.12120,0.18460,1.10080,0.18400,0.14520,0.24780,0.14250,0.10810,0.13240,0.12880,1.00130,0.14110,0.11510,0.15370,1.00030,0.14900,0.13750,0.19620,0.12790,0.08940,0.10210,0.10550,0.75220,0.10330,0.11090,0.11340,0.79060,0.11520,0.12140,0.11360,0.10840,0.13440,0.10340,0.10760,0.10670,1.13910,0.10720,0.12030,0.11020,1.14510,0.08690,0.22860,0.10120,0.12430,0.41560,0.10800,0.43980,1.02810,0.20890,0.11220,0.11850,1.14760,0.19050,0.18560,0.23690,0.10800,0.36170,0.09680,0.32860,0.76530,0.18370,0.09810,0.10960,1.17310,0.15870,0.16190,0.19330,0.07710,0.19960,0.07750,0.24620,0.08620,0.14290,0.10050,0.10250,0.09770,0.13510,0.08670,0.13650
3:10:34,0.17980,0.11410,0.17470,0.11190,0.22100,0.11600,0.23220,0.11570,0.22340,0.12850,0.33850,0.14140,0.15100,0.15230,0.14950,1.11260,0.18850,0.12400,0.19100,1.11020,0.19000,0.14910,0.25790,0.14620,0.11030,0.13560,0.13200,1.02330,0.14490,0.11750,0.15840,1.02240,0.15300,0.14090,0.20290,0.13190,0.09080,0.10430,0.10740,0.78050,0.10530,0.11310,0.11580,0.81950,0.11780,0.12430,0.11630,0.11070,0.13810,0.10500,0.10960,0.10860,1.14390,0.10930,0.12290,0.11250,1.14320,0.08850,0.23740,0.10320,0.12750,0.43280,0.10970,0.45790,1.04590,0.21620,0.11430,0.12090,1.14480,0.19710,0.19210,0.24590,0.11030,0.37640,0.09830,0.34280,0.79280,0.18970,0.09970,0.11160,1.17210,0.16380,0.16690,0.19970,0.07720,0.20650,0.07780,0.25540,0.08740,0.14680,0.10210,0.10410,0.09930,0.13860,0.08800,0.13960
3:20:34,0.18560,0.11670,0.18010,0.11430,0.22860,0.11860,0.24040,0.11870,0.23100,0.13150,0.35140,0.14460,0.15530,0.15670,0.15400,1.12010,0.19470,0.12680,0.19760,1.11860,0.19580,0.15310,0.26830,0.15010,0.11210,0.13910,0.13530,1.04030,0.14890,0.12020,0.16330,1.04250,0.15730,0.14430,0.21010,0.13620,0.09210,0.10620,0.10950,0.80730,0.10740,0.11550,0.11840,0.84700,0.12040,0.12720,0.11890,0.11290,0.14170,0.10690,0.11180,0.11070,1.14730,0.11150,0.12540,0.11500,1.14190,0.09030,0.24640,0.10560,0.13070,0.45010,0.11180,0.47610,1.06180,0.22370,0.11670,0.12340,1.14290,0.20410,0.19900,0.25470,0.11270,0.39140,0.10000,0.35690,0.81950,0.19610,0.10160,0.11380,1.17090,0.16900,0.17190,0.20590,0.07740,0.21330,0.07800,0.26490,0.08850,0.15090,0.10390,0.10620,0.10110,0.14200,0.08930,0.14290
3:30:34,0.19140,0.11930,0.18560,0.11680,0.23640,0.12110,0.24860,0.12180,0.23860,0.13450,0.36420,0.14770,0.15970,0.16120,0.15850,1.12530,0.20090,0.12960,0.20420,1.12460,0.20200,0.15700,0.27840,0.15380,0.11400,0.14270,0.13880,1.05550,0.15320,0.12290,0.16830,1.05840,0.16140,0.14790,0.21690,0.14080,0.09350,0.10810,0.11180,0.83270,0.10960,0.11810,0.12100,0.87300,0.12320,0.13040,0.12160,0.11550,0.14540,0.10920,0.11430,0.11310,1.15100,0.11400,0.12820,0.11760,1.14040,0.09200,0.25580,0.10820,0.13400,0.46710,0.11400,0.49430,1.07440,0.23130,0.11930,0.12610,1.14140,0.21110,0.20610,0.26350,0.11500,0.40620,0.10190,0.37080,0.84430,0.20260,0.10370,0.11620,1.16900,0.17460,0.17710,0.21190,0.07740,0.22000,0.07830,0.27440,0.08980,0.15510,0.10600,0.10840,0.10310,0.14590,0.09080,0.14590
3:40:34,0.19720,0.12180,0.19100,0.11940,0.24390,0.12370,0.25680,0.12470,0.24610,0.13730,0.37700,0.15050,0.16430,0.16580,0.16310,1.12940,0.20700,0.13230,0.21070,1.12920,0.20790,0.16090,0.28850,0.15780,0.11600,0.14630,0.14230,1.06720,0.15750,0.12540,0.17310,1.07500,0.16570,0.15130,0.22350,0.14510,0.09470,0.10990,0.11400,0.85720,0.11200,0.12060,0.12370,0.89740,0.12570,0.13320,0.12410,0.11800,0.14890,0.11110,0.11670,0.11520,1.15250,0.11630,0.13080,0.12000,1.13930,0.09370,0.26500,0.11070,0.13720,0.48400,0.11630,0.51200,1.08560,0.23890,0.12180,0.12890,1.14010,0.21800,0.21300,0.27240,0.11730,0.42090,0.10370,0.38450,0.86830,0.20910,0.10560,0.11850,1.16710,0.18000,0.18220,0.21830,0.07750,0.22670,0.07850,0.28380,0.09100,0.15940,0.10800,0.11060,0.10520,0.14970,0.09210,0.14910
3:50:34,0.20320,0.12450,0.19670,0.12200,0.25160,0.12640,0.26490,0.12790,0.25350,0.14030,0.38910,0.15360,0.16910,0.17040,0.16780,1.13170,0.21320,0.13520,0.21710,1.13150,0.21390,0.16470,0.29830,0.16200,0.11820,0.15010,0.14600,1.07950,0.16190,0.12820,0.17800,1.08550,0.17000,0.15480,0.23040,0.15020,0.09630,0.11210,0.11650,0.87970,0.11440,0.12320,0.12640,0.92040,0.12840,0.13630,0.12680,0.12160,0.15290,0.11370,0.11940,0.11770,1.15280,0.11880,0.13360,0.12260,1.13880,0.09590,0.27430,0.11360,0.14070,0.50070,0.11870,0.52990,1.09480,0.24650,0.12440,0.13160,1.13910,0.22500,0.22040,0.28160,0.12010,0.43570,0.10590,0.39830,0.89050,0.21570,0.10790,0.12100,1.16510,0.18550,0.18750,0.22430,0.07770,0.23340,0.07890,0.29350,0.09260,0.16380,0.11030,0.11290,0.10750,0.15350,0.09390,0.15200
4:00:34,0.20930,0.12750,0.20250,0.12490,0.25950,0.12920,0.27330,0.13110,0.26100,0.14350,0.40170,0.15680,0.17410,0.17530,0.17280,1.13420,0.21960,0.13840,0.22400,1.13580,0.22020,0.16880,0.30870,0.16680,0.12080,0.15400,0.14990,1.08830,0.16660,0.13120,0.18320,1.09630,0.17440,0.15850,0.23760,0.15580,0.09820,0.11480,0.11920,0.90190,0.11700,0.12610,0.12930,0.94320,0.13120,0.13950,0.12970,0.12560,0.15730,0.11630,0.12240,0.12040,1.15370,0.12150,0.13660,0.12540,1.13800,0.09870,0.28390,0.11660,0.14470,0.51760,0.12150,0.54750,1.10290,0.25440,0.12730,0.13470,1.13850,0.23220,0.22790,0.29160,0.12310,0.45060,0.10850,0.41240,0.91200,0.22260,0.11050,0.12390,1.16360,0.19140,0.19300,0.23060,0.07790,0.24020,0.07940,0.30350,0.09470,0.16860,0.11270,0.11560,0.11000,0.15770,0.09600,0.15510
4:10:34,0.21520,0.13010,0.20800,0.12750,0.26700,0.13170,0.28140,0.13400,0.26810,0.14660,0.41350,0.15940,0.17890,0.18000,0.17760,1.13500,0.22580,0.14120,0.23030,1.13790,0.22600,0.17260,0.31850,0.17070,0.12270,0.15790,0.15380,1.09810,0.17110,0.13380,0.18820,1.10830,0.17890,0.16190,0.24420,0.16110,0.10020,0.11720,0.12190,0.92240,0.11960,0.12890,0.13210,0.96360,0.13400,0.14270,0.13240,0.12910,0.16150,0.11890,0.12540,0.12290,1.15380,0.12420,0.13950,0.12810,1.13750,0.10150,0.29360,0.11950,0.14860,0.53440,0.12440,0.56480,1.10950,0.26230,0.13020,0.13760,1.13770,0.23940,0.23530,0.30080,0.12620,0.46530,0.11110,0.42640,0.93170,0.22930,0.11320,0.12660,1.16200,0.19720,0.19850,0.23650,0.07810,0.24650,0.07960,0.31330,0.09680,0.17330,0.11530,0.11820,0.11260,0.16170,0.09830,0.15820
4:20:34,0.22090,0.13260,0.21340,0.12990,0.27430,0.13420,0.28910,0.13680,0.27530,0.14920,0.42530,0.16200,0.18330,0.18450,0.18210,1.13630,0.23190,0.14390,0.23640,1.13930,0.23180,0.17610,0.32800,0.17500,0.12440,0.16150,0.15720,1.10190,0.17540,0.13620,0.19290,1.11610,0.18280,0.16490,0.25070,0.16580,0.10170,0.11920,0.12420,0.94160,0.12190,0.13130,0.13450,0.98230,0.13650,0.14550,0.13480,0.13200,0.16510,0.12120,0.12800,0.12510,1.15370,0.12660,0.14220,0.13050,1.13770,0.10380,0.30240,0.12200,0.15220,0.55040,0.12670,0.58130,1.11400,0.26970,0.13270,0.14010,1.13660,0.24600,0.24230,0.30940,0.12880,0.47950,0.11320,0.43970,0.94990,0.23580,0.11540,0.12900,1.16050,0.20260,0.20340,0.24230,0.07820,0.25290,0.07970,0.32260,0.09830,0.17750,0.11750,0.12050,0.11460,0.16550,0.09990,0.16110
4:30:34,0.22610,0.13470,0.21830,0.13190,0.28130,0.13620,0.29640,0.13910,0.28170,0.15160,0.43660,0.16420,0.18750,0.18850,0.18630,1.13630,0.23740,0.14610,0.24220,1.13950,0.23730,0.17920,0.33700,0.17890,0.12580,0.16480,0.16050,1.10740,0.17940,0.13830,0.19730,1.12100,0.18670,0.16770,0.25680,0.17020,0.10290,0.12080,0.12620,0.95880,0.12400,0.13350,0.13670,0.99950,0.13890,0.14800,0.13700,0.13450,0.16850,0.12320,0.13020,0.12720,1.15290,0.12880,0.14440,0.13270,1.13560,0.10600,0.31100,0.12430,0.15540,0.56570,0.12900,0.59710,1.11760,0.27690,0.13490,0.14240,1.13510,0.25260,0.24900,0.31760,0.13120,0.49300,0.11520,0.45250,0.96650,0.24180,0.11740,0.13120,1.15860,0.20760,0.20820,0.24790,0.07820,0.25900,0.07980,0.33170,0.09980,0.18170,0.11950,0.12250,0.11670,0.16890,0.10140,0.16400
4:40:34,0.23150,0.13710,0.22310,0.13420,0.28850,0.13830,0.30390,0.14150,0.28840,0.15390,0.44740,0.16640,0.19170,0.19250,0.19040,1.13610,0.24310,0.14830,0.24800,1.14000,0.24290,0.18240,0.34610,0.18320,0.12790,0.16810,0.16370,1.11350,0.18330,0.14060,0.20170,1.12490,0.19050,0.17050,0.26290,0.17470,0.10400,0.12250,0.12830,0.97590,0.12590,0.13560,0.13890,1.01620,0.14100,0.15060,0.13910,0.13720,0.17170,0.12530,0.13230,0.12920,1.15170,0.13080,0.14670,0.13480,1.13470,0.10830,0.31970,0.12650,0.15850,0.58070,0.13100,0.61280,1.12080,0.28400,0.13700,0.14460,1.13420,0.25890,0.25570,0.32600,0.13360,0.50650,0.11710,0.46540,0.98210,0.24790,0.11920,0.13330,1.15680,0.21280,0.21290,0.25370,0.07830,0.26540,0.08010,0.34060,0.10110,0.18580,0.12130,0.12450,0.11860,0.17240,0.10280,0.16680
4:50:34,0.23660,0.13910,0.22800,0.13620,0.29530,0.14030,0.31110,0.14370,0.29490,0.15610,0.45810,0.16860,0.19590,0.19650,0.19440,1.13580,0.24860,0.15060,0.26980,1.13770,0.24820,0.18560,0.35520,0.18720,0.12940,0.17130,0.16680,1.11700,0.18720,0.14270,0.20600,1.13180,0.19410,0.17330,0.26920,0.17930,0.10530,0.12430,0.13030,0.99100,0.12800,0.13780,0.14110,1.03140,0.14310,0.15320,0.14130,0.14020,0.17520,0.12730,0.13460,0.13120,1.15080,0.13290,0.14900,0.13710,1.13380,0.11040,0.32810,0.12880,0.16180,0.59560,0.13320,0.62810,1.12280,0.29110,0.13920,0.14700,1.13360,0.26530,0.26250,0.33460,0.13600,0.51960,0.11890,0.47820,0.99640,0.25390,0.12120,0.13550,1.15540,0.21790,0.21760,0.25930,0.07840,0.27140,0.08020,0.34950,0.10250,0.18990,0.12320,0.12650,0.12060,0.17600,0.10430,0.16970
5:00:34,0.24170,0.14110,0.23280,0.13810,0.30200,0.14240,0.31810,0.14590,0.30120,0.15830,0.46900,0.17070,0.19990,0.20030,0.19840,1.13560,0.25400,0.15280,0.25950,1.13820,0.25320,0.18880,0.36390,0.19140,0.13120,0.17450,0.16980,1.11860,0.19090,0.14480,0.21020,1.13500,0.19770,0.17590,0.27510,0.18360,0.10630,0.12600,0.13230,1.00610,0.12980,0.13970,0.14320,1.04470,0.14530,0.15540,0.14330,0.14300,0.17850,0.12910,0.13650,0.13310,1.15000,0.13470,0.15120,0.13910,1.13320,0.11260,0.33660,0.13080,0.16480,0.61000,0.13530,0.64300,1.12470,0.29790,0.14130,0.14900,1.13210,0.27150,0.26880,0.34290,0.13820,0.53260,0.12060,0.49070,1.00970,0.25980,0.12300,0.13750,1.15360,0.22280,0.22220,0.26520,0.07870,0.27760,0.08050,0.35810,0.10370,0.19380,0.12490,0.12840,0.12230,0.17920,0.10560,0.17260
5:10:34,0.24670,0.14290,0.23740,0.14010,0.30880,0.14430,0.32510,0.14800,0.30750,0.16030,0.48020,0.17290,0.20390,0.20420,0.20240,1.13460,0.25940,0.15490,0.26490,1.13820,0.25830,0.19170,0.37260,0.19580,0.13320,0.17770,0.17290,1.12070,0.19480,0.14680,0.21440,1.13710,0.20140,0.17860,0.28090,0.18800,0.10760,0.12790,0.13420,1.01870,0.13160,0.14180,0.14520,1.05790,0.14740,0.15790,0.14530,0.14600,0.18210,0.13110,0.13860,0.13500,1.14830,0.13660,0.15330,0.14120,1.13130,0.11480,0.34460,0.13300,0.16810,0.62390,0.13740,0.65730,1.12540,0.30480,0.14330,0.15120,1.13110,0.27770,0.27520,0.35130,0.14060,0.54530,0.12260,0.50320,1.02180,0.26570,0.12490,0.13960,1.15230,0.22760,0.22690,0.27080,0.07880,0.28380,0.08090,0.36670,0.10520,0.19770,0.12670,0.13030,0.12420,0.18250,0.10710,0.17550
5:20:34,0.25190,0.14510,0.24230,0.14210,0.31570,0.14640,0.33220,0.15030,0.31390,0.16230,0.49090,0.17500,0.20800,0.20800,0.20650,1.13430,0.26480,0.15710,0.27040,1.13810,0.26340,0.19470,0.38160,0.20030,0.13540,0.18070,0.17600,1.12490,0.19870,0.14900,0.21860,1.14010,0.20490,0.18130,0.28680,0.19270,0.10900,0.13000,0.13620,1.03190,0.13360,0.14380,0.14730,1.07020,0.14950,0.16030,0.14740,0.14920,0.18590,0.13300,0.14080,0.13700,1.14690,0.13850,0.15540,0.14330,1.13190,0.11730,0.35310,0.13510,0.17140,0.63800,0.13940,0.67180,1.12660,0.31170,0.14530,0.15340,1.13050,0.28390,0.28180,0.36010,0.14310,0.55800,0.12460,0.51570,1.03320,0.27160,0.12680,0.14170,1.15050,0.23250,0.23150,0.27640,0.07890,0.29010,0.08130,0.37550,0.10690,0.20180,0.12860,0.13220,0.12610,0.18590,0.10870,0.17830
5:30:34,0.25660,0.14670,0.24660,0.14390,0.32200,0.14800,0.33880,0.15210,0.31950,0.16400,0.50010,0.17670,0.21170,0.21150,0.21010,1.13290,0.26980,0.15900,0.27570,1.13700,0.26820,0.19740,0.38990,0.20400,0.13680,0.18370,0.17880,1.12130,0.20230,0.15060,0.22250,1.14060,0.20820,0.18360,0.29180,0.19670,0.11010,0.13170,0.13800,1.04250,0.13530,0.14540,0.14900,1.08010,0.15140,0.16240,0.14900,0.15200,0.18930,0.13480,0.14270,0.13880,1.14480,0.14040,0.15710,0.14510,1.12910,0.11920,0.36110,0.13700,0.17450,0.65110,0.14130,0.68540,1.12700,0.31820,0.14720,0.15530,1.12940,0.28970,0.28790,0.36810,0.14530,0.57010,0.12630,0.52760,1.04300,0.27720,0.12850,0.14350,1.14890,0.23710,0.23590,0.28170,0.07890,0.29560,0.08120,0.38350,0.10820,0.20560,0.13010,0.13390,0.12760,0.18890,0.11010,0.18100
5:40:34,0.26140,0.14840,0.25110,0.14560,0.32830,0.14960,0.34550,0.15400,0.32560,0.16590,0.50990,0.17840,0.21550,0.21520,0.21400,1.13130,0.27490,0.16080,0.28100,1.13650,0.27330,0.20010,0.39760,0.20820,0.13850,0.18650,0.18150,1.12210,0.20580,0.15240,0.22640,1.14190,0.21150,0.18610,0.29750,0.20080,0.11100,0.13320,0.13970,1.05290,0.13700,0.14710,0.15090,1.08980,0.15320,0.16460,0.15070,0.15480,0.19260,0.13630,0.14440,0.14040,1.14430,0.14210,0.15910,0.14700,1.12820,0.12110,0.36860,0.13880,0.17730,0.66400,0.14300,0.69870,1.12670,0.32460,0.14890,0.15720,1.12810,0.29550,0.29400,0.37610,0.14740,0.58200,0.12780,0.53920,1.05210,0.28270,0.13020,0.14530,1.14740,0.24160,0.24020,0.28710,0.07900,0.30160,0.08150,0.39130,0.10950,0.20920,0.13180,0.13550,0.12930,0.19190,0.11140,0.18370
5:50:34,0.26600,0.15010,0.25540,0.14740,0.33460,0.15120,0.35210,0.15600,0.33140,0.16780,0.52000,0.18000,0.21910,0.21860,0.21780,1.13080,0.28000,0.16260,0.28630,1.13700,0.27800,0.20280,0.40580,0.21240,0.14000,0.18930,0.18420,1.12170,0.20920,0.15430,0.23030,1.14150,0.21490,0.18840,0.30300,0.20490,0.11210,0.13490,0.14120,1.06290,0.13850,0.14880,0.15270,1.09910,0.15500,0.16670,0.15250,0.15750,0.19610,0.13790,0.14630,0.14200,1.14310,0.14380,0.16080,0.14890,1.12820,0.12310,0.37670,0.14060,0.18040,0.67680,0.14480,0.71200,1.12690,0.33120,0.15070,0.15920,1.12690,0.30120,0.30000,0.38390,0.14960,0.59370,0.12940,0.55090,1.06040,0.28810,0.13170,0.14710,1.14620,0.24610,0.24440,0.29270,0.07920,0.30740,0.08170,0.39930,0.11080,0.21290,0.13340,0.13720,0.13090,0.19510,0.11270,0.18660
6:00:34,0.27070,0.15180,0.25980,0.14900,0.34100,0.15290,0.35870,0.15790,0.33730,0.16960,0.53000,0.18220,0.22280,0.22220,0.22130,1.12980,0.28490,0.16440,0.29160,1.13510,0.28280,0.20560,0.41370,0.21660,0.14210,0.19220,0.18690,1.12590,0.21290,0.15610,0.23410,1.14170,0.21810,0.19080,0.30870,0.20930,0.11330,0.13670,0.14290,1.07150,0.14020,0.15050,0.15450,1.10740,0.15670,0.16880,0.15430,0.16040,0.19970,0.13960,0.14810,0.14370,1.14170,0.14560,0.16270,0.15060,1.12660,0.12500,0.38450,0.14230,0.18340,0.68940,0.14650,0.72470,1.12630,0.33770,0.15230,0.16110,1.12530,0.30690,0.30610,0.39190,0.15180,0.60530,0.13100,0.56240,1.06780,0.29360,0.13340,0.14890,1.14420,0.25060,0.24870,0.29790,0.07930,0.31350,0.08210,0.40720,0.11220,0.21650,0.13490,0.13880,0.13250,0.19780,0.11410,0.18920
6:10:34,0.27520,0.15330,0.26390,0.15040,0.34690,0.15440,0.36490,0.15950,0.34270,0.17120,0.53930,0.18360,0.22630,0.22550,0.22480,1.12890,0.28980,0.16600,0.29650,1.13430,0.28730,0.20810,0.42130,0.22020,0.14350,0.19480,0.18950,1.12260,0.21610,0.15770,0.23770,1.14170,0.22110,0.19300,0.31390,0.21290,0.11430,0.13830,0.14450,1.07970,0.14160,0.15200,0.15600,1.11480,0.15830,0.17050,0.15580,0.16300,0.20310,0.14100,0.14960,0.14510,1.14030,0.14700,0.16420,0.15220,1.12610,0.12650,0.39180,0.14390,0.18620,0.70140,0.14800,0.73720,1.12580,0.34380,0.15390,0.16290,1.12450,0.31240,0.31190,0.39970,0.15380,0.61660,0.13240,0.57350,1.07450,0.29890,0.13490,0.15060,1.14290,0.25490,0.25280,0.30310,0.07930,0.31890,0.08210,0.41490,0.11350,0.22000,0.13630,0.14030,0.13400,0.20070,0.11530,0.19180
6:20:34,0.27960,0.15480,0.26810,0.15200,0.35290,0.15610,0.37130,0.16130,0.34850,0.17300,0.54920,0.18510,0.22970,0.22880,0.22840,1.12730,0.29470,0.16770,0.30160,1.13220,0.29200,0.21070,0.42900,0.22440,0.14500,0.19750,0.19210,1.12340,0.21960,0.15920,0.24150,1.14300,0.22430,0.19520,0.31940,0.21680,0.11520,0.13970,0.14600,1.08720,0.14320,0.15360,0.15760,1.12110,0.16000,0.17240,0.15740,0.16550,0.20640,0.14250,0.15120,0.14660,1.13900,0.14850,0.16580,0.15390,1.12370,0.12830,0.39920,0.14550,0.18890,0.71320,0.14950,0.74910,1.12480,0.35010,0.15540,0.16460,1.12310,0.31790,0.31770,0.40720,0.15580,0.62750,0.13390,0.58430,1.08070,0.30410,0.13620,0.15220,1.14100,0.25920,0.25680,0.30830,0.07940,0.32450,0.08230,0.42250,0.11460,0.22340,0.13770,0.14170,0.13550,0.20370,0.11640,0.19450
6:30:34,0.28380,0.15610,0.27220,0.15320,0.35890,0.15720,0.37730,0.16290,0.35360,0.17450,0.55760,0.18660,0.23290,0.23170,0.23140,1.12570,0.29940,0.16910,0.30630,1.13110,0.29620,0.21280,0.43640,0.22770,0.14610,0.19990,0.19440,1.12290,0.22260,0.16050,0.24470,1.14210,0.22730,0.19730,0.32400,0.22040,0.11580,0.14100,0.14730,1.09350,0.14450,0.15490,0.15880,1.12670,0.16130,0.17410,0.15870,0.16780,0.20950,0.14380,0.15260,0.14800,1.13720,0.14980,0.16720,0.15520,1.12210,0.12980,0.40620,0.14680,0.19150,0.72430,0.15080,0.76060,1.12380,0.35610,0.15670,0.16610,1.12160,0.32310,0.32330,0.41440,0.15760,0.63800,0.13510,0.59480,1.08560,0.30910,0.13760,0.15360,1.13970,0.26320,0.26070,0.31340,0.07950,0.32980,0.08230,0.42990,0.11560,0.22680,0.13900,0.14300,0.13680,0.20620,0.11750,0.19710
6:40:34,0.28830,0.15760,0.27630,0.15480,0.36480,0.15860,0.38350,0.16460,0.35930,0.17610,0.56640,0.18790,0.23640,0.23500,0.23470,1.12460,0.30400,0.17080,0.31110,1.12990,0.30080,0.21520,0.44390,0.23190,0.14800,0.20240,0.19700,1.12140,0.22590,0.16210,0.24840,1.14250,0.23050,0.19930,0.32920,0.22420,0.11670,0.14240,0.14880,1.09940,0.14610,0.15630,0.16040,1.13180,0.16300,0.17600,0.16020,0.17040,0.21270,0.14500,0.15410,0.14950,1.13400,0.15120,0.16890,0.15670,1.12170,0.13140,0.41350,0.14840,0.19410,0.73560,0.15220,0.77190,1.12250,0.36210,0.15820,0.16780,1.12030,0.32850,0.32890,0.42160,0.15950,0.64860,0.13640,0.60530,1.09090,0.31440,0.13890,0.15520,1.13810,0.26730,0.26460,0.31870,0.07960,0.33560,0.08270,0.43740,0.11670,0.23010,0.14020,0.14440,0.13810,0.20880,0.11860,0.19970
6:50:34,0.29260,0.15880,0.28010,0.15610,0.37070,0.15980,0.38970,0.16600,0.36440,0.17750,0.57560,0.18950,0.23980,0.23790,0.23790,1.12310,0.30860,0.17230,0.31570,1.12910,0.30510,0.21750,0.45150,0.23540,0.14940,0.20480,0.19940,1.11970,0.22900,0.16360,0.25170,1.14180,0.23340,0.20130,0.33410,0.22770,0.11750,0.14380,0.15010,1.10510,0.14730,0.15770,0.16170,1.13650,0.16430,0.17770,0.16150,0.17280,0.21600,0.14620,0.15550,0.15080,1.13420,0.15250,0.17030,0.15810,1.12010,0.13320,0.42060,0.14970,0.19670,0.74660,0.15360,0.78320,1.12170,0.36810,0.15960,0.16940,1.11900,0.33390,0.33440,0.42880,0.16130,0.65900,0.13760,0.61580,1.09510,0.31950,0.14020,0.15670,1.13670,0.27150,0.26850,0.32360,0.07970,0.34100,0.08280,0.44480,0.11780,0.23340,0.14150,0.14570,0.13940,0.21140,0.11960,0.20230
7:00:34,0.29690,0.16020,0.28420,0.15740,0.37650,0.16110,0.39560,0.16770,0.36970,0.17890,0.58480,0.19070,0.24300,0.24110,0.24120,1.12150,0.31330,0.17380,0.32040,1.12790,0.30950,0.21980,0.45860,0.23930,0.15090,0.20730,0.20180,1.12190,0.23210,0.16510,0.25520,1.13950,0.23650,0.20320,0.33920,0.23130,0.11830,0.14510,0.15150,1.10970,0.14870,0.15900,0.16300,1.14110,0.16570,0.17930,0.16290,0.17510,0.21910,0.14750,0.15690,0.15220,1.13220,0.15380,0.17170,0.15960,1.11970,0.13450,0.42760,0.15120,0.19930,0.75710,0.15500,0.79390,1.12030,0.37400,0.16090,0.17110,1.11770,0.33910,0.33990,0.43590,0.16320,0.66900,0.13890,0.62580,1.09870,0.32450,0.14150,0.15810,1.13490,0.27550,0.27240,0.32860,0.07980,0.34660,0.08320,0.45210,0.11880,0.23660,0.14270,0.14710,0.14070,0.21410,0.12060,0.20490
7:10:34,0.30110,0.16150,0.28810,0.15880,0.38220,0.16230,0.40150,0.16930,0.37510,0.18020,0.59390,0.19220,0.24630,0.24420,0.24450,1.12040,0.31780,0.17520,0.32520,1.12700,0.31370,0.22200,0.46620,0.24320,0.15260,0.20970,0.20410,1.11900,0.23520,0.16650,0.25850,1.13920,0.23950,0.20520,0.34430,0.23500,0.11900,0.14660,0.15280,1.11450,0.14990,0.16030,0.16440,1.14500,0.16710,0.18110,0.16420,0.17750,0.22230,0.14870,0.15830,0.15370,1.13130,0.15520,0.17320,0.16100,1.11810,0.13700,0.43420,0.15260,0.20190,0.76750,0.15640,0.80430,1.11940,0.37990,0.16220,0.17250,1.11670,0.34430,0.34540,0.44300,0.16510,0.67910,0.14010,0.63590,1.10220,0.32970,0.14280,0.15950,1.13360,0.27960,0.27630,0.33390,0.08000,0.35210,0.08350,0.45930,0.11980,0.23970,0.14400,0.14830,0.14200,0.21670,0.12180,0.20740
7:20:34,0.30540,0.16290,0.29210,0.16020,0.38810,0.16370,0.40730,0.17100,0.38020,0.18170,0.60150,0.19340,0.24970,0.24730,0.24770,1.11880,0.32250,0.17670,0.32980,1.12560,0.31810,0.22440,0.47340,0.24760,0.15480,0.21230,0.20670,1.11700,0.23850,0.16800,0.26210,1.13800,0.24240,0.20720,0.34880,0.23870,0.12010,0.14840,0.15430,1.11810,0.15120,0.16170,0.16580,1.14790,0.16870,0.18270,0.16550,0.18030,0.22560,0.15000,0.15990,0.15520,1.13020,0.15660,0.17460,0.16240,1.11660,0.13760,0.44170,0.15400,0.20470,0.77770,0.15790,0.81470,1.11830,0.38590,0.16370,0.17430,1.11580,0.34970,0.35100,0.45070,0.16700,0.68900,0.14160,0.64580,1.10500,0.33480,0.14430,0.16120,1.13210,0.28380,0.28020,0.33910,0.08020,0.35780,0.08410,0.46660,0.12110,0.24300,0.14520,0.14970,0.14340,0.21940,0.12290,0.20990
7:30:34,0.30950,0.16430,0.29600,0.16160,0.39380,0.16480,0.41320,0.17240,0.38540,0.18300,0.61050,0.19470,0.25290,0.25040,0.25100,1.11760,0.32710,0.17820,0.33450,1.12350,0.32230,0.22650,0.48070,0.25160,0.15660,0.21480,0.20910,1.11490,0.24170,0.16940,0.26540,1.13760,0.24540,0.20920,0.35390,0.24230,0.12110,0.15010,0.15560,1.12230,0.15260,0.16320,0.16710,1.15120,0.17010,0.18430,0.16670,0.18280,0.22900,0.15130,0.16130,0.15670,1.12870,0.15800,0.17610,0.16380,1.11540,0.13930,0.44850,0.15540,0.20740,0.78760,0.15940,0.82480,1.11680,0.39180,0.16520,0.17590,1.11450,0.35480,0.35630,0.45780,0.16900,0.69860,0.14300,0.65570,1.10730,0.33980,0.14550,0.16260,1.13050,0.28790,0.28410,0.34400,0.08040,0.36330,0.08430,0.47380,0.12240,0.24630,0.14650,0.15100,0.14480,0.22210,0.12400,0.21240
7:40:34,0.31380,0.16560,0.29990,0.16290,0.39960,0.16620,0.41920,0.17410,0.39080,0.18470,0.61940,0.19590,0.25620,0.25340,0.25420,1.11820,0.33160,0.17950,0.33910,1.12390,0.32670,0.22890,0.48790,0.25550,0.15860,0.21710,0.21150,1.11430,0.24490,0.17080,0.26880,1.13750,0.24850,0.21110,0.35890,0.24590,0.12220,0.15190,0.15710,1.12600,0.15390,0.16460,0.16850,1.15340,0.17160,0.18600,0.16790,0.18550,0.23230,0.15260,0.16280,0.15800,1.12740,0.15940,0.17750,0.16530,1.11470,0.14090,0.45510,0.15690,0.21020,0.79730,0.16080,0.83460,1.11580,0.39750,0.16650,0.17750,1.11340,0.36000,0.36180,0.46510,0.17100,0.70820,0.14440,0.66530,1.10960,0.34480,0.14690,0.16410,1.12920,0.29200,0.28800,0.34880,0.08050,0.36860,0.08480,0.48110,0.12370,0.24960,0.14780,0.15230,0.14630,0.22480,0.12520,0.21480
7:50:34,0.31790,0.16690,0.30380,0.16410,0.40560,0.16730,0.42490,0.17560,0.39590,0.18600,0.62690,0.19710,0.25940,0.25640,0.25720,1.11510,0.33610,0.18090,0.34380,1.12300,0.33110,0.23110,0.49480,0.25930,0.16020,0.21960,0.21380,1.11470,0.24810,0.17250,0.27220,1.13390,0.25150,0.21310,0.36350,0.24930,0.12320,0.15360,0.15840,1.12810,0.15540,0.16600,0.16990,1.15580,0.17310,0.18770,0.16920,0.18800,0.23560,0.15400,0.16440,0.15940,1.12480,0.16080,0.17890,0.16680,1.11300,0.14260,0.46180,0.15830,0.21290,0.80640,0.16240,0.84370,1.11410,0.40330,0.16800,0.17910,1.11230,0.36510,0.36710,0.47220,0.17300,0.71730,0.14590,0.67470,1.11170,0.34980,0.14830,0.16560,1.12780,0.29600,0.29180,0.35390,0.08070,0.37370,0.08500,0.48800,0.12490,0.25280,0.14900,0.15360,0.14750,0.22750,0.12640,0.21740
8:00:34,0.32190,0.16810,0.30750,0.16540,0.41100,0.16850,0.43060,0.17710,0.40090,0.18740,0.63490,0.19840,0.26240,0.25940,0.26030,1.11420,0.34060,0.18240,0.34830,1.12140,0.33520,0.23320,0.50160,0.26330,0.16200,0.22190,0.21620,1.11330,0.25120,0.17370,0.27560,1.13390,0.25430,0.21490,0.36830,0.25280,0.12420,0.15530,0.15980,1.13090,0.15670,0.16730,0.17120,1.15700,0.17460,0.18920,0.17050,0.19060,0.23890,0.15520,0.16570,0.16080,1.12380,0.16210,0.18030,0.16810,1.11170,0.14410,0.46850,0.15980,0.21550,0.81560,0.16380,0.85310,1.11350,0.40900,0.16930,0.18070,1.11080,0.37030,0.37210,0.47940,0.17490,0.72640,0.14720,0.68410,1.11320,0.35460,0.14970,0.16700,1.12650,0.29990,0.29560,0.35860,0.08080,0.37900,0.08540,0.49500,0.12610,0.25600,0.15020,0.15490,0.14890,0.22990,0.12770,0.21970
8:10:34,0.32570,0.16920,0.31120,0.16640,0.41610,0.16940,0.43610,0.17820,0.40580,0.18850,0.64300,0.19960,0.26540,0.26220,0.26320,1.11220,0.34480,0.18370,0.35260,1.11970,0.33920,0.23530,0.50840,0.26680,0.16340,0.22400,0.21840,1.11200,0.25400,0.17500,0.27860,1.13390,0.25700,0.21670,0.37330,0.25600,0.12500,0.15670,0.16090,1.13320,0.15780,0.16850,0.17240,1.15940,0.17580,0.19090,0.17150,0.19290,0.24180,0.15620,0.16700,0.16200,1.12340,0.16320,0.18150,0.16920,1.11110,0.14540,0.47460,0.16080,0.21800,0.82460,0.16500,0.86170,1.11170,0.41450,0.17050,0.18220,1.10970,0.37510,0.37730,0.48620,0.17670,0.73520,0.14840,0.69300,1.11440,0.35940,0.15080,0.16840,1.12460,0.30370,0.29930,0.36330,0.08080,0.38380,0.08550,0.50170,0.12710,0.25900,0.15130,0.15600,0.15000,0.23230,0.12860,0.22200
8:20:34,0.32970,0.17050,0.31490,0.16780,0.42160,0.17060,0.44180,0.17960,0.41090,0.18990,0.65090,0.20060,0.26860,0.26520,0.26620,1.11100,0.34940,0.18500,0.35720,1.11910,0.34320,0.23740,0.51520,0.27060,0.16500,0.22640,0.22080,1.10960,0.25710,0.17620,0.28180,1.13340,0.25990,0.21870,0.37780,0.25950,0.12590,0.15830,0.16220,1.13470,0.15930,0.16980,0.17380,1.16050,0.17730,0.19250,0.17260,0.19540,0.24500,0.15750,0.16830,0.16330,1.12170,0.16430,0.18260,0.17060,1.10970,0.14750,0.48130,0.16210,0.22060,0.83310,0.16630,0.87030,1.11100,0.42010,0.17180,0.18360,1.10860,0.38010,0.38250,0.49320,0.17860,0.74390,0.14970,0.70180,1.11520,0.36410,0.15210,0.16980,1.12340,0.30760,0.30300,0.36790,0.08090,0.38880,0.08580,0.50840,0.12830,0.26210,0.15240,0.15720,0.15130,0.23490,0.12970,0.22450
8:30:34,0.33350,0.17160,0.31850,0.16880,0.42690,0.17170,0.44720,0.18080,0.41570,0.19090,0.65740,0.20150,0.27150,0.26800,0.26910,1.10940,0.35340,0.18630,0.36140,1.11840,0.34690,0.23950,0.52150,0.27410,0.16620,0.22850,0.22280,1.10790,0.26000,0.17730,0.28480,1.13310,0.26280,0.22040,0.38200,0.26280,0.12660,0.15960,0.16340,1.13630,0.16050,0.17100,0.17510,1.16130,0.17860,0.19380,0.17350,0.19760,0.24790,0.15850,0.16950,0.16460,1.12050,0.16540,0.18400,0.17180,1.10810,0.14820,0.48770,0.16320,0.22300,0.84140,0.16750,0.87830,1.10950,0.42560,0.17300,0.18500,1.10710,0.38500,0.38740,0.49980,0.18030,0.75220,0.15090,0.71060,1.11570,0.36870,0.15320,0.17110,1.12170,0.31130,0.30650,0.37260,0.08100,0.39370,0.08590,0.51510,0.12940,0.26520,0.15340,0.15830,0.15240,0.23730,0.13070,0.22690
8:40:34,0.33720,0.17250,0.32210,0.17010,0.43230,0.17270,0.45270,0.18210,0.42060,0.19220,0.66580,0.20270,0.27450,0.27100,0.27190,1.10840,0.35770,0.18760,0.36590,1.11710,0.35100,0.24150,0.52830,0.27800,0.16780,0.23060,0.22510,1.10740,0.26310,0.17840,0.28800,1.13230,0.26570,0.22220,0.38650,0.26620,0.12750,0.16120,0.16440,1.13730,0.16190,0.17230,0.17620,1.16240,0.17970,0.19530,0.17450,0.20000,0.25100,0.15950,0.17070,0.16570,1.11870,0.16660,0.18530,0.17310,1.10710,0.14950,0.49440,0.16460,0.22550,0.84970,0.16870,0.88650,1.10800,0.43100,0.17430,0.18640,1.10590,0.38990,0.39260,0.50660,0.18200,0.76050,0.15200,0.71920,1.11650,0.37330,0.15430,0.17240,1.12040,0.31520,0.31010,0.37730,0.08110,0.39890,0.08620,0.52180,0.13040,0.26820,0.15440,0.15940,0.15360,0.23980,0.13180,0.22920
8:50:34,0.34100,0.17340,0.32570,0.17120,0.43740,0.17380,0.45800,0.18340,0.42530,0.19340,0.67330,0.20320,0.27740,0.27370,0.27480,1.10730,0.36180,0.18900,0.37010,1.11620,0.35490,0.24350,0.53470,0.28150,0.16920,0.23300,0.22720,1.10440,0.26590,0.17980,0.29100,1.12890,0.26840,0.22400,0.39100,0.26940,0.12820,0.16250,0.16550,1.13860,0.16300,0.17340,0.17740,1.16180,0.18080,0.19670,0.17580,0.20230,0.25390,0.16050,0.17180,0.16720,1.11740,0.16770,0.18670,0.17450,1.10720,0.15090,0.50010,0.16570,0.22790,0.85740,0.17000,0.89420,1.10680,0.43630,0.17550,0.18790,1.10450,0.39460,0.39750,0.51310,0.18380,0.76850,0.15310,0.72760,1.11670,0.37800,0.15540,0.17360,1.11900,0.31880,0.31360,0.38200,0.08130,0.40360,0.08650,0.52820,0.13150,0.27110,0.15550,0.16050,0.15470,0.24210,0.13270,0.23160
9:00:34,0.34470,0.17440,0.32930,0.17230,0.44280,0.17480,0.46330,0.18450,0.43000,0.19440,0.68050,0.20460,0.28040,0.27660,0.27780,1.10590,0.36620,0.19020,0.37440,1.11420,0.35890,0.24550,0.54120,0.28510,0.17080,0.23500,0.22930,1.10720,0.26880,0.18080,0.29420,1.12790,0.27110,0.22570,0.39560,0.27250,0.12900,0.16400,0.16670,1.13920,0.16420,0.17460,0.17850,1.16260,0.18220,0.19810,0.17670,0.20480,0.25690,0.16170,0.17320,0.16830,1.11580,0.16890,0.18800,0.17570,1.10570,0.15220,0.50640,0.16690,0.23040,0.86520,0.17120,0.90180,1.10520,0.44160,0.17670,0.18920,1.10310,0.39940,0.40260,0.51950,0.18540,0.77640,0.15440,0.73580,1.11690,0.38260,0.15660,0.17480,1.11760,0.32260,0.31720,0.38640,0.08140,0.40850,0.08680,0.53450,0.13250,0.27420,0.15650,0.16160,0.15580,0.24470,0.13380,0.23390
9:10:34,0.34830,0.17540,0.33280,0.17340,0.44750,0.17550,0.46850,0.18560,0.43480,0.19550,0.68710,0.20570,0.28320,0.27920,0.28030,1.10410,0.37010,0.19130,0.37860,1.11390,0.36260,0.24750,0.54760,0.28850,0.17210,0.23710,0.23130,1.10220,0.27160,0.18180,0.29720,1.12570,0.27380,0.22730,0.39960,0.27520,0.12960,0.16530,0.16760,1.13980,0.16510,0.17560,0.17940,1.16290,0.18340,0.19960,0.17760,0.20670,0.25970,0.16260,0.17420,0.16950,1.11470,0.17010,0.18920,0.17680,1.10310,0.15330,0.51230,0.16790,0.23270,0.87230,0.17230,0.90900,1.10400,0.44680,0.17780,0.19050,1.10200,0.40420,0.40750,0.52580,0.18710,0.78400,0.15550,0.74380,1.11700,0.38710,0.15760,0.17590,1.11620,0.32630,0.32060,0.39100,0.08150,0.41330,0.08700,0.54080,0.13340,0.27700,0.15740,0.16250,0.15680,0.24670,0.13470,0.23610
9:20:34,0.35210,0.17650,0.33620,0.17450,0.45260,0.17670,0.47420,0.18700,0.43910,0.19660,0.69540,0.20700,0.28610,0.28200,0.28340,1.10300,0.37440,0.19250,0.38280,1.11160,0.36630,0.24940,0.55360,0.29220,0.17370,0.23930,0.23340,1.10140,0.27450,0.18310,0.30030,1.12710,0.27640,0.22900,0.40460,0.27840,0.13060,0.16680,0.16860,1.14070,0.16640,0.17680,0.18060,1.16330,0.18480,0.20110,0.17870,0.20920,0.26280,0.16360,0.17550,0.17070,1.11350,0.17130,0.19030,0.17800,1.10250,0.15470,0.51860,0.16920,0.23510,0.87970,0.17360,0.91600,1.10250,0.45220,0.17900,0.19190,1.10100,0.40900,0.41240,0.53250,0.18890,0.79180,0.15670,0.75190,1.11720,0.39160,0.15880,0.17710,1.11470,0.33010,0.32420,0.39560,0.08170,0.41840,0.08750,0.54720,0.13440,0.28000,0.15850,0.16360,0.15800,0.24920,0.13570,0.23850
9:30:34,0.35600,0.17740,0.33980,0.17580,0.45800,0.17750,0.47910,0.18800,0.44380,0.19770,0.70110,0.20780,0.28910,0.28470,0.28620,1.10160,0.37850,0.19380,0.38700,1.11140,0.37020,0.25140,0.56030,0.29570,0.17520,0.24150,0.23540,1.10200,0.27730,0.18430,0.30320,1.12460,0.27920,0.23070,0.40810,0.28160,0.13130,0.16830,0.16980,1.14080,0.16750,0.17800,0.18160,1.16340,0.18620,0.20240,0.17980,0.21130,0.26560,0.16470,0.17660,0.17200,1.11200,0.17240,0.19140,0.17930,1.10050,0.15630,0.52490,0.17030,0.23750,0.88670,0.17470,0.92310,1.10160,0.45740,0.18020,0.19310,1.09960,0.41360,0.41730,0.53870,0.19040,0.79900,0.15790,0.75960,1.11650,0.39600,0.15980,0.17840,1.11300,0.33360,0.32740,0.39990,0.08190,0.42300,0.08780,0.55340,0.13540,0.28290,0.15940,0.16470,0.15900,0.25140,0.13660,0.24070
9:40:34,0.35960,0.17840,0.34310,0.17680,0.46260,0.17830,0.48430,0.18910,0.44850,0.19880,0.70760,0.20850,0.29180,0.28740,0.28890,1.10010,0.38240,0.19490,0.39100,1.10950,0.37360,0.25330,0.56610,0.29950,0.17670,0.24340,0.23750,1.09910,0.27990,0.18540,0.30630,1.12180,0.28160,0.23250,0.41240,0.28460,0.13200,0.16960,0.17070,1.14110,0.16850,0.17880,0.18270,1.16220,0.18720,0.20380,0.18070,0.21340,0.26860,0.16550,0.17780,0.17300,1.11100,0.17330,0.19260,0.18050,1.10000,0.15710,0.53040,0.17140,0.24000,0.89340,0.17580,0.92970,1.09990,0.46240,0.18120,0.19450,1.09850,0.41820,0.42210,0.54490,0.19210,0.80610,0.15890,0.76720,1.11610,0.40030,0.16080,0.17950,1.11150,0.33730,0.33070,0.40440,0.08200,0.42770,0.08810,0.55940,0.13640,0.28570,0.16030,0.16580,0.16010,0.25370,0.13760,0.24290
9:50:34,0.36330,0.17950,0.34650,0.17790,0.46780,0.17940,0.48950,0.19050,0.45320,0.20000,0.71400,0.20940,0.29470,0.29020,0.29180,1.09900,0.38670,0.19620,0.39530,1.10810,0.37750,0.25530,0.57230,0.30310,0.17820,0.24560,0.23960,1.09840,0.28270,0.18660,0.30930,1.12360,0.28460,0.23410,0.41650,0.28770,0.13280,0.17100,0.17170,1.14060,0.16990,0.17970,0.18390,1.16220,0.18850,0.20510,0.18160,0.21570,0.27140,0.16660,0.17900,0.17430,1.10850,0.17450,0.19390,0.18180,1.09800,0.15830,0.53690,0.17260,0.24240,0.90000,0.17710,0.93610,1.09890,0.46750,0.18240,0.19590,1.09700,0.42290,0.42680,0.55120,0.19390,0.81310,0.16020,0.77490,1.11580,0.40510,0.16180,0.18070,1.11000,0.34100,0.33410,0.40880,0.08220,0.43250,0.08850,0.56540,0.13750,0.28860,0.16150,0.16690,0.16120,0.25600,0.13860,0.24510
10:00:34,0.36690,0.18030,0.34990,0.17880,0.47230,0.18030,0.49450,0.19170,0.45740,0.20090,0.72160,0.21040,0.29730,0.29280,0.29440,1.09800,0.39070,0.19730,0.39910,1.10800,0.38120,0.25700,0.57840,0.30650,0.17960,0.24750,0.24170,1.09630,0.28530,0.18760,0.31230,1.12100,0.28700,0.23560,0.42100,0.29060,0.13350,0.17230,0.17270,1.14090,0.17080,0.18070,0.18500,1.16250,0.18960,0.20640,0.18250,0.21780,0.27430,0.16750,0.18010,0.17530,1.10790,0.17550,0.19500,0.18300,1.09700,0.15940,0.54220,0.17360,0.24470,0.90630,0.17820,0.94220,1.09770,0.47260,0.18350,0.19710,1.09580,0.42720,0.43140,0.55730,0.19560,0.82010,0.16130,0.78210,1.11540,0.40940,0.16300,0.18190,1.10900,0.34460,0.33740,0.41310,0.08220,0.43700,0.08870,0.57140,0.13840,0.29140,0.16230,0.16790,0.16230,0.25820,0.13950,0.24740

