Corrected [600]
	1	2	3	4	5	6	7	8	9	10	11	12
A	0.37972	0.07865	0.10800	0.08015	0.15320	0.07815	0.18098	0.07815	0.35410	0.07809	0.20382	0.07759	Corrected [600]
B	0.29101	0.19121	0.10732	0.14314	0.15865	0.28503	0.19746	0.12532	0.27237	0.18321	0.20381	0.16397	Corrected [600]
C	0.20613	0.15467	0.10018	0.13074	0.12576	0.18980	0.15725	0.12491	0.17536	0.18062	0.17534	0.14497	Corrected [600]
D	0.07854	0.11159	0.07818	0.10768	0.07852	0.13370	0.07908	0.10193	0.07619	0.13155	0.07742	0.11697	Corrected [600]
E	0.17533	0.07770	0.14318	0.08057	0.23789	0.08033	0.29978	0.07969	0.28040	0.07756	0.14153	0.07673	Corrected [600]
F	0.14910	0.12966	0.12000	0.15296	0.19774	0.27156	0.17589	0.29553	0.21029	0.28286	0.11534	0.80770	Corrected [600]
G	0.10927	0.11207	0.09951	0.12690	0.12658	0.18932	0.13423	0.25746	0.13674	0.25317	0.09991	0.51699	Corrected [600]
H	0.10136	0.09420	0.07902	0.09862	0.08026	0.11480	0.07820	0.16246	0.07836	0.14861	0.07781	0.26639	Corrected [600]

