420

Time,A1,A2,A3,A4,A5,A6,A7,A8,A9,A10,A11,A12,B1,B2,B3,B4,B5,B6,B7,B8,B9,B10,B11,B12,C1,C2,C3,C4,C5,C6,C7,C8,C9,C10,C11,C12,D1,D2,D3,D4,D5,D6,D7,D8,D9,D10,D11,D12,E1,E2,E3,E4,E5,E6,E7,E8,E9,E10,E11,E12,F1,F2,F3,F4,F5,F6,F7,F8,F9,F10,F11,F12,G1,G2,G3,G4,G5,G6,G7,G8,G9,G10,G11,G12,H1,H2,H3,H4,H5,H6,H7,H8,H9,H10,H11,H12
0:00:09,0.22060,0.07740,0.07790,0.07760,0.07910,0.08330,0.07950,0.07800,0.08010,0.07850,0.07920,0.07830,0.18730,0.17350,0.07770,0.08550,0.07900,0.14460,0.07820,0.08480,0.07910,0.14050,0.07840,0.08340,0.14700,0.13280,0.07810,0.08340,0.07980,0.14390,0.07860,0.08250,0.07910,0.13110,0.07850,0.08270,0.07720,0.08740,0.07710,0.08040,0.07810,0.10930,0.07770,0.08000,0.07830,0.10810,0.07830,0.07980,0.07890,0.07700,0.07910,0.08170,0.07980,0.07890,0.07930,0.07860,0.08020,0.07880,0.07920,0.07900,0.07850,0.07870,0.07820,0.07920,0.07900,0.07930,0.07870,0.07960,0.07890,0.08160,0.07930,0.07980,0.07770,0.07810,0.07830,0.07900,0.07850,0.07870,0.07840,0.07880,0.07890,0.07970,0.07840,0.07870,0.07770,0.07740,0.07800,0.07760,0.07750,0.07850,0.07640,0.07840,0.07820,0.07770,0.07720,0.07920
0:01:49,0.27730,0.07720,0.07780,0.07760,0.07890,0.07800,0.07880,0.07800,0.07940,0.07830,0.07890,0.07810,0.22760,0.20180,0.07760,0.08810,0.07890,0.18560,0.07810,0.08740,0.07890,0.18250,0.07820,0.08710,0.17140,0.15780,0.07790,0.08530,0.07950,0.16100,0.07840,0.08390,0.07880,0.15870,0.07810,0.08460,0.07710,0.08970,0.07700,0.08110,0.07800,0.12210,0.07760,0.08070,0.07810,0.12220,0.07790,0.08080,0.07890,0.07690,0.07900,0.08150,0.07970,0.07870,0.07920,0.07850,0.08000,0.07860,0.07900,0.07880,0.07850,0.07830,0.07820,0.07930,0.07890,0.07910,0.07860,0.07910,0.07870,0.07990,0.07870,0.07990,0.07760,0.07810,0.07830,0.07900,0.07850,0.07860,0.07820,0.07880,0.07880,0.07950,0.07800,0.07880,0.07770,0.07730,0.07790,0.07740,0.07740,0.07840,0.07630,0.07820,0.07790,0.07740,0.07700,0.07920
0:03:29,0.33970,0.07710,0.07770,0.07740,0.07870,0.07780,0.07870,0.07790,0.07930,0.07820,0.07880,0.07790,0.26820,0.23240,0.07750,0.09140,0.07840,0.22270,0.07800,0.09040,0.07880,0.22170,0.07810,0.09000,0.19610,0.18010,0.07780,0.08700,0.07930,0.18290,0.07830,0.08590,0.07860,0.18830,0.07780,0.08680,0.07700,0.09300,0.07680,0.08190,0.07790,0.13540,0.07750,0.08150,0.07790,0.13670,0.07770,0.08160,0.07890,0.07680,0.07890,0.08150,0.07960,0.07870,0.07900,0.07830,0.08020,0.07850,0.07910,0.07860,0.07850,0.07900,0.07810,0.07920,0.07890,0.07900,0.07860,0.07890,0.07870,0.07990,0.07850,0.08020,0.07760,0.07810,0.07820,0.07890,0.07840,0.07850,0.07800,0.07870,0.07870,0.07950,0.07800,0.07900,0.07760,0.07720,0.07780,0.07740,0.07730,0.07830,0.07620,0.07810,0.07770,0.07750,0.07690,0.07930
0:05:09,0.40120,0.07700,0.07760,0.07740,0.07860,0.07780,0.07860,0.07780,0.07930,0.07800,0.07870,0.07780,0.30970,0.26560,0.07760,0.09430,0.07830,0.25750,0.07800,0.09350,0.07880,0.26170,0.07810,0.09330,0.22090,0.20230,0.08070,0.08880,0.07920,0.20510,0.07820,0.08780,0.07850,0.21850,0.07770,0.08920,0.07700,0.09660,0.07680,0.08290,0.07780,0.14840,0.07750,0.08230,0.07780,0.15240,0.07760,0.08270,0.07890,0.07680,0.07880,0.08160,0.07970,0.07850,0.07900,0.07830,0.08050,0.07840,0.07890,0.07860,0.07850,0.07870,0.07800,0.07940,0.07900,0.07900,0.07840,0.07900,0.07870,0.08000,0.07830,0.08060,0.07760,0.07810,0.07810,0.07890,0.07840,0.07840,0.07800,0.07860,0.07860,0.07950,0.07780,0.07920,0.07750,0.07720,0.07780,0.07740,0.07720,0.07830,0.07610,0.07810,0.07760,0.07740,0.07680,0.07920
0:06:49,0.46080,0.07690,0.07780,0.07740,0.07850,0.07780,0.07860,0.07780,0.07910,0.07800,0.07870,0.07770,0.35240,0.29840,0.07750,0.09760,0.07820,0.29070,0.07810,0.09680,0.07890,0.30100,0.07800,0.09700,0.24540,0.22570,0.07770,0.09060,0.07910,0.22910,0.07810,0.09000,0.07830,0.25020,0.07760,0.09160,0.07700,0.10040,0.07680,0.08390,0.07770,0.16150,0.07740,0.08330,0.07760,0.16750,0.07760,0.08370,0.07900,0.07670,0.07880,0.08150,0.07980,0.07840,0.07890,0.07820,0.08060,0.07830,0.07880,0.07850,0.07840,0.07860,0.07800,0.07940,0.07900,0.07890,0.07860,0.07900,0.07870,0.08000,0.07830,0.08120,0.07770,0.07810,0.07800,0.07890,0.07840,0.07840,0.07800,0.07870,0.07860,0.07950,0.07780,0.07950,0.07740,0.07710,0.07770,0.07740,0.07720,0.07830,0.07600,0.07810,0.07750,0.07740,0.07670,0.07930
0:08:29,0.51820,0.07680,0.07780,0.07730,0.07830,0.07770,0.07870,0.07770,0.07900,0.07790,0.07860,0.07770,0.39550,0.33130,0.07750,0.10050,0.07820,0.32360,0.07810,0.10010,0.07880,0.33940,0.07800,0.10050,0.26900,0.25000,0.07760,0.09270,0.07910,0.25450,0.07800,0.09230,0.07820,0.28200,0.07760,0.09420,0.07700,0.10450,0.07680,0.08490,0.07770,0.17490,0.07730,0.08420,0.07760,0.18260,0.07760,0.08500,0.07910,0.07670,0.07880,0.08120,0.07990,0.07840,0.07880,0.07820,0.08080,0.07820,0.07900,0.07840,0.07840,0.07860,0.07790,0.07940,0.07910,0.07880,0.07850,0.07910,0.07860,0.08010,0.07840,0.08160,0.07770,0.07800,0.07800,0.07890,0.07830,0.07840,0.07790,0.07860,0.07860,0.07960,0.07790,0.07980,0.07730,0.07710,0.07770,0.07740,0.07710,0.07820,0.07590,0.07810,0.07750,0.07750,0.07670,0.07950
0:10:09,0.57430,0.07680,0.07790,0.07730,0.07860,0.07770,0.07870,0.07770,0.07900,0.07780,0.07870,0.07770,0.43710,0.36480,0.07750,0.10380,0.07820,0.36030,0.07810,0.10340,0.07880,0.37960,0.07800,0.10440,0.29320,0.27590,0.07770,0.09510,0.07900,0.28060,0.07790,0.09480,0.07820,0.31310,0.07760,0.09680,0.07710,0.10870,0.07680,0.08590,0.07770,0.18840,0.07730,0.08510,0.07760,0.19770,0.07760,0.08640,0.07930,0.07670,0.07880,0.08130,0.08010,0.07840,0.07890,0.07810,0.08090,0.07820,0.07920,0.07850,0.07850,0.07860,0.07790,0.07950,0.07930,0.07890,0.07850,0.07920,0.07870,0.08030,0.07850,0.08200,0.07760,0.07810,0.07800,0.07900,0.07840,0.07840,0.07780,0.07860,0.07860,0.07980,0.07790,0.08020,0.07730,0.07710,0.07770,0.07740,0.07710,0.07820,0.07590,0.07820,0.07740,0.07760,0.07670,0.07960
0:11:49,0.62780,0.07670,0.07790,0.07720,0.07850,0.07750,0.07870,0.07770,0.07890,0.07780,0.07870,0.07760,0.47670,0.39650,0.07750,0.10710,0.07820,0.40030,0.07800,0.10660,0.07880,0.41920,0.07810,0.10810,0.31800,0.30240,0.07760,0.09720,0.07900,0.30750,0.07790,0.09710,0.07800,0.34410,0.07750,0.09940,0.07700,0.11270,0.07670,0.08680,0.07750,0.20220,0.07730,0.08610,0.07740,0.21250,0.07760,0.08760,0.07940,0.07660,0.07880,0.08120,0.08030,0.07820,0.07890,0.07810,0.08090,0.07810,0.07930,0.07850,0.07860,0.07860,0.07790,0.07950,0.07930,0.07900,0.07850,0.07920,0.07900,0.08030,0.07870,0.08240,0.07770,0.07810,0.07790,0.07900,0.07840,0.07840,0.07770,0.07870,0.07870,0.07980,0.07810,0.08050,0.07710,0.07710,0.07780,0.07730,0.07710,0.07820,0.07580,0.07810,0.07740,0.07770,0.07660,0.07970
0:13:29,0.67850,0.07660,0.07800,0.07710,0.07830,0.07760,0.07870,0.07760,0.07900,0.07770,0.07870,0.07750,0.51610,0.42860,0.07750,0.11040,0.07810,0.43850,0.07800,0.11000,0.07870,0.46030,0.07810,0.11210,0.34260,0.32800,0.07750,0.09950,0.07890,0.33440,0.07780,0.09940,0.07800,0.37590,0.07750,0.10210,0.07700,0.11670,0.07670,0.08790,0.07750,0.21610,0.07730,0.08720,0.07740,0.22800,0.07760,0.08900,0.07950,0.07660,0.07870,0.08120,0.08040,0.07820,0.07890,0.07800,0.08110,0.07800,0.07950,0.07840,0.07860,0.07880,0.07790,0.07960,0.07940,0.07900,0.07860,0.07930,0.07900,0.08040,0.07870,0.08280,0.07770,0.07810,0.07790,0.07910,0.07850,0.07840,0.07760,0.07870,0.07860,0.07990,0.07810,0.08090,0.07700,0.07700,0.07770,0.07730,0.07700,0.07820,0.07570,0.07810,0.07730,0.07780,0.07660,0.07980
0:15:09,0.72620,0.07660,0.07820,0.07720,0.07830,0.07760,0.07880,0.07760,0.07900,0.07770,0.07890,0.07750,0.55490,0.46050,0.07760,0.11390,0.07810,0.47530,0.07800,0.11340,0.07880,0.50120,0.07830,0.11610,0.36750,0.35420,0.07760,0.10180,0.07890,0.36040,0.07780,0.10180,0.07800,0.40760,0.07760,0.10480,0.07690,0.12090,0.07670,0.08910,0.07750,0.23010,0.07720,0.08830,0.07740,0.24360,0.07770,0.09030,0.07980,0.07660,0.07870,0.08110,0.08070,0.07820,0.07900,0.07810,0.08130,0.07810,0.07960,0.07850,0.07880,0.07870,0.07800,0.07980,0.07940,0.07900,0.07860,0.07940,0.07910,0.08050,0.07890,0.08320,0.07780,0.07820,0.07800,0.07920,0.07850,0.07840,0.07760,0.07880,0.07860,0.08010,0.07840,0.08130,0.07700,0.07700,0.07780,0.07750,0.07700,0.07820,0.07580,0.07810,0.07730,0.07790,0.07660,0.08000
0:16:49,0.77050,0.07660,0.07840,0.07720,0.07840,0.07830,0.07900,0.07770,0.07900,0.07780,0.07910,0.07770,0.59260,0.49160,0.07770,0.11730,0.07810,0.51190,0.07810,0.11690,0.07890,0.54180,0.07840,0.12020,0.39220,0.37960,0.07770,0.10420,0.07900,0.38590,0.07790,0.10410,0.07800,0.43890,0.07770,0.10760,0.07700,0.12520,0.07680,0.09020,0.07760,0.24420,0.07730,0.08950,0.07740,0.25940,0.07790,0.09180,0.08000,0.07670,0.07890,0.08120,0.08090,0.07830,0.07920,0.07810,0.08160,0.07820,0.07970,0.07860,0.07890,0.07910,0.07810,0.08000,0.07960,0.07910,0.07870,0.07970,0.07930,0.08080,0.07910,0.08390,0.07790,0.07820,0.07810,0.07920,0.07860,0.07850,0.07790,0.07890,0.07880,0.08020,0.07850,0.08170,0.07700,0.07710,0.07790,0.07750,0.07710,0.07850,0.07570,0.07830,0.07740,0.07820,0.07670,0.08020
0:18:29,0.81140,0.07660,0.07840,0.07710,0.07840,0.07800,0.07890,0.07760,0.07890,0.07770,0.07920,0.07770,0.62940,0.52220,0.07780,0.12050,0.07820,0.54710,0.07810,0.12030,0.07870,0.58020,0.07830,0.12410,0.41650,0.40430,0.07760,0.10660,0.07890,0.41070,0.07780,0.10640,0.07800,0.46930,0.07770,0.11030,0.07690,0.12970,0.07670,0.09130,0.07760,0.25790,0.07720,0.09050,0.07730,0.27700,0.07780,0.09300,0.08010,0.07660,0.07890,0.08100,0.08110,0.07820,0.07920,0.07800,0.08190,0.07820,0.07970,0.07850,0.07900,0.07910,0.07810,0.08000,0.07970,0.07910,0.07880,0.07970,0.07940,0.08090,0.07920,0.08430,0.07790,0.07820,0.07790,0.07930,0.07850,0.07850,0.07780,0.07900,0.07870,0.08040,0.07860,0.08200,0.07690,0.07690,0.07780,0.07740,0.07700,0.07830,0.07570,0.07820,0.07730,0.07820,0.07670,0.08020
0:20:09,0.84810,0.07660,0.07860,0.07710,0.07840,0.07830,0.07890,0.07760,0.07880,0.07770,0.07930,0.07770,0.66660,0.55270,0.07770,0.12400,0.07820,0.58230,0.07820,0.12380,0.07880,0.61510,0.07840,0.12800,0.43990,0.42850,0.07760,0.10890,0.07890,0.43580,0.07780,0.10880,0.07800,0.49880,0.07760,0.11300,0.07680,0.13430,0.07670,0.09240,0.07750,0.27150,0.07710,0.09150,0.07730,0.29480,0.07800,0.09430,0.08020,0.07660,0.07890,0.08120,0.08110,0.07820,0.07930,0.07800,0.08190,0.07810,0.07980,0.07860,0.07900,0.07900,0.07800,0.08010,0.07980,0.07910,0.07880,0.07980,0.07960,0.08100,0.07930,0.08470,0.07800,0.07830,0.07790,0.07930,0.07860,0.07850,0.07780,0.07900,0.07870,0.08040,0.07870,0.08230,0.07680,0.07680,0.07780,0.07740,0.07700,0.07830,0.07560,0.07820,0.07720,0.07820,0.07680,0.08030
0:21:49,0.88150,0.07650,0.07860,0.07710,0.07840,0.07980,0.07900,0.07770,0.07870,0.07780,0.07950,0.07770,0.70250,0.58170,0.07780,0.12750,0.07820,0.61580,0.07830,0.12730,0.07880,0.64770,0.07870,0.13190,0.46240,0.45150,0.07760,0.11120,0.07890,0.46000,0.07770,0.11110,0.07800,0.52710,0.07770,0.11580,0.07690,0.13920,0.07670,0.09350,0.07750,0.28490,0.07710,0.09260,0.07730,0.31200,0.07800,0.09570,0.08040,0.07660,0.07890,0.08110,0.08130,0.07820,0.07930,0.07800,0.08220,0.07820,0.08000,0.07860,0.07900,0.07910,0.07800,0.08020,0.07990,0.07920,0.07890,0.08000,0.07970,0.08110,0.07950,0.08530,0.07800,0.07830,0.07800,0.07940,0.07860,0.07840,0.07780,0.07910,0.07880,0.08050,0.07880,0.08270,0.07680,0.07690,0.07780,0.07740,0.07700,0.07830,0.07570,0.07830,0.07730,0.07830,0.07680,0.08040
0:23:29,0.91110,0.07660,0.07870,0.07710,0.07850,0.08200,0.07910,0.07770,0.07880,0.07780,0.07960,0.07790,0.73630,0.61020,0.07790,0.13110,0.07830,0.64960,0.07830,0.13090,0.07890,0.68040,0.07900,0.13590,0.48470,0.47450,0.07760,0.11350,0.07900,0.48420,0.07790,0.11350,0.07810,0.55700,0.07780,0.11860,0.07690,0.14410,0.07670,0.09470,0.07760,0.29830,0.07720,0.09370,0.07730,0.32880,0.07810,0.09710,0.08070,0.07670,0.07900,0.08130,0.08160,0.07820,0.07950,0.07810,0.08250,0.07830,0.08020,0.07870,0.07910,0.07920,0.07810,0.08040,0.08000,0.07920,0.07880,0.08010,0.08000,0.08140,0.07960,0.08590,0.07810,0.07840,0.07800,0.07940,0.07880,0.07860,0.07790,0.07920,0.07890,0.08070,0.07890,0.08310,0.07680,0.07690,0.07820,0.07750,0.07710,0.07840,0.07570,0.07840,0.07720,0.07840,0.07690,0.08050
0:25:09,0.93750,0.07660,0.07880,0.07710,0.07850,0.08190,0.07930,0.07780,0.07890,0.07790,0.07980,0.07790,0.76710,0.63710,0.07800,0.13470,0.07840,0.68080,0.07860,0.13450,0.07910,0.71020,0.07930,0.13980,0.50660,0.49620,0.07770,0.11590,0.07910,0.50730,0.07800,0.11590,0.07820,0.58170,0.07800,0.12140,0.07700,0.14910,0.07680,0.09590,0.07760,0.31160,0.07730,0.09490,0.07740,0.34510,0.07820,0.09850,0.08090,0.07680,0.07910,0.08140,0.08180,0.07830,0.07950,0.07820,0.08270,0.07840,0.08050,0.07880,0.07930,0.07940,0.07820,0.08060,0.08020,0.07930,0.07890,0.08030,0.08010,0.08150,0.07980,0.08640,0.07820,0.07850,0.07810,0.07960,0.07890,0.07870,0.07790,0.07930,0.07910,0.08080,0.07910,0.08360,0.07680,0.07690,0.07880,0.07750,0.07720,0.07840,0.07580,0.07870,0.07730,0.07880,0.07710,0.08070
0:26:49,0.95990,0.07670,0.07890,0.07710,0.07850,0.08150,0.07940,0.07790,0.07920,0.07790,0.08010,0.07810,0.79560,0.66280,0.07810,0.13830,0.07850,0.71060,0.07870,0.13810,0.07940,0.73970,0.07970,0.14370,0.52810,0.51750,0.07780,0.11820,0.07910,0.53060,0.07810,0.11840,0.07830,0.60920,0.07810,0.12420,0.07700,0.15370,0.07690,0.09710,0.07770,0.32470,0.07740,0.09600,0.07740,0.36040,0.07840,0.09980,0.08110,0.07690,0.07910,0.08140,0.08190,0.07830,0.07960,0.07830,0.08300,0.07840,0.08060,0.07890,0.07940,0.07930,0.07820,0.08080,0.08040,0.07940,0.07900,0.08050,0.08040,0.08170,0.07990,0.08690,0.07830,0.07850,0.07810,0.07960,0.07890,0.07880,0.07800,0.07960,0.07910,0.08100,0.07930,0.08400,0.07670,0.07690,0.07940,0.07750,0.07720,0.07840,0.07590,0.07850,0.07730,0.07890,0.07720,0.08080
0:28:29,0.97910,0.07670,0.07900,0.07710,0.07860,0.08300,0.07950,0.07790,0.07950,0.07790,0.08020,0.07820,0.82180,0.68650,0.07820,0.14170,0.07850,0.73790,0.07870,0.14160,0.07940,0.76700,0.08000,0.14760,0.54910,0.53820,0.07780,0.12060,0.07920,0.55310,0.07820,0.12090,0.07840,0.63360,0.07840,0.12690,0.07690,0.15820,0.07700,0.09820,0.07770,0.33780,0.07750,0.09710,0.07750,0.37520,0.07850,0.10110,0.08130,0.07690,0.07910,0.08140,0.08220,0.07840,0.07970,0.07830,0.08320,0.07860,0.08090,0.07890,0.07940,0.07940,0.07820,0.08090,0.08050,0.07940,0.07910,0.08060,0.08060,0.08180,0.07980,0.08750,0.07830,0.07860,0.07820,0.07960,0.07900,0.07880,0.07810,0.07970,0.07930,0.08100,0.07950,0.08450,0.07670,0.07700,0.07970,0.07750,0.07730,0.07840,0.07580,0.07860,0.07720,0.07900,0.07730,0.08080
0:30:09,0.99610,0.07660,0.07900,0.07710,0.07850,0.08470,0.07960,0.07790,0.07950,0.07790,0.08050,0.07830,0.84670,0.70960,0.07820,0.14530,0.07850,0.76310,0.07880,0.14520,0.07950,0.79360,0.08030,0.15140,0.56950,0.55810,0.07770,0.12290,0.07920,0.57500,0.07830,0.12320,0.07850,0.65900,0.07850,0.12960,0.07690,0.16250,0.07690,0.09920,0.07780,0.35070,0.07750,0.09820,0.07750,0.38920,0.07850,0.10240,0.08140,0.07690,0.07920,0.08140,0.08240,0.07830,0.07980,0.07840,0.08350,0.07860,0.08090,0.07900,0.07940,0.07930,0.07820,0.08100,0.08060,0.07940,0.07910,0.08070,0.08070,0.08180,0.07990,0.08810,0.07820,0.07870,0.07810,0.07980,0.07910,0.07890,0.07810,0.07970,0.07930,0.08110,0.07950,0.08470,0.07660,0.07690,0.07970,0.07750,0.07720,0.07830,0.07580,0.07860,0.07720,0.07910,0.07730,0.08090
0:31:49,1.01030,0.07690,0.07920,0.07710,0.07870,0.08490,0.07980,0.07810,0.07990,0.07810,0.08090,0.07860,0.86980,0.73120,0.07850,0.14900,0.07880,0.78720,0.07910,0.14890,0.07980,0.81750,0.08100,0.15540,0.58870,0.57870,0.07780,0.12540,0.07940,0.59640,0.07850,0.12580,0.07870,0.67890,0.07900,0.13250,0.07710,0.16660,0.07710,0.10060,0.07800,0.36380,0.07760,0.09950,0.07770,0.40350,0.07870,0.10390,0.08170,0.07700,0.07940,0.08150,0.08280,0.07850,0.08000,0.07850,0.08390,0.07890,0.08120,0.07920,0.07960,0.07960,0.07840,0.08130,0.08090,0.07960,0.07920,0.08100,0.08100,0.08210,0.08030,0.08870,0.07840,0.07890,0.07830,0.08000,0.07930,0.07900,0.07820,0.08000,0.07950,0.08130,0.07970,0.08530,0.07670,0.07700,0.07990,0.07760,0.07730,0.07850,0.07590,0.07880,0.07730,0.07930,0.07760,0.08110
0:33:29,1.02140,0.07700,0.07930,0.07730,0.07880,0.08510,0.08000,0.07820,0.08030,0.07820,0.08130,0.07880,0.89220,0.75130,0.07870,0.15260,0.07890,0.80980,0.07930,0.15260,0.08010,0.84110,0.08170,0.15930,0.60810,0.59800,0.07800,0.12780,0.07950,0.61740,0.07880,0.12840,0.07900,0.70120,0.07940,0.13520,0.07720,0.17190,0.07720,0.10180,0.07820,0.37660,0.07780,0.10070,0.07800,0.41770,0.07890,0.10520,0.08200,0.07710,0.07950,0.08170,0.08310,0.07870,0.08020,0.07880,0.08430,0.07920,0.08140,0.07940,0.07970,0.07970,0.07860,0.08160,0.08120,0.07980,0.07940,0.08120,0.08130,0.08230,0.08030,0.08940,0.07860,0.07920,0.07840,0.08010,0.07940,0.07920,0.07840,0.08020,0.07970,0.08150,0.07990,0.08580,0.07670,0.07700,0.07990,0.07770,0.07750,0.07860,0.07600,0.07890,0.07730,0.07950,0.07780,0.08120
0:35:09,1.03120,0.07690,0.07930,0.07720,0.07880,0.08500,0.08000,0.07840,0.08030,0.07820,0.08170,0.07910,0.91160,0.77020,0.07890,0.15620,0.07900,0.83050,0.07950,0.15630,0.08040,0.86200,0.08260,0.16310,0.62620,0.61760,0.07800,0.13020,0.07960,0.63760,0.07880,0.13080,0.07910,0.71880,0.07970,0.13780,0.07720,0.17820,0.07720,0.10290,0.07830,0.38920,0.07800,0.10190,0.07810,0.43190,0.07900,0.10660,0.08220,0.07720,0.07960,0.08180,0.08340,0.07870,0.08030,0.07890,0.08460,0.07940,0.08160,0.07940,0.07980,0.07960,0.07860,0.08180,0.08140,0.08000,0.07950,0.08140,0.08160,0.08240,0.08040,0.09000,0.07860,0.07940,0.07840,0.08020,0.07940,0.07930,0.07850,0.08040,0.07990,0.08160,0.08000,0.08630,0.07680,0.07700,0.07960,0.07770,0.07750,0.07850,0.07590,0.07900,0.07730,0.07960,0.07790,0.08130
0:36:49,1.03900,0.07700,0.07950,0.07730,0.07890,0.08540,0.08020,0.07860,0.08070,0.07840,0.08220,0.07940,0.92940,0.78860,0.07920,0.15990,0.07930,0.84990,0.07990,0.16010,0.08080,0.88150,0.08360,0.16710,0.64400,0.63620,0.07810,0.13270,0.07980,0.65770,0.07900,0.13360,0.07940,0.73620,0.08010,0.14060,0.07730,0.18530,0.07750,0.10420,0.07850,0.40200,0.07830,0.10320,0.07840,0.44640,0.07930,0.10790,0.08250,0.07730,0.07980,0.08210,0.08380,0.07900,0.08070,0.07920,0.08520,0.07970,0.08170,0.07960,0.08000,0.08000,0.07880,0.08210,0.08170,0.08030,0.07970,0.08170,0.08190,0.08250,0.08060,0.09060,0.07880,0.07970,0.07860,0.08040,0.07970,0.07950,0.07870,0.08070,0.08010,0.08180,0.08020,0.08670,0.07710,0.07710,0.07930,0.07780,0.07770,0.07880,0.07600,0.07920,0.07740,0.07980,0.07810,0.08150
0:38:29,1.04430,0.07710,0.07960,0.07740,0.07900,0.08560,0.08040,0.07890,0.08100,0.07860,0.08280,0.07970,0.94650,0.80600,0.07930,0.16360,0.07950,0.86830,0.08030,0.16380,0.08120,0.89810,0.08490,0.17090,0.66110,0.65410,0.07830,0.13500,0.08000,0.67670,0.07930,0.13620,0.07970,0.75440,0.08090,0.14320,0.07730,0.19190,0.07760,0.10540,0.07880,0.41430,0.07860,0.10440,0.07870,0.46070,0.07940,0.10920,0.08280,0.07760,0.07990,0.08210,0.08420,0.07920,0.08090,0.07950,0.08560,0.08010,0.08190,0.07970,0.08000,0.08020,0.07880,0.08250,0.08200,0.08050,0.08000,0.08200,0.08220,0.08270,0.08070,0.09120,0.07890,0.07980,0.07850,0.08050,0.07990,0.07960,0.07890,0.08090,0.08030,0.08190,0.08030,0.08720,0.07730,0.07710,0.07890,0.07790,0.07770,0.07880,0.07610,0.07930,0.07740,0.07990,0.07820,0.08160
0:40:09,1.04850,0.07710,0.07970,0.07740,0.07900,0.08520,0.08060,0.07910,0.08130,0.07880,0.08350,0.08020,0.96120,0.82200,0.07960,0.16720,0.07980,0.88460,0.08060,0.16760,0.08160,0.91460,0.08580,0.17470,0.67730,0.67240,0.07830,0.13730,0.08030,0.69520,0.07950,0.13880,0.08010,0.77320,0.08160,0.14590,0.07740,0.19870,0.07780,0.10770,0.07910,0.42690,0.07890,0.10580,0.07910,0.47500,0.07950,0.11050,0.08310,0.07770,0.08000,0.08230,0.08460,0.07930,0.08120,0.07980,0.08610,0.08050,0.08200,0.07990,0.08010,0.08040,0.07900,0.08280,0.08240,0.08080,0.08020,0.08220,0.08260,0.08280,0.08080,0.09180,0.07890,0.08000,0.07860,0.08070,0.08000,0.07980,0.07900,0.08120,0.08050,0.08200,0.08050,0.08760,0.07760,0.07710,0.07840,0.07790,0.07780,0.07890,0.07610,0.07940,0.07740,0.07990,0.07840,0.08170
0:41:49,1.05200,0.07720,0.07980,0.07750,0.07910,0.08530,0.08070,0.07930,0.08150,0.07890,0.08420,0.08060,0.97400,0.83790,0.07970,0.17080,0.08000,0.90040,0.08100,0.17130,0.08220,0.92920,0.08680,0.17860,0.69340,0.68950,0.07840,0.13970,0.08050,0.71320,0.07980,0.14140,0.08060,0.79130,0.08240,0.14850,0.07750,0.20480,0.07800,0.10890,0.07950,0.43910,0.07920,0.10710,0.07950,0.48900,0.07980,0.11170,0.08330,0.07790,0.08010,0.08260,0.08500,0.07960,0.08150,0.08020,0.08660,0.08080,0.08210,0.08000,0.08030,0.08050,0.07910,0.08310,0.08270,0.08110,0.08050,0.08250,0.08300,0.08290,0.08110,0.09250,0.07910,0.08030,0.07870,0.08080,0.08020,0.08000,0.07920,0.08150,0.08070,0.08210,0.08060,0.08820,0.07770,0.07710,0.07810,0.07800,0.07800,0.07900,0.07610,0.07960,0.07740,0.08010,0.07860,0.08180
0:43:29,1.05340,0.07730,0.08000,0.07760,0.07920,0.08580,0.08100,0.07970,0.08200,0.07910,0.08510,0.08120,0.98490,0.85220,0.07990,0.17450,0.08030,0.91430,0.08150,0.17520,0.08290,0.94340,0.08780,0.18250,0.70940,0.70650,0.07860,0.14200,0.08090,0.73080,0.08010,0.14410,0.08110,0.80880,0.08340,0.15120,0.07760,0.21080,0.07820,0.11020,0.07990,0.45110,0.07970,0.10860,0.08020,0.50290,0.08000,0.11300,0.08370,0.07810,0.08030,0.08310,0.08560,0.07990,0.08180,0.08070,0.08710,0.08140,0.08240,0.08010,0.08040,0.08070,0.07920,0.08350,0.08310,0.08140,0.08090,0.08300,0.08350,0.08300,0.08110,0.09330,0.07920,0.08040,0.07890,0.08100,0.08050,0.08020,0.07940,0.08180,0.08100,0.08230,0.08070,0.08870,0.07770,0.07710,0.07800,0.07810,0.07810,0.07910,0.07630,0.07970,0.07750,0.08040,0.07880,0.08200
0:45:09,1.05410,0.07740,0.08020,0.07760,0.07930,0.08490,0.08120,0.08000,0.08240,0.07950,0.08600,0.08200,0.99460,0.86550,0.08000,0.17820,0.08070,0.92780,0.08220,0.17920,0.08370,0.95560,0.08900,0.18670,0.72440,0.72330,0.07880,0.14450,0.08120,0.74730,0.08050,0.14690,0.08180,0.82530,0.08440,0.15390,0.07770,0.21640,0.07840,0.11150,0.08040,0.46320,0.08020,0.11010,0.08100,0.51710,0.08020,0.11420,0.08400,0.07840,0.08050,0.08330,0.08620,0.08020,0.08210,0.08120,0.08770,0.08220,0.08270,0.08040,0.08050,0.08090,0.07940,0.08400,0.08360,0.08180,0.08120,0.08330,0.08390,0.08330,0.08120,0.09400,0.07930,0.08070,0.07900,0.08130,0.08070,0.08040,0.07970,0.08210,0.08130,0.08240,0.08080,0.08910,0.07750,0.07710,0.07800,0.07820,0.07820,0.07920,0.07640,0.08000,0.07760,0.08040,0.07900,0.08210
0:46:49,1.05470,0.07750,0.08040,0.07770,0.07940,0.08420,0.08150,0.08050,0.08290,0.07970,0.08700,0.08270,1.00280,0.87830,0.08020,0.18190,0.08110,0.94020,0.08300,0.18310,0.08460,0.96750,0.09030,0.19080,0.73940,0.73920,0.07890,0.14690,0.08170,0.76370,0.08100,0.14970,0.08260,0.84040,0.08550,0.15650,0.07780,0.22200,0.07860,0.11290,0.08090,0.47530,0.08080,0.11170,0.08180,0.53090,0.08040,0.11550,0.08430,0.07870,0.08080,0.08370,0.08670,0.08070,0.08250,0.08180,0.08830,0.08290,0.08260,0.08050,0.08070,0.08120,0.07960,0.08450,0.08410,0.08220,0.08160,0.08370,0.08440,0.08340,0.08140,0.09460,0.07950,0.08090,0.07910,0.08140,0.08090,0.08070,0.07990,0.08240,0.08160,0.08260,0.08100,0.08970,0.07750,0.07720,0.07810,0.07830,0.07840,0.07930,0.07640,0.08010,0.07760,0.08050,0.07920,0.08220
0:48:29,1.05410,0.07770,0.08060,0.07780,0.07950,0.08300,0.08180,0.08110,0.08340,0.08000,0.08800,0.08350,1.00990,0.89030,0.08040,0.18570,0.08160,0.95200,0.08380,0.18720,0.08550,0.97720,0.09150,0.19500,0.75370,0.75380,0.07900,0.14940,0.08220,0.77970,0.08150,0.15260,0.08350,0.85500,0.08660,0.15930,0.07790,0.22760,0.07890,0.11420,0.08160,0.48750,0.08160,0.11340,0.08290,0.54470,0.08070,0.11680,0.08460,0.07900,0.08100,0.08420,0.08740,0.08110,0.08300,0.08260,0.08910,0.08380,0.08290,0.08080,0.08080,0.08150,0.07980,0.08500,0.08460,0.08270,0.08200,0.08420,0.08500,0.08360,0.08160,0.09540,0.07960,0.08120,0.07930,0.08170,0.08130,0.08100,0.08020,0.08290,0.08200,0.08270,0.08120,0.09040,0.07760,0.07710,0.07820,0.07840,0.07860,0.07950,0.07650,0.08040,0.07770,0.08080,0.07930,0.08240
0:50:09,1.05380,0.07790,0.08090,0.07790,0.07970,0.08460,0.08210,0.08170,0.08410,0.08040,0.08910,0.08440,1.01650,0.90090,0.08060,0.18960,0.08220,0.96220,0.08470,0.19140,0.08640,0.98690,0.09270,0.19910,0.76740,0.76870,0.07920,0.15190,0.08280,0.79450,0.08230,0.15560,0.08450,0.86870,0.08790,0.16180,0.07800,0.23310,0.07910,0.11560,0.08230,0.49980,0.08250,0.11520,0.08380,0.55830,0.08100,0.11800,0.08510,0.07940,0.08120,0.08470,0.08810,0.08160,0.08340,0.08370,0.08980,0.08460,0.08300,0.08100,0.08090,0.08180,0.08000,0.08550,0.08510,0.08320,0.08240,0.08470,0.08540,0.08380,0.08170,0.09630,0.07980,0.08140,0.07940,0.08190,0.08150,0.08120,0.08050,0.08320,0.08230,0.08280,0.08130,0.09070,0.07770,0.07720,0.07840,0.07850,0.07880,0.07970,0.07670,0.08060,0.07780,0.08070,0.07960,0.08250
0:51:49,1.05270,0.07810,0.08120,0.07810,0.07980,0.08380,0.08250,0.08240,0.08480,0.08070,0.09010,0.08540,1.02230,0.91150,0.08080,0.19320,0.08280,0.97270,0.08560,0.19560,0.08730,0.99340,0.09380,0.20320,0.78050,0.78260,0.07950,0.15430,0.08340,0.80960,0.08300,0.15860,0.08550,0.88150,0.08910,0.16450,0.07810,0.23870,0.07950,0.11700,0.08300,0.51140,0.08330,0.11700,0.08480,0.57170,0.08120,0.11930,0.08540,0.07980,0.08160,0.08520,0.08890,0.08230,0.08390,0.08420,0.09060,0.08550,0.08320,0.08130,0.08120,0.08200,0.08020,0.08610,0.08580,0.08380,0.08290,0.08530,0.08610,0.08390,0.08180,0.09710,0.08000,0.08180,0.07960,0.08220,0.08190,0.08160,0.08080,0.08370,0.08270,0.08310,0.08130,0.09120,0.07770,0.07730,0.07860,0.07860,0.07900,0.07990,0.07680,0.08090,0.07780,0.08090,0.07980,0.08260
0:53:29,1.05180,0.07830,0.08140,0.07810,0.07990,0.08110,0.08290,0.08310,0.08550,0.08120,0.09120,0.08620,1.02740,0.92050,0.08100,0.19710,0.08340,0.98100,0.08650,0.19970,0.08840,1.00170,0.09490,0.20740,0.79310,0.79580,0.07960,0.15690,0.08400,0.82360,0.08380,0.16170,0.08640,0.89400,0.09030,0.16710,0.07830,0.24430,0.07980,0.11830,0.08380,0.52320,0.08430,0.11890,0.08580,0.58460,0.08160,0.12070,0.08590,0.08030,0.08180,0.08590,0.08970,0.08280,0.08450,0.08500,0.09150,0.08630,0.08340,0.08140,0.08130,0.08240,0.08040,0.08680,0.08640,0.08440,0.08350,0.08580,0.08680,0.08410,0.08200,0.09800,0.08020,0.08200,0.07970,0.08250,0.08220,0.08190,0.08120,0.08420,0.08310,0.08320,0.08150,0.09170,0.07780,0.07730,0.07870,0.07870,0.07920,0.08010,0.07690,0.08110,0.07790,0.08110,0.08000,0.08270
0:55:09,1.05030,0.07840,0.08160,0.07820,0.08000,0.08050,0.08320,0.08350,0.08610,0.08170,0.09220,0.08700,1.03070,0.92830,0.08130,0.20070,0.08390,0.98910,0.08750,0.20390,0.08930,1.00700,0.09600,0.21150,0.80510,0.80840,0.07980,0.15930,0.08470,0.83760,0.08410,0.16480,0.08740,0.90580,0.09150,0.16970,0.07830,0.24980,0.08000,0.11970,0.08460,0.53460,0.08510,0.12080,0.08680,0.59760,0.08190,0.12190,0.08610,0.08070,0.08200,0.08630,0.09050,0.08350,0.08490,0.08580,0.09230,0.08720,0.08360,0.08170,0.08140,0.08260,0.08060,0.08740,0.08710,0.08490,0.08400,0.08630,0.08740,0.08420,0.08210,0.09900,0.08020,0.08220,0.07980,0.08250,0.08250,0.08210,0.08140,0.08450,0.08340,0.08320,0.08160,0.09210,0.07750,0.07730,0.07890,0.07880,0.07940,0.08020,0.07690,0.08130,0.07790,0.08100,0.08010,0.08280
0:56:49,1.04950,0.07850,0.08200,0.07850,0.08020,0.08220,0.08370,0.08430,0.08700,0.08240,0.09340,0.08820,1.03440,0.93580,0.08160,0.20460,0.08470,0.99630,0.08860,0.20820,0.09050,1.01380,0.09720,0.21580,0.81680,0.82070,0.08000,0.16190,0.08550,0.85090,0.08480,0.16810,0.08860,0.91800,0.09280,0.17240,0.07850,0.25550,0.08040,0.12130,0.08530,0.54620,0.08620,0.12280,0.08800,0.61050,0.08240,0.12330,0.08660,0.08120,0.08250,0.08690,0.09140,0.08410,0.08560,0.08680,0.09340,0.08830,0.08380,0.08200,0.08150,0.08300,0.08080,0.08810,0.08790,0.08560,0.08460,0.08710,0.08820,0.08440,0.08230,0.10000,0.08050,0.08260,0.08000,0.08290,0.08290,0.08250,0.08190,0.08520,0.08380,0.08340,0.08170,0.09280,0.07740,0.07740,0.07930,0.07900,0.07970,0.08050,0.07710,0.08160,0.07800,0.08120,0.08030,0.08300
0:58:29,1.04720,0.07880,0.08230,0.07860,0.08030,0.08250,0.08420,0.08490,0.08790,0.08300,0.09460,0.08940,1.03740,0.94240,0.08200,0.20840,0.08550,1.00160,0.08980,0.21260,0.09180,1.01990,0.09830,0.22030,0.82820,0.83180,0.08030,0.16460,0.08630,0.86350,0.08580,0.17130,0.08980,0.92740,0.09410,0.17520,0.07860,0.26120,0.08080,0.12290,0.08620,0.55770,0.08730,0.12480,0.08920,0.62300,0.08280,0.12470,0.08710,0.08190,0.08290,0.08790,0.09240,0.08500,0.08640,0.08780,0.09450,0.08940,0.08380,0.08220,0.08170,0.08350,0.08110,0.08890,0.08860,0.08640,0.08540,0.08780,0.08900,0.08450,0.08230,0.10100,0.08060,0.08290,0.08020,0.08320,0.08330,0.08300,0.08230,0.08560,0.08430,0.08350,0.08190,0.09310,0.07750,0.07750,0.07970,0.07910,0.07990,0.08070,0.07730,0.08200,0.07810,0.08130,0.08050,0.08320
1:00:09,1.04540,0.07910,0.08260,0.07880,0.08050,0.08180,0.08470,0.08570,0.08880,0.08380,0.09570,0.09020,1.03950,0.94800,0.08230,0.21230,0.08620,1.00800,0.09070,0.21690,0.09290,1.02460,0.09950,0.22460,0.83870,0.84330,0.08060,0.16720,0.08710,0.87530,0.08670,0.17450,0.09090,0.93790,0.09530,0.17780,0.07880,0.26690,0.08120,0.12440,0.08710,0.56900,0.08830,0.12680,0.09040,0.63550,0.08310,0.12590,0.08750,0.08240,0.08320,0.08830,0.09330,0.08570,0.08710,0.08900,0.09550,0.09050,0.08410,0.08250,0.08190,0.08390,0.08130,0.08960,0.08930,0.08700,0.08610,0.08850,0.08980,0.08470,0.08250,0.10190,0.08070,0.08320,0.08040,0.08340,0.08370,0.08330,0.08270,0.08620,0.08470,0.08370,0.08200,0.09370,0.07730,0.07750,0.08000,0.07920,0.08010,0.08090,0.07740,0.08220,0.07820,0.08150,0.08070,0.08330

