Corrected [600]
	1	2	3	4	5	6	7	8	9	10	11	12
A	0.31187	0.13355	0.32415	0.07516	0.27827	0.07657	0.41300	0.07475	0.34853	0.07657	0.29045	0.08053	Corrected [600]
B	0.24087	0.37984	0.30717	0.43906	0.27904	0.33082	0.32080	0.34644	0.32543	0.38313	0.28268	0.31258	Corrected [600]
C	0.16241	0.33324	0.21404	0.27666	0.18584	0.27464	0.19448	0.28926	0.19391	0.30504	0.18477	0.24353	Corrected [600]
D	0.07483	0.20226	0.07470	0.18742	0.07563	0.18060	0.07572	0.16879	0.07539	0.20113	0.07477	0.16569	Corrected [600]
E	0.46582	0.09431	0.44426	0.07508	0.43946	0.07408	0.43817	0.07444	0.42451	0.07450	0.40233	0.07547	Corrected [600]
F	0.34846	0.63827	0.35726	0.38966	0.35024	0.39540	0.31378	0.47190	0.32853	0.47960	0.31800	0.38908	Corrected [600]
G	0.19414	0.26583	0.18974	0.27225	0.20263	0.29239	0.20553	0.33831	0.19906	0.34117	0.19789	0.28705	Corrected [600]
H	0.07449	0.14987	0.07533	0.16420	0.07489	0.16176	0.07516	0.17921	0.07613	0.17941	0.07359	0.19178	Corrected [600]

