Corrected [600]
	1	2	3	4	5	6	7	8	9	10	11	12
A	0.25050	0.07252	0.29051	0.07451	0.28824	0.07260	0.32215	0.07320	0.31416	0.07245	0.32252	0.07182	Corrected [600]
B	0.21276	0.39531	0.30596	0.45010	0.37139	0.44203	0.32659	0.44072	0.33309	0.47050	0.34040	0.35099	Corrected [600]
C	0.15412	0.31960	0.20187	0.34268	0.21867	0.32295	0.21211	0.38007	0.20339	0.37811	0.22808	0.29440	Corrected [600]
D	0.07304	0.19613	0.07282	0.21604	0.07294	0.20537	0.07156	0.23157	0.07193	0.21430	0.07215	0.18872	Corrected [600]
E	0.33166	0.07211	0.44754	0.07304	0.43130	0.07211	0.42112	0.07248	0.45337	0.07076	0.46978	0.07226	Corrected [600]
F	0.26089	0.40069	0.31772	0.47750	0.34249	0.45559	0.30135	0.46312	0.31447	0.45092	0.30291	0.28823	Corrected [600]
G	0.17315	0.32513	0.19996	0.33981	0.22765	0.33259	0.18119	0.32782	0.21286	0.31153	0.19086	0.24032	Corrected [600]
H	0.07304	0.18607	0.07241	0.19521	0.07248	0.19802	0.26259	0.18576	0.07193	0.19581	0.07267	0.15232	Corrected [600]

