Corrected [600]
	1	2	3	4	5	6	7	8	9	10	11	12
A	0.27231	0.08303	0.21559	0.08002	0.23757	0.08034	0.25431	0.08120	0.25634	0.07907	0.26503	0.08239	Corrected [600]
B	0.20571	0.19002	0.16698	0.23447	0.18021	0.23888	0.18531	0.24936	0.18904	0.24681	0.19450	0.22754	Corrected [600]
C	0.12916	0.15179	0.11809	0.16905	0.12761	0.17791	0.13185	0.19817	0.12890	0.18392	0.12970	0.17740	Corrected [600]
D	0.08002	0.11247	0.07930	0.11593	0.07769	0.12776	0.07945	0.13083	0.07903	0.12384	0.07982	0.12534	Corrected [600]
E	0.22780	0.08092	0.20653	0.08644	0.24185	0.07957	0.24961	0.08070	0.24778	0.08134	0.26654	0.08138	Corrected [600]
F	0.17027	0.21353	0.15366	0.22559	0.17792	0.24051	0.18402	0.29525	0.18536	0.20661	0.19945	0.21904	Corrected [600]
G	0.11951	0.16356	0.11455	0.15771	0.12306	0.18293	0.13293	0.21505	0.12625	0.16012	0.13532	0.17053	Corrected [600]
H	0.08071	0.12316	0.07912	0.11533	0.07789	0.12907	0.08078	0.14816	0.08021	0.11811	0.08035	0.12308	Corrected [600]

