Corrected [600]
	1	2	3	4	5	6	7	8	9	10	11	12
A	0.45496	0.08173	0.34115	0.07968	0.36989	0.07977	0.42725	0.07935	0.44238	0.08089	0.48291	0.08169	Corrected [600]
B	0.32758	0.39117	0.25751	0.38737	0.26212	0.40668	0.31451	0.40322	0.32655	0.42520	0.34182	0.46436	Corrected [600]
C	0.19079	0.27152	0.16704	0.27800	0.17834	0.30432	0.19146	0.29397	0.20045	0.31197	0.21277	0.35584	Corrected [600]
D	0.08020	0.17702	0.08050	0.18357	0.08046	0.19178	0.08080	0.19010	0.08089	0.20070	0.08112	0.20166	Corrected [600]
E	0.31888	0.08344	0.36421	0.08023	0.41862	0.07891	0.37506	0.08030	0.42595	0.07857	0.46286	0.08025	Corrected [600]
F	0.23552	0.39927	0.27413	0.43033	0.27498	0.40166	0.27848	0.41634	0.28529	0.42054	0.34551	0.53731	Corrected [600]
G	0.15186	0.27862	0.16343	0.31461	0.17545	0.29180	0.16403	0.29520	0.18352	0.30123	0.20237	0.35884	Corrected [600]
H	0.09010	0.17553	0.08075	0.19472	0.08090	0.18492	0.08043	0.18940	0.07922	0.19137	0.08062	0.23020	Corrected [600]

