Corrected [600]
	1	2	3	4	5	6	7	8	9	10	11	12
A	0.26982	0.07469	0.32629	0.07406	0.34220	0.07353	0.35558	0.07327	0.38884	0.07432	0.40456	0.07293	Corrected [600]
B	0.22747	0.40520	0.34033	0.36583	0.34220	0.44096	0.34797	0.47888	0.36758	0.36223	0.35800	0.30058	Corrected [600]
C	0.15222	0.30586	0.20296	0.26257	0.20977	0.34408	0.22796	0.38063	0.23149	0.27678	0.24872	0.26824	Corrected [600]
D	0.07359	0.19958	0.07315	0.17610	0.07322	0.22771	0.07293	0.23370	0.07278	0.20417	0.07241	0.17279	Corrected [600]
E	0.41152	0.07303	0.47134	0.07448	0.44501	0.07189	0.47639	0.07300	0.50985	0.07311	0.55968	0.07274	Corrected [600]
F	0.30672	0.52838	0.31500	0.51606	0.32617	0.36604	0.38751	0.47134	0.34797	0.53190	0.45260	0.43406	Corrected [600]
G	0.19452	0.33600	0.20512	0.36217	0.21929	0.24844	0.23031	0.31970	0.21007	0.38034	0.24088	0.29823	Corrected [600]
H	0.07378	0.21059	0.07378	0.20188	0.07334	0.16938	0.07404	0.22155	0.07300	0.20754	0.07384	0.21895	Corrected [600]

