Corrected [600]
	1	2	3	4	5	6	7	8	9	10	11	12
A	0.41244	0.07522	0.40788	0.07591	0.40288	0.08359	0.37835	0.07517	0.33380	0.07437	0.33044	0.07517	Corrected [600]
B	0.36081	0.49799	0.31070	0.45117	0.26907	0.42247	0.29602	0.43029	0.26990	0.39990	0.26807	0.33814	Corrected [600]
C	0.18514	0.33984	0.21286	0.34451	0.19589	0.31197	0.17391	0.32919	0.18040	0.26905	0.17246	0.26063	Corrected [600]
D	0.07240	0.19748	0.07427	0.19129	0.07513	0.22551	0.07416	0.19273	0.07402	0.18473	0.07402	0.17242	Corrected [600]
E	0.40982	0.07356	0.44698	0.07514	0.43166	0.07522	0.44510	0.07606	0.39565	0.07459	0.40707	0.07452	Corrected [600]
F	0.35858	0.53392	0.31376	0.49097	0.32123	0.51804	0.32628	0.43117	0.29247	0.40562	0.30383	0.39263	Corrected [600]
G	0.18133	0.39483	0.21584	0.35496	0.21251	0.36942	0.19177	0.32780	0.18591	0.31398	0.19152	0.26830	Corrected [600]
H	0.07374	0.20527	0.07292	0.18918	0.07310	0.19645	0.07639	0.17407	0.07559	0.17941	0.07364	0.17920	Corrected [600]

