420

Time,A1,A2,A3,A4,A5,A6,A7,A8,A9,A10,A11,A12,B1,B2,B3,B4,B5,B6,B7,B8,B9,B10,B11,B12,C1,C2,C3,C4,C5,C6,C7,C8,C9,C10,C11,C12,D1,D2,D3,D4,D5,D6,D7,D8,D9,D10,D11,D12,E1,E2,E3,E4,E5,E6,E7,E8,E9,E10,E11,E12,F1,F2,F3,F4,F5,F6,F7,F8,F9,F10,F11,F12,G1,G2,G3,G4,G5,G6,G7,G8,G9,G10,G11,G12,H1,H2,H3,H4,H5,H6,H7,H8,H9,H10,H11,H12
0:00:09,0.28570,0.07780,0.10340,0.08230,0.08930,0.07790,0.07910,0.07910,0.07770,0.07890,0.08160,0.07850,0.16440,0.08920,0.09560,0.08000,0.08530,0.13530,0.07820,0.14430,0.12440,0.08300,0.07950,0.08000,0.12430,0.08450,0.08520,0.07810,0.08160,0.11350,0.07990,0.13960,0.11440,0.07930,0.07900,0.07840,0.07760,0.08180,0.07740,0.07770,0.07840,0.09940,0.07770,0.11170,0.09940,0.07920,0.07870,0.07860,0.07940,0.07700,0.07990,0.07760,0.07980,0.07870,0.09030,0.07940,0.07780,0.07800,0.08670,0.07810,0.08540,0.09220,0.07920,0.07900,0.07940,0.08080,0.08730,0.08220,0.09370,0.08020,0.08420,0.07960,0.07930,0.08680,0.08020,0.08070,0.07870,0.08140,0.08280,0.08090,0.08760,0.08020,0.08300,0.07960,0.07860,0.08260,0.07820,0.07840,0.07840,0.07940,0.07820,0.08000,0.08140,0.07910,0.07900,0.07820
0:01:49,0.38810,0.07760,0.11520,0.08220,0.09430,0.07780,0.07930,0.07900,0.07740,0.07870,0.08110,0.07840,0.20270,0.09410,0.10290,0.07960,0.08700,0.17820,0.07810,0.19550,0.14180,0.08080,0.07960,0.08010,0.14130,0.08760,0.08800,0.07790,0.08280,0.13310,0.07980,0.17760,0.13060,0.07870,0.07870,0.07840,0.07740,0.08270,0.07720,0.07760,0.07840,0.10820,0.07770,0.12890,0.10880,0.07870,0.07860,0.07840,0.07970,0.07690,0.07980,0.07760,0.07970,0.07860,0.09760,0.07930,0.07750,0.07800,0.09200,0.07780,0.08570,0.09730,0.07900,0.07910,0.07910,0.08170,0.09100,0.08450,0.09590,0.08070,0.08770,0.07950,0.07930,0.09020,0.07990,0.08070,0.07850,0.08200,0.08460,0.08230,0.08890,0.08020,0.08430,0.07950,0.07850,0.08360,0.07810,0.07830,0.07830,0.07960,0.07830,0.08060,0.08160,0.07920,0.07890,0.07790
0:03:29,0.48370,0.07760,0.12840,0.08210,0.09960,0.07780,0.07920,0.07880,0.07740,0.07850,0.08110,0.07830,0.24240,0.10000,0.11040,0.07950,0.08970,0.22500,0.07790,0.25330,0.16260,0.08060,0.07980,0.07990,0.15960,0.09110,0.09120,0.07790,0.08410,0.15390,0.07980,0.21330,0.14650,0.07860,0.07860,0.07870,0.07730,0.08370,0.07720,0.07760,0.07890,0.11700,0.07760,0.14980,0.11910,0.07860,0.07850,0.07830,0.08020,0.07680,0.07970,0.07750,0.07960,0.07840,0.10500,0.07910,0.07750,0.07780,0.09780,0.07780,0.08570,0.10280,0.07900,0.07900,0.07910,0.08280,0.09500,0.08690,0.09580,0.08150,0.09140,0.07970,0.07930,0.09390,0.07970,0.08050,0.07850,0.08260,0.08660,0.08380,0.08930,0.08090,0.08630,0.07970,0.07830,0.08480,0.07790,0.07820,0.07820,0.07970,0.07770,0.08130,0.08210,0.07930,0.07870,0.07800
0:05:09,0.57320,0.07760,0.14230,0.08210,0.10520,0.07780,0.07920,0.07880,0.07730,0.07840,0.08160,0.07820,0.28330,0.10580,0.11790,0.07960,0.09290,0.27050,0.07810,0.31470,0.18440,0.08060,0.08050,0.08040,0.17840,0.09440,0.09450,0.07800,0.08560,0.17540,0.07980,0.25670,0.16480,0.07870,0.07870,0.07890,0.07730,0.08490,0.07710,0.07770,0.07890,0.12640,0.07760,0.16810,0.12930,0.07860,0.07850,0.07850,0.08080,0.07680,0.07970,0.07760,0.07970,0.07850,0.11270,0.07930,0.07750,0.07790,0.10510,0.07770,0.08560,0.10860,0.07910,0.07920,0.07910,0.08410,0.09910,0.08980,0.09880,0.08270,0.09560,0.08020,0.07940,0.09740,0.07980,0.08040,0.07850,0.08320,0.08890,0.08560,0.09050,0.08180,0.08870,0.08010,0.07830,0.08610,0.07780,0.07820,0.07810,0.08010,0.07800,0.08200,0.08210,0.07950,0.07870,0.07810
0:06:49,0.65820,0.07760,0.15660,0.08210,0.11070,0.07770,0.07920,0.07860,0.07720,0.07840,0.08240,0.07800,0.32560,0.11150,0.12580,0.07950,0.09560,0.31820,0.07810,0.37770,0.20700,0.08070,0.08090,0.08100,0.19740,0.09740,0.09780,0.07810,0.08700,0.19920,0.07970,0.30180,0.18490,0.07860,0.07870,0.07910,0.07730,0.08590,0.07710,0.07760,0.07880,0.13670,0.07750,0.18800,0.14010,0.07860,0.07840,0.07850,0.08120,0.07670,0.07970,0.07740,0.07970,0.07850,0.12060,0.07910,0.07730,0.07780,0.11240,0.07760,0.08560,0.11470,0.07910,0.07910,0.07910,0.08510,0.10340,0.09280,0.09910,0.08360,0.10010,0.08080,0.07950,0.10070,0.07950,0.08030,0.07840,0.08400,0.09100,0.08740,0.09120,0.08240,0.09080,0.08060,0.07820,0.08730,0.07770,0.07810,0.07800,0.08040,0.07770,0.08270,0.08250,0.07980,0.07860,0.07820
0:08:29,0.73660,0.07740,0.17100,0.08190,0.11620,0.07770,0.07930,0.07860,0.07710,0.07820,0.08330,0.07790,0.36820,0.11720,0.13420,0.07950,0.09840,0.36100,0.07810,0.44170,0.23040,0.08060,0.08130,0.08150,0.21620,0.10020,0.10110,0.07800,0.08840,0.22400,0.07960,0.34770,0.20440,0.07860,0.07870,0.07940,0.07710,0.08700,0.07690,0.07750,0.07870,0.14720,0.07740,0.20980,0.15230,0.07850,0.07820,0.07850,0.08170,0.07660,0.07950,0.07740,0.07960,0.07840,0.12880,0.07910,0.07730,0.07760,0.11950,0.07750,0.08570,0.12090,0.07900,0.07930,0.07910,0.08610,0.10790,0.09610,0.09960,0.08480,0.10550,0.08150,0.07960,0.10420,0.07930,0.08020,0.07840,0.08470,0.09300,0.08950,0.09140,0.08300,0.09300,0.08100,0.07810,0.08860,0.07760,0.07800,0.07800,0.08060,0.07760,0.08340,0.08280,0.07990,0.07840,0.07820
0:10:09,0.80980,0.07740,0.18480,0.08190,0.12180,0.07760,0.07960,0.07860,0.07710,0.07810,0.08410,0.07790,0.41060,0.12320,0.14270,0.07950,0.10150,0.40380,0.07840,0.50510,0.25390,0.08050,0.08190,0.08230,0.23530,0.10330,0.10450,0.07810,0.08970,0.24830,0.07970,0.39100,0.22520,0.07860,0.07880,0.07980,0.07710,0.08820,0.07690,0.07750,0.07870,0.15830,0.07740,0.23280,0.16460,0.07850,0.07820,0.07850,0.08230,0.07660,0.07950,0.07740,0.07990,0.07830,0.13720,0.07910,0.07730,0.07750,0.12710,0.07740,0.08570,0.12720,0.07900,0.07940,0.07940,0.08730,0.11290,0.09950,0.10140,0.08590,0.11100,0.08230,0.07970,0.10790,0.07930,0.08020,0.07840,0.08540,0.09520,0.09170,0.09200,0.08380,0.09550,0.08150,0.07810,0.09000,0.07760,0.07800,0.07790,0.08090,0.07760,0.08420,0.08340,0.08020,0.07840,0.07840
0:11:49,0.87670,0.07750,0.19950,0.08190,0.12800,0.07770,0.07980,0.07870,0.07710,0.07820,0.08520,0.07790,0.45240,0.12960,0.15130,0.07950,0.10460,0.44730,0.07850,0.56750,0.27930,0.08080,0.08250,0.08300,0.25480,0.10650,0.10810,0.07820,0.09130,0.27220,0.07970,0.43190,0.24760,0.07880,0.07910,0.08030,0.07720,0.08970,0.07690,0.07760,0.07860,0.17010,0.07740,0.25660,0.17850,0.07850,0.07820,0.07870,0.08290,0.07670,0.07970,0.07750,0.08020,0.07850,0.14580,0.07910,0.07740,0.07760,0.13530,0.07750,0.08600,0.13400,0.07910,0.07990,0.07950,0.08870,0.11850,0.10290,0.10390,0.08720,0.11720,0.08300,0.08000,0.11180,0.07930,0.08020,0.07850,0.08640,0.09730,0.09410,0.09340,0.08470,0.09810,0.08200,0.07810,0.09150,0.07760,0.07810,0.07800,0.08140,0.07780,0.08530,0.08420,0.08070,0.07850,0.07850
0:13:29,0.93450,0.07740,0.21470,0.08180,0.13380,0.07750,0.08000,0.07860,0.07700,0.07810,0.08610,0.07780,0.49240,0.13600,0.15980,0.07960,0.10800,0.48900,0.07850,0.62830,0.30630,0.08090,0.08310,0.08360,0.27430,0.10980,0.11160,0.07820,0.09270,0.29470,0.07960,0.47240,0.27040,0.07870,0.07920,0.08070,0.07700,0.09110,0.07680,0.07760,0.07850,0.18160,0.07730,0.28070,0.19220,0.07840,0.07800,0.07870,0.08340,0.07660,0.07960,0.07740,0.08040,0.07830,0.15440,0.07890,0.07730,0.07750,0.14270,0.07740,0.08620,0.14040,0.07910,0.07970,0.07960,0.09020,0.12430,0.10640,0.10510,0.08840,0.12330,0.08350,0.08000,0.11560,0.07920,0.08020,0.07840,0.08730,0.09930,0.09620,0.09470,0.08540,0.10070,0.08230,0.07800,0.09300,0.07750,0.07790,0.07790,0.08170,0.07800,0.08630,0.08500,0.08090,0.07840,0.07840
0:15:09,0.98430,0.07730,0.22940,0.08170,0.14020,0.07750,0.08040,0.07870,0.07700,0.07800,0.08700,0.07790,0.53170,0.14270,0.16840,0.07970,0.11130,0.52930,0.07870,0.68510,0.33020,0.08120,0.08360,0.08410,0.29360,0.11320,0.11520,0.07830,0.09430,0.31700,0.07960,0.51140,0.29500,0.07880,0.07940,0.08100,0.07700,0.09260,0.07680,0.07760,0.07840,0.19350,0.07730,0.30410,0.20830,0.07850,0.07810,0.07890,0.08380,0.07660,0.07970,0.07730,0.08050,0.07830,0.16360,0.07890,0.07730,0.07740,0.15010,0.07740,0.08630,0.14720,0.07910,0.07980,0.07960,0.09180,0.13010,0.11000,0.10690,0.08970,0.12960,0.08430,0.08010,0.11960,0.07920,0.08040,0.07850,0.08820,0.10130,0.09820,0.09620,0.08610,0.10320,0.08280,0.07790,0.09450,0.07750,0.07800,0.07790,0.08210,0.07810,0.08700,0.08580,0.08120,0.07830,0.07870
0:16:49,1.02490,0.07740,0.24590,0.08180,0.14640,0.07760,0.08060,0.07880,0.07710,0.07810,0.08820,0.07790,0.56990,0.14960,0.17710,0.07990,0.11490,0.56760,0.07890,0.73790,0.35690,0.08160,0.08420,0.08470,0.31240,0.11680,0.11890,0.07850,0.09580,0.33910,0.07970,0.54890,0.32170,0.07900,0.07970,0.08140,0.07700,0.09420,0.07690,0.07760,0.07820,0.20540,0.07740,0.32800,0.22410,0.07860,0.07810,0.07910,0.08440,0.07670,0.07980,0.07730,0.08080,0.07840,0.17310,0.07900,0.07730,0.07750,0.15810,0.07740,0.08650,0.15420,0.07920,0.07990,0.07980,0.09360,0.13580,0.11350,0.11000,0.09110,0.13540,0.08510,0.08030,0.12380,0.07920,0.08050,0.07860,0.08920,0.10340,0.10040,0.09800,0.08710,0.10580,0.08340,0.07790,0.09620,0.07750,0.07800,0.07790,0.08260,0.07780,0.08800,0.08670,0.08160,0.07840,0.07880
0:18:29,1.05760,0.07730,0.26080,0.08170,0.15270,0.07750,0.08080,0.07870,0.07700,0.07800,0.08950,0.07790,0.60700,0.15660,0.18590,0.07990,0.11840,0.60420,0.07890,0.78660,0.38410,0.08170,0.08490,0.08510,0.33150,0.12040,0.12240,0.07840,0.09730,0.36090,0.07970,0.58600,0.35180,0.07900,0.07990,0.08170,0.07690,0.09560,0.07680,0.07760,0.07810,0.21690,0.07720,0.35080,0.24290,0.07860,0.07800,0.07920,0.08480,0.07650,0.07990,0.07720,0.08100,0.07830,0.18240,0.07890,0.07740,0.07740,0.16670,0.07740,0.08680,0.16110,0.07920,0.08000,0.07990,0.09520,0.14110,0.11680,0.11220,0.09230,0.14110,0.08580,0.08030,0.12800,0.07920,0.08060,0.07860,0.09010,0.10530,0.10240,0.09970,0.08790,0.10810,0.08380,0.07780,0.09780,0.07740,0.07800,0.07780,0.08290,0.07760,0.08900,0.08760,0.08190,0.07820,0.07890
0:20:09,1.08320,0.07730,0.27590,0.08170,0.15920,0.07750,0.08100,0.07870,0.07700,0.07800,0.09060,0.07790,0.64260,0.16380,0.19460,0.08000,0.12220,0.63990,0.07900,0.83040,0.41460,0.08200,0.08540,0.08580,0.35050,0.12410,0.12590,0.07840,0.09890,0.38280,0.07970,0.62280,0.37810,0.07910,0.08010,0.08200,0.07680,0.09710,0.07680,0.07760,0.07800,0.22840,0.07730,0.37260,0.26210,0.07850,0.07800,0.07940,0.08540,0.07650,0.08000,0.07720,0.08120,0.07830,0.19180,0.07890,0.07740,0.07740,0.17500,0.07740,0.08710,0.16820,0.07930,0.08010,0.08000,0.09680,0.14630,0.12010,0.11520,0.09350,0.14680,0.08660,0.08040,0.13200,0.07920,0.08060,0.07860,0.09110,0.10740,0.10450,0.10160,0.08870,0.11060,0.08420,0.07770,0.09930,0.07740,0.07800,0.07780,0.08330,0.07750,0.08970,0.08840,0.08220,0.07820,0.07910
0:21:49,1.10350,0.07730,0.29060,0.08170,0.16540,0.07750,0.08120,0.07880,0.07700,0.07810,0.09150,0.07800,0.67710,0.17090,0.20350,0.08010,0.12570,0.67450,0.07920,0.87010,0.44150,0.08230,0.08610,0.08640,0.36960,0.12780,0.12970,0.07860,0.10050,0.40410,0.07990,0.65800,0.40540,0.07930,0.08040,0.08250,0.07690,0.09850,0.07680,0.07770,0.07810,0.23990,0.07730,0.39450,0.28130,0.07860,0.07810,0.07960,0.08600,0.07660,0.08010,0.07730,0.08160,0.07830,0.20110,0.07890,0.07740,0.07750,0.18320,0.07740,0.08750,0.17530,0.07930,0.08030,0.08020,0.09830,0.15160,0.12360,0.11820,0.09480,0.15250,0.08740,0.08060,0.13600,0.07920,0.08080,0.07870,0.09220,0.10960,0.10660,0.10280,0.08970,0.11300,0.08480,0.07770,0.10090,0.07740,0.07810,0.07790,0.08380,0.07750,0.09080,0.08930,0.08260,0.07820,0.07940
0:23:29,1.11800,0.07730,0.30550,0.08170,0.17190,0.07750,0.08140,0.07880,0.07700,0.07810,0.09250,0.07800,0.70970,0.17780,0.21230,0.08030,0.12940,0.70800,0.07930,0.90600,0.47210,0.08250,0.08660,0.08700,0.38820,0.13130,0.13310,0.07870,0.10220,0.42540,0.07980,0.69210,0.43390,0.07930,0.08070,0.08280,0.07690,0.09990,0.07690,0.07760,0.07810,0.25120,0.07730,0.41580,0.30160,0.07870,0.07810,0.07970,0.08650,0.07660,0.08030,0.07730,0.08180,0.07830,0.21020,0.07890,0.07760,0.07740,0.19150,0.07740,0.08800,0.18230,0.07940,0.08050,0.08030,0.10000,0.15680,0.12690,0.12180,0.09600,0.15800,0.08810,0.08070,0.14010,0.07920,0.08090,0.07880,0.09320,0.11170,0.10860,0.10460,0.09050,0.11540,0.08530,0.07770,0.10240,0.07740,0.07810,0.07780,0.08420,0.07760,0.09170,0.09010,0.08300,0.07820,0.07960
0:25:09,1.12860,0.07730,0.32040,0.08170,0.17850,0.07760,0.08170,0.07880,0.07700,0.07810,0.09360,0.07800,0.74080,0.18460,0.22100,0.08040,0.13300,0.74000,0.07940,0.93830,0.50020,0.08280,0.08730,0.08750,0.40650,0.13510,0.13680,0.07880,0.10380,0.44660,0.07990,0.72380,0.46250,0.07950,0.08090,0.08330,0.07690,0.10140,0.07690,0.07770,0.07810,0.26260,0.07730,0.43650,0.32190,0.07870,0.07800,0.07990,0.08700,0.07660,0.08040,0.07730,0.08210,0.07830,0.21950,0.07890,0.07750,0.07750,0.19950,0.07760,0.08830,0.18910,0.07950,0.08060,0.08060,0.10170,0.16200,0.13030,0.12580,0.09720,0.16350,0.08900,0.08090,0.14440,0.07930,0.08100,0.07890,0.09420,0.11380,0.11080,0.10660,0.09130,0.11800,0.08580,0.07760,0.10400,0.07740,0.07810,0.07790,0.08460,0.07760,0.09260,0.09080,0.08330,0.07820,0.07990
0:26:49,1.13570,0.07730,0.33440,0.08170,0.18510,0.07760,0.08190,0.07880,0.07700,0.07810,0.09460,0.07810,0.77050,0.19130,0.22950,0.08050,0.13680,0.77080,0.07960,0.96590,0.52800,0.08290,0.08790,0.08810,0.42420,0.13870,0.14040,0.07880,0.10550,0.46700,0.07990,0.75350,0.49040,0.07960,0.08110,0.08360,0.07690,0.10280,0.07690,0.07760,0.07800,0.27370,0.07740,0.45720,0.34060,0.07870,0.07810,0.08000,0.08750,0.07660,0.08040,0.07720,0.08240,0.07830,0.22850,0.07890,0.07750,0.07750,0.20780,0.07750,0.08880,0.19580,0.07960,0.08080,0.08070,0.10330,0.16710,0.13370,0.12980,0.09850,0.16910,0.08980,0.08090,0.14840,0.07920,0.08100,0.07890,0.09510,0.11590,0.11290,0.10850,0.09210,0.12050,0.08630,0.07760,0.10550,0.07740,0.07810,0.07780,0.08500,0.07770,0.09350,0.09170,0.08360,0.07810,0.08000
0:28:29,1.13930,0.07730,0.34820,0.08170,0.19200,0.07760,0.08210,0.07900,0.07720,0.07810,0.09570,0.07820,0.79890,0.19790,0.23820,0.08070,0.14040,0.79690,0.07970,0.99040,0.55480,0.08330,0.08850,0.08870,0.44230,0.14230,0.14400,0.07900,0.10710,0.48740,0.08000,0.78210,0.51850,0.07970,0.08140,0.08400,0.07690,0.10430,0.07690,0.07770,0.07800,0.28510,0.07740,0.47720,0.36100,0.07880,0.07810,0.08020,0.08810,0.07660,0.08050,0.07720,0.08270,0.07840,0.23770,0.07900,0.07750,0.07750,0.21590,0.07750,0.08930,0.20260,0.07970,0.08100,0.08090,0.10490,0.17230,0.13710,0.13460,0.09970,0.17490,0.09060,0.08110,0.15270,0.07930,0.08110,0.07900,0.09600,0.11800,0.11500,0.11070,0.09300,0.12290,0.08680,0.07750,0.10710,0.07740,0.07820,0.07780,0.08540,0.07770,0.09440,0.09260,0.08400,0.07810,0.08020
0:30:09,1.14050,0.07720,0.36150,0.08170,0.19860,0.07760,0.08230,0.07910,0.07710,0.07820,0.09660,0.07820,0.82600,0.20450,0.24660,0.08070,0.14420,0.82400,0.07980,1.01160,0.58460,0.08350,0.08900,0.08930,0.46020,0.14590,0.14750,0.07900,0.10880,0.50770,0.08010,0.80880,0.54600,0.07980,0.08160,0.08450,0.07690,0.10570,0.07690,0.07770,0.07800,0.29580,0.07730,0.49690,0.37950,0.07890,0.07810,0.08030,0.08860,0.07650,0.08070,0.07720,0.08300,0.07830,0.24670,0.07900,0.07750,0.07750,0.22400,0.07760,0.08960,0.20920,0.07970,0.08120,0.08100,0.10630,0.17740,0.14050,0.13890,0.10090,0.18030,0.09130,0.08110,0.15680,0.07930,0.08120,0.07910,0.09690,0.12040,0.11710,0.11350,0.09380,0.12540,0.08730,0.07750,0.10860,0.07740,0.07810,0.07780,0.08580,0.07770,0.09530,0.09340,0.08430,0.07810,0.08030
0:31:49,1.14050,0.07730,0.37580,0.08180,0.20490,0.07770,0.08260,0.07920,0.07720,0.07830,0.09760,0.07830,0.85230,0.21120,0.25540,0.08090,0.14810,0.84940,0.08000,1.02990,0.60850,0.08390,0.08960,0.09000,0.47790,0.14960,0.15110,0.07910,0.11050,0.52730,0.08010,0.83340,0.57330,0.08000,0.08200,0.08500,0.07710,0.10720,0.07700,0.07780,0.07810,0.30690,0.07740,0.51640,0.39770,0.07900,0.07830,0.08060,0.08920,0.07660,0.08080,0.07730,0.08320,0.07840,0.25590,0.07910,0.07760,0.07760,0.23210,0.07770,0.09000,0.21590,0.07990,0.08140,0.08120,0.10800,0.18270,0.14390,0.14390,0.10220,0.18590,0.09210,0.08130,0.16100,0.07930,0.08130,0.07920,0.09790,0.12300,0.11920,0.11680,0.09470,0.12790,0.08780,0.07750,0.11020,0.07730,0.07820,0.07790,0.08630,0.07780,0.09620,0.09440,0.08470,0.07800,0.08050
0:33:29,1.14070,0.07740,0.39050,0.08180,0.21190,0.07780,0.08290,0.07940,0.07730,0.07840,0.09880,0.07850,0.87610,0.21800,0.26430,0.08110,0.15190,0.87320,0.08030,1.04530,0.63840,0.08410,0.09030,0.09070,0.49540,0.15330,0.15490,0.07930,0.11230,0.54680,0.08030,0.85720,0.59810,0.08020,0.08240,0.08550,0.07710,0.10870,0.07700,0.07800,0.07810,0.31810,0.07760,0.53570,0.41380,0.07920,0.07840,0.08080,0.08980,0.07670,0.08100,0.07740,0.08360,0.07850,0.26510,0.07910,0.07770,0.07770,0.24020,0.07790,0.09030,0.22250,0.08000,0.08160,0.08150,0.10960,0.18810,0.14750,0.14890,0.10350,0.19140,0.09300,0.08150,0.16530,0.07940,0.08160,0.07930,0.09890,0.12620,0.12140,0.12010,0.09570,0.13040,0.08830,0.07750,0.11180,0.07740,0.07830,0.07800,0.08680,0.07780,0.09730,0.09560,0.08520,0.07800,0.08060
0:35:09,1.13850,0.07740,0.40430,0.08190,0.21850,0.07780,0.08320,0.07950,0.07750,0.07850,0.09990,0.07870,0.89860,0.22470,0.27290,0.08130,0.15570,0.89320,0.08040,1.05820,0.66980,0.08450,0.09100,0.09130,0.51260,0.15700,0.15840,0.07950,0.11390,0.56580,0.08040,0.87820,0.62650,0.08040,0.08270,0.08600,0.07710,0.11020,0.07710,0.07800,0.07810,0.32900,0.07770,0.55480,0.43330,0.07930,0.07850,0.08100,0.09030,0.07680,0.08110,0.07740,0.08390,0.07860,0.27420,0.07930,0.07780,0.07770,0.24810,0.07800,0.09060,0.22920,0.08010,0.08190,0.08170,0.11130,0.19330,0.15080,0.15340,0.10480,0.19690,0.09380,0.08160,0.16940,0.07950,0.08170,0.07950,0.09980,0.13040,0.12360,0.12310,0.09650,0.13280,0.08880,0.07750,0.11330,0.07750,0.07830,0.07800,0.08720,0.07780,0.09820,0.09670,0.08550,0.07810,0.08060
0:36:49,1.13510,0.07740,0.41890,0.08190,0.22500,0.07790,0.08360,0.07960,0.07760,0.07860,0.10100,0.07880,0.91910,0.23130,0.28170,0.08140,0.15950,0.91190,0.08060,1.06850,0.69940,0.08480,0.09160,0.09210,0.52890,0.16080,0.16200,0.07970,0.11570,0.58430,0.08050,0.89850,0.65520,0.08070,0.08300,0.08640,0.07710,0.11170,0.07720,0.07810,0.07820,0.34000,0.07780,0.57280,0.45270,0.07950,0.07860,0.08120,0.09090,0.07670,0.08130,0.07750,0.08430,0.07860,0.28340,0.07930,0.07810,0.07790,0.25610,0.07820,0.09110,0.23570,0.08020,0.08210,0.08190,0.11290,0.19850,0.15430,0.15800,0.10620,0.20240,0.09470,0.08180,0.17350,0.07960,0.08180,0.07950,0.10080,0.13380,0.12570,0.12630,0.09750,0.13530,0.08930,0.07740,0.11490,0.07750,0.07830,0.07800,0.08760,0.07790,0.09910,0.09780,0.08590,0.07800,0.08080
0:38:29,1.13090,0.07750,0.43430,0.08200,0.23190,0.07800,0.08380,0.07980,0.07770,0.07880,0.10220,0.07920,0.93700,0.23780,0.29020,0.08170,0.16340,0.92790,0.08090,1.07730,0.73280,0.08520,0.09240,0.09280,0.54490,0.16420,0.16560,0.07980,0.11740,0.60280,0.08070,0.91620,0.68260,0.08100,0.08350,0.08720,0.07720,0.11330,0.07730,0.07820,0.07830,0.35070,0.07800,0.59070,0.46990,0.07970,0.07880,0.08150,0.09150,0.07680,0.08140,0.07760,0.08470,0.07880,0.29240,0.07950,0.07820,0.07800,0.26410,0.07830,0.09120,0.24240,0.08040,0.08240,0.08210,0.11460,0.20380,0.15780,0.16280,0.10740,0.20800,0.09550,0.08200,0.17760,0.07970,0.08200,0.07970,0.10180,0.13690,0.12790,0.12920,0.09850,0.13780,0.08990,0.07740,0.11660,0.07760,0.07840,0.07810,0.08810,0.07810,0.10020,0.09910,0.08630,0.07810,0.08100
0:40:09,1.12620,0.07740,0.44620,0.08200,0.23860,0.07800,0.08410,0.07970,0.07780,0.07880,0.10320,0.07930,0.95490,0.24430,0.29880,0.08180,0.16700,0.94450,0.08110,1.08350,0.76170,0.08550,0.09290,0.09350,0.56010,0.16780,0.16920,0.07990,0.11900,0.62050,0.08080,0.93300,0.70730,0.08110,0.08380,0.08750,0.07710,0.11470,0.07720,0.07820,0.07830,0.36110,0.07810,0.60780,0.48620,0.07980,0.07880,0.08160,0.09190,0.07670,0.08150,0.07750,0.08490,0.07870,0.30100,0.07950,0.07830,0.07800,0.27190,0.07840,0.09150,0.24890,0.08040,0.08250,0.08230,0.11620,0.20880,0.16120,0.16680,0.10870,0.21330,0.09620,0.08210,0.18170,0.07970,0.08200,0.07970,0.10270,0.13950,0.13010,0.13190,0.09930,0.14020,0.09030,0.07730,0.11800,0.07740,0.07840,0.07800,0.08850,0.07800,0.10110,0.10040,0.08660,0.07800,0.08100
0:41:49,1.12020,0.07750,0.46050,0.08200,0.24530,0.07810,0.08440,0.07990,0.07800,0.07900,0.10430,0.07970,0.97040,0.25070,0.30730,0.08200,0.17090,0.95850,0.08130,1.08900,0.79150,0.08600,0.09360,0.09430,0.57520,0.17130,0.17280,0.08010,0.12080,0.63790,0.08100,0.94880,0.72960,0.08130,0.08430,0.08810,0.07720,0.11620,0.07730,0.07830,0.07830,0.37160,0.07830,0.62450,0.50160,0.08000,0.07910,0.08190,0.09250,0.07680,0.08160,0.07760,0.08530,0.07880,0.30980,0.07960,0.07850,0.07830,0.27970,0.07860,0.09160,0.25540,0.08060,0.08270,0.08250,0.11800,0.21410,0.16460,0.17040,0.11010,0.21870,0.09710,0.08220,0.18570,0.07980,0.08220,0.07990,0.10370,0.14210,0.13220,0.13490,0.10020,0.14260,0.09080,0.07740,0.11970,0.07760,0.07850,0.07810,0.08900,0.07810,0.10200,0.10180,0.08710,0.07800,0.08120
0:43:29,1.11590,0.07750,0.47330,0.08220,0.25180,0.07830,0.08480,0.08020,0.07830,0.07930,0.10550,0.08020,0.98410,0.25710,0.31540,0.08210,0.17470,0.97080,0.08170,1.09310,0.81690,0.08660,0.09440,0.09540,0.58960,0.17490,0.17650,0.08030,0.12270,0.65520,0.08120,0.96240,0.75790,0.08180,0.08480,0.08880,0.07730,0.11770,0.07740,0.07850,0.07850,0.38210,0.07850,0.64030,0.52400,0.08040,0.07930,0.08220,0.09310,0.07690,0.08190,0.07770,0.08570,0.07900,0.31870,0.07990,0.07890,0.07850,0.28750,0.07890,0.09190,0.26180,0.08070,0.08310,0.08280,0.11980,0.21950,0.16810,0.17680,0.11150,0.22410,0.09810,0.08240,0.18980,0.07990,0.08240,0.08010,0.10480,0.14480,0.13450,0.13850,0.10120,0.14510,0.09140,0.07730,0.12130,0.07760,0.07860,0.07820,0.08950,0.07820,0.10300,0.10330,0.08750,0.07800,0.08130
0:45:09,1.11130,0.07760,0.48690,0.08220,0.25850,0.07850,0.08560,0.08040,0.07860,0.07970,0.10670,0.08080,0.99710,0.26360,0.32390,0.08250,0.17850,0.98330,0.08200,1.09480,0.84330,0.08730,0.09510,0.09650,0.60390,0.17850,0.18010,0.08050,0.12450,0.67190,0.08150,0.97630,0.77870,0.08220,0.08550,0.08950,0.07740,0.11930,0.07760,0.07860,0.07860,0.39230,0.07870,0.65520,0.54120,0.08070,0.07980,0.08260,0.09380,0.07710,0.08210,0.07780,0.08620,0.07920,0.32750,0.08020,0.07930,0.07890,0.29510,0.07910,0.09210,0.26840,0.08100,0.08330,0.08320,0.12170,0.22480,0.17160,0.18110,0.11290,0.22960,0.09900,0.08270,0.19390,0.08010,0.08260,0.08030,0.10590,0.14760,0.13680,0.14100,0.10230,0.14750,0.09200,0.07730,0.12290,0.07770,0.07860,0.07820,0.09000,0.07830,0.10400,0.10470,0.08800,0.07800,0.08160
0:46:49,1.10590,0.07760,0.49970,0.08230,0.26500,0.07870,0.08580,0.08070,0.07900,0.08000,0.10790,0.08190,1.00720,0.26980,0.33180,0.08260,0.18250,0.99310,0.08240,1.09610,0.86750,0.08800,0.09570,0.09780,0.61800,0.18200,0.18370,0.08070,0.12630,0.68790,0.08190,0.98780,0.80200,0.08270,0.08600,0.09030,0.07740,0.12070,0.07770,0.07870,0.07870,0.40280,0.07900,0.66960,0.56150,0.08110,0.08020,0.08290,0.09430,0.07700,0.08230,0.07790,0.08660,0.07930,0.33620,0.08040,0.07980,0.07910,0.30250,0.07940,0.09220,0.27470,0.08110,0.08360,0.08340,0.12330,0.23000,0.17490,0.18660,0.11430,0.23500,0.09990,0.08280,0.19790,0.08020,0.08260,0.08040,0.10690,0.15030,0.13890,0.14410,0.10330,0.14990,0.09250,0.07730,0.12450,0.07770,0.07870,0.07830,0.09050,0.07850,0.10500,0.10610,0.08840,0.07800,0.08160
0:48:29,1.10110,0.07770,0.51270,0.08240,0.27150,0.07890,0.08620,0.08100,0.07960,0.08050,0.10910,0.08280,1.01630,0.27630,0.34000,0.08280,0.18620,1.00230,0.08290,1.09610,0.89990,0.08890,0.09640,0.09930,0.63180,0.18560,0.18730,0.08090,0.12800,0.70350,0.08220,0.99820,0.83300,0.08320,0.08670,0.09130,0.07750,0.12220,0.07780,0.07880,0.07890,0.41280,0.07930,0.68480,0.58720,0.08160,0.08060,0.08320,0.09490,0.07710,0.08250,0.07790,0.08700,0.07950,0.34460,0.08080,0.08030,0.07950,0.31010,0.07980,0.09220,0.28120,0.08130,0.08380,0.08360,0.12500,0.23540,0.17840,0.19300,0.11580,0.24030,0.10100,0.08290,0.20190,0.08020,0.08290,0.08050,0.10790,0.15310,0.14120,0.14700,0.10430,0.15240,0.09310,0.07720,0.12610,0.07780,0.07870,0.07830,0.09100,0.07860,0.10600,0.10750,0.08880,0.07800,0.08180
0:50:09,1.09840,0.07780,0.52500,0.08260,0.27820,0.07930,0.08680,0.08150,0.08050,0.08120,0.11030,0.08390,1.02470,0.28270,0.34810,0.08320,0.19030,1.00930,0.08350,1.09530,0.93200,0.09020,0.09720,0.10110,0.64480,0.18930,0.19110,0.08110,0.13000,0.71820,0.08270,1.00780,0.85960,0.08400,0.08800,0.09270,0.07760,0.12390,0.07810,0.07910,0.07910,0.42300,0.07980,0.69940,0.61490,0.08230,0.08150,0.08390,0.09560,0.07730,0.08280,0.07820,0.08760,0.07980,0.35310,0.08130,0.08110,0.08000,0.31740,0.08030,0.09240,0.28760,0.08160,0.08420,0.08410,0.12670,0.24060,0.18220,0.19960,0.11740,0.24580,0.10210,0.08330,0.20610,0.08050,0.08310,0.08080,0.10910,0.15610,0.14360,0.15020,0.10550,0.15490,0.09380,0.07720,0.12780,0.07790,0.07890,0.07850,0.09160,0.07880,0.10720,0.10920,0.08930,0.07800,0.08210
0:51:49,1.09530,0.07790,0.53830,0.08270,0.28470,0.07950,0.08740,0.08200,0.08130,0.08190,0.11150,0.08500,1.03140,0.28910,0.35630,0.08350,0.19410,1.01710,0.08420,1.09460,0.96620,0.09130,0.09800,0.10270,0.65790,0.19290,0.19480,0.08140,0.13180,0.73290,0.08330,1.01620,0.89260,0.08480,0.08910,0.09400,0.07760,0.12540,0.07830,0.07930,0.07930,0.43300,0.08040,0.71450,0.64800,0.08300,0.08230,0.08430,0.09610,0.07730,0.08310,0.07820,0.08800,0.08000,0.36160,0.08180,0.08190,0.08050,0.32470,0.08080,0.09240,0.29400,0.08190,0.08450,0.08430,0.12820,0.24600,0.18580,0.20560,0.11890,0.25110,0.10320,0.08340,0.21000,0.08070,0.08330,0.08100,0.11010,0.15890,0.14590,0.15450,0.10650,0.15720,0.09440,0.07720,0.12940,0.07800,0.07900,0.07860,0.09200,0.07890,0.10830,0.11060,0.08980,0.07800,0.08210
0:53:29,1.09170,0.07800,0.54970,0.08290,0.29110,0.08000,0.08790,0.08270,0.08210,0.08270,0.11280,0.08610,1.03710,0.29560,0.36420,0.08380,0.19810,1.02290,0.08500,1.09360,0.99580,0.09250,0.09870,0.10440,0.67100,0.19640,0.19840,0.08170,0.13370,0.74740,0.08390,1.02420,0.92620,0.08580,0.09020,0.09520,0.07770,0.12690,0.07850,0.07950,0.07960,0.44290,0.08100,0.72900,0.67420,0.08390,0.08320,0.08470,0.09670,0.07740,0.08320,0.07830,0.08860,0.08030,0.37010,0.08230,0.08280,0.08110,0.33210,0.08150,0.09260,0.30030,0.08210,0.08470,0.08460,0.12980,0.25100,0.18950,0.21160,0.12050,0.25650,0.10430,0.08350,0.21400,0.08090,0.08350,0.08110,0.11120,0.16170,0.14820,0.15820,0.10750,0.15970,0.09500,0.07710,0.13100,0.07810,0.07910,0.07860,0.09250,0.07910,0.10930,0.11210,0.09020,0.07800,0.08240
0:55:09,1.08870,0.07810,0.56170,0.08320,0.29770,0.08050,0.08860,0.08330,0.08300,0.08360,0.11400,0.08730,1.04230,0.30200,0.37250,0.08420,0.20200,1.02890,0.08590,1.09180,1.02820,0.09380,0.09950,0.10610,0.68360,0.20020,0.20220,0.08200,0.13570,0.76100,0.08460,1.03130,0.95530,0.08690,0.09150,0.09650,0.07790,0.12860,0.07880,0.07980,0.07990,0.45290,0.08180,0.74380,0.69640,0.08500,0.08420,0.08550,0.09750,0.07760,0.08360,0.07850,0.08920,0.08070,0.37860,0.08310,0.08380,0.08210,0.33940,0.08220,0.09260,0.30670,0.08240,0.08510,0.08510,0.13130,0.25610,0.19330,0.21740,0.12230,0.26190,0.10570,0.08390,0.21810,0.08120,0.08380,0.08150,0.11240,0.16480,0.15070,0.16160,0.10880,0.16220,0.09570,0.07720,0.13260,0.07820,0.07920,0.07880,0.09320,0.07940,0.11050,0.11360,0.09090,0.07810,0.08260
0:56:49,1.08580,0.07820,0.57380,0.08330,0.30430,0.08090,0.08930,0.08400,0.08390,0.08450,0.11510,0.08840,1.04680,0.30830,0.38020,0.08450,0.20610,1.03420,0.08680,1.09100,1.05490,0.09500,0.10030,0.10790,0.69560,0.20380,0.20580,0.08230,0.13770,0.77460,0.08540,1.03740,0.97660,0.08790,0.09280,0.09780,0.07800,0.13020,0.07910,0.08010,0.08020,0.46360,0.08250,0.75780,0.71600,0.08590,0.08520,0.08640,0.09800,0.07770,0.08390,0.07880,0.08980,0.08110,0.38710,0.08390,0.08470,0.08270,0.34680,0.08290,0.09280,0.31310,0.08280,0.08540,0.08540,0.13280,0.26110,0.19710,0.22280,0.12370,0.26710,0.10690,0.08410,0.22220,0.08140,0.08400,0.08170,0.11350,0.16770,0.15300,0.16490,0.10980,0.16460,0.09630,0.07710,0.13430,0.07830,0.07930,0.07900,0.09370,0.07960,0.11160,0.11510,0.09130,0.07800,0.08280
0:58:29,1.08350,0.07840,0.58570,0.08370,0.31080,0.08160,0.09020,0.08490,0.08500,0.08550,0.11650,0.08960,1.05060,0.31480,0.38850,0.08500,0.21040,1.03970,0.08780,1.09010,1.07190,0.09640,0.10110,0.10980,0.70770,0.20730,0.20970,0.08270,0.13980,0.78700,0.08640,1.04330,0.99540,0.08910,0.09420,0.09930,0.07820,0.13180,0.07950,0.08040,0.08070,0.47300,0.08340,0.77200,0.73510,0.08700,0.08630,0.08720,0.09880,0.07790,0.08430,0.07900,0.09050,0.08160,0.39600,0.08490,0.08580,0.08370,0.35390,0.08380,0.09280,0.31950,0.08310,0.08590,0.08590,0.13440,0.26620,0.20110,0.22840,0.12540,0.27240,0.10830,0.08440,0.22630,0.08170,0.08430,0.08210,0.11480,0.17060,0.15550,0.16830,0.11100,0.16720,0.09700,0.07730,0.13590,0.07860,0.07950,0.07910,0.09440,0.07990,0.11270,0.11660,0.09190,0.07810,0.08300
1:00:09,1.08070,0.07840,0.59720,0.08390,0.31710,0.08210,0.09090,0.08560,0.08610,0.08650,0.11760,0.09080,1.05330,0.32110,0.39610,0.08540,0.21450,1.04150,0.08880,1.08920,1.08320,0.09790,0.10180,0.11160,0.71960,0.21100,0.21350,0.08300,0.14180,0.80090,0.08720,1.04680,1.01140,0.09010,0.09560,0.10070,0.07820,0.13340,0.07980,0.08060,0.08100,0.48270,0.08420,0.78560,0.75360,0.08800,0.08750,0.08810,0.09940,0.07800,0.08470,0.07910,0.09110,0.08210,0.40470,0.08560,0.08680,0.08460,0.36120,0.08460,0.09300,0.32580,0.08350,0.08630,0.08630,0.13600,0.27130,0.20500,0.23420,0.12740,0.27770,0.10970,0.08460,0.23020,0.08200,0.08460,0.08240,0.11590,0.17370,0.15800,0.17180,0.11220,0.16960,0.09760,0.07710,0.13760,0.07870,0.07960,0.07930,0.09490,0.08020,0.11390,0.11810,0.09240,0.07810,0.08300

