Corrected [600]
	1	2	3	4	5	6	7	8	9	10	11	12
A	0.27287	0.07357	0.35637	0.07467	0.35455	0.07429	0.26266	0.07402	0.33727	0.07498	0.38255	0.07314	Corrected [600]
B	0.21315	0.37443	0.26828	0.31433	0.27243	0.34533	0.21757	0.39676	0.27191	0.34607	0.28943	0.35205	Corrected [600]
C	0.13794	0.26195	0.18079	0.24306	0.18763	0.25876	0.14749	0.28253	0.18080	0.26193	0.18273	0.25248	Corrected [600]
D	0.07300	0.16540	0.07274	0.16382	0.07468	0.16333	0.07307	0.18040	0.07339	0.16784	0.07369	0.15914	Corrected [600]
E	0.36329	0.07342	0.35643	0.07436	0.33622	0.07336	0.40082	0.07292	0.34098	0.07433	0.39932	0.07390	Corrected [600]
F	0.23967	0.25542	0.25270	0.31589	0.25903	0.34547	0.27010	0.40288	0.26254	0.34589	0.30254	0.33175	Corrected [600]
G	0.26139	0.18633	0.17541	0.22540	0.16720	0.28648	0.17452	0.25717	0.17323	0.27669	0.18079	0.24926	Corrected [600]
H	0.07307	0.12230	0.07400	0.14631	0.07421	0.15434	0.07444	0.15260	0.07314	0.17517	0.07350	0.17942	Corrected [600]

