Corrected [600]
	1	2	3	4	5	6	7	8	9	10	11	12
A	0.36712	0.07430	0.36701	0.07353	0.34273	0.07300	0.31974	0.07315	0.32157	0.07285	0.31095	0.07453	Corrected [600]
B	0.28459	0.38198	0.30088	0.39721	0.28100	0.34145	0.25446	0.33755	0.25655	0.33267	0.24642	0.31619	Corrected [600]
C	0.19498	0.29407	0.21420	0.29723	0.19458	0.27533	0.18390	0.27333	0.17689	0.26042	0.17475	0.23296	Corrected [600]
D	0.07296	0.20026	0.07226	0.19851	0.07263	0.19165	0.07222	0.18524	0.07226	0.17385	0.07297	0.16947	Corrected [600]
E	0.36121	0.07266	0.38383	0.07483	0.41550	0.07167	0.37360	0.07341	0.35197	0.07334	0.34604	0.07296	Corrected [600]
F	0.28311	0.41233	0.32425	0.40361	0.30184	0.42681	0.29533	0.39642	0.27040	0.35124	0.26106	0.35053	Corrected [600]
G	0.18209	0.31177	0.19389	0.32028	0.19929	0.31551	0.19790	0.29467	0.18854	0.27800	0.18019	0.27180	Corrected [600]
H	0.07182	0.19217	0.07784	0.19658	0.07415	0.13485	0.07185	0.18423	0.07237	0.17807	0.07241	0.18212	Corrected [600]

