Corrected [600]
	1	2	3	4	5	6	7	8	9	10	11	12
A	0.20716	0.07423	0.23025	0.07568	0.22086	0.07373	0.22949	0.07416	0.24329	0.07336	0.22405	0.07435	Corrected [600]
B	0.21037	0.28305	0.22974	0.26425	0.20188	0.29077	0.20968	0.30632	0.23160	0.27419	0.19420	0.23778	Corrected [600]
C	0.13435	0.23176	0.17064	0.21221	0.15223	0.25216	0.15763	0.25697	0.17682	0.22174	0.14984	0.18828	Corrected [600]
D	0.07350	0.13825	0.07278	0.15116	0.07487	0.17470	0.07260	0.16896	0.07271	0.14738	0.07200	0.13633	Corrected [600]
E	0.24547	0.07274	0.29716	0.07527	0.29101	0.07342	0.33011	0.07415	0.29548	0.07397	0.26655	0.07252	Corrected [600]
F	0.17885	0.27397	0.23786	0.32031	0.37887	0.26407	0.25472	0.27600	0.22958	0.27281	0.21872	0.25726	Corrected [600]
G	0.13081	0.20722	0.14694	0.23754	0.13812	0.20194	0.16857	0.22032	0.15377	0.21284	0.14292	0.19422	Corrected [600]
H	0.07256	0.13420	0.07112	0.14945	0.07323	0.12617	0.07283	0.13263	0.07366	0.13635	0.07402	0.13702	Corrected [600]

