Corrected [600]
	1	2	3	4	5	6	7	8	9	10	11	12
A	0.38784	0.08263	0.31409	0.08178	0.32016	0.08016	0.32756	0.08032	0.36563	0.08085	0.40550	0.08068	Corrected [600]
B	0.30876	0.33117	0.27420	0.36443	0.24327	0.36263	0.24205	0.35869	0.27106	0.37495	0.29074	0.39345	Corrected [600]
C	0.19164	0.27806	0.15326	0.27584	0.15986	0.28258	0.17038	0.27588	0.18021	0.27483	0.17203	0.30157	Corrected [600]
D	0.08098	0.16739	0.07980	0.16881	0.20603	0.18312	0.07975	0.17894	0.07958	0.18651	0.08043	0.19301	Corrected [600]
E	0.32658	0.07935	0.34039	0.08007	0.34860	0.08072	0.36360	0.08270	0.42550	0.08110	0.41886	0.07935	Corrected [600]
F	0.23728	0.34478	0.24728	0.34395	0.27802	0.39023	0.26794	0.41658	0.31489	0.38861	0.29589	0.48667	Corrected [600]
G	0.15429	0.22901	0.16039	0.25953	0.16196	0.25884	0.17101	0.28131	0.18021	0.26552	0.17916	0.34089	Corrected [600]
H	0.10032	0.15925	0.07930	0.15651	0.07995	0.16386	0.08100	0.17873	0.08178	0.16749	0.08428	0.19685	Corrected [600]

