Corrected [600]
	1	2	3	4	5	6	7	8	9	10	11	12
A	0.27064	0.08101	0.31950	0.07946	0.36673	0.08030	0.34312	0.07910	0.37418	0.07789	0.41467	0.08044	Corrected [600]
B	0.20959	0.38714	0.27378	0.38545	0.32061	0.33394	0.28066	0.38060	0.31203	0.40199	0.32685	0.38080	Corrected [600]
C	0.14822	0.30918	0.18959	0.29099	0.21155	0.25518	0.17432	0.28479	0.20018	0.29932	0.22450	0.26218	Corrected [600]
D	0.08485	0.19536	0.07918	0.17961	0.08185	0.17761	0.07994	0.18913	0.07855	0.17823	0.07746	0.16388	Corrected [600]
E	0.37758	0.07903	0.43273	0.08171	0.41617	0.08121	0.38660	0.07967	0.42774	0.07858	0.40898	0.07667	Corrected [600]
F	0.27408	0.38202	0.32635	0.36729	0.29877	0.47085	0.28168	0.45716	0.31817	0.43739	0.27851	0.33405	Corrected [600]
G	0.17428	0.27601	0.21492	0.28492	0.20640	0.36354	0.18719	0.33833	0.20361	0.33470	0.17902	0.22657	Corrected [600]
H	0.07969	0.17626	0.07900	0.17202	0.07913	0.22330	0.07854	0.19175	0.07840	0.18234	0.07824	0.14894	Corrected [600]

