420

Time,A1,A2,A3,A4,A5,A6,A7,A8,A9,A10,A11,A12,B1,B2,B3,B4,B5,B6,B7,B8,B9,B10,B11,B12,C1,C2,C3,C4,C5,C6,C7,C8,C9,C10,C11,C12,D1,D2,D3,D4,D5,D6,D7,D8,D9,D10,D11,D12,E1,E2,E3,E4,E5,E6,E7,E8,E9,E10,E11,E12,F1,F2,F3,F4,F5,F6,F7,F8,F9,F10,F11,F12,G1,G2,G3,G4,G5,G6,G7,G8,G9,G10,G11,G12,H1,H2,H3,H4,H5,H6,H7,H8,H9,H10,H11,H12
0:00:34,0.24710,0.08630,0.09000,0.08020,0.09300,0.08310,0.08950,0.08160,0.08870,0.08520,0.08850,0.08040,0.28130,0.09150,0.08260,0.08560,0.08260,0.09020,0.08750,0.09130,0.08260,0.08920,0.08700,0.08600,0.20200,0.08460,0.08130,0.08550,0.08450,0.09100,0.09060,0.08280,0.08230,0.08340,0.08440,0.08380,0.08430,0.08740,0.08170,0.08370,0.08770,0.08850,0.09060,0.08240,0.08070,0.08250,0.08760,0.08260,0.12260,0.08180,0.08400,0.08090,0.08900,0.08130,0.09380,0.08570,0.09370,0.08340,0.08450,0.08140,0.11940,0.08770,0.08480,0.08670,0.08750,0.09190,0.08600,0.08980,0.08690,0.08460,0.08610,0.09300,0.09950,0.09020,0.08450,0.08600,0.08290,0.08810,0.08240,0.08660,0.09450,0.08500,0.08220,0.08480,0.08130,0.08190,0.08140,0.08400,0.08040,0.08450,0.08030,0.09450,0.08170,0.08830,0.07970,0.08680
0:10:34,0.74560,0.08590,0.08960,0.07950,0.09080,0.08130,0.08710,0.08030,0.08830,0.08430,0.08630,0.07960,0.72980,0.09130,0.08150,0.08580,0.08140,0.09480,0.08380,0.08980,0.08260,0.08770,0.09430,0.08740,0.52630,0.08430,0.08040,0.08550,0.08330,0.09530,0.08880,0.08150,0.08220,0.08230,0.08300,0.08460,0.08330,0.08660,0.08070,0.08290,0.08680,0.09010,0.09030,0.08130,0.07990,0.08160,0.08660,0.08220,0.20100,0.08100,0.08230,0.08020,0.09710,0.08050,0.09150,0.08480,0.09500,0.08160,0.09010,0.08050,0.19530,0.08850,0.08350,0.08650,0.09240,0.09670,0.08460,0.08840,0.08710,0.08300,0.08980,0.09750,0.14200,0.08950,0.08310,0.08540,0.08520,0.08980,0.08130,0.08500,0.09440,0.08250,0.08440,0.08690,0.08060,0.08200,0.08050,0.08330,0.07960,0.08620,0.07940,0.09100,0.08100,0.08690,0.08230,0.08770
0:20:34,0.98650,0.08670,0.09100,0.07940,0.09170,0.08090,0.08830,0.08000,0.09090,0.08400,0.08820,0.07950,1.03850,0.09210,0.08220,0.08810,0.08180,0.10400,0.08370,0.09050,0.08570,0.08930,0.08900,0.09140,0.81530,0.08500,0.08070,0.08750,0.08330,0.10190,0.08830,0.08230,0.08260,0.08290,0.08270,0.08780,0.08310,0.08700,0.08040,0.08340,0.08640,0.09380,0.08990,0.08130,0.07970,0.08180,0.08630,0.08380,0.32180,0.08080,0.08250,0.08000,0.10880,0.08020,0.09160,0.08450,0.09860,0.08070,0.10230,0.08020,0.27840,0.09240,0.08380,0.08570,0.09900,0.10570,0.08430,0.09010,0.08910,0.08410,0.09720,0.10830,0.18800,0.09110,0.08310,0.08520,0.09080,0.09690,0.08120,0.08520,0.09530,0.08300,0.08830,0.09280,0.08040,0.08280,0.08030,0.08320,0.07950,0.08980,0.07930,0.09030,0.08080,0.08670,0.08160,0.09090
0:30:34,1.22370,0.08890,0.09320,0.07960,0.09260,0.08070,0.09020,0.07990,0.09490,0.08390,0.08940,0.07990,1.23390,0.09350,0.08320,0.09220,0.08240,0.11700,0.08430,0.09200,0.08790,0.09050,0.08910,0.09600,1.02210,0.08530,0.08110,0.08900,0.08360,0.10910,0.08800,0.08250,0.08350,0.08340,0.08250,0.09090,0.08320,0.08720,0.08030,0.08410,0.08610,0.09770,0.08960,0.08210,0.07960,0.08190,0.08630,0.08520,0.46790,0.08090,0.08290,0.07990,0.12060,0.08030,0.09230,0.08410,0.10220,0.08070,0.11410,0.08000,0.35940,0.09630,0.08470,0.08740,0.10680,0.11980,0.08570,0.09130,0.09140,0.08510,0.10590,0.11930,0.23390,0.09320,0.08330,0.08590,0.09430,0.10350,0.08140,0.08530,0.09720,0.08400,0.09280,0.09890,0.08030,0.08370,0.08030,0.08350,0.07960,0.09350,0.07930,0.08870,0.08090,0.08640,0.08190,0.09410
0:40:34,1.36360,0.09050,0.09600,0.08050,0.09250,0.08080,0.09170,0.08010,0.09980,0.08420,0.09090,0.08090,1.33780,0.09470,0.08510,0.09670,0.08390,0.13080,0.08510,0.09440,0.09080,0.09280,0.09060,0.10410,1.18340,0.08610,0.08220,0.09160,0.08430,0.11770,0.08860,0.08400,0.08490,0.08530,0.08290,0.09580,0.08370,0.08770,0.08080,0.08500,0.08650,0.10260,0.09020,0.08310,0.08000,0.08280,0.08670,0.08700,0.59960,0.08130,0.08520,0.08030,0.13490,0.08070,0.09460,0.08430,0.10660,0.08140,0.12760,0.08010,0.44800,0.10120,0.08520,0.08850,0.11880,0.12930,0.08580,0.09170,0.09480,0.08710,0.11490,0.13520,0.28140,0.09590,0.08410,0.08700,0.10040,0.11240,0.08210,0.08700,0.10120,0.08550,0.09890,0.10710,0.08050,0.08520,0.08060,0.08410,0.08010,0.09780,0.07970,0.08830,0.08110,0.08670,0.08300,0.09900
0:50:34,1.36190,0.09200,0.10020,0.08210,0.09350,0.08120,0.09280,0.08070,0.10490,0.08480,0.09310,0.08320,1.35050,0.09600,0.08870,0.10090,0.08600,0.14580,0.08690,0.09670,0.09430,0.09540,0.09390,0.11130,1.28820,0.08740,0.08450,0.09440,0.08570,0.12830,0.08960,0.08560,0.08670,0.08650,0.08400,0.10240,0.08450,0.08920,0.08210,0.08670,0.08780,0.10820,0.09160,0.08470,0.08100,0.08410,0.08810,0.08960,0.71850,0.08230,0.08690,0.08110,0.15080,0.08200,0.09640,0.08520,0.11260,0.08290,0.14120,0.08040,0.55070,0.10650,0.08670,0.09020,0.13030,0.14210,0.08740,0.09360,0.09830,0.09000,0.12420,0.14860,0.32860,0.09920,0.08550,0.08840,0.10770,0.12310,0.08370,0.08870,0.10700,0.08870,0.10520,0.11620,0.08090,0.08760,0.08130,0.08510,0.08120,0.10390,0.08060,0.08780,0.08180,0.08700,0.07870,0.10490
1:00:34,1.33910,0.09470,0.10560,0.08440,0.09420,0.08210,0.09440,0.08190,0.10930,0.08560,0.09640,0.08570,1.32860,0.09820,0.09270,0.10600,0.08850,0.16090,0.08960,0.09980,0.09790,0.09830,0.10000,0.11930,1.33530,0.08930,0.08690,0.09790,0.08770,0.14020,0.09180,0.08710,0.08860,0.08820,0.08560,0.10860,0.08560,0.09100,0.08430,0.08960,0.09030,0.11440,0.09400,0.08640,0.08290,0.08490,0.09040,0.09160,0.82500,0.08370,0.08880,0.08250,0.16610,0.08400,0.10010,0.08680,0.11820,0.08520,0.15510,0.08060,0.66170,0.11260,0.08870,0.09200,0.14140,0.15750,0.08900,0.09570,0.10260,0.09520,0.13590,0.16390,0.38480,0.10230,0.08690,0.09010,0.11280,0.13350,0.08510,0.09080,0.11020,0.09060,0.11140,0.12470,0.08130,0.08980,0.08220,0.08610,0.08260,0.11030,0.08180,0.08820,0.08270,0.08760,0.07880,0.11010
1:10:34,1.31450,0.09530,0.11140,0.08700,0.09590,0.08300,0.09660,0.08340,0.11390,0.08650,0.10000,0.08830,1.29950,0.10070,0.09710,0.11080,0.09150,0.17630,0.09250,0.10380,0.10140,0.10270,0.10820,0.13040,1.34920,0.09140,0.08990,0.10170,0.09040,0.15010,0.09490,0.08890,0.09090,0.08950,0.08740,0.11550,0.08680,0.09310,0.08710,0.09250,0.09340,0.12010,0.09700,0.08880,0.08530,0.08640,0.09280,0.09340,0.91730,0.08550,0.09110,0.08440,0.18130,0.08640,0.10410,0.08880,0.12400,0.08780,0.16860,0.08090,0.75280,0.11710,0.09050,0.09420,0.15290,0.17210,0.09080,0.09770,0.10720,0.09760,0.14710,0.16930,0.44180,0.10570,0.08870,0.09150,0.11920,0.14330,0.08660,0.09300,0.11540,0.09320,0.11730,0.13290,0.08180,0.09180,0.08340,0.08730,0.08420,0.11590,0.08300,0.08910,0.08370,0.08840,0.08020,0.11510
1:20:34,1.29100,0.09690,0.11590,0.08890,0.09720,0.08380,0.09900,0.08440,0.11880,0.08750,0.10290,0.09030,1.27530,0.10270,0.10060,0.11520,0.09390,0.19110,0.09480,0.10760,0.10430,0.10680,0.11320,0.13850,1.34130,0.09280,0.09210,0.10500,0.09260,0.15930,0.09710,0.09030,0.09270,0.09060,0.08860,0.12140,0.08770,0.09450,0.08900,0.09470,0.09590,0.12550,0.09950,0.09070,0.08700,0.08770,0.09450,0.09500,0.99400,0.08680,0.09280,0.08580,0.19520,0.08840,0.10720,0.09030,0.12880,0.08960,0.18050,0.08110,0.82600,0.12120,0.09170,0.09550,0.16320,0.18540,0.09200,0.09930,0.11120,0.09970,0.15650,0.16780,0.48760,0.10850,0.09000,0.09260,0.12480,0.15210,0.08760,0.09410,0.12020,0.09480,0.12240,0.14030,0.08210,0.09330,0.08410,0.08810,0.08520,0.12090,0.08390,0.08960,0.08440,0.08890,0.08120,0.11960
1:30:34,1.27280,0.09830,0.12030,0.09040,0.09860,0.08450,0.10120,0.08540,0.12270,0.08800,0.10550,0.09250,1.25610,0.10440,0.10360,0.11960,0.09620,0.20470,0.09680,0.11080,0.10710,0.11030,0.11700,0.14600,1.32780,0.09400,0.09400,0.10800,0.09450,0.16830,0.09910,0.09140,0.09450,0.09170,0.08950,0.12690,0.08820,0.09570,0.09060,0.09660,0.09800,0.13060,0.10150,0.09220,0.08870,0.08870,0.09610,0.09660,1.05710,0.08780,0.09460,0.08700,0.20820,0.09000,0.10930,0.09160,0.13350,0.09120,0.19200,0.08110,0.88720,0.12400,0.09300,0.09670,0.17270,0.19750,0.09330,0.10070,0.11470,0.10190,0.16550,0.17990,0.53050,0.11110,0.09110,0.09340,0.13010,0.16040,0.08850,0.09540,0.12440,0.09570,0.12710,0.14730,0.08230,0.09470,0.08460,0.08860,0.08600,0.12560,0.08460,0.08990,0.08500,0.08940,0.08200,0.12400
1:40:34,1.25860,0.10110,0.12630,0.09310,0.10680,0.08590,0.10510,0.08750,0.12750,0.08930,0.10910,0.09550,1.24070,0.10730,0.10790,0.12450,0.09970,0.21920,0.10010,0.11550,0.11050,0.11460,0.12060,0.15380,1.31340,0.09600,0.09680,0.11180,0.09720,0.17760,0.10190,0.09330,0.09660,0.09310,0.09100,0.13280,0.08930,0.09750,0.09280,0.09910,0.10090,0.13630,0.10440,0.09490,0.09080,0.09030,0.09820,0.09830,1.10600,0.08920,0.09720,0.08870,0.22160,0.09230,0.11230,0.09330,0.13860,0.09370,0.20430,0.08150,0.94070,0.12820,0.09480,0.09830,0.18260,0.20990,0.09500,0.10300,0.11870,0.10460,0.17520,0.19150,0.57150,0.11400,0.09260,0.09460,0.13580,0.16920,0.08980,0.09700,0.12910,0.09750,0.13230,0.15430,0.08270,0.09650,0.08550,0.08960,0.08720,0.13070,0.08550,0.09080,0.08590,0.09030,0.08320,0.12860
1:50:34,1.24520,0.10310,0.13110,0.09510,0.10690,0.08670,0.10820,0.08730,0.13140,0.08980,0.11230,0.09850,1.22630,0.10970,0.11160,0.12920,0.10270,0.23320,0.10320,0.11970,0.11310,0.11890,0.12460,0.16160,1.29910,0.09800,0.09950,0.11560,0.10000,0.18620,0.10470,0.09460,0.09820,0.09420,0.09160,0.13910,0.08990,0.09930,0.09530,0.10170,0.10400,0.14160,0.10750,0.09710,0.09320,0.09120,0.10050,0.09980,1.14400,0.09070,0.09990,0.09030,0.23520,0.09490,0.11570,0.09490,0.14400,0.09620,0.21670,0.08160,0.98670,0.13220,0.09660,0.10000,0.19250,0.22240,0.09670,0.10520,0.12300,0.10770,0.18460,0.20300,0.60990,0.11670,0.09410,0.09580,0.14170,0.17770,0.09100,0.09850,0.13450,0.09950,0.13760,0.16110,0.08300,0.09800,0.08600,0.09040,0.08840,0.13540,0.08640,0.09170,0.08670,0.09100,0.08420,0.13310
2:00:34,1.23300,0.10510,0.13550,0.09700,0.10820,0.08800,0.11120,0.08910,0.13600,0.09100,0.11510,0.10120,1.21360,0.11210,0.11510,0.13360,0.10540,0.24690,0.10600,0.12370,0.11630,0.12300,0.12730,0.16860,1.28450,0.09970,0.10190,0.11890,0.10230,0.19500,0.10730,0.09630,0.10000,0.09540,0.09280,0.14460,0.09040,0.10080,0.09740,0.10390,0.10630,0.14690,0.10990,0.09900,0.09510,0.09240,0.10210,0.10130,1.17190,0.09170,0.10190,0.09170,0.24800,0.09680,0.11820,0.09600,0.14890,0.09800,0.22810,0.08180,1.02510,0.13610,0.09810,0.10120,0.20180,0.23420,0.09790,0.10670,0.12690,0.10990,0.19330,0.21460,0.64650,0.11590,0.09520,0.09670,0.14700,0.18590,0.09180,0.09960,0.13890,0.10090,0.14220,0.16790,0.08320,0.09940,0.08650,0.09100,0.08920,0.14000,0.08710,0.09240,0.08720,0.09140,0.08500,0.13710
2:10:34,1.22160,0.10680,0.13940,0.09870,0.10880,0.08900,0.11400,0.09020,0.13970,0.09150,0.11770,0.10380,1.20200,0.11430,0.11830,0.13790,0.10790,0.26000,0.10860,0.12740,0.11880,0.12650,0.13030,0.17540,1.27090,0.10140,0.10410,0.12230,0.10450,0.20330,0.10970,0.09770,0.10150,0.09640,0.09370,0.15040,0.09080,0.10240,0.09950,0.10630,0.10870,0.15540,0.11220,0.10120,0.09720,0.09330,0.10410,0.10280,1.19100,0.09280,0.10400,0.09320,0.26070,0.09880,0.12100,0.09740,0.15400,0.10020,0.23970,0.08190,1.05710,0.14000,0.09960,0.10250,0.21120,0.24590,0.09940,0.10860,0.13090,0.11260,0.20190,0.22610,0.68130,0.11820,0.09640,0.09770,0.15220,0.19410,0.09270,0.10070,0.14360,0.10270,0.14690,0.17460,0.08340,0.10080,0.08690,0.09150,0.09020,0.14450,0.08780,0.09320,0.08790,0.09180,0.08580,0.14120
2:20:34,1.21190,0.10880,0.14400,0.10090,0.11050,0.09120,0.11730,0.09280,0.14490,0.09360,0.12060,0.10720,1.19170,0.11700,0.12200,0.14270,0.11060,0.27290,0.11150,0.13160,0.12240,0.13050,0.13430,0.18220,1.25820,0.10340,0.10670,0.12590,0.10710,0.21200,0.11230,0.09990,0.10330,0.09790,0.09440,0.15600,0.09140,0.10410,0.10180,0.10890,0.11120,0.16080,0.11460,0.10400,0.09960,0.09470,0.10630,0.10440,1.20330,0.09420,0.10630,0.09480,0.27350,0.10090,0.12380,0.09910,0.15920,0.10270,0.25140,0.08220,1.08290,0.14400,0.10150,0.10400,0.22070,0.25750,0.10120,0.11080,0.13480,0.11540,0.21070,0.23770,0.71390,0.12080,0.09770,0.09890,0.15740,0.20240,0.09390,0.10220,0.14920,0.10480,0.15170,0.18120,0.08360,0.10230,0.08760,0.09230,0.09120,0.14910,0.08860,0.09440,0.08880,0.09260,0.08680,0.14540
2:30:34,1.20260,0.11070,0.14770,0.10290,0.11140,0.09280,0.12030,0.09480,0.14880,0.09460,0.12350,0.11020,1.18260,0.11940,0.12540,0.14720,0.11320,0.28510,0.11410,0.13520,0.12530,0.13400,0.13660,0.18860,1.24660,0.10550,0.10930,0.12940,0.10950,0.22030,0.11460,0.10190,0.10490,0.09890,0.09430,0.16150,0.09190,0.10590,0.10410,0.11200,0.11350,0.16640,0.11690,0.10670,0.10220,0.09570,0.10850,0.10580,1.20930,0.09570,0.10870,0.09660,0.28600,0.10300,0.12650,0.10110,0.16430,0.10530,0.26280,0.08230,1.10330,0.14820,0.10370,0.10570,0.23010,0.26900,0.10310,0.11320,0.13870,0.11830,0.21980,0.24900,0.74450,0.12330,0.09920,0.10040,0.16290,0.21090,0.09520,0.10380,0.15310,0.10680,0.15660,0.18750,0.08380,0.10380,0.08830,0.09310,0.09240,0.15380,0.08970,0.09560,0.08970,0.09330,0.08800,0.14960
2:40:34,1.19350,0.11210,0.15120,0.10460,0.11220,0.09410,0.12280,0.09650,0.15270,0.09560,0.12580,0.11290,1.17340,0.12150,0.12840,0.15120,0.11550,0.29650,0.11640,0.13830,0.12800,0.13720,0.13880,0.19450,1.23570,0.10720,0.11140,0.13250,0.11150,0.22820,0.11660,0.10360,0.10640,0.09990,0.09440,0.16660,0.09220,0.10720,0.10600,0.11600,0.11550,0.17160,0.11880,0.10900,0.10420,0.09660,0.11030,0.10720,1.21130,0.09680,0.11070,0.09800,0.29790,0.10490,0.12880,0.10250,0.16900,0.10760,0.27370,0.08230,1.11900,0.15200,0.10520,0.10710,0.23910,0.28000,0.10460,0.11510,0.14210,0.12060,0.22830,0.26010,0.77300,0.12550,0.10030,0.10140,0.16790,0.21880,0.09610,0.10280,0.15860,0.10780,0.16100,0.19370,0.08390,0.10500,0.08860,0.09360,0.09330,0.15810,0.09030,0.09640,0.09020,0.09370,0.08880,0.15330
2:50:34,1.18500,0.11350,0.15390,0.10600,0.11260,0.09530,0.12510,0.09790,0.16140,0.09610,0.12760,0.11510,1.16490,0.12330,0.13120,0.15490,0.11730,0.30750,0.11840,0.14100,0.13030,0.14010,0.14040,0.20000,1.22430,0.10860,0.11320,0.13540,0.11330,0.23590,0.11810,0.10490,0.10760,0.10070,0.09460,0.17160,0.09230,0.10830,0.10760,0.11770,0.11710,0.17630,0.12030,0.11090,0.10580,0.09720,0.11160,0.10850,1.21060,0.09760,0.11220,0.09910,0.30920,0.10640,0.13060,0.10380,0.17330,0.10940,0.28410,0.08230,1.13080,0.15550,0.10640,0.10820,0.24760,0.29030,0.10580,0.11670,0.14520,0.12250,0.23630,0.27090,0.79950,0.12740,0.10110,0.10210,0.17270,0.22620,0.09670,0.10380,0.16180,0.10890,0.16500,0.19960,0.08380,0.10600,0.08880,0.09380,0.09380,0.16210,0.09070,0.09680,0.09050,0.09400,0.08940,0.15680
3:00:34,1.17660,0.11470,0.15680,0.10740,0.11310,0.09640,0.12720,0.09950,0.16430,0.09690,0.12920,0.11730,1.15640,0.12490,0.13670,0.15840,0.11910,0.31770,0.12030,0.14370,0.13300,0.14290,0.14270,0.20530,1.21410,0.10990,0.11490,0.13810,0.11490,0.24370,0.11970,0.10630,0.10910,0.10170,0.09520,0.17650,0.09240,0.10920,0.10900,0.11830,0.11870,0.18060,0.12160,0.11260,0.10740,0.09800,0.11290,0.10990,1.20740,0.09830,0.11370,0.10010,0.32030,0.10780,0.13230,0.10470,0.17730,0.11110,0.29420,0.08240,1.13880,0.15880,0.10730,0.10920,0.25580,0.30030,0.10680,0.11810,0.14810,0.12440,0.24390,0.28180,0.82440,0.12940,0.10170,0.10270,0.17710,0.23340,0.09720,0.10480,0.16690,0.11000,0.16890,0.20560,0.08390,0.10700,0.08900,0.09410,0.09430,0.16610,0.09120,0.09750,0.09100,0.09450,0.09010,0.16030
3:10:34,1.16920,0.11590,0.15950,0.10880,0.11120,0.09770,0.12950,0.10140,0.16830,0.09790,0.13120,0.11950,1.14880,0.12660,0.13920,0.16190,0.12090,0.32840,0.12210,0.14620,0.13550,0.14550,0.14450,0.21060,1.20460,0.11120,0.11660,0.14100,0.11640,0.25130,0.12110,0.10790,0.11060,0.10280,0.09580,0.18120,0.09270,0.11020,0.11040,0.11980,0.12010,0.18500,0.12290,0.11440,0.10890,0.09900,0.11420,0.11120,1.20150,0.09900,0.11500,0.10110,0.33120,0.10910,0.13380,0.10580,0.18140,0.11260,0.30400,0.08240,1.14380,0.16230,0.10820,0.11030,0.26390,0.31020,0.10780,0.11950,0.15090,0.12610,0.25140,0.29260,0.84730,0.13150,0.10230,0.10330,0.18170,0.24060,0.09780,0.10580,0.17070,0.11110,0.17290,0.21150,0.08390,0.10790,0.08930,0.09450,0.09490,0.17010,0.09160,0.09810,0.09150,0.09490,0.09070,0.16380
3:20:34,1.16170,0.11700,0.16210,0.11010,0.11210,0.09910,0.13620,0.10340,0.17190,0.09880,0.13270,0.12170,1.14130,0.12820,0.14170,0.16540,0.12250,0.33900,0.12380,0.14840,0.13800,0.14800,0.14560,0.21550,1.19520,0.11250,0.11830,0.14370,0.11780,0.25880,0.12260,0.10950,0.11210,0.10380,0.09640,0.18550,0.09120,0.11110,0.11180,0.12160,0.12150,0.18950,0.12400,0.11620,0.11050,0.10000,0.11540,0.11260,1.19530,0.09990,0.11640,0.10220,0.34190,0.11050,0.13550,0.10690,0.18540,0.11420,0.31370,0.08250,1.14590,0.16580,0.10910,0.11140,0.27190,0.31980,0.10890,0.12090,0.15380,0.12770,0.25870,0.30320,0.86860,0.13360,0.10290,0.10410,0.18620,0.24770,0.09850,0.10690,0.17220,0.11230,0.17680,0.21710,0.08390,0.10910,0.08960,0.09490,0.09550,0.17420,0.09220,0.09880,0.09180,0.09530,0.09140,0.16730
3:30:34,1.15510,0.11840,0.16480,0.11170,0.11370,0.10070,0.13800,0.10570,0.17630,0.10010,0.13490,0.12390,1.13450,0.12990,0.14430,0.16900,0.12430,0.34960,0.12560,0.15090,0.14090,0.15060,0.14720,0.22060,1.18650,0.11410,0.12010,0.14660,0.11930,0.26670,0.12420,0.11160,0.11380,0.10510,0.09720,0.18960,0.09170,0.11220,0.11330,0.12480,0.12300,0.19430,0.12530,0.11820,0.11210,0.10120,0.11680,0.11400,1.18840,0.10080,0.11790,0.10350,0.35240,0.11190,0.13680,0.10820,0.18940,0.11570,0.32340,0.08270,1.14630,0.16960,0.11000,0.11270,0.27980,0.32970,0.11020,0.12260,0.15660,0.12950,0.26610,0.31380,0.88810,0.13580,0.10370,0.10500,0.19080,0.25480,0.09930,0.10820,0.17390,0.11360,0.18100,0.22290,0.08400,0.11030,0.09020,0.09550,0.09610,0.17830,0.09290,0.09970,0.09260,0.09610,0.09230,0.17080
3:40:34,1.14880,0.12010,0.16780,0.11370,0.11590,0.10290,0.13970,0.11150,0.18120,0.10230,0.13680,0.12770,1.12830,0.13160,0.14700,0.17270,0.12610,0.36030,0.12770,0.15330,0.14480,0.15350,0.14870,0.22570,1.17860,0.11580,0.12220,0.14950,0.12090,0.27510,0.12590,0.11410,0.11590,0.10700,0.09730,0.19360,0.09260,0.11350,0.11500,0.12770,0.12450,0.19940,0.12660,0.12050,0.11400,0.10300,0.11840,0.11530,1.18110,0.10200,0.11960,0.10500,0.36310,0.11350,0.13860,0.10990,0.19350,0.11750,0.33310,0.08300,1.14480,0.17370,0.11140,0.11430,0.28720,0.33930,0.11170,0.12450,0.15960,0.13150,0.27380,0.32430,0.90590,0.13840,0.10490,0.10630,0.19570,0.26200,0.10050,0.10990,0.17780,0.11560,0.18530,0.22840,0.08410,0.11190,0.09110,0.09620,0.09710,0.18270,0.09390,0.10080,0.09350,0.09710,0.09350,0.17470
3:50:34,1.14280,0.12190,0.17070,0.11830,0.11820,0.10530,0.14150,0.11430,0.18670,0.10470,0.14230,0.13050,1.12250,0.13360,0.14970,0.17660,0.12820,0.37080,0.12990,0.15580,0.14900,0.15650,0.15120,0.23110,1.17080,0.11780,0.12450,0.15250,0.12280,0.28400,0.12790,0.11700,0.11870,0.10940,0.09790,0.19790,0.09340,0.11500,0.11690,0.12980,0.12620,0.21020,0.12810,0.12320,0.11620,0.10530,0.12030,0.11680,1.17390,0.10350,0.12160,0.10680,0.37360,0.11540,0.14030,0.11190,0.19770,0.11950,0.34300,0.08340,1.14210,0.17810,0.11310,0.11630,0.29490,0.34910,0.11360,0.12690,0.16290,0.13370,0.28180,0.33470,0.92250,0.14130,0.10640,0.10790,0.20090,0.26930,0.10210,0.11210,0.13870,0.11790,0.19010,0.23400,0.08430,0.11350,0.09210,0.09750,0.09840,0.18730,0.09520,0.10220,0.09480,0.09840,0.09500,0.17890
4:00:34,1.13730,0.12370,0.17370,0.12020,0.12070,0.10780,0.14310,0.11710,0.19170,0.10710,0.14420,0.13350,1.11700,0.13570,0.15250,0.18060,0.13030,0.38110,0.13200,0.15830,0.15320,0.15950,0.15330,0.23630,1.16370,0.11990,0.12680,0.15540,0.12480,0.29260,0.12990,0.11990,0.12200,0.11180,0.09860,0.20200,0.09450,0.11660,0.11900,0.13140,0.12790,0.21550,0.12960,0.12580,0.11850,0.10780,0.12230,0.11820,1.16630,0.10510,0.12370,0.10870,0.38400,0.11720,0.14190,0.11390,0.20180,0.12170,0.35290,0.08380,1.13820,0.18250,0.11500,0.11840,0.30340,0.35890,0.11540,0.12920,0.16620,0.13590,0.28980,0.34480,0.93740,0.14420,0.10810,0.10960,0.20600,0.27670,0.10370,0.11430,0.13950,0.12080,0.19490,0.23940,0.08450,0.11480,0.09310,0.09870,0.09980,0.19190,0.09660,0.10380,0.09610,0.09970,0.09660,0.18310
4:10:34,1.13280,0.12550,0.17670,0.12220,0.12310,0.11000,0.14450,0.11970,0.19670,0.10960,0.14590,0.13620,1.11230,0.13780,0.15520,0.18440,0.13240,0.39160,0.13420,0.16070,0.15740,0.16240,0.15530,0.24140,1.15680,0.12210,0.12910,0.15840,0.12670,0.30100,0.13200,0.12270,0.12480,0.11490,0.09940,0.20610,0.09560,0.11840,0.12100,0.13370,0.12980,0.22030,0.13120,0.12820,0.12080,0.11030,0.12420,0.11960,1.15830,0.10680,0.12590,0.11070,0.39430,0.11910,0.14370,0.11670,0.20590,0.12390,0.36290,0.08400,1.13370,0.18700,0.11690,0.12060,0.31220,0.36840,0.11740,0.13160,0.16950,0.13830,0.29770,0.35480,0.95080,0.14730,0.10980,0.11140,0.21120,0.28420,0.10530,0.11670,0.14350,0.12220,0.19980,0.24480,0.08470,0.11670,0.09440,0.10010,0.10130,0.19660,0.09810,0.10550,0.09760,0.10120,0.09830,0.18740
4:20:34,1.12740,0.12730,0.17940,0.12400,0.12490,0.11200,0.14560,0.12210,0.20100,0.11170,0.14730,0.13870,1.10710,0.13980,0.15760,0.18810,0.13430,0.40160,0.13610,0.16290,0.16120,0.16520,0.15760,0.24640,1.14970,0.12410,0.13130,0.16130,0.12860,0.30910,0.13370,0.12540,0.12730,0.11680,0.09990,0.20990,0.09650,0.11990,0.12280,0.13690,0.13130,0.22480,0.13230,0.13050,0.12280,0.11240,0.12610,0.12090,1.15050,0.10840,0.12780,0.11250,0.40440,0.12080,0.14520,0.11870,0.21010,0.12570,0.37250,0.08410,1.12850,0.19140,0.11870,0.12260,0.32040,0.37770,0.11910,0.13390,0.17270,0.14040,0.30540,0.36460,0.96280,0.15010,0.11160,0.11310,0.21620,0.29130,0.10680,0.11880,0.14620,0.12480,0.20450,0.24980,0.08480,0.11840,0.09540,0.10140,0.10260,0.20110,0.09950,0.10700,0.09890,0.10250,0.09990,0.19140
4:30:34,1.12210,0.12880,0.18220,0.12560,0.12680,0.11380,0.14710,0.12420,0.20510,0.11350,0.14850,0.14110,1.10200,0.14550,0.15980,0.19170,0.13610,0.41150,0.13800,0.16520,0.16470,0.16790,0.15810,0.25130,1.14320,0.12590,0.13340,0.16410,0.13020,0.31700,0.13540,0.12790,0.12970,0.11880,0.10020,0.21370,0.09710,0.12140,0.12440,0.14050,0.13300,0.22940,0.13360,0.13260,0.12480,0.11430,0.12780,0.12240,1.14300,0.10990,0.12960,0.11420,0.41420,0.12250,0.14670,0.12050,0.21390,0.12740,0.38160,0.08430,1.12250,0.19550,0.12040,0.12440,0.32840,0.38650,0.12080,0.13590,0.17570,0.14250,0.31280,0.37430,0.97350,0.15260,0.11310,0.11480,0.22110,0.29830,0.10790,0.12080,0.14940,0.12720,0.20890,0.25510,0.08510,0.12000,0.09630,0.10240,0.10380,0.20560,0.10080,0.10850,0.10000,0.10360,0.10120,0.19520
4:40:34,1.11690,0.13040,0.18470,0.12730,0.12850,0.11560,0.14850,0.12640,0.20920,0.11550,0.15010,0.14350,1.09670,0.14690,0.16190,0.19510,0.13770,0.42100,0.13960,0.16720,0.16840,0.17040,0.16080,0.25610,1.13680,0.12770,0.13530,0.16700,0.13190,0.32510,0.13690,0.13040,0.13210,0.12070,0.10080,0.21750,0.09780,0.12280,0.12610,0.14240,0.13430,0.23420,0.13480,0.13470,0.12670,0.11580,0.12940,0.12360,1.13560,0.11130,0.13140,0.11580,0.42380,0.12400,0.14800,0.12230,0.21750,0.12900,0.39060,0.08440,1.11660,0.19960,0.12200,0.12630,0.33610,0.39540,0.12250,0.13790,0.17870,0.14420,0.32030,0.38390,0.98260,0.15510,0.11460,0.11630,0.22590,0.30520,0.10940,0.12280,0.15970,0.12900,0.21330,0.26000,0.08520,0.12170,0.09730,0.10360,0.10510,0.20990,0.10200,0.10990,0.10120,0.10470,0.10260,0.19900
4:50:34,1.11190,0.13220,0.18730,0.12890,0.13020,0.11740,0.15020,0.12850,0.21340,0.11740,0.15170,0.14580,1.09200,0.14860,0.16410,0.19860,0.13930,0.43040,0.14150,0.16920,0.17190,0.17300,0.16210,0.26080,1.13030,0.12950,0.13730,0.16980,0.13350,0.33310,0.13860,0.13270,0.13460,0.12280,0.10140,0.22100,0.09860,0.12410,0.12770,0.14380,0.13560,0.23880,0.13600,0.13680,0.12870,0.11780,0.13100,0.12490,1.12800,0.11270,0.13310,0.11740,0.43330,0.12560,0.14930,0.12400,0.22130,0.13050,0.39940,0.08450,1.11030,0.20370,0.12370,0.12810,0.34380,0.40400,0.12400,0.13990,0.18150,0.14600,0.32750,0.39310,0.99030,0.15770,0.11610,0.11790,0.23070,0.31200,0.11080,0.12480,0.16360,0.13240,0.21760,0.26490,0.08540,0.12330,0.09820,0.10470,0.10640,0.21430,0.10320,0.11140,0.10240,0.10600,0.10400,0.20270
5:00:34,1.10720,0.13360,0.18950,0.13040,0.13180,0.11920,0.15150,0.13060,0.21710,0.11930,0.15290,0.14790,1.08730,0.14990,0.16610,0.20190,0.14090,0.43940,0.14320,0.17130,0.17540,0.17560,0.16340,0.26530,1.12410,0.13120,0.13910,0.17250,0.13510,0.34050,0.14010,0.13520,0.13710,0.12500,0.10220,0.22470,0.09930,0.12550,0.12920,0.14540,0.13690,0.24340,0.13710,0.13880,0.13040,0.11970,0.13250,0.12620,1.12090,0.11400,0.13470,0.11890,0.44270,0.12700,0.15030,0.12570,0.22460,0.13220,0.40790,0.08470,1.10420,0.20750,0.12530,0.12980,0.35130,0.41240,0.12560,0.14180,0.18440,0.14780,0.33460,0.40250,0.99770,0.16030,0.11740,0.11920,0.23530,0.31870,0.11220,0.12670,0.16510,0.13380,0.22190,0.26980,0.08560,0.12490,0.09900,0.10570,0.10750,0.21850,0.10440,0.11280,0.10350,0.10710,0.10530,0.20640
5:10:34,1.10190,0.13510,0.19180,0.13200,0.13350,0.12090,0.15320,0.13270,0.22130,0.12110,0.15420,0.14970,1.08240,0.15130,0.16810,0.20530,0.14250,0.44850,0.14490,0.17320,0.17880,0.17810,0.16450,0.26990,1.11840,0.13290,0.14080,0.17520,0.13670,0.34770,0.14160,0.13750,0.13970,0.12720,0.10310,0.22810,0.10000,0.12670,0.13060,0.14830,0.13820,0.24800,0.13820,0.14070,0.13230,0.12150,0.13400,0.12740,1.11360,0.11540,0.13630,0.12050,0.45180,0.12850,0.15140,0.12740,0.22820,0.13390,0.41640,0.08480,1.09790,0.21150,0.12680,0.13150,0.35870,0.42070,0.12720,0.14370,0.18710,0.14950,0.34150,0.41150,1.00420,0.16290,0.11880,0.12070,0.23990,0.32540,0.11360,0.12870,0.17110,0.13520,0.22610,0.27460,0.08570,0.12650,0.09990,0.10680,0.10880,0.22270,0.10560,0.11420,0.10460,0.10830,0.10670,0.21150
5:20:34,1.09760,0.13660,0.19390,0.13370,0.13490,0.12260,0.15440,0.13460,0.22470,0.12280,0.15560,0.15140,1.07810,0.15260,0.17000,0.20860,0.14400,0.45740,0.14650,0.17500,0.18230,0.18050,0.16650,0.27440,1.11210,0.13450,0.14260,0.17780,0.13810,0.35480,0.14300,0.13960,0.14200,0.12920,0.10400,0.23160,0.10060,0.12790,0.13210,0.15160,0.13930,0.25250,0.13920,0.14260,0.13390,0.12330,0.13550,0.12870,1.10620,0.11660,0.13780,0.12200,0.46080,0.13000,0.15240,0.12900,0.23160,0.13540,0.42480,0.08490,1.09150,0.21550,0.12820,0.13320,0.36590,0.42890,0.12870,0.14550,0.18990,0.15110,0.34830,0.42040,1.00960,0.16550,0.12000,0.12210,0.24450,0.33170,0.11500,0.13050,0.17460,0.13650,0.23020,0.27930,0.08580,0.12800,0.10060,0.10790,0.10990,0.22680,0.10660,0.11560,0.10570,0.10940,0.10790,0.21430
5:30:34,1.09320,0.13780,0.19570,0.13510,0.13630,0.12430,0.15570,0.13640,0.22850,0.12430,0.15660,0.15310,1.07350,0.15380,0.17180,0.21170,0.14540,0.46610,0.14810,0.17680,0.18550,0.18280,0.16730,0.27880,1.10650,0.13600,0.14420,0.18030,0.13950,0.36180,0.14450,0.14170,0.14440,0.13110,0.10460,0.23490,0.10110,0.12910,0.13340,0.15290,0.14030,0.25680,0.14030,0.14430,0.13550,0.12490,0.13680,0.12990,1.10000,0.11780,0.13940,0.12330,0.46970,0.13130,0.15360,0.13040,0.23500,0.13670,0.43280,0.08490,1.08530,0.21920,0.12960,0.13470,0.37300,0.43690,0.13000,0.14710,0.19260,0.15270,0.35500,0.42920,1.01440,0.16790,0.12120,0.12340,0.24890,0.33810,0.11610,0.13220,0.17570,0.13790,0.23410,0.28400,0.08590,0.12940,0.10140,0.10880,0.11090,0.23080,0.10760,0.11690,0.10670,0.11050,0.10910,0.21700
5:40:34,1.08930,0.13920,0.19770,0.13660,0.13660,0.12590,0.15710,0.13800,0.23210,0.12580,0.15810,0.15490,1.06950,0.15510,0.17370,0.21480,0.14690,0.47470,0.14970,0.17860,0.18880,0.18530,0.16960,0.28320,1.10120,0.13760,0.14600,0.18290,0.14090,0.36920,0.14590,0.14380,0.14660,0.13310,0.10550,0.23830,0.10170,0.13020,0.13480,0.15400,0.14120,0.26130,0.14150,0.14600,0.13710,0.12660,0.13820,0.13120,1.09360,0.11900,0.14080,0.12480,0.47850,0.13280,0.15470,0.13190,0.23820,0.13800,0.44080,0.08510,1.07910,0.22300,0.13090,0.13620,0.38010,0.44480,0.13140,0.14870,0.19520,0.15430,0.36150,0.43800,1.01860,0.17030,0.12250,0.12470,0.25330,0.34440,0.11740,0.13400,0.18060,0.13920,0.23810,0.28870,0.08610,0.13100,0.10220,0.10970,0.11190,0.23480,0.10870,0.11820,0.10770,0.11150,0.11030,0.22030
5:50:34,1.08470,0.14050,0.19950,0.13820,0.13780,0.12730,0.15830,0.13980,0.23570,0.12740,0.15920,0.15660,1.06540,0.15640,0.17560,0.21800,0.14830,0.48320,0.15110,0.18040,0.19190,0.18760,0.17070,0.28750,1.09570,0.13920,0.14760,0.18540,0.14210,0.37650,0.14730,0.14580,0.14890,0.13510,0.10670,0.24170,0.10230,0.13130,0.13610,0.15560,0.14210,0.26540,0.14240,0.14780,0.13850,0.12830,0.13940,0.13250,1.08730,0.12020,0.14200,0.12620,0.48690,0.13410,0.15550,0.13330,0.24160,0.13920,0.44880,0.08520,1.07290,0.22670,0.13210,0.13770,0.38700,0.45240,0.13270,0.15010,0.19780,0.15570,0.36800,0.44660,1.02180,0.17270,0.12360,0.12610,0.25770,0.35060,0.11860,0.13560,0.18390,0.14020,0.24190,0.29320,0.08620,0.13230,0.10290,0.11060,0.11290,0.23880,0.10970,0.11940,0.10870,0.11250,0.11140,0.22360
6:00:34,1.08100,0.14190,0.20150,0.13970,0.13900,0.12900,0.15960,0.14140,0.23950,0.12890,0.16050,0.15820,1.06130,0.15780,0.17740,0.22110,0.14970,0.49170,0.15260,0.18230,0.19510,0.18970,0.17210,0.29200,1.09060,0.14070,0.14920,0.18790,0.14340,0.38370,0.14860,0.14780,0.15120,0.13710,0.10810,0.24480,0.10300,0.13250,0.13730,0.15790,0.14300,0.26980,0.14340,0.14940,0.13980,0.12990,0.14080,0.13360,1.08090,0.12140,0.14340,0.12760,0.49530,0.13540,0.15630,0.13460,0.24460,0.14040,0.45660,0.08530,1.06690,0.23040,0.13340,0.13920,0.39380,0.46000,0.13410,0.14940,0.20040,0.15730,0.37430,0.45500,1.02430,0.17510,0.12470,0.12740,0.26200,0.35670,0.11980,0.13720,0.18670,0.14120,0.24580,0.29780,0.08640,0.13390,0.10350,0.11160,0.11390,0.24270,0.11070,0.12070,0.10970,0.11370,0.11260,0.22690
6:10:34,1.07750,0.14310,0.20360,0.14120,0.14040,0.13050,0.16100,0.14300,0.24330,0.13040,0.16180,0.16000,1.05740,0.15900,0.17920,0.22420,0.15110,0.50010,0.15420,0.18400,0.19850,0.19190,0.17410,0.29650,1.08580,0.14240,0.15090,0.19050,0.14470,0.39080,0.14980,0.14970,0.15350,0.13920,0.10960,0.24820,0.10640,0.13360,0.13880,0.16150,0.14390,0.27410,0.14450,0.15110,0.14140,0.13160,0.14220,0.13480,1.07470,0.12270,0.14490,0.12890,0.50380,0.13670,0.15730,0.13610,0.24790,0.14160,0.46430,0.08560,1.06120,0.23420,0.13470,0.14090,0.40060,0.46760,0.13570,0.15120,0.20300,0.15880,0.38060,0.46330,1.02640,0.17760,0.12590,0.12870,0.26640,0.36300,0.12110,0.13890,0.19380,0.14240,0.24970,0.30240,0.08660,0.13550,0.10440,0.11260,0.11500,0.24670,0.11180,0.12200,0.11080,0.11480,0.11380,0.23030
6:20:34,1.07380,0.14450,0.20550,0.14260,0.14150,0.13200,0.16220,0.14470,0.24660,0.13200,0.16330,0.16180,1.05400,0.16030,0.18090,0.22730,0.15260,0.50850,0.15580,0.18580,0.20230,0.19420,0.17670,0.30070,1.08060,0.14390,0.15260,0.19300,0.14600,0.39770,0.15100,0.15170,0.15580,0.14120,0.11100,0.25150,0.10680,0.13460,0.14000,0.16330,0.14490,0.27830,0.14560,0.15260,0.14290,0.13330,0.14350,0.13610,1.06900,0.12390,0.14630,0.13030,0.51200,0.13800,0.15820,0.13750,0.25110,0.14280,0.47210,0.08570,1.05550,0.23810,0.13590,0.14250,0.40720,0.47510,0.13710,0.15310,0.20560,0.16030,0.38690,0.47140,1.02780,0.18000,0.12710,0.13010,0.27060,0.36910,0.12240,0.14050,0.19490,0.14370,0.25360,0.30680,0.08680,0.13690,0.10510,0.11360,0.11600,0.25060,0.11230,0.12340,0.11180,0.11590,0.11500,0.23360
6:30:34,1.07030,0.14570,0.20740,0.14400,0.14270,0.13350,0.16360,0.14630,0.25020,0.13340,0.16430,0.16300,1.05720,0.16160,0.18250,0.23050,0.15410,0.51650,0.15730,0.18760,0.20540,0.19650,0.17820,0.30510,1.07590,0.14540,0.15410,0.19540,0.14720,0.40460,0.15220,0.15370,0.15810,0.14310,0.11240,0.25480,0.10740,0.13570,0.14120,0.16400,0.14580,0.28240,0.14660,0.15420,0.14440,0.13490,0.14490,0.13720,1.06330,0.12520,0.14760,0.13160,0.52010,0.13930,0.15910,0.13880,0.25430,0.14390,0.47970,0.08590,1.05050,0.24200,0.13720,0.14400,0.41370,0.48230,0.13850,0.15490,0.20820,0.16180,0.39310,0.47930,1.02900,0.18250,0.12820,0.13140,0.27480,0.37520,0.12360,0.14200,0.20000,0.14490,0.25740,0.31120,0.08700,0.13860,0.10590,0.11460,0.11690,0.25440,0.11340,0.12460,0.11270,0.11710,0.11600,0.23690
6:40:34,1.06670,0.14690,0.20920,0.14680,0.14390,0.13490,0.16400,0.14770,0.25350,0.13490,0.16560,0.16470,1.05460,0.16300,0.18440,0.23380,0.15550,0.52460,0.15880,0.18930,0.20850,0.19870,0.17890,0.30930,1.07170,0.14700,0.15570,0.19790,0.14830,0.41150,0.15340,0.15550,0.16010,0.14510,0.11360,0.25790,0.10790,0.13690,0.14240,0.16540,0.14660,0.28660,0.14760,0.15560,0.14590,0.13650,0.14620,0.13850,1.05790,0.12630,0.14910,0.13290,0.52810,0.14060,0.16010,0.14010,0.25770,0.14500,0.48720,0.08610,1.04530,0.24600,0.13860,0.14560,0.42030,0.48980,0.13980,0.15680,0.21070,0.16350,0.39920,0.48740,1.02920,0.18490,0.12920,0.13280,0.27900,0.38110,0.12480,0.14350,0.20030,0.14610,0.26120,0.31570,0.08720,0.14030,0.10670,0.11540,0.11790,0.25820,0.11440,0.12590,0.11370,0.11830,0.11710,0.24020
6:50:34,1.06370,0.14820,0.21130,0.14790,0.14530,0.13630,0.16530,0.14920,0.25710,0.13630,0.16700,0.16610,1.05230,0.16450,0.18620,0.23670,0.15690,0.53250,0.16040,0.19110,0.21150,0.20110,0.18000,0.31370,1.06740,0.14860,0.15720,0.20030,0.14950,0.41840,0.15470,0.15720,0.16240,0.14690,0.11490,0.26120,0.10850,0.13800,0.14350,0.16750,0.14750,0.29080,0.14860,0.15710,0.14720,0.13800,0.14750,0.13970,1.05240,0.12750,0.15060,0.13410,0.53620,0.14190,0.16100,0.14140,0.26090,0.14620,0.49460,0.08620,1.04000,0.25010,0.13990,0.14730,0.42670,0.49690,0.14120,0.15880,0.21330,0.16490,0.40530,0.49500,1.02940,0.18740,0.13050,0.13410,0.28320,0.38710,0.12580,0.14510,0.20710,0.14730,0.26490,0.32000,0.08740,0.14190,0.10740,0.11640,0.11880,0.26210,0.11530,0.12710,0.11470,0.11980,0.11820,0.24340
7:00:34,1.06060,0.14950,0.21340,0.14920,0.14650,0.13780,0.16670,0.15080,0.26050,0.13770,0.16830,0.16760,1.04980,0.16610,0.18800,0.23990,0.15830,0.54040,0.16190,0.19320,0.21470,0.20360,0.18230,0.31820,1.06310,0.15010,0.15880,0.20280,0.15070,0.42550,0.15600,0.15930,0.16450,0.14900,0.11620,0.26440,0.10910,0.13900,0.14460,0.17120,0.14840,0.29490,0.14960,0.15870,0.14860,0.13960,0.14870,0.14100,1.04720,0.12870,0.15220,0.13550,0.54440,0.14320,0.16200,0.14270,0.26410,0.14730,0.50230,0.08640,1.03510,0.25440,0.14120,0.14930,0.43320,0.50440,0.14270,0.16090,0.21590,0.16670,0.41130,0.50280,1.02960,0.18990,0.13170,0.13540,0.28730,0.39310,0.12700,0.14680,0.20930,0.14870,0.26870,0.32450,0.08770,0.14310,0.10820,0.11740,0.11970,0.26590,0.11640,0.12830,0.11570,0.12190,0.11920,0.24670
7:10:34,1.05760,0.15070,0.21540,0.15030,0.14810,0.13920,0.16810,0.15210,0.26420,0.13900,0.16990,0.16910,1.04720,0.16770,0.18970,0.24320,0.15970,0.54810,0.16340,0.19670,0.21770,0.20610,0.18350,0.32250,1.05910,0.15160,0.16030,0.20530,0.15190,0.43210,0.15730,0.16100,0.16660,0.15090,0.11740,0.26770,0.10960,0.14020,0.14580,0.17270,0.14920,0.29910,0.15030,0.16000,0.14990,0.14100,0.15000,0.14210,1.04260,0.12980,0.15360,0.13670,0.55240,0.14440,0.16290,0.14400,0.26740,0.14840,0.50980,0.08650,1.03040,0.25870,0.14250,0.15130,0.43960,0.51160,0.14410,0.16300,0.21860,0.16830,0.41730,0.51020,1.02880,0.19250,0.13270,0.13670,0.29140,0.39910,0.12820,0.14830,0.21290,0.15000,0.27230,0.32810,0.08780,0.14470,0.10890,0.11830,0.12060,0.26970,0.11730,0.12960,0.11660,0.12430,0.12030,0.24990
7:20:34,1.05510,0.15200,0.21770,0.15130,0.14950,0.14070,0.16940,0.15360,0.26790,0.14060,0.17170,0.17050,1.04450,0.16970,0.19150,0.24650,0.16110,0.55590,0.16490,0.19870,0.22090,0.20870,0.18410,0.32690,1.05590,0.15340,0.16190,0.20790,0.15290,0.43900,0.15850,0.16280,0.16870,0.15300,0.11860,0.27100,0.11030,0.14120,0.14700,0.17310,0.14970,0.30310,0.15130,0.16150,0.15130,0.14260,0.15130,0.14340,1.03780,0.13100,0.15510,0.13780,0.56050,0.14570,0.16240,0.14520,0.27090,0.14940,0.51760,0.08680,1.02580,0.26320,0.14390,0.15360,0.44610,0.51900,0.14570,0.16510,0.22110,0.17010,0.42330,0.51760,1.02800,0.19510,0.13380,0.13830,0.29550,0.40510,0.12930,0.15000,0.21590,0.15150,0.27610,0.33280,0.08800,0.14660,0.10970,0.11930,0.12150,0.27350,0.11840,0.13090,0.11760,0.12700,0.12140,0.25310
7:30:34,1.05270,0.15330,0.21950,0.15240,0.15080,0.14210,0.17090,0.15500,0.27150,0.14190,0.17330,0.17190,1.04180,0.17160,0.19310,0.24990,0.16270,0.56340,0.16620,0.20070,0.22390,0.21100,0.18680,0.33130,1.05220,0.15490,0.16350,0.21040,0.15410,0.44570,0.15980,0.16470,0.17070,0.15500,0.11980,0.27430,0.11090,0.14220,0.14800,0.17430,0.15070,0.30720,0.15230,0.16280,0.15250,0.14400,0.15240,0.14460,1.03310,0.13210,0.15660,0.13900,0.56880,0.14690,0.16350,0.14640,0.27440,0.15030,0.52520,0.08690,1.02130,0.26720,0.14500,0.15560,0.45250,0.52600,0.14710,0.16710,0.22380,0.17170,0.42920,0.52500,1.02740,0.19790,0.13490,0.13970,0.29960,0.41100,0.13040,0.15160,0.21730,0.15300,0.27980,0.33720,0.08830,0.14810,0.11040,0.12020,0.12250,0.27730,0.11930,0.13210,0.11850,0.12940,0.12240,0.25630
7:40:34,1.05120,0.15450,0.22150,0.15330,0.15200,0.14340,0.17230,0.15630,0.27510,0.14320,0.17500,0.17340,1.03970,0.17350,0.19490,0.25340,0.16400,0.57080,0.16760,0.20300,0.22680,0.21330,0.18630,0.33570,1.04870,0.15660,0.16490,0.21280,0.15510,0.45240,0.16100,0.16650,0.17280,0.15700,0.12090,0.27770,0.11170,0.14330,0.14910,0.17620,0.15170,0.31110,0.15330,0.16420,0.15380,0.14540,0.15370,0.14570,1.02880,0.13320,0.15800,0.14020,0.57700,0.14800,0.16460,0.14760,0.27760,0.15130,0.53280,0.08710,1.01660,0.27100,0.14620,0.15770,0.45890,0.53310,0.14870,0.16910,0.22650,0.17340,0.43520,0.53180,1.02600,0.20060,0.13580,0.14140,0.30360,0.41680,0.13150,0.15310,0.22020,0.15440,0.28350,0.34150,0.08860,0.14950,0.11120,0.12110,0.12330,0.28150,0.12020,0.13330,0.11940,0.13060,0.12350,0.25940
7:50:34,1.04820,0.15580,0.22340,0.15440,0.15340,0.14490,0.17370,0.15770,0.27890,0.14450,0.17710,0.17490,1.03730,0.17540,0.19650,0.25700,0.16550,0.57850,0.16900,0.20510,0.23000,0.21580,0.19010,0.33970,1.04550,0.15820,0.16640,0.21530,0.15630,0.45910,0.16230,0.16850,0.17480,0.15920,0.12220,0.28100,0.11250,0.14440,0.15010,0.17990,0.15270,0.31510,0.15390,0.16560,0.15490,0.14680,0.15480,0.14700,1.02450,0.13430,0.15960,0.14130,0.58510,0.14910,0.16570,0.14880,0.28180,0.15230,0.54050,0.08720,1.01260,0.27450,0.14750,0.15950,0.46530,0.54040,0.15030,0.17090,0.22920,0.17500,0.44120,0.53900,1.02470,0.20340,0.13680,0.14300,0.30770,0.42260,0.13260,0.15460,0.22760,0.15590,0.28720,0.34590,0.08890,0.15120,0.11200,0.12210,0.12430,0.28530,0.12110,0.13460,0.12040,0.13040,0.12450,0.26260
8:00:34,1.04630,0.15700,0.22540,0.15540,0.15470,0.14620,0.17500,0.15890,0.28240,0.14590,0.17900,0.17620,1.03650,0.17710,0.19810,0.26060,0.16690,0.58620,0.17040,0.20720,0.23330,0.21780,0.19330,0.34370,1.04270,0.15990,0.16790,0.21790,0.15730,0.46590,0.16360,0.17040,0.17690,0.16150,0.12320,0.28430,0.11350,0.14550,0.15110,0.18150,0.15370,0.31910,0.15490,0.16700,0.15620,0.14830,0.15610,0.14820,1.02040,0.13550,0.16100,0.14250,0.59260,0.15050,0.16690,0.15000,0.28580,0.15330,0.54800,0.08750,1.00850,0.27800,0.14850,0.16100,0.47170,0.54720,0.15210,0.17260,0.23200,0.17650,0.44720,0.54590,1.02350,0.20610,0.13790,0.14450,0.31170,0.42830,0.13390,0.15610,0.22950,0.15730,0.29080,0.35030,0.08920,0.15290,0.11280,0.12310,0.12580,0.28890,0.12210,0.13580,0.12130,0.13000,0.12560,0.26590
8:10:34,1.04370,0.15820,0.22730,0.15640,0.15600,0.14760,0.17640,0.16040,0.28600,0.14710,0.18080,0.17740,1.03470,0.17860,0.19970,0.26390,0.16850,0.59370,0.17170,0.20890,0.23650,0.21980,0.19510,0.34760,1.03990,0.16150,0.16940,0.22030,0.15850,0.47260,0.16480,0.17230,0.17890,0.16360,0.12460,0.28770,0.11450,0.14670,0.15220,0.18160,0.15450,0.32310,0.15590,0.16850,0.15750,0.14980,0.15720,0.14940,1.01630,0.13660,0.16230,0.14360,0.60030,0.15160,0.16810,0.15100,0.28950,0.15420,0.55510,0.08760,1.00420,0.28150,0.14970,0.16240,0.47810,0.55400,0.15370,0.17420,0.23460,0.17790,0.45320,0.55240,1.02140,0.20880,0.13890,0.14580,0.31580,0.43400,0.13500,0.15760,0.23120,0.15870,0.29450,0.35450,0.08950,0.15450,0.11360,0.12420,0.12680,0.29270,0.12310,0.13710,0.12220,0.12870,0.12660,0.26900
8:20:34,1.04100,0.15940,0.22930,0.15750,0.15720,0.14890,0.17770,0.16170,0.28960,0.14850,0.18240,0.17870,1.03210,0.18030,0.20160,0.26710,0.17020,0.60090,0.17310,0.21080,0.24000,0.22190,0.19700,0.35160,1.03720,0.16310,0.17100,0.22300,0.15980,0.47880,0.16610,0.17430,0.18090,0.16590,0.12580,0.29100,0.11560,0.14800,0.15350,0.18290,0.15550,0.32730,0.15700,0.17010,0.15880,0.15130,0.15840,0.15070,1.01250,0.13770,0.16370,0.14490,0.60770,0.15280,0.16920,0.15220,0.29320,0.15530,0.56240,0.08780,1.00040,0.28500,0.15100,0.16390,0.48430,0.56080,0.15520,0.17590,0.23740,0.17930,0.45910,0.55920,1.01960,0.21140,0.13990,0.14710,0.31990,0.43950,0.13620,0.15900,0.23780,0.16010,0.29830,0.35880,0.08980,0.15620,0.11450,0.12530,0.12780,0.29650,0.12410,0.13830,0.12320,0.12960,0.12760,0.27220
8:30:34,1.03870,0.16050,0.23110,0.15840,0.15830,0.15020,0.17890,0.16270,0.29310,0.14970,0.18390,0.17990,1.02990,0.18170,0.20320,0.27000,0.17140,0.60810,0.17440,0.21230,0.24320,0.22360,0.19730,0.35560,1.03410,0.16450,0.17250,0.22530,0.16080,0.48520,0.16740,0.17610,0.18300,0.16790,0.12700,0.29420,0.11660,0.14920,0.15440,0.18480,0.15640,0.33120,0.15790,0.17150,0.16000,0.15260,0.15950,0.15200,1.00850,0.13880,0.16470,0.14590,0.61480,0.15370,0.17040,0.15320,0.29620,0.15620,0.56890,0.08780,0.99670,0.28840,0.15210,0.16500,0.49010,0.56740,0.15670,0.17750,0.23990,0.18040,0.46480,0.56570,1.01760,0.21390,0.14080,0.14840,0.32370,0.44500,0.13730,0.16030,0.23950,0.16110,0.30190,0.36310,0.09000,0.15760,0.11520,0.12610,0.12860,0.30000,0.12500,0.13950,0.12400,0.13050,0.12860,0.27540
8:40:34,1.03670,0.16160,0.23280,0.15950,0.15940,0.15130,0.17990,0.16410,0.29650,0.15080,0.18510,0.18110,1.02800,0.18310,0.20480,0.27270,0.17270,0.61480,0.17580,0.21380,0.24620,0.22550,0.19760,0.35920,1.03140,0.16580,0.17370,0.22750,0.16190,0.49160,0.16870,0.17780,0.18490,0.16990,0.12820,0.29720,0.11770,0.15020,0.15540,0.18840,0.15730,0.33510,0.15890,0.17300,0.16110,0.15400,0.16080,0.15320,1.00500,0.13980,0.16580,0.14700,0.62160,0.15480,0.17160,0.15430,0.29950,0.15730,0.57570,0.08800,0.99240,0.29170,0.15310,0.16630,0.49600,0.57380,0.15790,0.17890,0.24230,0.18170,0.47020,0.57210,1.01540,0.21620,0.14180,0.14950,0.32770,0.45040,0.13840,0.16150,0.23610,0.16240,0.30540,0.36710,0.09020,0.15910,0.11590,0.12710,0.12930,0.30370,0.12600,0.14070,0.12500,0.13170,0.12950,0.27840
8:50:34,1.03460,0.16280,0.23470,0.16050,0.16050,0.15260,0.18110,0.16520,0.29990,0.15200,0.18660,0.18230,1.02540,0.18460,0.20650,0.27570,0.17390,0.62160,0.17710,0.21530,0.24920,0.22740,0.19900,0.36300,1.02900,0.16720,0.17520,0.22990,0.16300,0.49760,0.16980,0.17940,0.18690,0.17190,0.12940,0.30040,0.11870,0.15140,0.15650,0.19000,0.15820,0.33930,0.15990,0.17430,0.16210,0.15560,0.16190,0.15450,1.00110,0.14090,0.16700,0.14810,0.62880,0.15590,0.17290,0.15550,0.30260,0.15830,0.58190,0.08810,0.98950,0.29500,0.15420,0.16770,0.50230,0.58030,0.15940,0.18040,0.24480,0.18290,0.47580,0.57830,1.01310,0.21870,0.14290,0.15060,0.33170,0.45580,0.13950,0.16280,0.24350,0.16350,0.30920,0.37130,0.09050,0.16100,0.11670,0.12810,0.13020,0.30740,0.12690,0.14190,0.12590,0.13280,0.13050,0.28160
9:00:34,1.03220,0.16370,0.23650,0.16140,0.16140,0.15370,0.18210,0.16620,0.30310,0.15340,0.18770,0.18350,1.02300,0.18590,0.20810,0.27830,0.17520,0.62830,0.17820,0.21670,0.25200,0.22930,0.20160,0.36670,1.02620,0.16840,0.17650,0.23200,0.16400,0.50340,0.17060,0.18100,0.18870,0.17350,0.13040,0.30340,0.11970,0.15240,0.15730,0.19050,0.15900,0.34310,0.16090,0.17560,0.16310,0.15700,0.16290,0.15570,0.99740,0.14180,0.16790,0.14910,0.63570,0.15680,0.17400,0.15640,0.30550,0.15900,0.58820,0.08800,0.98530,0.29830,0.15520,0.16890,0.50810,0.58660,0.16050,0.18170,0.24700,0.18380,0.48120,0.58420,1.01050,0.22090,0.14380,0.15150,0.33550,0.46100,0.14050,0.16390,0.24300,0.16460,0.31270,0.37530,0.09060,0.16230,0.11730,0.12900,0.13090,0.31090,0.12780,0.14290,0.12670,0.13380,0.13140,0.28460
9:10:34,1.03030,0.16490,0.23860,0.16250,0.16260,0.15490,0.18330,0.16750,0.30630,0.15470,0.18860,0.18480,1.02050,0.18750,0.20970,0.28110,0.17640,0.63500,0.17960,0.21820,0.25490,0.23130,0.20200,0.37030,1.02390,0.16980,0.17780,0.23420,0.16510,0.50950,0.17180,0.18250,0.19090,0.17540,0.13170,0.30660,0.12080,0.15340,0.15820,0.19110,0.15990,0.34700,0.16190,0.17730,0.16410,0.15830,0.16410,0.15700,0.99390,0.14290,0.16900,0.15020,0.64220,0.15800,0.17510,0.15750,0.30860,0.16000,0.59500,0.08830,0.98190,0.30160,0.15630,0.17020,0.51370,0.59270,0.16180,0.18320,0.24930,0.18500,0.48650,0.59020,1.00830,0.22340,0.14490,0.15270,0.33940,0.46630,0.14150,0.16510,0.24680,0.16580,0.31630,0.37940,0.09090,0.16380,0.11810,0.12990,0.13160,0.31450,0.12870,0.14400,0.12760,0.13480,0.13230,0.28760
9:20:34,1.02800,0.16600,0.24020,0.16330,0.16370,0.15590,0.18430,0.16860,0.30960,0.15580,0.18970,0.18600,1.01890,0.18870,0.21130,0.28370,0.17730,0.64160,0.18060,0.21960,0.25760,0.23300,0.20280,0.37410,1.02140,0.17100,0.17930,0.23630,0.16600,0.51540,0.17310,0.18400,0.19290,0.17720,0.13290,0.30950,0.12180,0.15450,0.15920,0.19460,0.16080,0.35090,0.16280,0.17860,0.16510,0.15980,0.16510,0.15830,0.99090,0.14400,0.17000,0.15120,0.64910,0.15890,0.17620,0.15840,0.31160,0.16080,0.60140,0.08850,0.97860,0.30490,0.15720,0.17140,0.51920,0.59880,0.16290,0.18440,0.25150,0.18610,0.49190,0.59610,1.00580,0.22570,0.14580,0.15360,0.34310,0.47150,0.14260,0.16630,0.24630,0.16680,0.31970,0.38340,0.09130,0.16540,0.11880,0.13070,0.13220,0.31800,0.12960,0.14500,0.12840,0.13580,0.13320,0.29060
9:30:34,1.02610,0.16710,0.24220,0.16420,0.16480,0.15700,0.18550,0.16970,0.31280,0.15700,0.19090,0.18730,1.01710,0.19030,0.21310,0.28640,0.17850,0.64800,0.18190,0.22110,0.26070,0.23480,0.20500,0.37790,1.01910,0.17230,0.18080,0.23840,0.16710,0.52140,0.17430,0.18550,0.19500,0.17910,0.13440,0.31270,0.12290,0.15550,0.16020,0.19620,0.16170,0.35470,0.16380,0.17990,0.16590,0.16120,0.16630,0.15960,0.98760,0.14500,0.17120,0.15220,0.65580,0.15990,0.17740,0.15950,0.31460,0.16180,0.60770,0.08870,0.97570,0.30820,0.15820,0.17260,0.52470,0.60510,0.16410,0.18600,0.25390,0.18740,0.49720,0.60210,1.00360,0.22800,0.14670,0.15470,0.34700,0.47690,0.14370,0.16750,0.25330,0.16800,0.32330,0.38750,0.09160,0.16660,0.11960,0.13160,0.13290,0.32150,0.13050,0.14610,0.12920,0.13670,0.13420,0.29370
9:40:34,1.02460,0.16810,0.24380,0.16530,0.16580,0.15810,0.18640,0.17090,0.31590,0.15800,0.19200,0.18860,1.01540,0.19160,0.21440,0.28900,0.17950,0.65420,0.18300,0.22250,0.26310,0.23670,0.20530,0.38140,1.01700,0.17350,0.18180,0.24040,0.16800,0.52710,0.17520,0.18700,0.19690,0.18080,0.13560,0.31560,0.12390,0.15650,0.16120,0.19780,0.16260,0.35860,0.16460,0.18100,0.16690,0.16240,0.16730,0.16080,0.98420,0.14590,0.17210,0.15320,0.66230,0.16080,0.17850,0.16050,0.31740,0.16260,0.61380,0.08890,0.97220,0.31150,0.15930,0.17390,0.53020,0.61110,0.16520,0.18740,0.25620,0.18850,0.50250,0.60760,1.00080,0.23040,0.14750,0.15560,0.35060,0.48200,0.14460,0.16850,0.25360,0.16920,0.32670,0.39140,0.09200,0.16840,0.12030,0.13230,0.13350,0.32490,0.13130,0.14700,0.13010,0.13770,0.13500,0.29650
9:50:34,1.02300,0.16910,0.24570,0.16640,0.16700,0.15910,0.18760,0.17180,0.31910,0.15910,0.19320,0.18990,1.01350,0.19290,0.21600,0.29160,0.18050,0.66050,0.18430,0.22390,0.26600,0.23830,0.20730,0.38520,1.01470,0.17460,0.18320,0.24240,0.16900,0.53310,0.17620,0.18840,0.19880,0.18250,0.13700,0.31850,0.12490,0.15760,0.16210,0.19760,0.16350,0.36220,0.16560,0.18210,0.16790,0.16380,0.16840,0.16190,0.98070,0.14700,0.17300,0.15410,0.66870,0.16180,0.17960,0.16140,0.32030,0.16340,0.61980,0.08910,0.96880,0.31470,0.16010,0.17510,0.53550,0.61710,0.16650,0.18870,0.25840,0.18950,0.50780,0.61300,0.99860,0.23270,0.14840,0.15650,0.35430,0.48710,0.14560,0.16960,0.25970,0.17020,0.33010,0.39530,0.09220,0.16970,0.12100,0.13320,0.13410,0.32840,0.13210,0.14780,0.13080,0.13860,0.13590,0.29940
10:00:34,1.02110,0.17010,0.24740,0.16720,0.16770,0.16020,0.18840,0.17300,0.32210,0.16010,0.19410,0.19080,1.01240,0.19420,0.21760,0.29410,0.18150,0.66700,0.18550,0.22550,0.26860,0.23990,0.20780,0.38900,1.01280,0.17580,0.18430,0.24450,0.17000,0.53860,0.17720,0.18970,0.20080,0.18420,0.13810,0.32140,0.12580,0.15850,0.16290,0.19980,0.16430,0.36620,0.16640,0.18330,0.16880,0.16500,0.16930,0.16310,0.97780,0.14790,0.17410,0.15490,0.67520,0.16260,0.18060,0.16250,0.32310,0.16420,0.62590,0.08930,0.96620,0.31800,0.16100,0.17630,0.54090,0.62300,0.16750,0.18990,0.26050,0.19060,0.51290,0.61850,0.99590,0.23500,0.14930,0.15740,0.35800,0.49210,0.14650,0.17060,0.26240,0.17130,0.33360,0.39910,0.09250,0.17100,0.12170,0.13400,0.13480,0.33170,0.13290,0.14870,0.13150,0.13950,0.13670,0.30220

