Corrected [600]
	1	2	3	4	5	6	7	8	9	10	11	12
A	0.38282	0.08232	0.29961	0.07926	0.29345	0.07991	0.33352	0.07915	0.32508	0.07817	0.31843	0.07845	Corrected [600]
B	0.29200	0.34032	0.26551	0.33079	0.23903	0.33584	0.26491	0.30684	0.23993	0.33118	0.23167	0.31881	Corrected [600]
C	0.17111	0.24443	0.13696	0.23857	0.15432	0.24860	0.16498	0.24159	0.16095	0.25421	0.15130	0.25688	Corrected [600]
D	0.07998	0.16255	0.07942	0.15551	0.08046	0.15755	0.08259	0.15807	0.07993	0.16099	0.08039	0.15582	Corrected [600]
E	0.32193	0.08069	0.34313	0.07823	0.34398	0.07933	0.30801	0.08085	0.34783	0.07995	0.31152	0.07728	Corrected [600]
F	0.23861	0.26803	0.24281	0.30602	0.25493	0.31329	0.23394	0.29896	0.24791	0.33778	0.23263	0.45514	Corrected [600]
G	0.15955	0.20821	0.15897	0.21536	0.15393	0.23012	0.14845	0.21400	0.15940	0.25035	0.20330	0.33416	Corrected [600]
H	0.07946	0.14056	0.07762	0.14746	0.07837	0.14681	0.08071	0.14468	0.07942	0.15882	0.07834	0.20269	Corrected [600]

