420

Time,A1,A2,A3,A4,A5,A6,A7,A8,A9,A10,A11,A12,B1,B2,B3,B4,B5,B6,B7,B8,B9,B10,B11,B12,C1,C2,C3,C4,C5,C6,C7,C8,C9,C10,C11,C12,D1,D2,D3,D4,D5,D6,D7,D8,D9,D10,D11,D12,E1,E2,E3,E4,E5,E6,E7,E8,E9,E10,E11,E12,F1,F2,F3,F4,F5,F6,F7,F8,F9,F10,F11,F12,G1,G2,G3,G4,G5,G6,G7,G8,G9,G10,G11,G12,H1,H2,H3,H4,H5,H6,H7,H8,H9,H10,H11,H12
0:00:34,0.18500,0.08690,0.10440,0.09310,0.10320,0.08310,0.09890,0.09360,0.11440,0.09290,0.09300,0.08760,0.12670,0.10370,0.10210,0.09800,0.10380,0.10420,0.11450,0.10470,0.10910,0.10440,0.09340,0.11230,0.08120,0.34920,0.09430,0.09440,0.09920,0.11880,0.10040,0.10290,0.09080,0.09500,0.09940,0.09530,0.18350,0.08860,0.08470,0.09110,0.08170,0.28390,0.08960,0.09930,0.09380,0.09570,0.08950,0.08870,0.12820,0.08600,0.10770,0.08490,0.10380,0.08350,0.11080,0.07910,0.09880,0.08820,0.09980,0.07610,0.10120,0.31800,0.09540,0.09730,0.10900,0.09220,0.10420,0.13460,0.12130,0.10590,0.09550,0.08860,0.09710,0.09500,0.09670,0.09750,0.10220,0.09740,0.09800,0.10010,0.09770,0.09220,0.10090,0.10120,0.08400,0.09010,0.07950,0.08840,0.08260,0.09350,0.08970,0.09740,0.08180,0.08510,0.07960,0.09020
0:10:34,0.16450,0.08580,0.10810,0.08490,0.10700,0.08000,0.09690,0.08860,0.10950,0.09190,0.09990,0.08620,0.11960,0.10180,0.10290,0.09670,0.10320,0.10400,0.10750,0.10110,0.10590,0.10420,0.09440,0.11520,0.08130,0.31740,0.09380,0.09160,0.09750,0.11660,0.09740,0.10200,0.09140,0.09190,0.09970,0.09480,0.16670,0.08520,0.07870,0.09100,0.08020,0.26060,0.08860,0.09670,0.09310,0.09450,0.08790,0.08760,0.11940,0.08540,0.10190,0.08270,0.10450,0.08260,0.11020,0.07740,0.10240,0.08660,0.09730,0.07550,0.10120,0.29260,0.09360,0.09970,0.10330,0.09210,0.10220,0.13020,0.11540,0.09950,0.09660,0.08920,0.09520,0.09370,0.09500,0.09470,0.09920,0.09500,0.09670,0.09920,0.09710,0.09310,0.09780,0.10500,0.08280,0.08940,0.07860,0.08820,0.08210,0.09020,0.08860,0.09740,0.08070,0.08630,0.07880,0.09220
0:20:34,0.15770,0.08600,0.11300,0.07830,0.11110,0.07800,0.09810,0.08840,0.11320,0.08540,0.09980,0.08480,0.11790,0.09740,0.10490,0.09790,0.10640,0.10740,0.08940,0.10350,0.10500,0.10990,0.09480,0.11750,0.08060,0.28870,0.09380,0.09220,0.09860,0.11800,0.09720,0.10270,0.09170,0.09400,0.09900,0.09650,0.15060,0.08380,0.07770,0.08870,0.07990,0.24220,0.08880,0.09700,0.09300,0.09440,0.08880,0.08900,0.12130,0.08580,0.10210,0.08230,0.10710,0.08260,0.11260,0.07480,0.10440,0.08630,0.10160,0.07560,0.10840,0.27200,0.08730,0.10000,0.10520,0.09860,0.10510,0.13540,0.11250,0.10400,0.09840,0.09160,0.09810,0.09640,0.09540,0.09880,0.09870,0.09880,0.09880,0.10100,0.09840,0.09670,0.09920,0.10530,0.08280,0.09150,0.07870,0.08950,0.08220,0.09110,0.08840,0.09760,0.08050,0.08860,0.07530,0.09210
0:30:34,0.09480,0.08770,0.11710,0.08190,0.11980,0.07780,0.10250,0.08630,0.11440,0.08000,0.10640,0.08520,0.11590,0.09780,0.10840,0.10200,0.11020,0.11240,0.08990,0.11150,0.10620,0.11700,0.10150,0.12480,0.08240,0.26520,0.09620,0.09590,0.10080,0.12070,0.09870,0.10570,0.09500,0.09960,0.10120,0.09900,0.13790,0.08600,0.07810,0.09040,0.08010,0.22530,0.08970,0.09870,0.09360,0.09670,0.08900,0.09150,0.12760,0.08680,0.10660,0.08260,0.11330,0.08300,0.11810,0.07520,0.10950,0.08700,0.10860,0.07740,0.10050,0.25700,0.08750,0.10620,0.10880,0.10470,0.11000,0.14010,0.11320,0.10920,0.10190,0.10160,0.10250,0.10210,0.09670,0.10260,0.10180,0.10060,0.10050,0.10450,0.10110,0.10020,0.10200,0.10980,0.07700,0.09580,0.07890,0.09230,0.08280,0.09430,0.08940,0.09990,0.07930,0.09130,0.07610,0.09430
0:40:34,0.09940,0.08960,0.12880,0.08800,0.13260,0.07860,0.11200,0.07960,0.12320,0.08310,0.11830,0.09820,0.11690,0.10080,0.11550,0.11030,0.11690,0.12210,0.09550,0.10710,0.11410,0.12440,0.10760,0.10960,0.08420,0.24620,0.09980,0.10110,0.10570,0.12730,0.10300,0.11210,0.10020,0.10810,0.10620,0.10740,0.12930,0.08720,0.07950,0.09580,0.08140,0.21450,0.09250,0.10260,0.09460,0.10200,0.09110,0.09600,0.13660,0.08850,0.11680,0.08620,0.12370,0.08460,0.12650,0.07680,0.11830,0.08930,0.11720,0.08240,0.10690,0.25010,0.09260,0.11420,0.11560,0.11520,0.11590,0.14620,0.11770,0.12110,0.10810,0.10980,0.09780,0.11020,0.09880,0.10800,0.10820,0.10770,0.10450,0.11270,0.10490,0.10750,0.10660,0.11890,0.07840,0.10140,0.07950,0.09620,0.08450,0.09880,0.09190,0.10350,0.07900,0.09640,0.07770,0.10030
0:50:34,0.10300,0.09450,0.13860,0.08420,0.13560,0.08150,0.12360,0.08410,0.12880,0.08700,0.13430,0.10870,0.11960,0.10410,0.12310,0.11940,0.12450,0.13300,0.10580,0.11670,0.11080,0.13750,0.11860,0.11540,0.08750,0.22890,0.10410,0.11000,0.11210,0.13700,0.10960,0.12030,0.11020,0.11870,0.10470,0.12010,0.12260,0.09000,0.08190,0.10110,0.08440,0.21000,0.09750,0.10740,0.09900,0.10120,0.09460,0.10120,0.14730,0.09070,0.12570,0.09000,0.13460,0.09100,0.13590,0.07980,0.12960,0.09320,0.12710,0.08760,0.11420,0.24590,0.09810,0.12510,0.12510,0.12640,0.12350,0.15800,0.12310,0.13250,0.11770,0.12180,0.09660,0.11970,0.10380,0.11600,0.11430,0.11600,0.11020,0.12080,0.10900,0.11730,0.11310,0.12610,0.07970,0.10710,0.07900,0.10110,0.08670,0.10440,0.09540,0.10820,0.08040,0.10090,0.07900,0.10430
1:00:34,0.10880,0.09940,0.15030,0.08590,0.14780,0.08480,0.13670,0.09000,0.13450,0.09460,0.15050,0.11770,0.12390,0.10420,0.13210,0.12740,0.13350,0.14370,0.11400,0.12730,0.12280,0.15070,0.13150,0.12300,0.09140,0.21270,0.10970,0.11830,0.11960,0.12960,0.11770,0.12970,0.12340,0.13000,0.11520,0.12700,0.11660,0.09300,0.08370,0.10790,0.08820,0.20710,0.10310,0.11330,0.10410,0.11010,0.09850,0.10590,0.15790,0.08450,0.13490,0.09450,0.14740,0.09490,0.13450,0.08380,0.14180,0.09770,0.13870,0.09280,0.12210,0.24630,0.10500,0.13670,0.13440,0.13860,0.13140,0.17100,0.13150,0.14470,0.13170,0.12800,0.10270,0.13040,0.11050,0.12510,0.12050,0.12460,0.11640,0.12910,0.11350,0.12770,0.12020,0.13200,0.08160,0.11320,0.08130,0.10640,0.08950,0.11060,0.09890,0.11350,0.08330,0.10610,0.08050,0.10770
1:10:34,0.11430,0.10390,0.16170,0.08930,0.15950,0.08770,0.14180,0.09520,0.14200,0.10150,0.16580,0.12610,0.10630,0.10830,0.14050,0.13520,0.14090,0.15330,0.12340,0.13150,0.13460,0.16500,0.14460,0.12990,0.09460,0.19870,0.11520,0.12690,0.12760,0.13900,0.12610,0.13970,0.12990,0.14270,0.12340,0.13700,0.10890,0.09650,0.08740,0.11470,0.09230,0.20430,0.10050,0.10890,0.10830,0.11930,0.09600,0.10610,0.16880,0.08530,0.14540,0.09910,0.16020,0.09300,0.14870,0.08810,0.15530,0.10110,0.15190,0.09800,0.12940,0.24780,0.11110,0.14780,0.14520,0.15090,0.13980,0.18170,0.12990,0.15810,0.14120,0.13410,0.10850,0.14050,0.11580,0.13440,0.12750,0.13330,0.12290,0.13690,0.11810,0.13780,0.12760,0.13800,0.08320,0.11880,0.08360,0.11180,0.09220,0.11660,0.10220,0.11930,0.08630,0.11110,0.08180,0.11140
1:20:34,0.11610,0.10410,0.17240,0.09270,0.17030,0.09040,0.15250,0.10010,0.13560,0.10780,0.17970,0.13310,0.10730,0.10770,0.14860,0.14210,0.14810,0.16170,0.13160,0.14190,0.14490,0.17780,0.15580,0.13800,0.09850,0.18550,0.12080,0.13450,0.13490,0.14640,0.13230,0.14880,0.13630,0.15380,0.13060,0.14230,0.10560,0.09960,0.09080,0.12080,0.09560,0.20100,0.10390,0.11470,0.11290,0.12710,0.09880,0.10940,0.17960,0.08710,0.15580,0.10280,0.17130,0.09560,0.15850,0.09250,0.16790,0.10120,0.16340,0.10260,0.13650,0.25020,0.11740,0.14960,0.15460,0.16230,0.14800,0.17270,0.13860,0.17000,0.14990,0.14060,0.11370,0.14950,0.11400,0.14300,0.13360,0.14140,0.12900,0.14490,0.12230,0.14740,0.13390,0.14390,0.08480,0.12440,0.08560,0.11700,0.09220,0.12220,0.10500,0.11820,0.08920,0.11590,0.08300,0.11510
1:30:34,0.12200,0.10610,0.18580,0.09630,0.18130,0.09320,0.16290,0.10540,0.13940,0.11390,0.19080,0.13950,0.11220,0.11180,0.15700,0.14930,0.15500,0.17030,0.14110,0.15200,0.14970,0.19050,0.16730,0.14780,0.10280,0.17250,0.12640,0.14230,0.14420,0.15430,0.13900,0.15780,0.14340,0.19400,0.13940,0.15050,0.10530,0.10300,0.09450,0.12700,0.09870,0.19710,0.10210,0.12080,0.10840,0.13520,0.10400,0.11090,0.19050,0.08880,0.16510,0.10050,0.18280,0.09740,0.16880,0.09720,0.18040,0.10330,0.17700,0.10750,0.14380,0.25240,0.12420,0.15940,0.16390,0.17400,0.15640,0.18340,0.14760,0.18240,0.15950,0.14880,0.11930,0.15880,0.11960,0.15150,0.13960,0.14990,0.13520,0.15300,0.12630,0.15710,0.13810,0.15010,0.08640,0.13020,0.08800,0.12240,0.09490,0.12790,0.10190,0.12250,0.09250,0.11840,0.08430,0.11950
1:40:34,0.12770,0.11040,0.19390,0.09970,0.19180,0.09570,0.17290,0.11000,0.14730,0.11950,0.20300,0.14540,0.11700,0.11570,0.16510,0.15620,0.16140,0.17840,0.15070,0.16190,0.15940,0.20290,0.17790,0.15770,0.10680,0.16120,0.13160,0.14970,0.15120,0.16250,0.14550,0.16650,0.15050,0.19900,0.14720,0.15830,0.09610,0.10630,0.09800,0.13290,0.10050,0.19440,0.10670,0.12670,0.11340,0.14310,0.10890,0.11660,0.20110,0.09040,0.17080,0.10410,0.19390,0.10150,0.17870,0.10150,0.19250,0.10800,0.18850,0.11200,0.15120,0.25520,0.13070,0.16910,0.17320,0.18550,0.16420,0.19390,0.15640,0.18680,0.16860,0.15700,0.12470,0.16770,0.12510,0.15950,0.13720,0.15820,0.14110,0.16100,0.13020,0.16670,0.13850,0.15670,0.08820,0.13600,0.09030,0.12770,0.09480,0.13360,0.09750,0.12880,0.09570,0.11790,0.08540,0.12400
1:50:34,0.13320,0.11380,0.19650,0.10220,0.19100,0.09740,0.18200,0.11410,0.15520,0.12400,0.21440,0.15040,0.12130,0.11560,0.16930,0.16220,0.16690,0.18570,0.15910,0.17110,0.16820,0.21400,0.18730,0.16580,0.11030,0.15070,0.13610,0.15650,0.15730,0.16960,0.13170,0.17420,0.15660,0.20350,0.15450,0.16430,0.09840,0.10890,0.10100,0.13830,0.10400,0.19170,0.11070,0.12740,0.11780,0.15020,0.11340,0.12160,0.21100,0.09140,0.17070,0.10760,0.20430,0.10500,0.18430,0.10550,0.19820,0.11230,0.19930,0.11610,0.15790,0.25840,0.13670,0.17480,0.18180,0.19630,0.17170,0.20450,0.16460,0.19760,0.17220,0.16450,0.12960,0.17590,0.13040,0.16680,0.13900,0.16590,0.14620,0.16870,0.13370,0.17530,0.13700,0.16330,0.08940,0.13920,0.09230,0.13250,0.09750,0.13890,0.10040,0.13450,0.09860,0.12220,0.08610,0.12790
2:00:34,0.13890,0.11720,0.20450,0.10490,0.20080,0.09920,0.19060,0.11770,0.16400,0.12830,0.22500,0.15500,0.12550,0.11890,0.17620,0.16810,0.17210,0.19210,0.16720,0.17970,0.17640,0.21230,0.19400,0.17410,0.11370,0.14190,0.14020,0.16280,0.15760,0.17770,0.13720,0.18110,0.16210,0.20870,0.16140,0.17100,0.10080,0.11140,0.10370,0.14310,0.10720,0.19020,0.11430,0.13260,0.12180,0.15240,0.11730,0.12630,0.22030,0.09220,0.17890,0.11070,0.21430,0.10840,0.19300,0.10890,0.20820,0.11610,0.20920,0.11970,0.16440,0.26220,0.14230,0.17840,0.18990,0.20650,0.17870,0.21430,0.17250,0.19640,0.16780,0.17220,0.13420,0.18350,0.13500,0.16400,0.14500,0.17330,0.15100,0.17560,0.13200,0.18360,0.14270,0.16950,0.09060,0.13810,0.09400,0.13690,0.09990,0.14390,0.10310,0.14000,0.10110,0.12630,0.08700,0.13220
2:10:34,0.14450,0.12060,0.19090,0.10760,0.21050,0.10130,0.19900,0.12150,0.17330,0.13240,0.23540,0.15940,0.13000,0.12240,0.17300,0.17400,0.17750,0.19840,0.17480,0.18820,0.18460,0.22260,0.20240,0.18300,0.11720,0.13420,0.14450,0.16410,0.14730,0.18590,0.14290,0.18790,0.16800,0.18400,0.16810,0.17820,0.10330,0.11410,0.10650,0.14730,0.11040,0.19000,0.11780,0.13800,0.12560,0.15920,0.12120,0.13120,0.22980,0.09320,0.18700,0.11380,0.22440,0.11170,0.19010,0.11250,0.21820,0.11980,0.20770,0.12330,0.17110,0.26730,0.14810,0.18680,0.18740,0.21660,0.18550,0.22390,0.18040,0.20650,0.17570,0.17980,0.13890,0.19120,0.13990,0.16350,0.15090,0.18080,0.15600,0.18280,0.12860,0.19190,0.14830,0.17620,0.09200,0.14300,0.09600,0.14160,0.10240,0.14380,0.10590,0.14570,0.10400,0.13080,0.08800,0.13660
2:20:34,0.15000,0.12370,0.19970,0.11030,0.21970,0.10300,0.20710,0.12480,0.18190,0.13630,0.24500,0.16330,0.13430,0.12570,0.17980,0.17950,0.18240,0.20490,0.18220,0.19640,0.19240,0.23230,0.21040,0.19100,0.12070,0.12770,0.14880,0.17000,0.15280,0.19350,0.14810,0.17060,0.17360,0.19210,0.17430,0.18530,0.10560,0.11660,0.10930,0.14690,0.11350,0.19110,0.12110,0.14330,0.12900,0.16540,0.12460,0.13570,0.23000,0.09410,0.19470,0.11660,0.23390,0.11480,0.19900,0.11570,0.22750,0.12330,0.20970,0.12660,0.17770,0.27320,0.15370,0.19520,0.19600,0.22630,0.19200,0.23340,0.18790,0.21640,0.18340,0.18710,0.14360,0.19860,0.14450,0.17020,0.15670,0.18300,0.16080,0.18960,0.13220,0.19960,0.15370,0.18290,0.09320,0.14780,0.09800,0.14270,0.10490,0.14270,0.10850,0.15120,0.10650,0.13490,0.08870,0.14110
2:30:34,0.15510,0.12650,0.20810,0.11280,0.22880,0.10480,0.21470,0.12800,0.19110,0.13980,0.25440,0.16730,0.13840,0.12870,0.18650,0.18130,0.17280,0.21150,0.18930,0.20430,0.19980,0.24160,0.21800,0.19930,0.12390,0.12260,0.15260,0.17240,0.15820,0.20090,0.15310,0.17680,0.17930,0.19990,0.18040,0.19230,0.10790,0.11890,0.11170,0.15140,0.11630,0.19320,0.12420,0.14820,0.13230,0.17130,0.12800,0.14030,0.22190,0.09460,0.20250,0.11940,0.24310,0.11760,0.20750,0.11870,0.23660,0.12650,0.21840,0.12950,0.18400,0.27960,0.15910,0.20340,0.20400,0.23560,0.18530,0.24220,0.19500,0.22580,0.19070,0.19430,0.14820,0.20570,0.14880,0.17690,0.16200,0.18990,0.16510,0.19610,0.13570,0.20690,0.15870,0.18920,0.09430,0.15250,0.09980,0.14410,0.10710,0.14730,0.11100,0.15620,0.10910,0.13910,0.08940,0.14530
2:40:34,0.16020,0.12930,0.21640,0.11510,0.23750,0.10620,0.22200,0.13090,0.19920,0.14290,0.26310,0.17040,0.14250,0.13160,0.19310,0.18110,0.17790,0.20300,0.19600,0.21190,0.20680,0.25060,0.22480,0.20680,0.12700,0.11880,0.15640,0.17810,0.16340,0.20810,0.15770,0.18290,0.18430,0.20740,0.18600,0.19880,0.11000,0.12110,0.11420,0.15570,0.11890,0.19600,0.12700,0.15290,0.13520,0.17690,0.13100,0.14430,0.23040,0.09530,0.21000,0.12190,0.25160,0.12030,0.21600,0.12160,0.24540,0.12950,0.22700,0.13240,0.19040,0.24730,0.16460,0.21160,0.21160,0.24440,0.19150,0.24320,0.20200,0.23500,0.19780,0.20110,0.15260,0.21280,0.15320,0.18340,0.16740,0.19660,0.16930,0.18720,0.13930,0.21410,0.16370,0.19590,0.09550,0.15710,0.10170,0.14850,0.10930,0.15190,0.11320,0.16130,0.11140,0.14330,0.09020,0.14960
2:50:34,0.16560,0.13210,0.22510,0.11790,0.24650,0.10840,0.22940,0.13390,0.20870,0.14640,0.27210,0.17400,0.14690,0.13470,0.20000,0.18720,0.18360,0.21040,0.20270,0.21980,0.21430,0.25980,0.23220,0.21550,0.13060,0.11680,0.16070,0.18390,0.16870,0.21540,0.16270,0.18940,0.18980,0.21520,0.19190,0.20580,0.11250,0.12360,0.11690,0.16030,0.12180,0.17490,0.13010,0.15780,0.13830,0.18270,0.13440,0.14930,0.23960,0.09640,0.21770,0.12470,0.26070,0.12320,0.22450,0.12470,0.25420,0.13270,0.23590,0.13540,0.19710,0.25700,0.17030,0.21990,0.21950,0.24160,0.19790,0.25180,0.20920,0.24450,0.20520,0.20860,0.15740,0.22010,0.15760,0.19000,0.17290,0.20360,0.17380,0.19390,0.14350,0.22140,0.16870,0.20270,0.09710,0.16210,0.10380,0.15320,0.11160,0.15690,0.11580,0.16660,0.11410,0.14780,0.09140,0.15430
3:00:34,0.17040,0.13430,0.23310,0.11980,0.25460,0.10950,0.23630,0.13620,0.21680,0.14900,0.28010,0.17690,0.15070,0.13730,0.20600,0.19260,0.18860,0.21670,0.20890,0.22690,0.22090,0.26820,0.23840,0.22280,0.13350,0.11490,0.16440,0.18920,0.17350,0.22240,0.16690,0.19510,0.19480,0.22210,0.19720,0.21210,0.11450,0.12570,0.11920,0.16440,0.12410,0.17980,0.13250,0.16210,0.14090,0.18790,0.13690,0.15340,0.24820,0.09690,0.22500,0.12680,0.26880,0.12560,0.23240,0.12720,0.26230,0.13530,0.24400,0.13780,0.20340,0.26610,0.17550,0.22780,0.22680,0.24980,0.20370,0.26060,0.21570,0.25330,0.21190,0.21520,0.16180,0.22680,0.16160,0.19630,0.17800,0.21010,0.17750,0.20010,0.14700,0.22790,0.17320,0.20850,0.09830,0.16680,0.10570,0.15760,0.11360,0.16140,0.11780,0.17140,0.11630,0.15190,0.09200,0.15820
3:10:34,0.17560,0.13690,0.24140,0.12240,0.26300,0.11140,0.24350,0.13900,0.22590,0.15180,0.28840,0.18010,0.15490,0.14020,0.21230,0.19840,0.19410,0.22380,0.21520,0.23430,0.22760,0.27680,0.24510,0.23110,0.13670,0.11460,0.16850,0.19470,0.17870,0.22950,0.17140,0.20110,0.19960,0.22930,0.20280,0.21850,0.11670,0.12800,0.12160,0.16870,0.12650,0.18500,0.13510,0.16660,0.14350,0.19310,0.13980,0.15800,0.25720,0.09760,0.23240,0.12920,0.27720,0.12800,0.24040,0.13000,0.27040,0.13810,0.25240,0.14040,0.20990,0.27580,0.18080,0.23570,0.23420,0.25830,0.20980,0.26960,0.22250,0.26230,0.21880,0.22230,0.16630,0.23370,0.16570,0.20260,0.18300,0.21650,0.18160,0.20660,0.15100,0.23460,0.17800,0.21500,0.09970,0.17150,0.10770,0.16210,0.11570,0.16600,0.12010,0.17630,0.11860,0.15620,0.09310,0.16270
3:20:34,0.18060,0.13910,0.24930,0.12450,0.27110,0.11290,0.25010,0.14140,0.23430,0.15430,0.29590,0.18260,0.15890,0.14280,0.21850,0.20400,0.19930,0.23040,0.22130,0.24130,0.23400,0.28410,0.25140,0.23910,0.13980,0.11420,0.17260,0.20000,0.18360,0.23670,0.17570,0.20680,0.20450,0.23630,0.20800,0.22490,0.11890,0.13020,0.12390,0.17270,0.12890,0.19000,0.13760,0.17110,0.14590,0.19830,0.14230,0.16240,0.26600,0.09840,0.23960,0.13160,0.28520,0.13060,0.24830,0.13250,0.27850,0.14050,0.26060,0.14280,0.21620,0.28520,0.18610,0.24340,0.24130,0.26640,0.21550,0.27840,0.22900,0.27100,0.22550,0.22920,0.17080,0.24050,0.16980,0.20880,0.18820,0.22280,0.18550,0.21290,0.15490,0.24120,0.18270,0.22160,0.10120,0.17630,0.10970,0.16650,0.11780,0.17060,0.12240,0.18140,0.12090,0.16050,0.09410,0.16720
3:30:34,0.18550,0.14130,0.25730,0.12690,0.27930,0.11460,0.25150,0.14380,0.24290,0.15700,0.30380,0.18530,0.16290,0.14550,0.22470,0.20970,0.20490,0.23740,0.22760,0.24820,0.24040,0.29280,0.25770,0.24740,0.14280,0.11470,0.17650,0.20530,0.18850,0.24350,0.18010,0.21240,0.20950,0.24310,0.21330,0.23120,0.12120,0.13240,0.12630,0.17680,0.13130,0.19510,0.14000,0.17550,0.14840,0.20340,0.14490,0.16700,0.27490,0.09920,0.24690,0.13370,0.29320,0.13290,0.25590,0.13500,0.28650,0.14320,0.26860,0.14510,0.22250,0.29470,0.19140,0.25120,0.24840,0.27460,0.22150,0.28710,0.23550,0.27960,0.23220,0.23620,0.17530,0.24730,0.17370,0.21500,0.19310,0.22920,0.18940,0.21920,0.15890,0.24760,0.18710,0.22790,0.10270,0.18110,0.11170,0.17090,0.11980,0.17500,0.12460,0.18620,0.12320,0.16480,0.09530,0.17160
3:40:34,0.19010,0.14340,0.26470,0.12890,0.28700,0.11590,0.25830,0.14580,0.25090,0.15930,0.31090,0.18730,0.16650,0.14760,0.23040,0.21490,0.20980,0.24380,0.23340,0.25490,0.24650,0.30060,0.26340,0.25510,0.14560,0.11450,0.18010,0.21020,0.19280,0.25010,0.18400,0.21770,0.21430,0.24960,0.21830,0.23710,0.12300,0.13430,0.12830,0.18060,0.13330,0.19960,0.14200,0.17930,0.15060,0.20810,0.14720,0.17120,0.28340,0.09970,0.25370,0.13560,0.30070,0.13490,0.26330,0.13710,0.29420,0.14540,0.27630,0.14720,0.22860,0.30380,0.19630,0.25860,0.25520,0.28230,0.22690,0.29550,0.24180,0.28790,0.23850,0.24290,0.17940,0.25380,0.17740,0.22080,0.19790,0.23530,0.19300,0.22510,0.16270,0.25370,0.19140,0.23360,0.10410,0.18550,0.11340,0.17500,0.12170,0.17930,0.12650,0.19080,0.12520,0.16890,0.09610,0.17580
3:50:34,0.19500,0.14530,0.27230,0.13090,0.29470,0.11740,0.26520,0.14820,0.25900,0.16160,0.31810,0.18980,0.17020,0.15000,0.23610,0.22040,0.21500,0.25060,0.23940,0.26160,0.25270,0.30860,0.26950,0.26310,0.14850,0.11500,0.18380,0.21520,0.19740,0.25640,0.18810,0.22300,0.21900,0.25630,0.22310,0.24310,0.12510,0.13640,0.13040,0.18450,0.13570,0.20440,0.14420,0.18350,0.15290,0.21300,0.14960,0.17560,0.29190,0.10050,0.26060,0.13760,0.30820,0.13710,0.27080,0.13940,0.30170,0.14760,0.28400,0.14930,0.23480,0.31280,0.20140,0.26600,0.26200,0.29020,0.23240,0.30370,0.24810,0.29620,0.24470,0.24920,0.18370,0.26030,0.18110,0.22680,0.20250,0.24140,0.19670,0.23100,0.16670,0.25980,0.19570,0.23910,0.10550,0.19020,0.11530,0.17920,0.12350,0.18360,0.12830,0.19540,0.12740,0.17310,0.09710,0.18000
4:00:34,0.19940,0.14710,0.27970,0.13270,0.30210,0.11860,0.27180,0.15010,0.26670,0.16380,0.32520,0.19180,0.17380,0.15210,0.24160,0.22540,0.21970,0.25680,0.24490,0.26790,0.25830,0.31600,0.27510,0.27060,0.15120,0.11510,0.18720,0.21990,0.20170,0.26300,0.19170,0.22790,0.22360,0.26250,0.22770,0.24880,0.12690,0.13820,0.13230,0.18820,0.13760,0.20870,0.14610,0.18720,0.15490,0.21750,0.15160,0.17970,0.30010,0.10080,0.26720,0.13950,0.31550,0.13910,0.27810,0.14140,0.30890,0.14960,0.29140,0.15120,0.24070,0.32170,0.20600,0.27320,0.26860,0.29780,0.23770,0.31170,0.25420,0.30430,0.25070,0.25570,0.18790,0.26660,0.18470,0.23250,0.20720,0.24720,0.20030,0.23680,0.17030,0.26560,0.19980,0.24460,0.10670,0.19450,0.11690,0.18320,0.12520,0.18760,0.13000,0.19980,0.12930,0.17700,0.09780,0.18390
4:10:34,0.20400,0.14910,0.28700,0.13480,0.30970,0.12010,0.27850,0.15240,0.27470,0.16600,0.33230,0.19420,0.17750,0.15450,0.24750,0.23090,0.22500,0.26340,0.25080,0.27450,0.26450,0.32390,0.28090,0.27850,0.15410,0.11580,0.19080,0.22480,0.20620,0.26990,0.19560,0.23320,0.22790,0.26890,0.23240,0.25460,0.12880,0.14020,0.13430,0.19190,0.13970,0.21320,0.14800,0.19110,0.15680,0.22220,0.15370,0.18400,0.30850,0.10160,0.27390,0.14140,0.32290,0.14110,0.28530,0.14350,0.31630,0.15180,0.29890,0.15330,0.24670,0.33060,0.21090,0.28040,0.27530,0.30540,0.24310,0.31990,0.26030,0.31230,0.25690,0.26240,0.19210,0.27290,0.18840,0.23810,0.21200,0.25320,0.20390,0.24270,0.17420,0.27150,0.20400,0.24960,0.10830,0.19910,0.11870,0.18740,0.12700,0.19180,0.13200,0.20440,0.13130,0.18100,0.09880,0.18790
4:20:34,0.20830,0.15080,0.29420,0.13650,0.31700,0.12140,0.28470,0.15430,0.28230,0.16800,0.33920,0.19610,0.18090,0.15650,0.25290,0.23600,0.22990,0.26970,0.25620,0.28050,0.27000,0.33110,0.28630,0.28600,0.15670,0.11610,0.19430,0.22940,0.21040,0.27600,0.19920,0.23810,0.23240,0.27500,0.23690,0.26040,0.13050,0.14200,0.13610,0.19540,0.14140,0.21750,0.15000,0.19470,0.15870,0.22660,0.15570,0.18810,0.31680,0.10210,0.28030,0.14320,0.32990,0.14300,0.29240,0.14550,0.32340,0.15380,0.30630,0.15510,0.25250,0.33930,0.21560,0.28740,0.28190,0.31280,0.24840,0.32790,0.26610,0.32020,0.26290,0.26880,0.19600,0.27910,0.19190,0.24370,0.21640,0.25890,0.20730,0.24830,0.17810,0.27710,0.20800,0.25510,0.10980,0.20340,0.12040,0.19140,0.12870,0.19570,0.13370,0.20870,0.13310,0.18500,0.09990,0.19170
4:30:34,0.21270,0.15260,0.30140,0.13840,0.32440,0.12280,0.29120,0.15610,0.28990,0.17000,0.34610,0.19820,0.18440,0.15860,0.25870,0.24130,0.23500,0.27630,0.26150,0.28690,0.27570,0.33860,0.29190,0.29380,0.15930,0.11670,0.19780,0.23410,0.21470,0.28220,0.20290,0.24310,0.23700,0.28110,0.24130,0.26630,0.13230,0.14380,0.13790,0.19890,0.14330,0.22180,0.15200,0.19840,0.16050,0.23100,0.15770,0.19220,0.32510,0.10270,0.28700,0.14480,0.33700,0.14470,0.29950,0.14740,0.33060,0.15570,0.31350,0.15700,0.25830,0.34780,0.22020,0.29450,0.28840,0.32040,0.25350,0.33570,0.27190,0.32790,0.26880,0.27540,0.20010,0.28520,0.19540,0.24920,0.22090,0.26450,0.21080,0.25400,0.18200,0.28260,0.21190,0.26040,0.11120,0.20790,0.12210,0.19530,0.13020,0.19970,0.13540,0.21310,0.13500,0.18920,0.10100,0.19620
4:40:34,0.21680,0.15440,0.30850,0.14020,0.33150,0.12410,0.29740,0.15790,0.29730,0.17190,0.35270,0.20000,0.18790,0.16070,0.26390,0.24650,0.24010,0.28250,0.26680,0.29310,0.28110,0.34590,0.29720,0.30120,0.16190,0.11730,0.20130,0.23870,0.21880,0.28830,0.20640,0.24810,0.24120,0.28710,0.24550,0.27190,0.13400,0.14560,0.13970,0.20230,0.14520,0.22580,0.15380,0.20190,0.16230,0.23520,0.15970,0.19620,0.33310,0.10350,0.29330,0.14650,0.34390,0.14650,0.30640,0.14920,0.33750,0.15760,0.32050,0.15890,0.26410,0.35630,0.22480,0.30150,0.29480,0.32760,0.25860,0.34340,0.27760,0.33560,0.27460,0.28150,0.20400,0.29120,0.19880,0.25460,0.22520,0.27010,0.21430,0.25950,0.18580,0.28820,0.21580,0.26580,0.11280,0.21210,0.12370,0.19920,0.13200,0.20360,0.13700,0.21730,0.13690,0.19320,0.10210,0.20050
4:50:34,0.22110,0.15630,0.31560,0.14210,0.33850,0.12540,0.30380,0.15990,0.30480,0.17400,0.35950,0.20200,0.19130,0.16280,0.26920,0.25180,0.24520,0.28890,0.27220,0.29920,0.28680,0.35330,0.30250,0.30880,0.16470,0.11810,0.20470,0.24340,0.22300,0.29430,0.21010,0.25310,0.24550,0.29310,0.24990,0.27760,0.13580,0.14750,0.14160,0.20570,0.14710,0.23010,0.15560,0.20560,0.16430,0.23960,0.16190,0.20050,0.34120,0.10430,0.29990,0.14820,0.35080,0.14830,0.31330,0.15120,0.34450,0.15960,0.32760,0.16060,0.26980,0.36470,0.22940,0.30820,0.30150,0.33490,0.26380,0.35130,0.28330,0.34330,0.28050,0.28800,0.20820,0.29740,0.20240,0.26010,0.22970,0.27580,0.21780,0.26500,0.18990,0.29380,0.21980,0.27040,0.11440,0.21640,0.12530,0.20320,0.13370,0.20760,0.13870,0.22150,0.13870,0.19720,0.10340,0.20460
5:00:34,0.22510,0.15790,0.32240,0.14370,0.34560,0.12660,0.30970,0.16150,0.31220,0.17580,0.36590,0.20370,0.19460,0.16470,0.27460,0.25680,0.25010,0.29520,0.27740,0.30520,0.29220,0.36020,0.30750,0.31630,0.16720,0.11840,0.20810,0.24790,0.22710,0.30050,0.21360,0.25780,0.24970,0.29890,0.25410,0.28340,0.13750,0.14910,0.14330,0.20910,0.14890,0.23410,0.15740,0.20900,0.16600,0.24380,0.16380,0.20460,0.34910,0.10480,0.30600,0.14980,0.35750,0.15010,0.32000,0.15300,0.35130,0.16130,0.33450,0.16210,0.27550,0.37300,0.23390,0.31490,0.30780,0.34200,0.26870,0.35900,0.28900,0.35070,0.28610,0.29440,0.21190,0.30330,0.20570,0.26530,0.23400,0.28130,0.22110,0.27040,0.19370,0.29920,0.22370,0.27530,0.11590,0.22060,0.12680,0.20690,0.13530,0.21140,0.14020,0.22570,0.14050,0.20110,0.10450,0.20880
5:10:34,0.22900,0.15940,0.32900,0.14520,0.35220,0.12770,0.31550,0.16300,0.31920,0.17740,0.37220,0.20520,0.19770,0.16620,0.27960,0.26160,0.25450,0.30110,0.28210,0.31080,0.29730,0.36710,0.31240,0.32290,0.16940,0.11860,0.21110,0.25200,0.23080,0.30570,0.21680,0.26230,0.25360,0.30440,0.25800,0.28870,0.13890,0.15060,0.14470,0.21200,0.15030,0.23780,0.15890,0.21210,0.16740,0.24750,0.16550,0.20830,0.35660,0.10510,0.31180,0.15120,0.36390,0.15140,0.32630,0.15450,0.35780,0.16290,0.34100,0.16370,0.28080,0.38080,0.23800,0.32130,0.31380,0.34880,0.27350,0.36630,0.29420,0.35790,0.29140,0.30030,0.21550,0.30890,0.20890,0.27030,0.23790,0.28660,0.22430,0.27550,0.19710,0.30440,0.22710,0.27930,0.11710,0.22460,0.12810,0.21040,0.13660,0.21490,0.14160,0.22940,0.14200,0.20470,0.10520,0.21210
5:20:34,0.23310,0.16100,0.33580,0.14680,0.35910,0.12910,0.32150,0.16470,0.32650,0.17920,0.37880,0.20700,0.20100,0.16800,0.28480,0.26670,0.25950,0.30740,0.28700,0.31670,0.30260,0.37430,0.31760,0.33050,0.17180,0.11940,0.21460,0.25640,0.23480,0.31160,0.22030,0.26670,0.25750,0.31010,0.26250,0.29410,0.14060,0.15220,0.14640,0.21530,0.15190,0.24190,0.16060,0.21570,0.16910,0.25180,0.16740,0.21240,0.36430,0.10570,0.31820,0.15280,0.37060,0.15310,0.33300,0.15630,0.36450,0.16470,0.34790,0.16530,0.28630,0.38890,0.24250,0.32800,0.32010,0.35580,0.27850,0.37390,0.29970,0.36530,0.29700,0.30650,0.21930,0.31470,0.21220,0.27570,0.24210,0.29200,0.22770,0.28090,0.20100,0.30980,0.23100,0.28430,0.11860,0.22870,0.12970,0.21430,0.13810,0.21870,0.14300,0.23350,0.14380,0.20860,0.10650,0.21680
5:30:34,0.23700,0.16260,0.34240,0.14860,0.36590,0.13040,0.32740,0.16620,0.33350,0.18100,0.38520,0.20860,0.20410,0.16990,0.29000,0.27170,0.26440,0.31360,0.29190,0.32240,0.30790,0.38120,0.32270,0.33750,0.17410,0.12010,0.21770,0.26050,0.23870,0.31740,0.22350,0.27120,0.26150,0.31590,0.26640,0.29980,0.14210,0.15380,0.14800,0.21860,0.15330,0.24590,0.16210,0.21910,0.17060,0.25590,0.16910,0.21630,0.37200,0.10640,0.32420,0.15430,0.37700,0.15450,0.33940,0.15790,0.37100,0.16650,0.35450,0.16670,0.29180,0.39690,0.24670,0.33430,0.32620,0.36270,0.28330,0.38120,0.30500,0.37240,0.30230,0.31250,0.22310,0.32040,0.21530,0.28070,0.24610,0.29730,0.23080,0.28610,0.20480,0.31480,0.23450,0.28860,0.12000,0.23280,0.13120,0.21790,0.13960,0.22230,0.14450,0.23730,0.14540,0.21240,0.10760,0.22080
5:40:34,0.24080,0.16420,0.34890,0.15010,0.37240,0.13160,0.33300,0.16750,0.34040,0.18240,0.39110,0.20980,0.20710,0.17150,0.29480,0.27650,0.26920,0.31950,0.29720,0.32800,0.31280,0.38780,0.32750,0.34430,0.17630,0.12050,0.22100,0.26470,0.24230,0.32280,0.22650,0.27550,0.26570,0.32130,0.27050,0.30490,0.14370,0.15530,0.14950,0.22160,0.15490,0.24950,0.16360,0.22230,0.17220,0.25970,0.17070,0.22000,0.37930,0.10690,0.33000,0.15580,0.38330,0.15600,0.34550,0.15950,0.37730,0.16810,0.36120,0.16820,0.29700,0.40440,0.25100,0.34060,0.33230,0.36940,0.28800,0.38830,0.31030,0.37950,0.30770,0.31860,0.22670,0.32610,0.21840,0.28570,0.25010,0.30240,0.23410,0.29110,0.20850,0.31990,0.23800,0.29290,0.12130,0.23680,0.13250,0.22150,0.14090,0.22590,0.14580,0.24130,0.14700,0.21610,0.10870,0.22430
5:50:34,0.24450,0.16560,0.35530,0.15150,0.37880,0.13250,0.33860,0.16920,0.34710,0.18390,0.39720,0.21110,0.21010,0.17310,0.29970,0.28120,0.27360,0.32520,0.30180,0.33360,0.31780,0.39460,0.33240,0.35110,0.17850,0.12070,0.22400,0.26900,0.24570,0.32850,0.22960,0.27980,0.26920,0.32680,0.27410,0.30990,0.14500,0.15670,0.15080,0.22460,0.15630,0.25330,0.16500,0.22530,0.17370,0.26340,0.17210,0.22360,0.38660,0.10710,0.33570,0.15700,0.38950,0.15730,0.35170,0.16110,0.38370,0.16960,0.36740,0.16950,0.30220,0.41200,0.25500,0.34670,0.33790,0.37590,0.29270,0.39540,0.31550,0.38630,0.31270,0.32410,0.23010,0.33160,0.22140,0.29040,0.25400,0.30750,0.23710,0.29620,0.21200,0.32490,0.24130,0.29690,0.12250,0.24070,0.13380,0.22490,0.14220,0.22950,0.14710,0.24500,0.14850,0.21980,0.10950,0.22820
6:00:34,0.24840,0.16690,0.36170,0.15310,0.38550,0.13380,0.34410,0.17060,0.35400,0.18580,0.40350,0.21240,0.21300,0.17480,0.30500,0.28610,0.27860,0.33130,0.30670,0.33920,0.32280,0.40140,0.33730,0.35840,0.18090,0.12170,0.22730,0.27310,0.24950,0.33390,0.23280,0.28420,0.27330,0.33220,0.27810,0.31530,0.14650,0.15820,0.15240,0.22770,0.15790,0.25710,0.16650,0.22870,0.17520,0.26720,0.17370,0.22740,0.39410,0.10790,0.34150,0.15850,0.39590,0.15880,0.35810,0.16280,0.39010,0.17110,0.37400,0.17110,0.30770,0.41980,0.25910,0.35310,0.34400,0.38280,0.29760,0.40250,0.32090,0.39320,0.31800,0.33020,0.23380,0.33730,0.22450,0.29540,0.25800,0.31260,0.24030,0.30130,0.21570,0.32990,0.24480,0.30240,0.12400,0.24470,0.13520,0.22860,0.14360,0.23310,0.14860,0.24860,0.15010,0.22350,0.11070,0.23220
6:10:34,0.25200,0.16820,0.36790,0.15450,0.39180,0.13490,0.34960,0.17200,0.36060,0.18690,0.40950,0.21370,0.21580,0.17630,0.30960,0.29060,0.28310,0.33690,0.31130,0.34450,0.32760,0.40780,0.34180,0.36460,0.18300,0.12190,0.23040,0.27690,0.25310,0.33960,0.23570,0.28850,0.27690,0.33740,0.28180,0.32030,0.14780,0.15960,0.15370,0.23050,0.15910,0.26060,0.16790,0.23180,0.17640,0.27100,0.17510,0.23090,0.40140,0.10820,0.34710,0.15970,0.40200,0.16030,0.36430,0.16430,0.39630,0.17260,0.38020,0.17250,0.31280,0.42740,0.26320,0.35920,0.34980,0.38920,0.30230,0.40950,0.32590,0.40000,0.32290,0.33570,0.23720,0.34280,0.22750,0.30010,0.26180,0.31760,0.24340,0.30620,0.21920,0.33020,0.24820,0.30600,0.12520,0.24860,0.13660,0.23190,0.14480,0.23660,0.14970,0.25230,0.15140,0.22720,0.11170,0.23540
6:20:34,0.25550,0.16920,0.37380,0.15570,0.39800,0.13560,0.35470,0.17340,0.36670,0.18800,0.41510,0.21470,0.21850,0.17750,0.31430,0.29510,0.28720,0.34250,0.31570,0.34960,0.33250,0.41420,0.34620,0.37100,0.18480,0.12200,0.23320,0.28070,0.25640,0.34410,0.23830,0.29240,0.28010,0.34230,0.28520,0.32480,0.14890,0.16080,0.15480,0.23320,0.16050,0.26390,0.16910,0.23450,0.17770,0.27440,0.17620,0.23410,0.40820,0.10840,0.35250,0.16080,0.40780,0.16130,0.37010,0.16560,0.40240,0.17370,0.38610,0.17370,0.31780,0.43450,0.26700,0.36500,0.35550,0.39550,0.30660,0.41620,0.33070,0.40670,0.32780,0.34100,0.24040,0.34800,0.23010,0.30460,0.26550,0.32240,0.24630,0.31080,0.22260,0.33500,0.25160,0.30990,0.12610,0.25220,0.13760,0.23510,0.14600,0.23980,0.15100,0.25570,0.15260,0.23040,0.11230,0.23940
6:30:34,0.25880,0.17000,0.37970,0.15660,0.40400,0.13610,0.35980,0.17450,0.37270,0.18900,0.42100,0.21570,0.22100,0.17870,0.31870,0.29900,0.29120,0.34760,0.31980,0.35460,0.33680,0.42020,0.35060,0.37680,0.18660,0.12130,0.23590,0.28440,0.25940,0.34910,0.24110,0.29620,0.28360,0.34750,0.28850,0.32960,0.14980,0.16170,0.15580,0.23590,0.16150,0.26700,0.17010,0.23700,0.17870,0.27770,0.17740,0.23710,0.41500,0.10780,0.35770,0.16180,0.41360,0.16240,0.37570,0.16670,0.40800,0.17490,0.39170,0.17470,0.32260,0.44160,0.27060,0.37050,0.36080,0.40130,0.31100,0.42270,0.33540,0.41310,0.33240,0.34600,0.24350,0.35290,0.23260,0.30890,0.26900,0.32710,0.24900,0.31530,0.22550,0.33960,0.25440,0.31380,0.12700,0.25570,0.13850,0.23820,0.14700,0.24290,0.15190,0.25900,0.15360,0.23330,0.11260,0.24230
6:40:34,0.26220,0.17120,0.38550,0.15770,0.41030,0.13690,0.36460,0.17570,0.37900,0.19040,0.42690,0.21690,0.22370,0.18000,0.32320,0.30350,0.29540,0.35300,0.32420,0.35980,0.34130,0.42660,0.35530,0.38310,0.18840,0.12160,0.23880,0.28800,0.26290,0.35420,0.24390,0.30040,0.28700,0.35220,0.29210,0.33450,0.15080,0.16280,0.15700,0.23860,0.16270,0.27030,0.17110,0.23990,0.17980,0.28120,0.17860,0.24050,0.42180,0.10790,0.36310,0.16280,0.41960,0.16350,0.38130,0.16800,0.41390,0.17590,0.39760,0.17580,0.32750,0.44870,0.27430,0.37630,0.36640,0.40760,0.31540,0.42930,0.34020,0.41960,0.33740,0.35130,0.24670,0.35810,0.23530,0.31340,0.27270,0.33190,0.25190,0.32000,0.22870,0.34450,0.25770,0.31840,0.12790,0.25930,0.13950,0.24130,0.14800,0.24610,0.15300,0.26250,0.15480,0.23670,0.11320,0.24600
6:50:34,0.26560,0.17220,0.39160,0.15900,0.41640,0.13760,0.36990,0.17690,0.38510,0.19160,0.43260,0.21780,0.22620,0.18130,0.32760,0.30750,0.29950,0.35820,0.32830,0.36480,0.34570,0.43270,0.35960,0.38900,0.19030,0.12170,0.24160,0.29170,0.26620,0.35950,0.24670,0.30430,0.29060,0.35730,0.29560,0.33910,0.15190,0.16390,0.15800,0.24110,0.16400,0.27350,0.17230,0.24250,0.18080,0.28450,0.17970,0.24370,0.42860,0.10780,0.36820,0.16390,0.42550,0.16460,0.38720,0.16920,0.41980,0.17710,0.40340,0.17700,0.33230,0.45570,0.27800,0.38210,0.37180,0.41360,0.31970,0.43590,0.34500,0.42600,0.34200,0.35640,0.24990,0.36330,0.23790,0.31800,0.27630,0.33660,0.25460,0.32460,0.23180,0.34940,0.26070,0.32090,0.12890,0.26280,0.14050,0.24450,0.14900,0.24930,0.15400,0.26580,0.15590,0.23990,0.11390,0.24860
7:00:34,0.26870,0.17330,0.39720,0.16000,0.42240,0.13820,0.37490,0.17790,0.39100,0.19260,0.43810,0.21870,0.22870,0.18240,0.33200,0.31170,0.30340,0.36330,0.33270,0.36970,0.35020,0.43880,0.36410,0.39490,0.19210,0.12170,0.24440,0.29550,0.26950,0.36430,0.24940,0.30800,0.29400,0.36210,0.29910,0.34360,0.15280,0.16500,0.15890,0.24370,0.16510,0.27670,0.17340,0.24510,0.18180,0.28780,0.18100,0.24680,0.43530,0.10780,0.37330,0.16490,0.43110,0.16560,0.39270,0.17040,0.42550,0.17820,0.40900,0.17810,0.33690,0.46260,0.28170,0.38760,0.37710,0.41950,0.32380,0.44200,0.34970,0.43240,0.34650,0.36150,0.25300,0.36830,0.24050,0.32250,0.27990,0.34130,0.25750,0.32910,0.23490,0.35390,0.26360,0.32490,0.12970,0.26620,0.14150,0.24750,0.15000,0.25240,0.15520,0.26920,0.15690,0.24300,0.11420,0.25190
7:10:34,0.27180,0.17410,0.40280,0.16090,0.42830,0.13850,0.37950,0.17910,0.39690,0.19350,0.44360,0.21980,0.23100,0.18340,0.33620,0.31550,0.30710,0.36820,0.33650,0.37460,0.35440,0.44480,0.36840,0.40050,0.19360,0.12130,0.24690,0.29870,0.27250,0.36890,0.25170,0.31160,0.29730,0.36660,0.30220,0.34800,0.15360,0.16590,0.15990,0.24610,0.16600,0.27970,0.17430,0.24750,0.18260,0.29090,0.18190,0.24970,0.44170,0.10740,0.37820,0.16580,0.43710,0.16650,0.39800,0.17130,0.43120,0.17900,0.41460,0.17900,0.34160,0.46920,0.28500,0.39290,0.38220,0.42520,0.32800,0.44830,0.35420,0.43850,0.35090,0.36600,0.25590,0.37310,0.24290,0.32660,0.28320,0.34590,0.26010,0.33350,0.23770,0.35850,0.26650,0.32760,0.13040,0.26950,0.14220,0.25040,0.15080,0.25530,0.15590,0.27230,0.15780,0.24590,0.11460,0.25470
7:20:34,0.27500,0.17510,0.40840,0.16200,0.43460,0.13940,0.38470,0.18030,0.40290,0.19460,0.44940,0.22090,0.23350,0.18460,0.34070,0.31970,0.31130,0.37340,0.34080,0.37960,0.35880,0.45070,0.37280,0.40640,0.19560,0.12190,0.24970,0.30240,0.27560,0.37400,0.25440,0.31550,0.30090,0.37160,0.30560,0.35270,0.15460,0.16700,0.16100,0.24870,0.16720,0.28290,0.17540,0.25020,0.18380,0.29430,0.18300,0.25280,0.44820,0.10760,0.38350,0.16700,0.44290,0.16760,0.40360,0.17260,0.43700,0.18020,0.42020,0.18020,0.34640,0.47610,0.28860,0.39850,0.38760,0.43130,0.33220,0.45450,0.35890,0.44470,0.35560,0.37100,0.25900,0.37820,0.24550,0.33090,0.28680,0.35040,0.26300,0.33790,0.24080,0.36330,0.26950,0.33160,0.13140,0.27290,0.14330,0.25340,0.15180,0.25850,0.15690,0.27570,0.15900,0.24910,0.11510,0.25770
7:30:34,0.27830,0.17630,0.41370,0.16300,0.44030,0.14000,0.38960,0.18140,0.40860,0.19560,0.45530,0.22170,0.23610,0.18590,0.34520,0.32380,0.31530,0.37870,0.34490,0.38460,0.36320,0.45660,0.37710,0.41250,0.19740,0.12230,0.25250,0.30610,0.27910,0.37910,0.25720,0.31930,0.30430,0.37630,0.30890,0.35710,0.15560,0.16800,0.16200,0.25130,0.16820,0.28610,0.17630,0.25280,0.18490,0.29760,0.18410,0.25600,0.45480,0.10780,0.38870,0.16790,0.44860,0.16860,0.40920,0.17380,0.44260,0.18130,0.42600,0.18120,0.35120,0.48300,0.29210,0.40400,0.39280,0.43710,0.33640,0.46090,0.36350,0.45100,0.36020,0.37600,0.26220,0.38320,0.24820,0.33530,0.29040,0.35500,0.26580,0.34240,0.24390,0.36800,0.27250,0.33460,0.13220,0.27630,0.14430,0.25640,0.15280,0.26160,0.15780,0.27900,0.15990,0.25220,0.11570,0.26070
7:40:34,0.28160,0.17710,0.41940,0.16390,0.44600,0.14080,0.39440,0.18260,0.41450,0.19660,0.46100,0.22270,0.23850,0.18690,0.34940,0.32790,0.31930,0.38370,0.34900,0.38960,0.36750,0.46330,0.38140,0.41830,0.19930,0.12300,0.25530,0.30980,0.28240,0.38380,0.25990,0.32290,0.30780,0.38130,0.31220,0.36180,0.15650,0.16910,0.16300,0.25380,0.16940,0.28930,0.17730,0.25550,0.18600,0.30100,0.18520,0.25920,0.46120,0.10830,0.39370,0.16890,0.45430,0.16970,0.41490,0.17510,0.44850,0.18240,0.43160,0.18230,0.35590,0.48980,0.29580,0.40950,0.39800,0.44300,0.34050,0.46710,0.36820,0.45720,0.36480,0.38120,0.26510,0.38820,0.25070,0.33960,0.29400,0.35950,0.26860,0.34690,0.24720,0.37260,0.27540,0.33820,0.13310,0.27980,0.14520,0.25930,0.15390,0.26480,0.15870,0.28230,0.16110,0.25540,0.11640,0.26310
7:50:34,0.28480,0.17840,0.42490,0.16520,0.45250,0.14170,0.39920,0.18370,0.42020,0.19790,0.46640,0.22380,0.24110,0.18830,0.35380,0.33200,0.32340,0.38890,0.35300,0.39450,0.37190,0.46900,0.38590,0.42420,0.20110,0.12330,0.25820,0.31360,0.28560,0.38870,0.26260,0.32680,0.31130,0.38610,0.31510,0.36650,0.15740,0.17020,0.16420,0.25660,0.17050,0.29250,0.17830,0.25810,0.18700,0.30410,0.18630,0.26230,0.46770,0.10850,0.39870,0.17000,0.46040,0.17080,0.42040,0.17630,0.45440,0.18340,0.43710,0.18330,0.36070,0.49660,0.29920,0.41500,0.40340,0.44880,0.34480,0.47350,0.37280,0.46340,0.36940,0.38630,0.26830,0.39320,0.25340,0.34400,0.29730,0.36420,0.27150,0.35140,0.25030,0.37740,0.27860,0.34180,0.13410,0.28330,0.14620,0.26230,0.15500,0.26790,0.15960,0.28570,0.16210,0.25860,0.11720,0.26730
8:00:34,0.28820,0.17940,0.43060,0.16640,0.45800,0.14280,0.40410,0.18520,0.42640,0.19920,0.47210,0.22500,0.24370,0.18970,0.35820,0.33670,0.32790,0.39450,0.35730,0.39950,0.37640,0.47520,0.39060,0.43040,0.20310,0.12460,0.26110,0.31740,0.28890,0.39360,0.26550,0.33080,0.31460,0.39100,0.31870,0.37120,0.15860,0.17130,0.16540,0.25940,0.17160,0.29580,0.17930,0.26100,0.18830,0.30770,0.18750,0.26580,0.47450,0.10930,0.40410,0.17130,0.46620,0.17190,0.42600,0.17770,0.46040,0.18470,0.44310,0.18450,0.36550,0.50350,0.30300,0.42070,0.40860,0.45490,0.34930,0.48000,0.37750,0.46970,0.37420,0.39140,0.27160,0.39830,0.25600,0.34840,0.30100,0.36890,0.27470,0.35610,0.25380,0.38220,0.28160,0.34570,0.13520,0.28690,0.14730,0.26550,0.15600,0.27110,0.16070,0.28920,0.16330,0.26200,0.11810,0.27040
8:10:34,0.29130,0.18050,0.43610,0.16750,0.46370,0.14350,0.40900,0.18650,0.43250,0.20010,0.47760,0.22600,0.24620,0.19090,0.36240,0.34090,0.33210,0.39950,0.36130,0.40430,0.38050,0.48110,0.39480,0.43600,0.20490,0.12540,0.26400,0.32100,0.29210,0.39850,0.26810,0.33440,0.31820,0.39590,0.32210,0.37570,0.15970,0.17260,0.16650,0.26190,0.17250,0.29860,0.18030,0.26340,0.18920,0.31100,0.18870,0.26900,0.48080,0.11000,0.40890,0.17230,0.47180,0.17300,0.43120,0.17900,0.46600,0.18600,0.44860,0.18570,0.37020,0.51010,0.30640,0.42600,0.41390,0.46050,0.35330,0.48600,0.38210,0.47580,0.37840,0.39650,0.27470,0.40330,0.25860,0.35280,0.30420,0.37350,0.27740,0.36070,0.25690,0.38670,0.28450,0.34880,0.13630,0.29040,0.14830,0.26850,0.15710,0.27410,0.16170,0.29250,0.16440,0.26530,0.11910,0.27280
8:20:34,0.29460,0.18170,0.44160,0.16860,0.46960,0.14460,0.41390,0.18740,0.43820,0.20120,0.48320,0.22710,0.24880,0.19220,0.36720,0.34510,0.33650,0.40480,0.36560,0.40910,0.38460,0.48700,0.39920,0.44210,0.20680,0.12650,0.26690,0.32470,0.29530,0.40350,0.27070,0.33810,0.32170,0.40060,0.32530,0.38050,0.16090,0.17380,0.16770,0.26440,0.17390,0.30200,0.18130,0.26600,0.19050,0.31430,0.18990,0.27230,0.48730,0.11090,0.41410,0.17330,0.47710,0.17410,0.43660,0.18030,0.47150,0.18710,0.45410,0.18690,0.37490,0.51660,0.31010,0.43130,0.41870,0.46620,0.35750,0.49200,0.38650,0.48170,0.38300,0.40160,0.27780,0.40850,0.26110,0.35720,0.30760,0.37820,0.28040,0.36510,0.26030,0.39130,0.28750,0.35240,0.13740,0.29380,0.14940,0.27150,0.15820,0.27730,0.16280,0.29570,0.16560,0.26850,0.12020,0.27590
8:30:34,0.29790,0.18260,0.44730,0.16970,0.47530,0.14570,0.41870,0.18860,0.44380,0.20220,0.48890,0.22770,0.25140,0.19350,0.37110,0.34930,0.34090,0.41030,0.36960,0.41390,0.38900,0.49250,0.40360,0.44790,0.20870,0.12710,0.26990,0.32830,0.29850,0.40820,0.27350,0.34180,0.32520,0.40530,0.32860,0.38500,0.16190,0.17500,0.16890,0.26710,0.17510,0.30530,0.18230,0.26870,0.19180,0.31770,0.19120,0.27540,0.49350,0.11150,0.41900,0.17440,0.48310,0.17530,0.44210,0.18120,0.47700,0.18800,0.45960,0.18790,0.37960,0.52330,0.31370,0.43680,0.42380,0.47210,0.36190,0.49810,0.39120,0.48780,0.38750,0.40660,0.28100,0.41350,0.26380,0.36160,0.31100,0.38280,0.28340,0.36980,0.26370,0.39600,0.29050,0.35660,0.13840,0.29740,0.15050,0.27460,0.15930,0.28040,0.16390,0.29910,0.16680,0.27180,0.12140,0.27930
8:40:34,0.30090,0.18360,0.45260,0.17080,0.48080,0.14650,0.42350,0.18980,0.44950,0.20350,0.49410,0.22880,0.25380,0.19480,0.37550,0.35360,0.34530,0.41530,0.37370,0.41860,0.39320,0.49820,0.40780,0.45370,0.21060,0.12780,0.27260,0.33180,0.30180,0.41290,0.27630,0.34540,0.32860,0.41030,0.33200,0.38960,0.16280,0.17610,0.17010,0.26960,0.17620,0.30820,0.18350,0.27130,0.19290,0.32070,0.19220,0.27860,0.49970,0.11210,0.42410,0.17540,0.48860,0.17640,0.44740,0.18240,0.48230,0.18910,0.46500,0.18900,0.38420,0.52980,0.31730,0.44220,0.42880,0.47780,0.36590,0.50420,0.39570,0.49390,0.39200,0.41200,0.28400,0.41840,0.26630,0.36570,0.31440,0.38730,0.28620,0.37400,0.26700,0.40050,0.29340,0.35970,0.13940,0.30070,0.15140,0.27750,0.16020,0.28340,0.16490,0.30240,0.16780,0.27500,0.12250,0.28220
8:50:34,0.30400,0.18470,0.45790,0.17300,0.48630,0.14750,0.42800,0.19060,0.45500,0.20450,0.49960,0.22970,0.25630,0.19590,0.38020,0.35770,0.34930,0.42040,0.37780,0.42320,0.39740,0.50390,0.41190,0.45940,0.21230,0.12820,0.27530,0.33510,0.30460,0.41730,0.27890,0.34900,0.33190,0.41470,0.33500,0.39390,0.16370,0.17710,0.17110,0.27200,0.17720,0.31140,0.18460,0.27370,0.19350,0.32390,0.19320,0.28160,0.50570,0.11240,0.42880,0.17610,0.49410,0.17740,0.45260,0.18340,0.48750,0.19010,0.47040,0.18990,0.38870,0.53600,0.32050,0.44730,0.43390,0.48320,0.37000,0.50990,0.40000,0.49970,0.39620,0.41670,0.28710,0.42330,0.26880,0.36980,0.31770,0.39170,0.28890,0.37830,0.27000,0.40490,0.29630,0.36330,0.14030,0.30390,0.15230,0.28030,0.16100,0.28640,0.16580,0.30540,0.16860,0.27800,0.12310,0.28430
9:00:34,0.30690,0.18540,0.46310,0.17260,0.49170,0.14840,0.43260,0.19180,0.46030,0.20520,0.50480,0.23060,0.25850,0.19710,0.38380,0.36160,0.35340,0.42550,0.38170,0.42780,0.40130,0.50930,0.41600,0.46470,0.21400,0.12860,0.27800,0.33870,0.30760,0.42170,0.28130,0.35240,0.33520,0.41920,0.33830,0.39830,0.16450,0.17800,0.17200,0.27450,0.17820,0.31430,0.18560,0.27640,0.19450,0.32700,0.19420,0.28470,0.51180,0.11270,0.43360,0.17710,0.49950,0.17840,0.45780,0.18450,0.49280,0.19130,0.47580,0.19080,0.39320,0.54220,0.32400,0.45250,0.43880,0.48890,0.37370,0.51570,0.40440,0.50540,0.40040,0.42170,0.29010,0.42820,0.27120,0.37400,0.32110,0.39620,0.29180,0.38240,0.27320,0.40950,0.29910,0.36640,0.14130,0.30730,0.15320,0.28330,0.16190,0.28930,0.16670,0.30850,0.16960,0.28110,0.12410,0.28750
9:10:34,0.31010,0.18620,0.46830,0.17360,0.49740,0.14940,0.43740,0.19290,0.46570,0.20630,0.51010,0.23070,0.26090,0.19820,0.38840,0.36580,0.35770,0.43060,0.38590,0.43250,0.40540,0.51480,0.42000,0.47040,0.21560,0.12900,0.28080,0.34210,0.31070,0.42660,0.28370,0.35600,0.33860,0.42400,0.34120,0.40260,0.16540,0.17900,0.17300,0.27700,0.17890,0.31730,0.18660,0.27880,0.19540,0.33010,0.19510,0.28760,0.51790,0.11290,0.43850,0.17800,0.50500,0.17940,0.46300,0.18570,0.49830,0.19210,0.48090,0.19180,0.39760,0.54880,0.32740,0.45750,0.44370,0.49430,0.37800,0.52170,0.40890,0.51110,0.40480,0.42600,0.29300,0.43310,0.27370,0.37790,0.32430,0.40070,0.29470,0.38670,0.27630,0.41390,0.30210,0.37060,0.14210,0.31050,0.15410,0.28610,0.16280,0.29240,0.16760,0.31170,0.17060,0.28400,0.12480,0.29020
9:20:34,0.31300,0.18690,0.47330,0.17470,0.50240,0.15040,0.44180,0.19420,0.47080,0.20720,0.51500,0.23170,0.26320,0.19930,0.39210,0.37000,0.36180,0.43560,0.38960,0.43710,0.40970,0.52010,0.42400,0.47570,0.21720,0.12950,0.28340,0.34530,0.31360,0.43080,0.28610,0.35970,0.34180,0.42830,0.34400,0.40700,0.16640,0.18010,0.17400,0.27910,0.17980,0.32020,0.18780,0.28110,0.19630,0.33330,0.19600,0.29070,0.52380,0.11320,0.44320,0.17890,0.51010,0.18010,0.46800,0.18670,0.50350,0.19310,0.48580,0.19280,0.40200,0.55490,0.33070,0.46270,0.44870,0.49960,0.38200,0.52730,0.41320,0.51680,0.40920,0.43050,0.29580,0.43780,0.27620,0.38190,0.32750,0.40500,0.29740,0.39090,0.27920,0.41830,0.30530,0.37320,0.14300,0.31380,0.15500,0.28900,0.16370,0.29510,0.16850,0.31470,0.17150,0.28690,0.12570,0.29290
9:30:34,0.31580,0.18770,0.47810,0.17550,0.50770,0.15110,0.44640,0.19480,0.47600,0.20820,0.51990,0.23240,0.26550,0.20070,0.39610,0.37390,0.36550,0.44040,0.39330,0.44170,0.41360,0.52560,0.42790,0.48090,0.21890,0.12990,0.28600,0.34900,0.31650,0.43500,0.28850,0.36310,0.34500,0.43260,0.34710,0.41110,0.16710,0.18100,0.17490,0.28150,0.18070,0.32310,0.18870,0.28360,0.19730,0.33620,0.19690,0.29350,0.52950,0.11360,0.44810,0.18000,0.51540,0.18090,0.47310,0.18770,0.50870,0.19410,0.49060,0.19360,0.40640,0.56080,0.33390,0.46770,0.45340,0.50490,0.38570,0.53280,0.41760,0.52230,0.41320,0.43480,0.29870,0.44250,0.27850,0.38570,0.33080,0.40940,0.29990,0.39520,0.28230,0.42260,0.30790,0.37710,0.14380,0.31690,0.15580,0.29180,0.16460,0.29800,0.16930,0.31770,0.17270,0.28970,0.12650,0.29600
9:40:34,0.31920,0.18870,0.48350,0.17670,0.51360,0.15210,0.45070,0.19610,0.48160,0.20920,0.52560,0.23310,0.26790,0.20180,0.40050,0.37830,0.36990,0.44600,0.39740,0.44630,0.41790,0.53160,0.43220,0.48650,0.22060,0.13080,0.28870,0.35240,0.31970,0.43970,0.29110,0.36690,0.34820,0.43750,0.35000,0.41560,0.16820,0.18220,0.17590,0.28400,0.18180,0.32620,0.18970,0.28620,0.19830,0.33960,0.19800,0.29640,0.53560,0.11420,0.45290,0.18090,0.52100,0.18190,0.47820,0.18870,0.51410,0.19510,0.49590,0.19450,0.41090,0.56690,0.33750,0.47290,0.45830,0.51030,0.38970,0.53860,0.42210,0.52800,0.41750,0.43990,0.30170,0.44730,0.28090,0.38990,0.33410,0.41370,0.30290,0.39940,0.28550,0.42710,0.31060,0.38120,0.14480,0.32020,0.15680,0.29480,0.16540,0.30090,0.17020,0.32080,0.17370,0.29270,0.12760,0.29890
9:50:34,0.32200,0.18960,0.48850,0.17760,0.51880,0.15280,0.45510,0.19680,0.48680,0.21020,0.53050,0.23370,0.27030,0.20300,0.40430,0.38200,0.37390,0.45060,0.40120,0.45070,0.42180,0.53680,0.43620,0.49150,0.22200,0.13130,0.29140,0.35580,0.32270,0.44400,0.29360,0.37030,0.35140,0.44130,0.35270,0.42000,0.16900,0.18310,0.17690,0.28620,0.18280,0.32910,0.19060,0.28880,0.19910,0.34260,0.19870,0.29940,0.54150,0.11460,0.45780,0.18180,0.52640,0.18290,0.48320,0.18980,0.51930,0.19610,0.50100,0.19540,0.41520,0.57300,0.34070,0.47790,0.46320,0.51560,0.39370,0.54410,0.42640,0.53370,0.42180,0.44450,0.30470,0.45190,0.28320,0.39380,0.33750,0.41790,0.30560,0.40370,0.28850,0.43140,0.31330,0.38390,0.14570,0.32340,0.15780,0.29750,0.16630,0.30380,0.17110,0.32360,0.17460,0.29560,0.12840,0.30200
10:00:34,0.32500,0.19030,0.49330,0.17850,0.52410,0.15360,0.45950,0.19800,0.49190,0.21100,0.53490,0.23430,0.27240,0.20390,0.40780,0.38600,0.37780,0.45540,0.40490,0.45520,0.42530,0.54140,0.43990,0.49630,0.22370,0.13200,0.29390,0.35890,0.32540,0.44800,0.29600,0.37370,0.35450,0.44550,0.35590,0.42410,0.16990,0.18410,0.17770,0.28860,0.18380,0.33170,0.19180,0.29120,0.20000,0.34530,0.19980,0.30230,0.54710,0.11510,0.46250,0.18270,0.53160,0.18370,0.48780,0.19080,0.52450,0.19710,0.50590,0.19630,0.41950,0.57860,0.34380,0.48280,0.46780,0.52070,0.39740,0.54940,0.43040,0.53880,0.42560,0.44880,0.30750,0.45650,0.28540,0.39770,0.34040,0.42210,0.30830,0.40770,0.29150,0.43570,0.31590,0.38670,0.14650,0.32650,0.15850,0.30020,0.16710,0.30660,0.17200,0.32630,0.17540,0.29840,0.12930,0.30450

