Corrected [600]
	1	2	3	4	5	6	7	8	9	10	11	12
A	0.28385	0.07481	0.28780	0.07524	0.29107	0.07450	0.32901	0.07545	0.35791	0.07521	0.36166	0.07395	Corrected [600]
B	0.22885	0.32144	0.23358	0.33522	0.24214	0.37735	0.25289	0.35660	0.29374	0.39321	0.28740	0.35647	Corrected [600]
C	0.15820	0.24148	0.15881	0.24805	0.15342	0.25856	0.17960	0.30431	0.19197	0.28369	0.18078	0.26646	Corrected [600]
D	0.07457	0.14761	0.07384	0.16266	0.07506	0.16710	0.07450	0.17879	0.07437	0.17841	0.07417	0.17941	Corrected [600]
E	0.27991	0.07373	0.32916	0.07503	0.33066	0.07476	0.34338	0.07589	0.38852	0.07433	0.40538	0.07695	Corrected [600]
F	0.22780	0.37252	0.26412	0.36979	0.25229	0.36718	0.26287	0.39075	0.28738	0.37007	0.27759	0.36084	Corrected [600]
G	0.14782	0.25991	0.16740	0.26908	0.15824	0.27144	0.16385	0.27760	0.20453	0.27031	0.18000	0.28416	Corrected [600]
H	0.07364	0.15165	0.07494	0.16411	0.07304	0.15864	0.07516	0.17234	0.07626	0.16795	0.07503	0.17629	Corrected [600]

