Corrected [600]
	1	2	3	4	5	6	7	8	9	10	11	12
A	0.34874	0.08073	0.35205	0.07806	0.37112	0.07670	0.38385	0.07728	0.35935	0.07665	0.37534	0.07626	Corrected [600]
B	0.25435	0.39889	0.27187	0.37936	0.26834	0.37199	0.28517	0.39570	0.27021	0.38587	0.29567	0.37079	Corrected [600]
C	0.17223	0.28412	0.18821	0.31384	0.17919	0.31615	0.18362	0.29972	0.19087	0.32127	0.18118	0.29905	Corrected [600]
D	0.07712	0.17721	0.07809	0.18542	0.07764	0.18741	0.07538	0.19299	0.07610	0.19119	0.07487	0.18638	Corrected [600]
E	0.35598	0.07627	0.42095	0.07830	0.43619	0.07897	0.42108	0.07671	0.42837	0.07578	0.40907	0.07607	Corrected [600]
F	0.28853	0.38489	0.30049	0.41680	0.29079	0.42379	0.30866	0.42379	0.31369	0.39889	0.30992	0.36473	Corrected [600]
G	0.17521	0.29014	0.17527	0.30963	0.18139	0.32203	0.18470	0.30265	0.18999	0.30608	0.18746	0.29098	Corrected [600]
H	0.07764	0.18204	0.07734	0.18040	0.07649	0.18529	0.07695	0.18879	0.07543	0.18999	0.07714	0.18119	Corrected [600]

