Corrected [600]
	1	2	3	4	5	6	7	8	9	10	11	12
A	0.25251	0.07587	0.23923	0.07494	0.25976	0.07502	0.22529	0.07481	0.19613	0.07608	0.22373	0.07627	Corrected [600]
B	0.22495	0.28518	0.21138	0.26740	0.20342	0.25824	0.18425	0.26385	0.16968	0.23778	0.19996	0.23771	Corrected [600]
C	0.14904	0.22510	0.14755	0.20813	0.13759	0.26100	0.13899	0.20950	0.12140	0.20557	0.12392	0.18765	Corrected [600]
D	0.07733	0.14895	0.07314	0.14044	0.07442	0.13976	0.07542	0.13876	0.07467	0.13054	0.07373	0.13529	Corrected [600]
E	0.27799	0.07328	0.27010	0.07568	0.31121	0.07478	0.28644	0.07435	0.26762	0.07502	0.25633	0.07537	Corrected [600]
F	0.21458	0.29400	0.21364	0.29495	0.22113	0.28040	0.23808	0.27381	0.20405	0.27010	0.20228	0.25677	Corrected [600]
G	0.13675	0.23043	0.17620	0.21467	0.14581	0.22685	0.15231	0.21544	0.14752	0.21465	0.13663	0.19804	Corrected [600]
H	0.07475	0.14419	0.07442	0.20198	0.07831	0.14538	0.07455	0.13543	0.07638	0.13928	0.07566	0.13672	Corrected [600]

