Corrected [600]
	1	2	3	4	5	6	7	8	9	10	11	12
A	0.28044	0.08376	0.18198	0.07185	0.24912	0.07122	0.24881	0.09473	0.24250	0.07085	0.21238	0.09594	Corrected [600]
B	0.21405	0.29357	0.18428	0.24215	0.23880	0.25188	0.23875	0.28361	0.21816	0.30711	0.18215	0.23080	Corrected [600]
C	0.14638	0.23178	0.13856	0.20312	0.17528	0.22812	0.16676	0.23931	0.16472	0.28009	0.13255	0.17981	Corrected [600]
D	0.07245	0.16407	0.07156	0.14177	0.07133	0.16437	0.07093	0.15913	0.07100	0.16409	0.07075	0.12996	Corrected [600]
E	0.26504	0.07108	0.33531	0.07263	0.26521	0.06996	0.32254	0.07148	0.26081	0.07189	0.24254	0.07053	Corrected [600]
F	0.19794	0.32701	0.23436	0.25916	0.19527	0.28716	0.22788	0.33560	0.19258	0.32484	0.17138	0.29172	Corrected [600]
G	0.13254	0.22253	0.15609	0.21193	0.13467	0.22080	0.15130	0.27062	0.15048	0.25192	0.13352	0.20819	Corrected [600]
H	0.07211	0.14955	0.07163	0.12926	0.07115	0.13081	0.07299	0.15380	0.08616	0.15152	0.07115	0.21678	Corrected [600]

