420

Time,A1,A2,A3,A4,A5,A6,A7,A8,A9,A10,A11,A12,B1,B2,B3,B4,B5,B6,B7,B8,B9,B10,B11,B12,C1,C2,C3,C4,C5,C6,C7,C8,C9,C10,C11,C12,D1,D2,D3,D4,D5,D6,D7,D8,D9,D10,D11,D12,E1,E2,E3,E4,E5,E6,E7,E8,E9,E10,E11,E12,F1,F2,F3,F4,F5,F6,F7,F8,F9,F10,F11,F12,G1,G2,G3,G4,G5,G6,G7,G8,G9,G10,G11,G12,H1,H2,H3,H4,H5,H6,H7,H8,H9,H10,H11,H12
0:00:09,0.25350,0.07890,0.19890,0.07670,0.07880,0.07700,0.10660,0.07780,0.10090,0.07660,0.14330,0.07730,0.19340,0.26170,0.15250,0.07890,0.07790,0.22240,0.10170,0.09160,0.09520,0.16780,0.12550,0.10410,0.14480,0.20810,0.12750,0.07810,0.07720,0.19320,0.09120,0.08610,0.08770,0.14460,0.11100,0.10160,0.07580,0.14720,0.07580,0.07740,0.07670,0.14510,0.07610,0.08240,0.07620,0.12480,0.07680,0.09450,0.07780,0.07820,0.17860,0.07770,0.07870,0.07920,0.07810,0.07750,0.16480,0.07710,0.12350,0.07740,0.07740,0.08250,0.14910,0.23520,0.07850,0.17630,0.07730,0.22580,0.14530,0.15740,0.10450,0.07890,0.07640,0.08070,0.12360,0.22340,0.07830,0.15070,0.07770,0.17600,0.12740,0.14000,0.09910,0.07810,0.07670,0.07960,0.07900,0.15800,0.07640,0.12520,0.07840,0.14490,0.07630,0.11310,0.07710,0.07770
0:01:49,0.31410,0.07870,0.23840,0.07640,0.07880,0.07660,0.12320,0.07740,0.11460,0.07630,0.19410,0.07720,0.23970,0.32760,0.18210,0.07860,0.07770,0.29590,0.11340,0.09910,0.10590,0.22730,0.15940,0.13000,0.16790,0.25230,0.14340,0.07790,0.07710,0.24520,0.09720,0.09090,0.09280,0.19230,0.12990,0.12000,0.07550,0.16940,0.07550,0.07710,0.07640,0.17410,0.07580,0.08520,0.07600,0.14930,0.07660,0.10550,0.07760,0.07790,0.21900,0.07750,0.07870,0.07890,0.07800,0.07740,0.21700,0.07670,0.14970,0.07740,0.07710,0.08330,0.17740,0.30650,0.07840,0.22750,0.07710,0.28950,0.18330,0.19050,0.12360,0.07840,0.07620,0.08110,0.13910,0.27580,0.07820,0.18560,0.07750,0.22960,0.14650,0.17290,0.10870,0.07780,0.07630,0.07970,0.07870,0.18530,0.07620,0.14410,0.07820,0.17440,0.07610,0.13060,0.07680,0.07740
0:03:29,0.37660,0.07860,0.28050,0.07620,0.07910,0.07670,0.14050,0.07730,0.13020,0.07630,0.24770,0.07700,0.28540,0.39900,0.21540,0.07850,0.07780,0.37070,0.12540,0.10720,0.11720,0.28740,0.19500,0.16020,0.19120,0.29960,0.16080,0.07800,0.07720,0.30080,0.10340,0.09640,0.09870,0.24380,0.14910,0.14120,0.07550,0.19600,0.07550,0.07710,0.07660,0.20350,0.07580,0.08850,0.07590,0.17490,0.07650,0.11640,0.07760,0.07780,0.26060,0.07730,0.07890,0.07880,0.07790,0.07730,0.27250,0.07670,0.17930,0.07720,0.07700,0.08420,0.20670,0.38200,0.07860,0.28200,0.07700,0.36000,0.22400,0.23450,0.14170,0.07840,0.07610,0.08190,0.15610,0.32870,0.07830,0.22180,0.07750,0.28510,0.16660,0.20610,0.12000,0.07770,0.07630,0.07990,0.07860,0.21380,0.07620,0.16390,0.07820,0.20450,0.07590,0.14940,0.07680,0.07730
0:05:09,0.44100,0.07860,0.32470,0.07610,0.07930,0.07650,0.15820,0.07720,0.14780,0.07620,0.29820,0.07690,0.33190,0.47000,0.24980,0.07860,0.07790,0.44440,0.13720,0.11550,0.12810,0.34490,0.23250,0.19470,0.21510,0.34730,0.17870,0.07800,0.07720,0.35340,0.11010,0.10240,0.10460,0.29280,0.17040,0.16330,0.07540,0.22280,0.07550,0.07710,0.07640,0.23390,0.07570,0.09150,0.07590,0.20300,0.07650,0.12860,0.07750,0.07780,0.30290,0.07730,0.07920,0.07870,0.07790,0.07710,0.32820,0.07650,0.21040,0.07700,0.07690,0.08510,0.23630,0.45530,0.07880,0.33250,0.07690,0.43560,0.26500,0.28530,0.16230,0.07840,0.07600,0.08250,0.17340,0.37960,0.07830,0.25990,0.07740,0.34580,0.18980,0.24190,0.13200,0.07750,0.07630,0.08010,0.07850,0.24210,0.07610,0.18550,0.07810,0.23460,0.07590,0.16900,0.07660,0.07720
0:06:49,0.50660,0.07840,0.37090,0.07600,0.07950,0.07640,0.17660,0.07700,0.16470,0.07610,0.34640,0.07680,0.37880,0.53640,0.28420,0.07860,0.07800,0.51490,0.14960,0.12420,0.13950,0.40470,0.27210,0.23000,0.24030,0.39570,0.19750,0.07790,0.07720,0.40540,0.11730,0.10880,0.11100,0.34190,0.19150,0.18510,0.07530,0.24900,0.07540,0.07700,0.07630,0.26490,0.07560,0.09480,0.07570,0.23240,0.07630,0.14100,0.07740,0.07760,0.34520,0.07710,0.07940,0.07860,0.07790,0.07700,0.38060,0.07650,0.24290,0.07690,0.07680,0.08590,0.26650,0.52480,0.07890,0.38010,0.07690,0.51170,0.30540,0.33380,0.18600,0.07820,0.07590,0.08320,0.19080,0.42850,0.07830,0.29930,0.07720,0.40340,0.21430,0.27870,0.14420,0.07750,0.07620,0.08040,0.07840,0.27000,0.07610,0.20690,0.07790,0.26500,0.07580,0.19010,0.07650,0.07700
0:08:29,0.56910,0.07830,0.41730,0.07580,0.07990,0.07640,0.19540,0.07700,0.18260,0.07600,0.39620,0.07670,0.42390,0.59840,0.31740,0.07870,0.07810,0.58170,0.16290,0.13340,0.15190,0.46690,0.31030,0.26410,0.26590,0.44350,0.21580,0.07790,0.07730,0.45740,0.12490,0.11540,0.11770,0.38810,0.21400,0.20550,0.07530,0.27590,0.07540,0.07700,0.07620,0.29690,0.07560,0.09820,0.07570,0.26250,0.07620,0.15370,0.07730,0.07760,0.38710,0.07710,0.07990,0.07850,0.07800,0.07690,0.43350,0.07640,0.27640,0.07690,0.07680,0.08710,0.29800,0.59200,0.07910,0.42860,0.07690,0.58330,0.34710,0.38150,0.20770,0.07830,0.07580,0.08410,0.20820,0.47770,0.07840,0.33870,0.07730,0.45570,0.23940,0.31470,0.15670,0.07750,0.07610,0.08080,0.07840,0.29840,0.07600,0.22920,0.07790,0.29600,0.07580,0.21120,0.07640,0.07690
0:10:09,0.62850,0.07820,0.46040,0.07580,0.08010,0.07640,0.21460,0.07680,0.20050,0.07600,0.44770,0.07660,0.46870,0.65810,0.34970,0.07870,0.07830,0.64650,0.17620,0.14290,0.16420,0.53060,0.34930,0.29720,0.29140,0.49000,0.23430,0.07790,0.07740,0.50780,0.13290,0.12200,0.12450,0.43470,0.23750,0.22690,0.07530,0.30430,0.07540,0.07700,0.07610,0.33060,0.07560,0.10160,0.07560,0.29330,0.07630,0.16670,0.07730,0.07760,0.42910,0.07700,0.08020,0.07840,0.07800,0.07690,0.48640,0.07640,0.31080,0.07680,0.07670,0.08840,0.33010,0.65680,0.07920,0.47670,0.07700,0.65040,0.38820,0.42970,0.22980,0.07840,0.07580,0.08480,0.22630,0.52650,0.07850,0.37860,0.07730,0.50690,0.26560,0.35030,0.16940,0.07740,0.07610,0.08110,0.07830,0.32780,0.07590,0.25140,0.07790,0.32710,0.07570,0.23270,0.07640,0.07690
0:11:49,0.68450,0.07820,0.50270,0.07570,0.08020,0.07630,0.23410,0.07680,0.21950,0.07600,0.49880,0.07660,0.51290,0.71470,0.38280,0.07880,0.07840,0.70790,0.19020,0.15270,0.17700,0.59280,0.38810,0.33030,0.31680,0.53520,0.25320,0.07790,0.07740,0.55920,0.14120,0.12850,0.13120,0.48260,0.26220,0.24950,0.07530,0.33340,0.07530,0.07690,0.07610,0.36370,0.07550,0.10520,0.07560,0.32320,0.07610,0.18010,0.07720,0.07750,0.47080,0.07700,0.08060,0.07840,0.07790,0.07680,0.53980,0.07630,0.34680,0.07660,0.07670,0.08960,0.36240,0.71740,0.07940,0.52440,0.07690,0.71260,0.42930,0.47810,0.25280,0.07840,0.07570,0.08580,0.24440,0.57430,0.07850,0.41660,0.07720,0.55750,0.29140,0.38690,0.18270,0.07740,0.07600,0.08140,0.07820,0.35690,0.07590,0.27290,0.07790,0.35880,0.07560,0.25370,0.07630,0.07680
0:13:29,0.73680,0.07810,0.54450,0.07570,0.08060,0.07620,0.25390,0.07670,0.23910,0.07590,0.54800,0.07660,0.55570,0.76670,0.41580,0.07890,0.07860,0.76720,0.20450,0.16290,0.19000,0.65370,0.42620,0.36450,0.34220,0.58110,0.27270,0.07790,0.07750,0.61010,0.14940,0.13540,0.13830,0.53070,0.28740,0.27450,0.07530,0.36250,0.07530,0.07700,0.07610,0.39700,0.07550,0.10880,0.07560,0.35290,0.07610,0.19350,0.07720,0.07750,0.51190,0.07690,0.08100,0.07830,0.07790,0.07670,0.59160,0.07630,0.38350,0.07670,0.07670,0.09100,0.39400,0.77290,0.07970,0.57030,0.07690,0.77080,0.47040,0.52670,0.27570,0.07840,0.07570,0.08690,0.26240,0.62090,0.07870,0.45370,0.07720,0.60780,0.31700,0.42350,0.19640,0.07740,0.07600,0.08180,0.07820,0.38500,0.07590,0.29470,0.07780,0.39040,0.07560,0.27450,0.07630,0.07680
0:15:09,0.78480,0.07810,0.58600,0.07560,0.08090,0.07620,0.27340,0.07660,0.25850,0.07580,0.59530,0.07650,0.59650,0.81460,0.44850,0.07900,0.07880,0.82160,0.21920,0.17300,0.20280,0.71110,0.46420,0.39910,0.36660,0.62460,0.29230,0.07790,0.07760,0.66020,0.15760,0.14240,0.14570,0.57740,0.31220,0.30000,0.07520,0.39060,0.07520,0.07700,0.07600,0.43040,0.07540,0.11240,0.07550,0.38240,0.07610,0.20710,0.07710,0.07730,0.55270,0.07680,0.08130,0.07820,0.07790,0.07670,0.64110,0.07610,0.41760,0.07660,0.07660,0.09220,0.42460,0.82180,0.07990,0.61400,0.07680,0.82540,0.51100,0.57520,0.29890,0.07830,0.07560,0.08770,0.28080,0.66600,0.07870,0.49030,0.07710,0.65520,0.34210,0.45990,0.21020,0.07740,0.07650,0.08210,0.07810,0.41260,0.07570,0.31700,0.07770,0.42140,0.07550,0.29570,0.07620,0.07670
0:16:49,0.83050,0.07810,0.62560,0.07560,0.08110,0.07630,0.29290,0.07670,0.27830,0.07580,0.64190,0.07650,0.63570,0.86020,0.48070,0.07920,0.07900,0.87050,0.23380,0.18310,0.21610,0.76460,0.50060,0.43360,0.39090,0.66790,0.31200,0.07810,0.07770,0.70760,0.16580,0.14980,0.15320,0.62340,0.33690,0.32550,0.07520,0.41800,0.07530,0.07700,0.07600,0.46380,0.07540,0.11620,0.07550,0.41280,0.07610,0.22090,0.07710,0.07730,0.59190,0.07670,0.08180,0.07820,0.07800,0.07670,0.68890,0.07620,0.45190,0.07650,0.07660,0.09350,0.45460,0.86530,0.08030,0.65750,0.07690,0.87520,0.55110,0.62240,0.32180,0.07840,0.07560,0.08870,0.29910,0.70950,0.07890,0.52580,0.07720,0.70040,0.36690,0.49570,0.22390,0.07750,0.07770,0.08260,0.07810,0.44070,0.07580,0.33920,0.07770,0.45220,0.07550,0.31780,0.07630,0.07680
0:18:29,0.87340,0.07800,0.66280,0.07550,0.08150,0.07620,0.31230,0.07660,0.29770,0.07580,0.68570,0.07650,0.67350,0.90140,0.51280,0.07930,0.07930,0.91300,0.24810,0.19320,0.22940,0.81320,0.53650,0.46780,0.41470,0.70780,0.33130,0.07830,0.07780,0.75140,0.17400,0.15720,0.16080,0.66850,0.36170,0.35140,0.07520,0.44600,0.07520,0.07710,0.07600,0.49590,0.07540,0.11980,0.07540,0.44270,0.07600,0.23440,0.07720,0.07740,0.62980,0.07680,0.08220,0.07820,0.07800,0.07670,0.73450,0.07610,0.48630,0.07660,0.07660,0.09490,0.48360,0.90460,0.08060,0.69950,0.07690,0.91920,0.59070,0.66630,0.34510,0.07830,0.07570,0.08960,0.31720,0.75000,0.07910,0.55980,0.07720,0.74270,0.39140,0.53120,0.23770,0.07750,0.07910,0.08300,0.07800,0.46940,0.07590,0.36080,0.07770,0.48240,0.07550,0.34020,0.07620,0.07670
0:20:09,0.91210,0.07800,0.69860,0.07550,0.08180,0.07620,0.33160,0.07650,0.31680,0.07580,0.72770,0.07650,0.70910,0.93780,0.54360,0.07940,0.07940,0.95060,0.26220,0.20330,0.24310,0.85600,0.57120,0.50160,0.43810,0.74510,0.35050,0.07830,0.07780,0.79170,0.18220,0.16450,0.16820,0.71140,0.38630,0.37710,0.07510,0.47260,0.07520,0.07710,0.07590,0.52780,0.07540,0.12350,0.07540,0.47190,0.07590,0.24770,0.07720,0.07730,0.66570,0.07670,0.08270,0.07800,0.07810,0.07660,0.77710,0.07610,0.51980,0.07650,0.07660,0.09620,0.51220,0.93930,0.08090,0.74040,0.07690,0.95680,0.62920,0.71040,0.36860,0.07840,0.07560,0.09050,0.33500,0.78830,0.07910,0.59220,0.07720,0.78210,0.41590,0.56560,0.25170,0.07750,0.08010,0.08340,0.07790,0.49800,0.07600,0.38200,0.07760,0.51200,0.07550,0.36220,0.07620,0.07670
0:21:49,0.94470,0.07810,0.73260,0.07550,0.08220,0.07620,0.35090,0.07660,0.33680,0.07590,0.76710,0.07670,0.74350,0.96910,0.57330,0.07970,0.07970,0.98240,0.27630,0.21350,0.25720,0.89400,0.60480,0.53500,0.46090,0.78010,0.36980,0.07850,0.07800,0.82950,0.19060,0.17180,0.17530,0.75070,0.41010,0.40280,0.07520,0.49840,0.07530,0.07710,0.07600,0.55980,0.07540,0.12740,0.07550,0.50020,0.07610,0.26110,0.07720,0.07740,0.69960,0.07680,0.08320,0.07810,0.07810,0.07670,0.81680,0.07620,0.55180,0.07660,0.07660,0.09760,0.54060,0.96970,0.08130,0.77850,0.07700,0.98930,0.66650,0.75290,0.39240,0.07850,0.07570,0.09150,0.35280,0.82410,0.07930,0.62340,0.07730,0.81850,0.43980,0.59960,0.26550,0.07750,0.08110,0.08390,0.07800,0.52610,0.07690,0.40350,0.07760,0.54020,0.07550,0.38400,0.07620,0.07670
0:23:29,0.97420,0.07810,0.76610,0.07560,0.08250,0.07620,0.37000,0.07660,0.35630,0.07580,0.80430,0.07680,0.77670,0.99560,0.60190,0.07980,0.07990,1.00970,0.29020,0.22360,0.27150,0.92770,0.63700,0.56760,0.48320,0.81300,0.38860,0.07860,0.07820,0.86510,0.19890,0.17900,0.18250,0.78790,0.43390,0.42800,0.07530,0.52340,0.07530,0.07720,0.07600,0.59030,0.07540,0.13110,0.07550,0.52760,0.07620,0.27470,0.07740,0.07750,0.73210,0.07680,0.08360,0.07800,0.07830,0.07670,0.85260,0.07630,0.58230,0.07650,0.07660,0.09890,0.56830,0.99660,0.08160,0.81490,0.07710,1.01680,0.70240,0.79330,0.41630,0.07860,0.07560,0.09250,0.37030,0.85740,0.07960,0.65370,0.07740,0.85230,0.46310,0.63300,0.27910,0.07760,0.08160,0.08430,0.07800,0.55300,0.07720,0.42430,0.07770,0.56810,0.07560,0.40560,0.07630,0.07680
0:25:09,1.00020,0.07810,0.79700,0.07550,0.08280,0.07620,0.38880,0.07660,0.37550,0.07590,0.83810,0.07690,0.80800,1.01830,0.63010,0.08010,0.08020,1.03360,0.30390,0.23350,0.28530,0.95540,0.66790,0.59780,0.50550,0.84420,0.40690,0.07880,0.07840,0.89630,0.20700,0.18610,0.18990,0.82110,0.45690,0.45230,0.07540,0.54760,0.07530,0.07730,0.07600,0.62050,0.07540,0.13480,0.07560,0.55320,0.07630,0.28800,0.07730,0.07740,0.76240,0.07670,0.08400,0.07800,0.07830,0.07670,0.88610,0.07640,0.61250,0.07640,0.07660,0.10020,0.59540,1.01870,0.08190,0.84850,0.07720,1.03950,0.73580,0.82940,0.44000,0.07860,0.07560,0.09350,0.38760,0.88720,0.07980,0.68250,0.07740,0.88340,0.48580,0.66550,0.29260,0.07750,0.08170,0.08480,0.07800,0.57910,0.07730,0.44480,0.07760,0.59430,0.07550,0.42710,0.07620,0.07680
0:26:49,1.02170,0.07810,0.82540,0.07550,0.08330,0.07630,0.40730,0.07670,0.39350,0.07590,0.86930,0.07700,0.83710,1.03690,0.65730,0.08030,0.08050,1.05220,0.31750,0.24350,0.29920,0.97980,0.69770,0.62660,0.52750,0.87200,0.42490,0.07900,0.07840,0.92460,0.21510,0.19320,0.19730,0.85230,0.47930,0.47580,0.07540,0.57160,0.07540,0.07740,0.07600,0.64880,0.07540,0.13860,0.07570,0.57790,0.07650,0.30130,0.07730,0.07750,0.79240,0.07670,0.08450,0.07800,0.07850,0.07680,0.91560,0.07650,0.64070,0.07650,0.07660,0.10150,0.62200,1.03730,0.08230,0.87900,0.07730,1.05740,0.76710,0.86060,0.46310,0.07860,0.07550,0.09460,0.40470,0.91420,0.07990,0.71040,0.07750,0.91130,0.50830,0.69740,0.30590,0.07760,0.08160,0.08510,0.07790,0.60430,0.07740,0.46510,0.07750,0.62010,0.07550,0.44780,0.07620,0.07680
0:28:29,1.04020,0.07820,0.85180,0.07550,0.08370,0.07630,0.42580,0.07690,0.41060,0.07610,0.89780,0.07740,0.86460,1.05160,0.68330,0.08050,0.08080,1.06750,0.33090,0.25360,0.31280,1.00170,0.72670,0.65480,0.54920,0.89880,0.44290,0.07930,0.07870,0.95090,0.22340,0.20050,0.20450,0.88020,0.50160,0.49940,0.07550,0.59450,0.07550,0.07760,0.07610,0.67720,0.07550,0.14260,0.07570,0.60250,0.07700,0.31490,0.07750,0.07760,0.82010,0.07690,0.08510,0.07800,0.07880,0.07690,0.94180,0.07670,0.66890,0.07650,0.07670,0.10300,0.64790,1.05210,0.08270,0.90520,0.07750,1.07230,0.79680,0.88730,0.48570,0.07870,0.07560,0.09560,0.42200,0.93870,0.08020,0.73720,0.07760,0.93650,0.53040,0.72770,0.31920,0.07760,0.08140,0.08570,0.07790,0.62920,0.07720,0.48450,0.07760,0.64490,0.07570,0.46780,0.07630,0.07670
0:30:09,1.05640,0.07820,0.87600,0.07550,0.08410,0.07630,0.44470,0.07700,0.42730,0.07620,0.92280,0.07770,0.89040,1.06250,0.70810,0.08080,0.08120,1.07930,0.34310,0.26360,0.32620,1.01930,0.75370,0.68180,0.57090,0.92150,0.46080,0.07950,0.07890,0.97290,0.23170,0.20770,0.21170,0.90590,0.52340,0.52210,0.07570,0.61740,0.07570,0.07770,0.07630,0.70310,0.07560,0.14670,0.07590,0.62620,0.07760,0.32830,0.07750,0.07760,0.84650,0.07690,0.08560,0.07800,0.07900,0.07710,0.96520,0.07700,0.69540,0.07650,0.07670,0.10440,0.67340,1.06410,0.08320,0.92930,0.07760,1.08350,0.82340,0.91180,0.50780,0.07870,0.07560,0.09670,0.43880,0.96040,0.08050,0.76280,0.07770,0.95990,0.55180,0.75590,0.33230,0.07770,0.08120,0.08610,0.07790,0.65290,0.07790,0.50410,0.07760,0.66840,0.07570,0.48730,0.07620,0.07670
0:31:48,1.06980,0.07830,0.89920,0.07560,0.08450,0.07650,0.46290,0.07710,0.44420,0.07630,0.94570,0.07840,0.91300,1.07230,0.73240,0.08120,0.08160,1.08850,0.35630,0.27370,0.33970,1.03600,0.77980,0.70780,0.59210,0.94410,0.47780,0.07980,0.07920,0.99410,0.24000,0.21490,0.21880,0.92970,0.54470,0.54370,0.07590,0.63970,0.07580,0.07790,0.07650,0.72930,0.07570,0.15090,0.07610,0.64930,0.07840,0.34180,0.07760,0.07780,0.87100,0.07710,0.08630,0.07800,0.07940,0.07740,0.98590,0.07750,0.72120,0.07650,0.07680,0.10590,0.69770,1.07410,0.08370,0.95110,0.07780,1.09190,0.84850,0.93610,0.52960,0.07880,0.07560,0.09780,0.45550,0.98030,0.08090,0.78750,0.07800,0.98040,0.57280,0.78240,0.34530,0.07780,0.08120,0.08660,0.07790,0.67590,0.07810,0.52330,0.07760,0.69150,0.07580,0.50660,0.07630,0.07670
0:33:29,1.07900,0.07840,0.91960,0.07550,0.08500,0.07660,0.48070,0.07730,0.46130,0.07650,0.96590,0.07920,0.93300,1.07950,0.75500,0.08150,0.08210,1.09470,0.36970,0.28360,0.35280,1.04800,0.80500,0.73200,0.61320,0.96340,0.49550,0.08010,0.07950,1.00980,0.24820,0.22220,0.22590,0.95100,0.56500,0.56530,0.07610,0.66150,0.07600,0.07800,0.07670,0.75440,0.07580,0.15510,0.07640,0.67190,0.07930,0.35530,0.07770,0.07790,0.89340,0.07720,0.08690,0.07790,0.07970,0.07750,1.00390,0.07800,0.74600,0.07650,0.07670,0.10740,0.72090,1.08100,0.08430,0.97100,0.07800,1.09800,0.87160,0.95890,0.55090,0.07880,0.07570,0.09900,0.47120,0.99780,0.08130,0.81110,0.07810,0.99870,0.59330,0.80710,0.35830,0.07770,0.08140,0.08700,0.07790,0.69800,0.07800,0.54230,0.07770,0.71410,0.07590,0.52560,0.07630,0.07670
0:35:09,1.08710,0.07850,0.93850,0.07550,0.08550,0.07660,0.49880,0.07770,0.47860,0.07700,0.98480,0.08030,0.95130,1.08510,0.77670,0.08190,0.08270,1.10030,0.38340,0.29390,0.36640,1.05820,0.82860,0.75650,0.63280,0.98050,0.51230,0.08050,0.07990,1.02530,0.25670,0.22970,0.23330,0.96900,0.58650,0.58630,0.07640,0.68270,0.07630,0.07830,0.07700,0.77710,0.07600,0.15960,0.07680,0.69340,0.08060,0.36890,0.07790,0.07810,0.91380,0.07750,0.08770,0.07800,0.08030,0.07810,1.02000,0.07890,0.77000,0.07650,0.07680,0.10880,0.74310,1.08580,0.08500,0.98790,0.07830,1.10170,0.89300,0.97890,0.57170,0.07910,0.07570,0.10000,0.48700,1.01320,0.08180,0.83290,0.07840,1.01460,0.61320,0.83040,0.37110,0.07790,0.08160,0.08740,0.07790,0.71960,0.07810,0.56070,0.07760,0.73490,0.07610,0.54420,0.07640,0.07670
0:36:49,1.09150,0.07870,0.95530,0.07560,0.08610,0.07680,0.51610,0.07820,0.49510,0.07740,1.00050,0.08140,0.96720,1.08880,0.79680,0.08240,0.08320,1.10370,0.39630,0.30390,0.37940,1.06620,0.85080,0.78000,0.65220,0.99490,0.52900,0.08100,0.08040,1.03770,0.26510,0.23700,0.24090,0.98730,0.60730,0.60680,0.07670,0.70310,0.07660,0.07860,0.07740,0.80070,0.07630,0.16410,0.07740,0.71500,0.08190,0.38240,0.07790,0.07830,0.93220,0.07770,0.08850,0.07800,0.08080,0.07850,1.03210,0.07960,0.79200,0.07650,0.07690,0.11040,0.76380,1.08980,0.08580,1.00340,0.07860,1.10460,0.91290,0.99730,0.59240,0.07900,0.07570,0.10110,0.50220,1.02620,0.08230,0.85400,0.07860,1.02900,0.63270,0.85260,0.38400,0.07790,0.08170,0.08790,0.07790,0.74010,0.07810,0.57870,0.07760,0.75540,0.07630,0.56280,0.07630,0.07670
0:38:29,1.09440,0.07870,0.97100,0.07550,0.08670,0.07700,0.53290,0.07860,0.51140,0.07800,1.01450,0.08250,0.98130,1.09080,0.81650,0.08290,0.08390,1.10500,0.40900,0.31420,0.39240,1.07230,0.87150,0.80230,0.67110,1.00830,0.54540,0.08150,0.08090,1.04720,0.27350,0.24440,0.24840,1.00190,0.62710,0.62690,0.07700,0.72270,0.07700,0.07900,0.07790,0.82230,0.07660,0.16870,0.07800,0.73510,0.08310,0.39570,0.07800,0.07850,0.94900,0.07790,0.08940,0.07800,0.08130,0.07900,1.04390,0.08050,0.81270,0.07650,0.07690,0.11190,0.78300,1.09210,0.08650,1.01670,0.07900,1.10530,0.93150,1.01290,0.61260,0.07920,0.07580,0.10230,0.51720,1.03710,0.08280,0.87320,0.07900,1.04110,0.65160,0.87320,0.39680,0.07790,0.08160,0.08840,0.07790,0.76010,0.07810,0.59600,0.07760,0.77500,0.07650,0.58080,0.07640,0.07670
0:40:09,1.09600,0.07880,0.98420,0.07550,0.08730,0.07720,0.54920,0.07920,0.52780,0.07870,1.02570,0.08360,0.99340,1.09160,0.83510,0.08340,0.08460,1.10540,0.42170,0.32430,0.40550,1.07630,0.89200,0.82360,0.68950,1.01910,0.56180,0.08210,0.08140,1.05500,0.28200,0.25190,0.25620,1.01520,0.64610,0.64660,0.07740,0.74160,0.07740,0.07940,0.07850,0.84260,0.07690,0.17340,0.07880,0.75500,0.08450,0.40870,0.07800,0.07870,0.96330,0.07820,0.09030,0.07790,0.08200,0.07970,1.05300,0.08150,0.83330,0.07640,0.07700,0.11340,0.80170,1.09260,0.08740,1.02830,0.07930,1.10550,0.94830,1.02620,0.63270,0.07930,0.07570,0.10360,0.53210,1.04530,0.08350,0.89050,0.07930,1.05040,0.67000,0.89240,0.40960,0.07790,0.08150,0.08880,0.07780,0.77890,0.07800,0.61300,0.07750,0.79370,0.07680,0.59870,0.07640,0.07660
0:41:49,1.09640,0.07900,0.99680,0.07560,0.08810,0.07750,0.56590,0.08000,0.54410,0.07960,1.03500,0.08470,1.00360,1.09170,0.85280,0.08410,0.08540,1.10580,0.43450,0.33450,0.41870,1.07950,0.90910,0.84410,0.70630,1.02950,0.57780,0.08280,0.08220,1.06110,0.29070,0.25940,0.26410,1.02670,0.66500,0.66560,0.07780,0.76000,0.07790,0.08000,0.07920,0.86220,0.07740,0.17820,0.07960,0.77370,0.08590,0.42170,0.07830,0.07900,0.97680,0.07870,0.09130,0.07800,0.08270,0.08050,1.06200,0.08270,0.85220,0.07650,0.07700,0.11510,0.81870,1.09300,0.08830,1.03740,0.07970,1.10540,0.96400,1.03810,0.65190,0.07950,0.07580,0.10470,0.54680,1.05280,0.08410,0.90660,0.07980,1.05850,0.68790,0.91050,0.42220,0.07810,0.08150,0.08930,0.07780,0.79710,0.07780,0.62970,0.07770,0.81180,0.07710,0.61640,0.07650,0.07670
0:43:29,1.09730,0.07930,1.00730,0.07570,0.08890,0.07790,0.58190,0.08070,0.55960,0.08040,1.04270,0.08580,1.01340,1.09090,0.86920,0.08480,0.08640,1.10490,0.44680,0.34460,0.43150,1.08180,0.92610,0.86400,0.72320,1.03820,0.59350,0.08370,0.08300,1.06630,0.29920,0.26690,0.27180,1.03740,0.68320,0.68400,0.07840,0.77780,0.07850,0.08050,0.08000,0.88120,0.07800,0.18300,0.08060,0.79250,0.08710,0.43450,0.07850,0.07950,0.98780,0.07920,0.09230,0.07810,0.08350,0.08130,1.06910,0.08370,0.86940,0.07650,0.07710,0.11680,0.83520,1.09180,0.08920,1.04550,0.08010,1.10480,0.97780,1.04800,0.67080,0.07970,0.07590,0.10600,0.56090,1.05850,0.08480,0.92180,0.08010,1.06460,0.70530,0.92720,0.43480,0.07810,0.08130,0.08980,0.07780,0.81420,0.07790,0.64570,0.07770,0.82880,0.07760,0.63350,0.07670,0.07670
0:45:09,1.09660,0.07950,1.01670,0.07570,0.08960,0.07820,0.59750,0.08140,0.57530,0.08110,1.04850,0.08680,1.02120,1.08970,0.88470,0.08550,0.08710,1.10300,0.45880,0.35420,0.44340,1.08320,0.94070,0.88170,0.73950,1.04520,0.60880,0.08440,0.08370,1.07010,0.30750,0.27450,0.27950,1.04500,0.70060,0.70120,0.07880,0.79470,0.07890,0.08100,0.08070,0.89840,0.07850,0.18760,0.08130,0.80920,0.08820,0.44710,0.07860,0.07970,0.99860,0.07950,0.09330,0.07810,0.08410,0.08210,1.07460,0.08460,0.88620,0.07660,0.07700,0.11830,0.85100,1.09010,0.09010,1.05140,0.08050,1.10350,0.99070,1.05600,0.68860,0.07990,0.07580,0.10720,0.57490,1.06270,0.08530,0.93530,0.08050,1.06890,0.72210,0.94230,0.44710,0.07820,0.08080,0.09010,0.07770,0.83040,0.07760,0.66140,0.07760,0.84510,0.07790,0.65010,0.07670,0.07660
0:46:49,1.09540,0.07980,1.02410,0.07570,0.09040,0.07870,0.61210,0.08210,0.59080,0.08190,1.05340,0.08790,1.02850,1.08850,0.89900,0.08630,0.08810,1.10160,0.47080,0.36440,0.45600,1.08230,0.95420,0.89780,0.75580,1.05100,0.62420,0.08530,0.08460,1.07220,0.31570,0.28200,0.28730,1.05210,0.71750,0.71770,0.07940,0.81100,0.07950,0.08180,0.08160,0.91480,0.07930,0.19240,0.08230,0.82570,0.08930,0.45940,0.07880,0.08030,1.00820,0.08020,0.09440,0.07810,0.08510,0.08300,1.07770,0.08550,0.90170,0.07660,0.07720,0.12000,0.86570,1.08840,0.09110,1.05710,0.08110,1.10250,1.00160,1.06370,0.70630,0.08030,0.07590,0.10860,0.58880,1.06690,0.08620,0.94810,0.08100,1.07270,0.73820,0.95670,0.45940,0.07820,0.08080,0.09070,0.07780,0.84600,0.07750,0.67660,0.07760,0.86100,0.07840,0.66660,0.07670,0.07660
0:48:29,1.09360,0.08020,1.03080,0.07580,0.09130,0.07940,0.62650,0.08300,0.60630,0.08300,1.05750,0.08910,1.03360,1.08770,0.91290,0.08710,0.08910,1.09930,0.48260,0.37420,0.46890,1.08210,0.96680,0.91350,0.77080,1.05700,0.63920,0.08630,0.08560,1.07430,0.32410,0.28950,0.29500,1.05680,0.73450,0.73490,0.08000,0.82680,0.08010,0.08260,0.08250,0.92910,0.08020,0.19720,0.08320,0.84110,0.09060,0.47210,0.07920,0.08080,1.01640,0.08100,0.09560,0.07840,0.08590,0.08390,1.08090,0.08660,0.91640,0.07680,0.07740,0.12190,0.88000,1.08660,0.09230,1.06140,0.08160,1.10130,1.01100,1.06960,0.72350,0.08070,0.07620,0.11000,0.60260,1.06950,0.08700,0.96000,0.08140,1.07590,0.75440,0.96950,0.47160,0.07850,0.08060,0.09130,0.07800,0.86080,0.07750,0.69130,0.07780,0.87560,0.07890,0.68250,0.07700,0.07670
0:50:09,1.09160,0.08060,1.03600,0.07580,0.09200,0.07970,0.64070,0.08360,0.62070,0.08370,1.06110,0.09020,1.03940,1.08590,0.92520,0.08790,0.08990,1.09730,0.49430,0.38370,0.48140,1.08000,0.97830,0.92730,0.78530,1.06070,0.65380,0.08710,0.08640,1.07390,0.33230,0.29690,0.30250,1.06110,0.74980,0.75080,0.08050,0.84200,0.08060,0.08320,0.08330,0.94440,0.08080,0.20170,0.08400,0.85630,0.09170,0.48430,0.07940,0.08130,1.02310,0.08160,0.09660,0.07830,0.08660,0.08470,1.08150,0.08740,0.93030,0.07690,0.07740,0.12350,0.89280,1.08450,0.09310,1.06390,0.08200,1.09960,1.01930,1.07390,0.73960,0.08100,0.07630,0.11120,0.61580,1.07170,0.08770,0.97070,0.08190,1.07830,0.76960,0.98120,0.48360,0.07860,0.08040,0.09180,0.07790,0.87450,0.07740,0.70570,0.07800,0.89000,0.07940,0.69790,0.07710,0.07670
0:51:49,1.08980,0.08100,1.04120,0.07590,0.09300,0.08040,0.65450,0.08430,0.63520,0.08450,1.06350,0.09150,1.04340,1.08440,0.93750,0.08860,0.09080,1.09610,0.50590,0.39330,0.49350,1.07750,0.98920,0.94110,0.80000,1.06410,0.66830,0.08780,0.08720,1.07630,0.34030,0.30420,0.30980,1.06540,0.76620,0.76650,0.08100,0.85640,0.08120,0.08390,0.08400,0.95720,0.08140,0.20630,0.08480,0.87020,0.09290,0.49670,0.07970,0.08180,1.02920,0.08230,0.09760,0.07850,0.08740,0.08540,1.08220,0.08830,0.94250,0.07700,0.07760,0.12510,0.90510,1.08220,0.09420,1.06660,0.08250,1.09800,1.02680,1.07830,0.75590,0.08150,0.07630,0.11250,0.62910,1.07360,0.08840,0.98050,0.08230,1.07970,0.78440,0.99200,0.49570,0.07890,0.08030,0.09220,0.07790,0.88790,0.07730,0.71960,0.07790,0.90320,0.08000,0.71320,0.07730,0.07670
0:53:29,1.08720,0.08140,1.04480,0.07600,0.09380,0.08090,0.66800,0.08490,0.64940,0.08540,1.06550,0.09280,1.04710,1.08270,0.94850,0.08950,0.09170,1.09370,0.51760,0.40270,0.50570,1.07680,0.99850,0.95380,0.81320,1.06650,0.68220,0.08880,0.08800,1.07570,0.34850,0.31150,0.31740,1.06710,0.78190,0.78090,0.08160,0.86980,0.08170,0.08460,0.08480,0.96880,0.08210,0.21070,0.08550,0.88330,0.09410,0.50860,0.07990,0.08230,1.03370,0.08300,0.09880,0.07870,0.08810,0.08610,1.08180,0.08930,0.95430,0.07710,0.07770,0.12690,0.91670,1.07960,0.09520,1.06790,0.08290,1.09670,1.03300,1.08060,0.77090,0.08180,0.07650,0.11390,0.64210,1.07420,0.08920,0.98940,0.08270,1.08010,0.79850,1.00150,0.50720,0.07910,0.08030,0.09270,0.07790,0.90020,0.07730,0.73310,0.07780,0.91580,0.08050,0.72810,0.07740,0.07670
0:55:09,1.08620,0.08190,1.04820,0.07620,0.09490,0.08140,0.68120,0.08560,0.66340,0.08620,1.06760,0.09430,1.05020,1.08080,0.95890,0.09020,0.09270,1.09190,0.52910,0.41240,0.51810,1.07410,1.00730,0.96600,0.82650,1.06920,0.69600,0.08960,0.08880,1.07580,0.35640,0.31890,0.32490,1.06970,0.79590,0.79670,0.08210,0.88280,0.08230,0.08530,0.08560,0.98090,0.08280,0.21540,0.08640,0.89640,0.09550,0.52090,0.08020,0.08290,1.03920,0.08370,0.09990,0.07870,0.08890,0.08710,1.08250,0.09030,0.96530,0.07740,0.07780,0.12850,0.92740,1.07830,0.09600,1.06930,0.08340,1.09520,1.03870,1.08320,0.78610,0.08240,0.07660,0.11520,0.65490,1.07410,0.08980,0.99750,0.08320,1.08120,0.81270,1.01060,0.51910,0.07930,0.08040,0.09320,0.07790,0.91180,0.07730,0.74610,0.07800,0.92760,0.08110,0.74240,0.07750,0.07670
0:56:49,1.08450,0.08230,1.05040,0.07610,0.09590,0.08190,0.69390,0.08630,0.67660,0.08710,1.06820,0.09570,1.05220,1.07850,0.96840,0.09100,0.09350,1.09020,0.54020,0.42140,0.52960,1.07140,1.01510,0.97660,0.83880,1.07060,0.70950,0.09050,0.08960,1.07380,0.36450,0.32610,0.33230,1.07000,0.81140,0.81040,0.08270,0.89490,0.08270,0.08610,0.08620,0.99180,0.08340,0.21990,0.08730,0.90830,0.09680,0.53270,0.08050,0.08340,1.04190,0.08440,0.10090,0.07890,0.08950,0.08770,1.08220,0.09140,0.97390,0.07760,0.07790,0.13020,0.93740,1.07560,0.09700,1.06960,0.08390,1.09330,1.04360,1.08450,0.80060,0.08260,0.07670,0.11650,0.66730,1.07410,0.09040,1.00460,0.08360,1.08110,0.82590,1.01820,0.53030,0.07960,0.08070,0.09370,0.07800,0.92250,0.07750,0.75880,0.07800,0.93870,0.08150,0.75610,0.07770,0.07670
0:58:29,1.08150,0.08250,1.05270,0.07620,0.09660,0.08230,0.70610,0.08700,0.69000,0.08790,1.06850,0.09690,1.05400,1.07530,0.97700,0.09150,0.09420,1.08790,0.55120,0.43100,0.54180,1.06980,1.02190,0.98640,0.85110,1.07140,0.72220,0.09100,0.09020,1.07310,0.37260,0.33320,0.33980,1.07220,0.82440,0.82370,0.08310,0.90570,0.08310,0.08660,0.08680,1.00080,0.08380,0.22440,0.08800,0.91950,0.09800,0.54410,0.08070,0.08380,1.04560,0.08490,0.10180,0.07910,0.09020,0.08840,1.08150,0.09230,0.98390,0.07770,0.07800,0.13180,0.94690,1.07390,0.09780,1.06960,0.08420,1.09170,1.04790,1.08540,0.81430,0.08310,0.07670,0.11770,0.67960,1.07390,0.09100,1.01090,0.08390,1.08070,0.83880,1.02510,0.54160,0.07960,0.08090,0.09410,0.07790,0.93250,0.07750,0.77100,0.07790,0.94900,0.08190,0.76920,0.07780,0.07650
1:00:09,1.08020,0.08310,1.05400,0.07650,0.09760,0.08290,0.71830,0.08780,0.70330,0.08890,1.06880,0.09820,1.05530,1.07430,0.98420,0.09240,0.09510,1.08590,0.56240,0.44040,0.55320,1.06850,1.02850,0.99640,0.86270,1.07230,0.73530,0.09200,0.09100,1.07240,0.38070,0.34040,0.34720,1.07250,0.83820,0.83750,0.08360,0.91760,0.08370,0.08730,0.08750,1.01000,0.08450,0.22900,0.08910,0.93010,0.09940,0.55590,0.08110,0.08430,1.04810,0.08560,0.10290,0.07930,0.09100,0.08930,1.08050,0.09350,0.99300,0.07820,0.07810,0.13350,0.95560,1.07190,0.09870,1.06980,0.08470,1.09030,1.05210,1.08640,0.82810,0.08350,0.07690,0.11910,0.69170,1.07380,0.09170,1.01680,0.08430,1.08060,0.85120,1.03140,0.55290,0.08000,0.08060,0.09470,0.07800,0.94220,0.07780,0.78310,0.07820,0.95890,0.08250,0.78240,0.07800,0.07660

