Corrected [600]
	1	2	3	4	5	6	7	8	9	10	11	12
A	0.38890	0.07863	0.22898	0.07667	0.25366	0.07893	0.27095	0.07634	0.24991	0.07799	0.22581	0.07793	Corrected [600]
B	0.27154	0.32848	0.18874	0.32421	0.21313	0.28791	0.21708	0.26592	0.20846	0.26729	0.19106	0.22230	Corrected [600]
C	0.15061	0.25660	0.13445	0.22227	0.15061	0.21866	0.14943	0.20666	0.15000	0.21063	0.13011	0.17690	Corrected [600]
D	0.07656	0.16052	0.07631	0.14551	0.07971	0.14750	0.07900	0.14277	0.07720	0.13436	0.07873	0.12706	Corrected [600]
E	0.31644	0.07555	0.30910	0.07868	0.30733	0.07865	0.26524	0.07901	0.29729	0.07833	0.24394	0.07817	Corrected [600]
F	0.22913	0.29604	0.22833	0.28165	0.23810	0.27106	0.19940	0.25075	0.22234	0.28017	0.18758	0.31259	Corrected [600]
G	0.15857	0.21579	0.15129	0.21649	0.15986	0.22024	0.13878	0.19837	0.15591	0.20997	0.13007	0.23670	Corrected [600]
H	0.07606	0.15112	0.07703	0.14286	0.07740	0.14667	0.07731	0.12374	0.08224	0.13207	0.07811	0.15536	Corrected [600]

