420

Time,A1,A2,A3,A4,A5,A6,A7,A8,A9,A10,A11,A12,B1,B2,B3,B4,B5,B6,B7,B8,B9,B10,B11,B12,C1,C2,C3,C4,C5,C6,C7,C8,C9,C10,C11,C12,D1,D2,D3,D4,D5,D6,D7,D8,D9,D10,D11,D12,E1,E2,E3,E4,E5,E6,E7,E8,E9,E10,E11,E12,F1,F2,F3,F4,F5,F6,F7,F8,F9,F10,F11,F12,G1,G2,G3,G4,G5,G6,G7,G8,G9,G10,G11,G12,H1,H2,H3,H4,H5,H6,H7,H8,H9,H10,H11,H12
0:00:09,0.33260,0.09050,0.25120,0.08060,0.18220,0.08380,0.17430,0.10450,0.09090,0.18150,0.13660,0.09280,0.26760,0.30830,0.20290,0.13370,0.18020,0.25830,0.14980,0.24630,0.08780,0.27750,0.13020,0.14780,0.22260,0.25270,0.19020,0.10430,0.14270,0.09060,0.14060,0.22070,0.08520,0.18860,0.11050,0.14390,0.08650,0.20020,0.07570,0.11980,0.07550,0.09430,0.08900,0.15090,0.07870,0.18300,0.08260,0.13080,0.12190,0.08410,0.30780,0.08230,0.27170,0.08300,0.11190,0.08890,0.08310,0.09250,0.16510,0.08680,0.11110,0.25020,0.24150,0.21890,0.22210,0.08930,0.13790,0.09340,0.08390,0.16820,0.16850,0.12930,0.10620,0.22320,0.18590,0.22410,0.13800,0.08320,0.08850,0.09880,0.08650,0.14430,0.13480,0.08670,0.08050,0.16980,0.07910,0.22820,0.08170,0.08160,0.08280,0.08470,0.08230,0.12050,0.07970,0.08500
0:01:49,0.44800,0.09000,0.31630,0.07850,0.24230,0.08330,0.23120,0.10410,0.09120,0.17750,0.19210,0.07880,0.33180,0.37460,0.25600,0.15130,0.22330,0.18330,0.19470,0.33420,0.08750,0.36890,0.15970,0.21590,0.27280,0.30850,0.22770,0.11090,0.16460,0.08900,0.14590,0.29860,0.08480,0.25610,0.12780,0.20060,0.08580,0.23450,0.07530,0.12640,0.07490,0.09350,0.08740,0.18440,0.07750,0.22390,0.08020,0.15140,0.13170,0.08360,0.38700,0.08200,0.34480,0.08230,0.11180,0.08530,0.08270,0.09260,0.22410,0.08630,0.11760,0.30730,0.29560,0.26770,0.29080,0.09390,0.13460,0.09080,0.08200,0.22350,0.22530,0.12500,0.11210,0.27000,0.22280,0.28260,0.14960,0.08250,0.08820,0.09780,0.08460,0.19010,0.17360,0.08460,0.08020,0.20510,0.07870,0.29200,0.08040,0.08050,0.08250,0.08280,0.08160,0.14910,0.07920,0.08460
0:03:29,0.53860,0.08970,0.39610,0.07720,0.30280,0.08280,0.28560,0.10720,0.09190,0.17450,0.23960,0.07580,0.39460,0.45270,0.31640,0.17380,0.26990,0.18290,0.23500,0.42930,0.08800,0.46530,0.19840,0.28750,0.32280,0.37100,0.26420,0.11730,0.19110,0.08940,0.17000,0.37200,0.08420,0.32950,0.15220,0.26020,0.08520,0.27190,0.07520,0.13430,0.07470,0.09320,0.08750,0.22460,0.07680,0.26670,0.07990,0.17920,0.13960,0.08320,0.45750,0.08170,0.43030,0.08190,0.11070,0.08410,0.08220,0.09290,0.28430,0.08640,0.12520,0.39300,0.35390,0.30990,0.36300,0.09330,0.13720,0.09070,0.08160,0.26600,0.28980,0.12560,0.11720,0.32170,0.26380,0.34740,0.17630,0.08210,0.08770,0.09740,0.08440,0.23230,0.21600,0.08460,0.08010,0.23790,0.07800,0.34780,0.07970,0.08040,0.08240,0.08250,0.08110,0.17760,0.07890,0.08430
0:05:09,0.62790,0.08940,0.47400,0.07710,0.36370,0.08250,0.34860,0.10890,0.09310,0.17450,0.29700,0.07540,0.45770,0.53190,0.37950,0.19320,0.32080,0.17990,0.27660,0.52690,0.08820,0.54460,0.23510,0.36230,0.37510,0.43550,0.30930,0.12710,0.21810,0.08950,0.19570,0.45090,0.08430,0.40060,0.17650,0.31850,0.08500,0.31630,0.07490,0.14250,0.07450,0.09320,0.08770,0.26740,0.07470,0.30870,0.07960,0.21330,0.14990,0.08300,0.52020,0.08130,0.52400,0.08160,0.11060,0.08320,0.08230,0.08770,0.33960,0.08660,0.13290,0.46250,0.41080,0.35110,0.43480,0.08970,0.13800,0.09050,0.08130,0.33520,0.35740,0.12710,0.12240,0.37300,0.30030,0.40670,0.20520,0.08230,0.08760,0.09620,0.08410,0.27700,0.25940,0.08500,0.08020,0.27370,0.07780,0.40130,0.07930,0.08030,0.08230,0.08230,0.08080,0.20890,0.07880,0.08400
0:06:49,0.70400,0.08920,0.56040,0.07690,0.43320,0.08200,0.42020,0.11190,0.09490,0.17120,0.35220,0.07520,0.53360,0.60870,0.44410,0.21820,0.37690,0.18260,0.32450,0.61130,0.08890,0.63220,0.27710,0.43570,0.42840,0.49690,0.35380,0.13610,0.24700,0.08980,0.22170,0.52830,0.08470,0.47480,0.20120,0.37090,0.08480,0.36470,0.07480,0.15170,0.07440,0.09310,0.08300,0.31480,0.07450,0.35750,0.07940,0.25190,0.16170,0.07740,0.57720,0.08110,0.60960,0.08140,0.11180,0.08270,0.08230,0.07790,0.40120,0.08680,0.14190,0.53060,0.46600,0.39330,0.50980,0.09180,0.13700,0.09020,0.08110,0.39620,0.42750,0.12660,0.12840,0.42610,0.33880,0.47310,0.23300,0.08250,0.08780,0.09580,0.08370,0.32400,0.30420,0.08510,0.08030,0.31140,0.07760,0.45690,0.07900,0.08030,0.07870,0.08220,0.08070,0.24130,0.07860,0.08410
0:08:29,0.77220,0.08920,0.63240,0.07690,0.49290,0.08190,0.48740,0.11230,0.09580,0.17330,0.41170,0.07510,0.60950,0.68280,0.50830,0.24300,0.38270,0.17620,0.37020,0.70750,0.08990,0.70730,0.31870,0.50190,0.48420,0.56060,0.40110,0.14450,0.27750,0.09040,0.24960,0.60730,0.08530,0.54450,0.22830,0.42450,0.08470,0.41210,0.07480,0.16110,0.07430,0.09340,0.08250,0.36320,0.07440,0.40480,0.07940,0.29500,0.17470,0.07740,0.63700,0.08100,0.68620,0.08120,0.11280,0.08230,0.08200,0.07700,0.46260,0.08700,0.15140,0.60080,0.52360,0.43650,0.59070,0.09150,0.13510,0.08990,0.08100,0.46270,0.49880,0.12250,0.13460,0.47600,0.37890,0.53880,0.25940,0.08260,0.08820,0.09570,0.08370,0.37250,0.35090,0.08560,0.08040,0.34950,0.07470,0.51680,0.07890,0.08040,0.07850,0.08220,0.08060,0.27520,0.07860,0.08410
0:10:09,0.85330,0.08890,0.70470,0.07670,0.55890,0.08170,0.55430,0.11270,0.09710,0.17060,0.47150,0.07490,0.68120,0.75740,0.57250,0.27080,0.41580,0.17710,0.41900,0.79370,0.09100,0.77650,0.36350,0.57700,0.53860,0.62520,0.44860,0.15290,0.30900,0.09070,0.27800,0.68310,0.08560,0.61850,0.25750,0.48270,0.08460,0.45970,0.07470,0.17120,0.07420,0.09360,0.08220,0.41270,0.07430,0.45480,0.07920,0.31100,0.18830,0.07730,0.69860,0.08080,0.76680,0.08090,0.11240,0.08190,0.08190,0.07630,0.52200,0.08730,0.16120,0.66910,0.57980,0.47870,0.67070,0.09170,0.13380,0.08970,0.08090,0.52710,0.57180,0.12340,0.14110,0.52650,0.41940,0.59890,0.28720,0.08260,0.08830,0.09530,0.08340,0.42240,0.39790,0.08620,0.08030,0.39040,0.07460,0.57570,0.07860,0.08040,0.07820,0.08200,0.08040,0.30980,0.07840,0.08410
0:11:49,0.93130,0.08880,0.78010,0.07680,0.62130,0.08160,0.61880,0.11290,0.09930,0.16880,0.53170,0.07490,0.75050,0.82660,0.64110,0.29720,0.46430,0.17670,0.46920,0.87230,0.09230,0.85450,0.40880,0.63660,0.59140,0.68840,0.49630,0.16200,0.34080,0.09130,0.30830,0.75790,0.08630,0.69530,0.28760,0.54210,0.08460,0.50880,0.07470,0.18230,0.07420,0.09400,0.08210,0.46310,0.07430,0.50440,0.07920,0.35910,0.20260,0.07730,0.75490,0.08070,0.85570,0.08080,0.11360,0.08170,0.08170,0.07600,0.58190,0.08760,0.17160,0.73400,0.64000,0.52200,0.74990,0.09190,0.13300,0.08970,0.08090,0.59570,0.64580,0.12580,0.14820,0.57840,0.45850,0.66260,0.31590,0.08290,0.08860,0.09530,0.08270,0.47140,0.44720,0.08690,0.08010,0.43010,0.07460,0.63510,0.07860,0.08060,0.07820,0.08220,0.08040,0.34520,0.07840,0.08430
0:13:29,0.99850,0.08870,0.85700,0.07680,0.68450,0.08150,0.67740,0.11160,0.10160,0.16190,0.59220,0.07450,0.81960,0.89020,0.71060,0.32350,0.51710,0.17640,0.52270,0.94540,0.09360,0.92450,0.45400,0.69690,0.64800,0.75360,0.54180,0.17030,0.37420,0.09200,0.33570,0.82880,0.08700,0.78050,0.31940,0.60210,0.08450,0.55960,0.07470,0.19330,0.07410,0.09450,0.08210,0.51800,0.07430,0.55450,0.07920,0.40090,0.21660,0.07720,0.81060,0.08070,0.93920,0.08070,0.11410,0.08130,0.08140,0.07590,0.63970,0.08890,0.18210,0.79150,0.70060,0.56240,0.83280,0.09270,0.13340,0.08970,0.08090,0.66540,0.72490,0.12450,0.15570,0.62640,0.50050,0.72490,0.34520,0.08330,0.08920,0.09490,0.08260,0.51990,0.49350,0.08780,0.08000,0.47160,0.07460,0.69720,0.07860,0.08070,0.07400,0.08220,0.08040,0.37990,0.07850,0.08460
0:15:09,1.05240,0.08860,0.92420,0.07670,0.73940,0.08140,0.73960,0.10910,0.10380,0.07550,0.64530,0.07440,0.89210,0.95220,0.77780,0.35330,0.57060,0.17630,0.57600,1.02150,0.09490,0.98710,0.49850,0.76150,0.70280,0.81850,0.58520,0.18010,0.40760,0.09250,0.36670,0.89870,0.08770,0.86120,0.35130,0.66320,0.08450,0.61300,0.07460,0.20540,0.07410,0.09500,0.08200,0.57350,0.07430,0.60470,0.07940,0.43890,0.23230,0.07720,0.86580,0.08060,1.02320,0.08060,0.11460,0.08120,0.08120,0.07570,0.69530,0.07760,0.19270,0.85450,0.76410,0.60110,0.90990,0.09310,0.13100,0.09010,0.08100,0.73810,0.79800,0.12440,0.16330,0.67600,0.54210,0.78380,0.37530,0.08380,0.08960,0.09460,0.08260,0.56990,0.54200,0.08880,0.07980,0.51370,0.07460,0.75820,0.07840,0.08090,0.07380,0.08220,0.07860,0.41430,0.07840,0.08490
0:16:49,1.11630,0.08840,0.99000,0.07670,0.79410,0.08130,0.80750,0.10910,0.10620,0.07540,0.70420,0.07450,0.95970,1.02180,0.84360,0.37860,0.62830,0.17570,0.63150,1.09230,0.09630,1.04830,0.54520,0.82670,0.75490,0.88120,0.62550,0.19120,0.44260,0.09330,0.39470,0.96330,0.08850,0.95020,0.38200,0.72390,0.08450,0.66270,0.07460,0.21720,0.07410,0.09550,0.08190,0.62850,0.07420,0.65520,0.07950,0.48020,0.24960,0.07720,0.92280,0.08060,1.09770,0.08050,0.11580,0.08100,0.08120,0.07570,0.74910,0.07650,0.20330,0.91900,0.82180,0.63810,0.98320,0.09410,0.13150,0.09030,0.08100,0.81040,0.86980,0.12340,0.17090,0.72450,0.58550,0.84370,0.40580,0.08420,0.09040,0.09470,0.08260,0.62580,0.58930,0.08990,0.07970,0.55240,0.07460,0.81450,0.07850,0.08110,0.07370,0.08240,0.07850,0.44810,0.07840,0.08540
0:18:29,1.18100,0.08830,1.05980,0.07660,0.84550,0.08120,0.87670,0.10620,0.10830,0.07530,0.76050,0.07450,1.02510,1.09180,0.90570,0.40830,0.70630,0.17540,0.68730,1.15810,0.09770,1.10650,0.58710,0.89450,0.80810,0.93990,0.66510,0.20380,0.47990,0.09390,0.44320,1.02460,0.08940,1.02560,0.41360,0.78330,0.08440,0.71180,0.07450,0.22880,0.07400,0.09590,0.08170,0.68330,0.07410,0.70650,0.07940,0.46910,0.26630,0.07710,0.97750,0.08050,1.18020,0.08040,0.11640,0.08090,0.08110,0.07550,0.79810,0.07630,0.21420,0.97500,0.87910,0.67560,1.05020,0.09450,0.13210,0.09050,0.08100,0.88150,0.93800,0.12400,0.17870,0.77670,0.62760,0.90850,0.43670,0.08430,0.09080,0.09480,0.08250,0.67870,0.63530,0.09090,0.07950,0.58580,0.07450,0.87880,0.07840,0.08110,0.07360,0.08230,0.07830,0.48080,0.07840,0.08550
0:20:09,1.24660,0.08840,1.13020,0.07670,0.89010,0.08130,0.94210,0.10660,0.11080,0.07520,0.81300,0.07470,1.07800,1.14360,0.96730,0.43580,0.69000,0.17760,0.73950,1.22660,0.09960,1.16310,0.63020,0.96160,0.86010,0.99070,0.70470,0.21710,0.51820,0.09480,0.46360,1.08570,0.09020,1.10150,0.44580,0.83550,0.08450,0.75860,0.07460,0.24090,0.07400,0.09650,0.08180,0.73670,0.07430,0.75740,0.07960,0.51520,0.28280,0.07720,1.03510,0.07670,1.28560,0.08050,0.11750,0.08090,0.08130,0.07560,0.84500,0.07490,0.22550,1.04120,0.93340,0.71170,1.10720,0.09500,0.13110,0.09080,0.08120,0.94550,0.99930,0.12420,0.18690,0.82930,0.67330,0.97060,0.47040,0.08460,0.09120,0.09500,0.08260,0.73030,0.68010,0.09210,0.07950,0.62040,0.07460,0.93730,0.07840,0.08130,0.07370,0.08240,0.07840,0.51930,0.07850,0.08580
0:21:49,1.30600,0.08840,1.19470,0.07660,0.93190,0.08120,1.00260,0.10400,0.11310,0.07510,0.86620,0.07480,1.13340,1.19550,1.02250,0.46290,0.73740,0.17380,0.79260,1.29190,0.10140,1.22330,0.66970,1.02930,0.90730,1.03940,0.74740,0.23100,0.55970,0.09540,0.50040,1.13270,0.09100,1.16250,0.47940,0.88290,0.08450,0.79980,0.07460,0.25330,0.07400,0.09700,0.08170,0.78750,0.07420,0.80920,0.07950,0.55430,0.29830,0.07710,1.09040,0.07640,1.32900,0.08020,0.11860,0.08070,0.08170,0.07550,0.89080,0.07490,0.23790,1.09430,0.98750,0.74780,1.16140,0.09510,0.13040,0.09080,0.08110,1.00570,1.05680,0.12560,0.19470,0.88670,0.71310,1.03000,0.50210,0.08500,0.09220,0.09490,0.08260,0.78030,0.71930,0.09310,0.07940,0.65550,0.07460,0.99110,0.07830,0.08140,0.07370,0.08240,0.07820,0.56300,0.07850,0.08610
0:23:29,1.35000,0.08860,1.24610,0.07670,0.98420,0.08120,1.05960,0.10500,0.11560,0.07510,0.91730,0.07500,1.18320,1.24800,1.07490,0.48680,0.78000,0.17280,0.84130,1.34820,0.10330,1.28240,0.70980,1.08790,0.95700,1.08520,0.79410,0.24480,0.60410,0.09630,0.53820,1.18340,0.09190,1.22250,0.51420,0.93870,0.08450,0.84030,0.07470,0.26580,0.07400,0.09700,0.08180,0.83340,0.07430,0.85970,0.07960,0.59140,0.31390,0.07730,1.13880,0.07640,1.37240,0.08030,0.12010,0.08070,0.08220,0.07560,0.93530,0.07490,0.24990,1.14450,1.03630,0.78510,1.21280,0.09590,0.13190,0.09100,0.08120,1.06430,1.11020,0.12540,0.20580,0.94950,0.75800,1.09040,0.53590,0.08540,0.09310,0.09490,0.08260,0.83070,0.75970,0.09410,0.07940,0.69420,0.07470,1.04040,0.07850,0.08170,0.07370,0.08250,0.07830,0.60460,0.07860,0.08650
0:25:09,1.38590,0.08870,1.29030,0.07660,1.04690,0.08120,1.11290,0.10250,0.11820,0.07510,0.96610,0.07520,1.22570,1.30430,1.12250,0.50990,0.81900,0.17420,0.88830,1.40370,0.10510,1.33730,0.75280,1.13590,1.00620,1.12970,0.84910,0.25990,0.63870,0.09710,0.57130,1.23330,0.09270,1.27030,0.55030,1.01750,0.08450,0.88070,0.07460,0.27900,0.07400,0.09720,0.08190,0.88280,0.07430,0.90630,0.07960,0.62750,0.32770,0.07730,1.17830,0.07630,1.41250,0.08020,0.12140,0.08070,0.08280,0.07560,0.97950,0.07510,0.26140,1.19030,1.09820,0.82230,1.25830,0.09630,0.13100,0.09140,0.08120,1.11680,1.15970,0.12580,0.21890,1.02250,0.81620,1.14470,0.56830,0.08560,0.09410,0.09460,0.08250,0.87680,0.81420,0.09520,0.07940,0.73720,0.07470,1.08370,0.07850,0.08180,0.07370,0.08250,0.07820,0.63920,0.07860,0.08690
0:26:49,1.41350,0.08890,1.32760,0.07670,1.10850,0.08130,1.15990,0.10080,0.12070,0.07520,1.01640,0.07570,1.26070,1.35510,1.16500,0.53800,0.85420,0.17580,0.93280,1.45300,0.10680,1.38770,0.79940,1.18460,1.05220,1.17440,0.90090,0.27460,0.67690,0.09810,0.60640,1.27850,0.09350,1.31530,0.58530,1.08800,0.08450,0.92120,0.07470,0.29210,0.07410,0.09700,0.08190,0.93430,0.07440,0.94960,0.07530,0.66350,0.34370,0.07930,1.21750,0.07630,1.44740,0.08030,0.12280,0.08070,0.08280,0.07570,1.02270,0.07550,0.27120,1.22980,1.15930,0.85730,1.29740,0.09690,0.13200,0.09160,0.08140,1.16090,1.20590,0.12730,0.23110,1.08590,0.87240,1.19060,0.60140,0.08630,0.09490,0.09460,0.08260,0.91790,0.87060,0.09630,0.07930,0.79100,0.07480,1.12730,0.07860,0.08210,0.07380,0.08260,0.07820,0.67180,0.07870,0.08750
0:28:29,1.43200,0.08910,1.35680,0.07670,1.15990,0.08130,1.20420,0.09950,0.12380,0.07530,1.06390,0.07640,1.29130,1.39060,1.20260,0.56790,0.88740,0.17240,0.97790,1.49110,0.10870,1.43270,0.84640,1.22770,1.10010,1.22080,0.94820,0.29190,0.71420,0.09910,0.63940,1.32620,0.09450,1.34750,0.61870,1.14310,0.08470,0.97480,0.07480,0.30520,0.07410,0.09750,0.08200,0.98500,0.07450,0.99090,0.07540,0.69790,0.36060,0.07950,1.25560,0.07640,1.47280,0.08030,0.12450,0.08080,0.08260,0.07590,1.06110,0.07610,0.28570,1.27400,1.21440,0.89160,1.33130,0.09770,0.13230,0.09210,0.08170,1.20360,1.24590,0.12730,0.24270,1.13860,0.92580,1.23400,0.63400,0.08690,0.09560,0.09490,0.08280,0.95840,0.92330,0.09750,0.07940,0.83790,0.07500,1.16980,0.07880,0.08240,0.07390,0.08290,0.07710,0.70410,0.07880,0.08840
0:30:09,1.44160,0.08950,1.37760,0.07670,1.21200,0.08150,1.24170,0.09890,0.12690,0.07550,1.11210,0.07750,1.31740,1.40980,1.23670,0.60110,0.91910,0.17420,1.02060,1.51860,0.11060,1.46800,0.89350,1.26860,1.14130,1.26960,0.99230,0.30820,0.75010,0.10020,0.67100,1.36800,0.09550,1.37570,0.65140,1.18620,0.08470,1.02920,0.07500,0.31870,0.07420,0.09790,0.08220,1.03050,0.07470,1.03000,0.07570,0.73170,0.37820,0.07960,1.30330,0.07640,1.49250,0.08030,0.12620,0.08100,0.08260,0.07600,1.09680,0.07690,0.30150,1.31760,1.25610,0.92590,1.36050,0.09840,0.13250,0.09240,0.08190,1.24820,1.28180,0.12960,0.25350,1.18250,0.97370,1.27390,0.66860,0.08760,0.09650,0.09530,0.08300,0.99840,0.96940,0.09880,0.07950,0.87700,0.07510,1.21220,0.07890,0.08260,0.07410,0.08300,0.07700,0.73840,0.07900,0.08920
0:31:49,1.44600,0.08990,1.39090,0.07670,1.25230,0.08160,1.27270,0.07590,0.13050,0.07570,1.16150,0.07940,1.33860,1.42440,1.26620,0.63550,0.95140,0.17230,1.05990,1.53340,0.11260,1.49590,0.93680,1.30680,1.17650,1.30880,1.03160,0.32480,0.78410,0.10120,0.70190,1.40010,0.09670,1.39800,0.68380,1.22260,0.08480,1.08140,0.07520,0.33280,0.07440,0.09840,0.08240,1.07190,0.07500,1.06680,0.07620,0.76430,0.39640,0.07990,1.35880,0.07660,1.50670,0.08040,0.12820,0.08120,0.08290,0.07630,1.13130,0.07800,0.31510,1.35470,1.29070,0.95950,1.38510,0.09940,0.13260,0.09310,0.08230,1.28530,1.32130,0.13010,0.26370,1.22000,1.01510,1.24150,0.70160,0.08830,0.09610,0.09560,0.08330,1.03850,1.01380,0.10060,0.07950,0.91300,0.07530,1.24920,0.07910,0.08280,0.07440,0.08310,0.07700,0.77240,0.07920,0.09000
0:33:29,1.44650,0.09020,1.39450,0.07680,1.27660,0.08190,1.29880,0.07620,0.13480,0.07600,1.20710,0.08170,1.35520,1.43270,1.29260,0.67020,0.98590,0.17590,1.09660,1.54030,0.11480,1.51190,0.97610,1.34220,1.20700,1.33460,1.06810,0.34300,0.81700,0.10250,0.73770,1.42050,0.09840,1.41530,0.71530,1.25500,0.08480,1.12710,0.07540,0.34660,0.07460,0.09890,0.08270,1.11020,0.07560,1.10300,0.07700,0.79780,0.41510,0.08010,1.39740,0.07670,1.51530,0.08050,0.13040,0.08140,0.08330,0.07660,1.16250,0.07960,0.32780,1.38070,1.31920,0.99240,1.40410,0.10050,0.13420,0.09380,0.08270,1.31730,1.35480,0.13180,0.27380,1.25310,1.05330,1.26400,0.73380,0.08910,0.09700,0.09610,0.08360,1.08060,1.05570,0.10280,0.07950,0.94730,0.07550,1.27980,0.07920,0.08300,0.07460,0.08330,0.07700,0.80530,0.07940,0.09080
0:35:09,1.44790,0.09080,1.39160,0.07690,1.29700,0.08220,1.32060,0.07670,0.13920,0.07650,1.24450,0.08430,1.36810,1.43810,1.31520,0.70380,1.01370,0.17560,1.13120,1.54100,0.11730,1.52100,1.01320,1.36990,1.23480,1.35310,1.10230,0.36000,0.84910,0.10390,0.76740,1.43550,0.10060,1.42880,0.74690,1.28490,0.08500,1.16540,0.07570,0.36040,0.07490,0.09940,0.07680,1.14600,0.07620,1.13730,0.07830,0.82910,0.43380,0.08050,1.41600,0.07690,1.51910,0.08050,0.13280,0.08190,0.08390,0.07720,1.18810,0.08160,0.34020,1.39680,1.34240,1.02470,1.41890,0.10170,0.13360,0.09490,0.08350,1.34390,1.38310,0.13370,0.28380,1.28180,1.08970,1.28880,0.76500,0.08990,0.09800,0.09680,0.08410,1.12340,1.09520,0.10480,0.07960,0.97990,0.07580,1.30520,0.07950,0.08330,0.07490,0.08350,0.07700,0.83710,0.07970,0.09170
0:36:49,1.44760,0.09140,1.38820,0.07700,1.31540,0.08260,1.33860,0.07760,0.14400,0.07710,1.27690,0.08690,1.37700,1.44060,1.33420,0.73370,1.03750,0.17520,1.16320,1.54020,0.11990,1.52280,1.04770,1.38950,1.25910,1.37020,1.13460,0.37800,0.87970,0.10550,0.79580,1.44570,0.10270,1.44100,0.77760,1.31080,0.08510,1.20030,0.07620,0.37410,0.07530,0.10010,0.07720,1.17880,0.07720,1.17070,0.07980,0.85990,0.45090,0.08100,1.42310,0.07720,1.52180,0.08060,0.13570,0.08250,0.08450,0.07780,1.17850,0.08390,0.35230,1.40500,1.36100,1.05550,1.43010,0.10300,0.13450,0.09580,0.08420,1.36500,1.40530,0.13510,0.29340,1.30620,1.12340,1.30710,0.79300,0.09080,0.09880,0.09760,0.08450,1.16070,1.13120,0.10680,0.07960,1.01040,0.07610,1.32640,0.07970,0.08340,0.07530,0.08360,0.07570,0.81560,0.08000,0.09280
0:38:29,1.44570,0.09220,1.38880,0.07720,1.33330,0.08320,1.35430,0.07860,0.14860,0.07800,1.30380,0.08930,1.38590,1.44130,1.35040,0.76310,1.05740,0.17600,1.19300,1.53880,0.12290,1.52370,1.08030,1.40260,1.28090,1.38260,1.16510,0.39530,0.90970,0.10720,0.82470,1.45400,0.10500,1.44820,0.80810,1.33260,0.08550,1.16320,0.07680,0.38800,0.07600,0.10120,0.07790,1.20910,0.07850,1.20270,0.08180,0.89040,0.46730,0.08170,1.42770,0.07780,1.52150,0.08090,0.13890,0.08330,0.08530,0.07870,1.19850,0.08620,0.36460,1.41180,1.37590,1.08320,1.43840,0.10880,0.13540,0.09710,0.08520,1.38250,1.42400,0.13670,0.30300,1.32730,1.15450,1.32130,0.82160,0.09190,0.10010,0.09870,0.08520,1.19240,1.16520,0.10880,0.07990,1.04030,0.07670,1.34560,0.07910,0.08390,0.07600,0.08400,0.07580,0.84320,0.08050,0.09370
0:40:09,1.44250,0.09290,1.38450,0.07720,1.34640,0.08360,1.36720,0.07960,0.15260,0.07890,1.32750,0.09120,1.39000,1.44210,1.36390,0.79040,1.07600,0.17760,1.22000,1.53520,0.12570,1.52260,1.11090,1.41270,1.29840,1.39320,1.19300,0.41110,0.93850,0.10890,0.85170,1.45950,0.10720,1.45470,0.83790,1.35090,0.08550,1.19020,0.07730,0.40180,0.07650,0.10210,0.07860,1.23620,0.08000,1.23220,0.08360,0.91870,0.48320,0.08220,1.33420,0.07810,1.51980,0.08100,0.14210,0.08400,0.08600,0.07960,1.21680,0.08800,0.37640,1.41670,1.38870,1.10950,1.44430,0.11010,0.13670,0.09810,0.08600,1.39610,1.43840,0.13830,0.31230,1.34530,1.18300,1.33220,0.84430,0.09270,0.10110,0.09940,0.08570,1.22010,1.19600,0.11080,0.07980,1.06810,0.07700,1.36150,0.07920,0.08400,0.07640,0.08410,0.07580,0.86960,0.08080,0.09450
0:41:49,1.43990,0.09360,1.38200,0.07740,1.35750,0.08430,1.37750,0.08080,0.15680,0.07980,1.34790,0.09300,1.39270,1.43970,1.37430,0.81650,1.09230,0.17660,1.24480,1.53260,0.12900,1.52130,1.13890,1.41910,1.31520,1.40090,1.21890,0.42560,0.96650,0.11060,0.87880,1.46330,0.10990,1.46000,0.86670,1.36610,0.08590,1.21290,0.07800,0.41570,0.07720,0.10320,0.07960,1.26160,0.08180,1.25990,0.08540,0.94520,0.49910,0.08300,1.26760,0.07870,1.51610,0.08130,0.14530,0.08460,0.08680,0.08060,1.23000,0.08980,0.38840,1.42040,1.39760,1.13030,1.44790,0.11160,0.13810,0.09940,0.08680,1.40760,1.45070,0.14060,0.32180,1.36070,1.20860,1.34060,0.86950,0.09370,0.10220,0.10050,0.08620,1.24500,1.22490,0.11260,0.08000,1.09440,0.07750,1.37470,0.07970,0.08430,0.07710,0.08430,0.07540,0.89500,0.08120,0.09520
0:43:29,1.43520,0.09430,1.37870,0.07740,1.36640,0.08480,1.38520,0.08140,0.16020,0.08040,1.36500,0.09430,1.39420,1.43730,1.38270,0.84180,1.10600,0.17780,1.26650,1.52680,0.13170,1.51870,1.16440,1.42430,1.32880,1.40710,1.24250,0.44060,0.99330,0.11240,0.81190,1.46530,0.11220,1.46090,0.89390,1.37810,0.08610,1.23370,0.07880,0.42920,0.07790,0.10440,0.08000,1.28380,0.08310,1.28480,0.08670,0.97100,0.51470,0.08420,1.24860,0.07920,1.51230,0.08150,0.14820,0.08570,0.08740,0.08150,1.23610,0.09130,0.40030,1.42200,1.40470,1.14990,1.45060,0.11290,0.14020,0.10060,0.08770,1.41580,1.45940,0.14260,0.33130,1.37300,1.23200,1.34670,0.89240,0.09460,0.10320,0.10140,0.08680,1.26720,1.25070,0.10750,0.08020,1.11890,0.07790,1.38570,0.08000,0.08450,0.07770,0.08450,0.07530,0.91950,0.08160,0.09590
0:45:09,1.43080,0.09480,1.37520,0.07760,1.37360,0.08520,1.39080,0.08220,0.16390,0.08120,1.37940,0.09540,1.39520,1.43370,1.38900,0.86610,1.11840,0.17980,1.28610,1.52240,0.13460,1.51560,1.18800,1.42710,1.34100,1.41010,1.26420,0.45710,1.01840,0.11400,0.82200,1.46520,0.11440,1.46130,0.92040,1.38730,0.08630,1.25240,0.07940,0.44280,0.07880,0.10530,0.08090,1.30390,0.08450,1.30700,0.08790,0.99530,0.53050,0.08490,1.24620,0.07960,1.50680,0.08170,0.15140,0.08720,0.08850,0.08240,1.23510,0.09260,0.41200,1.42260,1.40940,1.16970,1.45120,0.11430,0.14030,0.10200,0.08850,1.42220,1.46590,0.14320,0.34050,1.38350,1.25300,1.35130,0.91790,0.09560,0.10440,0.10230,0.08740,1.28710,1.27380,0.10910,0.08020,1.14220,0.07830,1.39460,0.07760,0.08460,0.07830,0.08470,0.07530,0.94250,0.08190,0.09650
0:46:49,1.42690,0.09570,1.37040,0.07780,1.37790,0.08600,1.39550,0.08360,0.16830,0.08230,1.39100,0.09690,1.39400,1.43090,1.39420,0.88990,1.12930,0.17930,1.30380,1.51680,0.13800,1.51290,1.21030,1.42920,1.35080,1.41190,1.28470,0.47380,1.04350,0.11610,0.84390,1.46550,0.11740,1.46240,0.94610,1.39510,0.08670,1.26880,0.08040,0.45660,0.07980,0.10670,0.08240,1.32260,0.08630,1.32770,0.08960,1.01820,0.54600,0.08580,1.24400,0.08050,1.50310,0.08210,0.15490,0.08890,0.08970,0.08370,1.22800,0.09410,0.42370,1.42220,1.41260,1.18580,1.45210,0.11590,0.14240,0.10350,0.08970,1.42730,1.47100,0.14590,0.34990,1.39170,1.27220,1.35410,0.94350,0.09690,0.10560,0.10360,0.08840,1.30520,1.29560,0.11120,0.08030,1.16360,0.07900,1.40120,0.07790,0.08490,0.07910,0.08490,0.07550,0.96550,0.08170,0.09790
0:48:29,1.42270,0.09660,1.36700,0.07810,1.38270,0.08710,1.39960,0.08520,0.17340,0.08380,1.40130,0.09850,1.39260,1.42740,1.39750,0.91350,1.13910,0.18070,1.31950,1.51410,0.14180,1.51060,1.23110,1.43030,1.35890,1.41230,1.30210,0.48810,1.06680,0.11850,0.86410,1.46560,0.12060,1.46270,0.97140,1.40210,0.08700,1.28290,0.08170,0.47070,0.08120,0.10830,0.08430,1.33930,0.08820,1.34710,0.09140,1.04030,0.56130,0.08680,1.24250,0.08150,1.49780,0.08260,0.15890,0.09100,0.09120,0.08450,1.21860,0.09580,0.43570,1.42170,1.41430,1.20300,1.45120,0.11760,0.14380,0.10550,0.09130,1.43140,1.47470,0.14860,0.35930,1.39850,1.28620,1.35610,0.96670,0.09820,0.10720,0.10510,0.08940,1.32140,1.31470,0.11360,0.08060,1.18410,0.07970,1.40680,0.07840,0.08520,0.08020,0.08520,0.07560,0.98730,0.08230,0.09940
0:50:09,1.41840,0.09750,1.36240,0.07830,1.38480,0.08800,1.40200,0.08690,0.17810,0.08510,1.40990,0.10030,1.39160,1.42310,1.40040,0.93580,1.14770,0.18120,1.33360,1.50930,0.14530,1.50810,1.25010,1.43070,1.36530,1.41290,1.31860,0.50380,1.09000,0.12070,0.88440,1.46360,0.12370,1.46190,0.99560,1.40660,0.08730,1.29570,0.08270,0.48420,0.08230,0.10740,0.08580,1.35400,0.09010,1.36410,0.09310,1.06010,0.57680,0.08770,1.24050,0.08230,1.49350,0.08300,0.16250,0.09280,0.09280,0.08590,1.21320,0.09750,0.44700,1.42010,1.41540,1.21480,1.44990,0.11940,0.14580,0.10720,0.09280,1.43340,1.47700,0.15200,0.36830,1.40350,1.30120,1.35690,0.99100,0.09950,0.10870,0.10660,0.09050,1.33530,1.33220,0.11600,0.08010,1.20290,0.08030,1.41070,0.07890,0.08540,0.08100,0.08530,0.07560,1.00770,0.08200,0.10110
0:51:49,1.41400,0.09870,1.36000,0.07870,1.38730,0.08930,1.40350,0.08870,0.18320,0.08670,1.41650,0.10250,1.38870,1.41990,1.40200,0.95760,1.15490,0.18520,1.34580,1.50420,0.14910,1.50560,1.26800,1.43060,1.37050,1.41200,1.33330,0.51930,1.11130,0.12340,0.90500,1.46340,0.12710,1.46170,1.01920,1.41020,0.08780,1.30630,0.08410,0.49790,0.08390,0.10940,0.08790,1.36780,0.09210,1.37980,0.09510,1.08000,0.59150,0.08890,1.23910,0.08350,1.48890,0.08360,0.16670,0.09480,0.09490,0.08760,1.21160,0.09940,0.45850,1.41820,1.41640,1.22540,1.44820,0.12140,0.14730,0.10940,0.09480,1.43530,1.47830,0.15430,0.37750,1.40740,1.31470,1.35680,1.01840,0.10100,0.11030,0.10840,0.09170,1.34770,1.34760,0.11860,0.08020,1.22050,0.08120,1.41350,0.07970,0.08570,0.08220,0.08570,0.07580,1.02770,0.08230,0.10310
0:53:29,1.41020,0.09990,1.35610,0.07920,1.38810,0.09050,1.40490,0.09050,0.18820,0.08830,1.42180,0.10460,1.38600,1.41640,1.40290,0.97900,1.16050,0.18580,1.35690,1.50050,0.15290,1.50240,1.28410,1.43010,1.37470,1.41090,1.34600,0.53830,1.13240,0.12600,0.92490,1.46090,0.13020,1.46110,1.04140,1.41370,0.08830,1.31690,0.08550,0.51180,0.08540,0.11130,0.08980,1.37910,0.09400,1.39360,0.09710,1.09960,0.60670,0.08570,1.23720,0.08460,1.48480,0.08440,0.17090,0.09670,0.09700,0.08910,1.21110,0.10140,0.46980,1.41620,1.41630,1.22940,1.44660,0.12360,0.14960,0.11150,0.09670,1.43590,1.47860,0.15660,0.38660,1.41020,1.32670,1.35660,1.04540,0.10250,0.11220,0.11010,0.09300,1.35850,1.36140,0.12110,0.08030,1.23670,0.08200,1.41490,0.08050,0.08590,0.08340,0.08630,0.07590,1.04620,0.08280,0.10460
0:55:09,1.40640,0.10110,1.35330,0.07960,1.38900,0.08770,1.40460,0.09210,0.19310,0.08980,1.42740,0.10670,1.38390,1.41410,1.40320,0.99940,1.16690,0.18770,1.36570,1.49620,0.15660,1.49990,1.29950,1.42930,1.37830,1.40920,1.35830,0.55740,1.15240,0.12860,0.94400,1.45970,0.13330,1.45960,1.06330,1.41510,0.08880,1.32360,0.08690,0.52550,0.08690,0.11320,0.09160,1.38960,0.09590,1.40570,0.09910,1.11810,0.62170,0.08710,1.23710,0.08560,1.48060,0.08510,0.17490,0.09840,0.09910,0.09070,1.20970,0.10340,0.48140,1.41390,1.41480,1.23550,1.44430,0.12580,0.15110,0.11360,0.09860,1.43640,1.47810,0.15940,0.39560,1.41220,1.33740,1.35590,1.06740,0.10410,0.11410,0.11180,0.09440,1.36830,1.37340,0.12370,0.08060,1.25170,0.08290,1.41620,0.08140,0.08620,0.08460,0.08650,0.07600,1.06430,0.08380,0.10640
0:56:49,1.40360,0.10240,1.35040,0.08030,1.38880,0.08890,1.28860,0.09400,0.18510,0.09160,1.43070,0.10890,1.38040,1.41090,1.40300,1.01930,1.17200,0.18840,1.37410,1.49260,0.16050,1.49760,1.31300,1.42850,1.38000,1.40840,1.36890,0.57840,1.17150,0.13140,0.96260,1.45770,0.13660,1.45730,1.08440,1.41720,0.08950,1.33130,0.08860,0.53910,0.08850,0.11560,0.09360,1.39820,0.09800,1.41670,0.10120,1.13430,0.63630,0.08850,1.23520,0.08700,1.47710,0.08610,0.17920,0.10020,0.10130,0.09220,1.20910,0.10550,0.49260,1.41170,1.41380,1.23610,1.44260,0.12820,0.15370,0.11580,0.10080,1.43590,1.47750,0.16170,0.40460,1.41350,1.34640,1.35470,1.08690,0.10580,0.11620,0.11370,0.09580,1.37630,1.38410,0.12630,0.08070,1.26560,0.08390,1.41660,0.08220,0.08650,0.08580,0.08680,0.07620,1.08130,0.08490,0.10820
0:58:29,1.39990,0.10370,1.34720,0.08090,1.38910,0.09010,1.28650,0.09580,0.18980,0.09330,1.43370,0.11110,1.37780,1.40830,1.40230,1.03860,1.17610,0.19180,1.38060,1.48850,0.15930,1.49510,1.32560,1.42720,1.38200,1.40550,1.37770,0.60000,1.18960,0.13400,0.98050,1.45530,0.13980,1.45630,1.10460,1.41800,0.09010,1.33710,0.09010,0.55280,0.09010,0.11770,0.09550,1.40590,0.09980,1.42560,0.10320,1.14900,0.65110,0.08990,1.23480,0.08840,1.47300,0.08720,0.18350,0.10200,0.10360,0.09390,1.20810,0.10750,0.50390,1.40940,1.41230,1.23430,1.44020,0.13050,0.15560,0.11800,0.10280,1.43520,1.47650,0.16490,0.41360,1.41420,1.35430,1.35360,1.10430,0.10750,0.11830,0.11550,0.09720,1.38330,1.39310,0.12890,0.08000,1.27860,0.08510,1.41620,0.08330,0.08680,0.08720,0.08710,0.07650,1.00230,0.08590,0.11000
1:00:09,1.39590,0.10490,1.34480,0.08130,1.38750,0.09120,1.28500,0.09740,0.19420,0.09490,1.43550,0.11290,1.37430,1.40570,1.40140,1.05650,1.17940,0.19330,1.38600,1.48540,0.16270,1.49220,1.33650,1.42590,1.38230,1.29730,1.38660,0.61810,1.20630,0.13660,0.99690,1.45300,0.14260,1.45530,1.12390,1.41830,0.09060,1.34120,0.09150,0.56600,0.09150,0.11960,0.09720,1.41190,0.10160,1.43390,0.10510,1.16240,0.66510,0.09120,1.23410,0.08940,1.46940,0.08800,0.18730,0.09830,0.10550,0.09520,1.20780,0.10930,0.51510,1.40690,1.41050,1.23370,1.43790,0.13250,0.15830,0.11990,0.10450,1.43380,1.47460,0.16720,0.42250,1.41390,1.36100,1.35160,1.12060,0.10840,0.12020,0.11720,0.09850,1.38880,1.40080,0.13110,0.07880,1.29030,0.08590,1.41530,0.08400,0.08700,0.08830,0.08730,0.07650,0.96430,0.08670,0.11150

