420

Time,A1,A2,A3,A4,A5,A6,A7,A8,A9,A10,A11,A12,B1,B2,B3,B4,B5,B6,B7,B8,B9,B10,B11,B12,C1,C2,C3,C4,C5,C6,C7,C8,C9,C10,C11,C12,D1,D2,D3,D4,D5,D6,D7,D8,D9,D10,D11,D12,E1,E2,E3,E4,E5,E6,E7,E8,E9,E10,E11,E12,F1,F2,F3,F4,F5,F6,F7,F8,F9,F10,F11,F12,G1,G2,G3,G4,G5,G6,G7,G8,G9,G10,G11,G12,H1,H2,H3,H4,H5,H6,H7,H8,H9,H10,H11,H12
0:00:34,0.17250,0.19510,0.21810,0.19460,0.93430,0.19310,0.17700,0.17670,0.22680,0.17340,0.17980,0.17210,0.17120,0.16080,0.18570,0.28710,0.74690,0.33720,0.17960,0.17670,0.20870,0.16340,0.20260,0.18380,0.15480,0.15440,0.16850,0.24180,0.45410,0.26680,0.13040,0.13590,0.15150,0.13520,0.16010,0.17000,0.20870,0.19360,0.19420,0.24290,0.22010,0.25940,0.16520,0.16380,0.14630,0.21650,0.16370,0.16500,0.17880,0.13950,0.39980,0.11720,0.15290,0.11870,0.15940,0.11970,0.57670,0.16030,0.21440,0.13000,0.22700,0.17190,0.32450,0.16210,0.15000,0.19690,0.15120,0.17310,0.47740,0.27900,0.25910,0.16370,0.15300,0.16460,0.23340,0.16680,0.19010,0.17500,0.17690,0.35360,0.37800,0.20290,0.15510,0.18370,0.09410,0.12960,0.11590,0.09240,0.07760,0.11360,0.12280,0.17110,0.19330,0.20420,0.19040,0.18360
0:10:34,0.10590,0.07890,0.10360,0.08200,0.95860,0.09760,0.08690,0.08110,0.14910,0.08110,0.08490,0.08080,0.08860,0.08540,0.11220,0.26060,0.69340,0.30900,0.09640,0.09770,0.13450,0.08620,0.12130,0.08230,0.08780,0.09760,0.09850,0.22660,0.49040,0.23920,0.08350,0.09370,0.11110,0.08650,0.09490,0.08470,0.09420,0.08630,0.07850,0.15220,0.08240,0.19910,0.07620,0.09350,0.07870,0.15100,0.10660,0.08380,0.08550,0.08420,0.38980,0.08000,0.11820,0.07750,0.11100,0.07700,0.62590,0.12150,0.17640,0.07640,0.08300,0.10970,0.29980,0.10740,0.10880,0.15920,0.10030,0.11380,0.51110,0.24900,0.08160,0.10600,0.08230,0.10490,0.18820,0.10680,0.15670,0.13340,0.12450,0.28590,0.35190,0.15700,0.07700,0.10380,0.08010,0.09200,0.07600,0.09280,0.07650,0.11520,0.07550,0.07920,0.08370,0.10680,0.07980,0.10210
0:20:34,0.09910,0.07720,0.10820,0.08290,1.09890,0.09840,0.08770,0.07990,0.16680,0.08050,0.08430,0.08040,0.08940,0.08210,0.11520,0.30190,0.76630,0.36920,0.09590,0.10080,0.14720,0.08550,0.11870,0.08190,0.08790,0.09660,0.10010,0.25730,0.57570,0.27610,0.08320,0.09540,0.11740,0.08560,0.09310,0.08380,0.09370,0.08590,0.07640,0.16950,0.08160,0.22880,0.07560,0.09400,0.07820,0.14870,0.10860,0.08340,0.08420,0.08560,0.46530,0.07950,0.12680,0.07700,0.11140,0.07660,0.73820,0.07550,0.18150,0.07590,0.08260,0.11560,0.35660,0.11310,0.11550,0.17580,0.09980,0.09180,0.60970,0.26530,0.08120,0.11190,0.08180,0.10780,0.21560,0.11190,0.38890,0.14550,0.12550,0.26740,0.41580,0.16690,0.07660,0.10820,0.07960,0.09300,0.07560,0.09490,0.07590,0.12040,0.07510,0.07870,0.08310,0.11280,0.07940,0.10370
0:30:34,0.10770,0.07730,0.11430,0.08870,1.19680,0.09960,0.08930,0.07930,0.18690,0.08030,0.08430,0.08030,0.09100,0.08230,0.11990,0.35210,0.86900,0.43510,0.09630,0.10500,0.16220,0.08540,0.11510,0.08200,0.08850,0.09610,0.09600,0.29400,0.66600,0.31860,0.08340,0.09780,0.12510,0.08540,0.09160,0.08340,0.09360,0.08560,0.07630,0.18880,0.08130,0.26230,0.07550,0.09440,0.07800,0.14340,0.11260,0.08320,0.08340,0.08810,0.54720,0.07930,0.13680,0.07680,0.11310,0.07630,0.84880,0.07540,0.17530,0.07570,0.08240,0.12210,0.41890,0.11990,0.12350,0.19540,0.10090,0.09240,0.71500,0.28020,0.08070,0.11840,0.08170,0.11110,0.24490,0.11820,0.37380,0.15910,0.12320,0.25290,0.48590,0.17730,0.07670,0.11290,0.07930,0.09430,0.07560,0.09730,0.07590,0.12650,0.07490,0.07820,0.08270,0.11880,0.07920,0.10500
0:40:34,0.11180,0.07760,0.12050,0.09070,1.23430,0.10150,0.09120,0.07940,0.20700,0.08050,0.08480,0.08100,0.09290,0.08260,0.12490,0.40220,0.94590,0.50280,0.08920,0.10950,0.17760,0.08620,0.11140,0.08290,0.08970,0.09620,0.09780,0.33150,0.75300,0.36530,0.08400,0.10080,0.13300,0.08560,0.09010,0.08400,0.08520,0.08570,0.07650,0.20920,0.08130,0.29590,0.07550,0.09520,0.07810,0.13850,0.11340,0.08330,0.08360,0.09090,0.62660,0.07940,0.14800,0.07700,0.11590,0.07640,0.94860,0.07550,0.16700,0.07570,0.08240,0.12900,0.47920,0.12760,0.13220,0.21560,0.10210,0.09170,0.80950,0.29570,0.08110,0.12490,0.08180,0.11500,0.27430,0.12520,0.35840,0.17300,0.11960,0.23660,0.55270,0.18800,0.07700,0.11730,0.07920,0.09630,0.07590,0.10020,0.07610,0.13310,0.07520,0.07820,0.07690,0.12500,0.07900,0.10610
0:50:34,0.11460,0.07830,0.12710,0.09250,1.24140,0.10390,0.09390,0.08000,0.22750,0.08110,0.08630,0.08290,0.09530,0.08340,0.12990,0.44940,0.99440,0.52080,0.09110,0.11440,0.18430,0.08810,0.10800,0.08520,0.09100,0.09660,0.10040,0.36750,0.82720,0.41360,0.08510,0.10030,0.14140,0.08660,0.08910,0.08520,0.08550,0.08610,0.07700,0.22960,0.08150,0.32900,0.07600,0.09640,0.07850,0.13250,0.10260,0.08340,0.08420,0.09410,0.63550,0.07970,0.15910,0.07750,0.11930,0.07680,1.03020,0.07600,0.16120,0.07610,0.08250,0.13660,0.53820,0.13530,0.14110,0.23580,0.10390,0.09180,0.89160,0.31150,0.08190,0.13120,0.08200,0.11920,0.30340,0.13200,0.34300,0.18710,0.11730,0.22190,0.61210,0.19980,0.07780,0.12220,0.07910,0.09830,0.07660,0.10340,0.07640,0.14020,0.07600,0.07820,0.07680,0.13150,0.07830,0.10750
1:00:34,0.11870,0.07960,0.13460,0.09510,1.23460,0.10730,0.09790,0.08190,0.24940,0.08270,0.08940,0.08600,0.09860,0.08520,0.13520,0.49350,1.02250,0.58000,0.09480,0.12040,0.20040,0.09280,0.08100,0.08910,0.09280,0.09760,0.10320,0.40270,0.88930,0.45870,0.08770,0.10480,0.15080,0.08930,0.08950,0.08800,0.08610,0.08730,0.07820,0.25060,0.08260,0.36260,0.07790,0.09880,0.08020,0.12880,0.09920,0.08370,0.08510,0.09800,0.69970,0.08090,0.17080,0.07900,0.12370,0.07820,1.09570,0.07720,0.15530,0.07690,0.08270,0.14590,0.59520,0.14390,0.15080,0.25740,0.10710,0.09310,0.96460,0.32870,0.08340,0.13770,0.08240,0.12440,0.33410,0.13960,0.32610,0.20250,0.11540,0.21000,0.67160,0.21250,0.07910,0.12710,0.07920,0.10100,0.07810,0.10720,0.07750,0.14800,0.07760,0.07840,0.07700,0.13830,0.07820,0.10880
1:10:34,0.12140,0.08090,0.14210,0.09760,1.22260,0.10000,0.10200,0.08440,0.27090,0.08460,0.09250,0.08920,0.10210,0.08850,0.14040,0.49950,1.03600,0.63360,0.09880,0.12660,0.21660,0.09720,0.08210,0.09290,0.09490,0.09890,0.10610,0.43760,0.93950,0.50170,0.09100,0.10980,0.16070,0.09250,0.09050,0.09060,0.08670,0.08870,0.07990,0.27200,0.08420,0.39610,0.08060,0.10190,0.08280,0.12560,0.09840,0.08380,0.08630,0.10220,0.75490,0.08260,0.18310,0.08130,0.12900,0.08010,1.14340,0.07900,0.15140,0.07770,0.08290,0.15510,0.64900,0.15250,0.16120,0.27910,0.11120,0.09530,1.02640,0.34560,0.08510,0.14410,0.08270,0.12970,0.36500,0.14720,0.31120,0.21830,0.11430,0.19990,0.72720,0.22550,0.08030,0.13190,0.07910,0.10360,0.07960,0.11110,0.07860,0.15610,0.07940,0.07860,0.07700,0.14500,0.07810,0.11040
1:20:34,0.12460,0.08210,0.14920,0.10010,1.20880,0.10380,0.10570,0.08660,0.29160,0.08630,0.09550,0.09230,0.10520,0.09040,0.14560,0.54050,1.04190,0.68450,0.10230,0.13260,0.23220,0.10090,0.08320,0.09680,0.09700,0.10040,0.10970,0.47210,0.97880,0.54320,0.09410,0.11470,0.17020,0.09520,0.09150,0.09260,0.08740,0.09010,0.08160,0.29320,0.08600,0.42850,0.08330,0.10530,0.08510,0.12320,0.09720,0.08390,0.08730,0.10660,0.80560,0.08450,0.19540,0.08360,0.13420,0.08200,1.17680,0.08090,0.16220,0.07840,0.08310,0.16470,0.69880,0.16080,0.17150,0.30020,0.11520,0.09710,1.07640,0.36230,0.08690,0.15030,0.08320,0.13480,0.39550,0.15490,0.29920,0.23200,0.11530,0.19060,0.77890,0.23830,0.08160,0.13670,0.07910,0.10620,0.08100,0.11480,0.07990,0.16400,0.08110,0.07870,0.07710,0.15160,0.07810,0.11150
1:30:34,0.12720,0.08330,0.15640,0.10290,1.19550,0.10750,0.10970,0.08890,0.31200,0.08830,0.09900,0.09600,0.10850,0.09250,0.15070,0.57790,1.04290,0.73120,0.10610,0.13850,0.24780,0.10500,0.08440,0.10090,0.09900,0.10140,0.11310,0.50490,1.00850,0.58400,0.09710,0.11960,0.17960,0.09800,0.09270,0.09450,0.08810,0.09140,0.08340,0.31360,0.08780,0.45970,0.08600,0.10850,0.08750,0.12080,0.09660,0.08410,0.08840,0.11110,0.85130,0.08630,0.20770,0.08590,0.13960,0.08400,1.20020,0.08250,0.16120,0.07920,0.08330,0.17420,0.74490,0.16910,0.18160,0.32070,0.11920,0.09890,1.11600,0.37970,0.08840,0.15660,0.08350,0.14020,0.42500,0.16250,0.12340,0.24580,0.11590,0.18080,0.82600,0.25120,0.08270,0.14160,0.07800,0.10870,0.08250,0.11850,0.08100,0.17200,0.08260,0.07900,0.07730,0.15820,0.07810,0.11330
1:40:34,0.12990,0.08450,0.16350,0.10570,1.18300,0.11120,0.11390,0.09100,0.33210,0.09000,0.10180,0.09990,0.11140,0.09460,0.15580,0.61290,1.04020,0.77450,0.10990,0.14420,0.26300,0.10870,0.08530,0.10520,0.10090,0.10230,0.11630,0.53630,1.03000,0.62280,0.10010,0.12420,0.18880,0.10080,0.09390,0.09660,0.08880,0.09250,0.08500,0.33380,0.08960,0.48970,0.08860,0.11170,0.08940,0.11910,0.09620,0.08390,0.08930,0.11540,0.89200,0.08790,0.21970,0.08800,0.14490,0.08580,1.21260,0.08390,0.15560,0.07970,0.08350,0.18350,0.78720,0.17720,0.19140,0.34080,0.12310,0.10070,1.14600,0.39660,0.08980,0.16280,0.08390,0.14530,0.45360,0.16980,0.12810,0.25930,0.11630,0.17310,0.86840,0.26370,0.08370,0.14630,0.07800,0.11110,0.08370,0.12210,0.08200,0.17980,0.08420,0.07920,0.07720,0.16460,0.07810,0.11500
1:50:34,0.13260,0.08600,0.17120,0.10830,1.17210,0.11580,0.11910,0.09390,0.35280,0.09230,0.10530,0.10440,0.11410,0.09640,0.16080,0.64700,1.03960,0.81400,0.11460,0.15020,0.27880,0.11310,0.08670,0.10970,0.10280,0.10330,0.11970,0.56730,1.04620,0.65940,0.10370,0.12950,0.19810,0.10380,0.09530,0.09910,0.08940,0.09370,0.08690,0.35410,0.09160,0.51930,0.09190,0.11510,0.09200,0.11760,0.09620,0.08410,0.09040,0.12000,0.92860,0.09000,0.23190,0.09070,0.15060,0.08800,1.22010,0.08560,0.14980,0.08030,0.08370,0.19280,0.82630,0.18540,0.20130,0.36040,0.12730,0.10290,1.16730,0.41420,0.09150,0.16890,0.08430,0.15060,0.48130,0.17730,0.13300,0.27260,0.11790,0.16620,0.90670,0.27680,0.08470,0.15090,0.07790,0.11360,0.08530,0.12580,0.08320,0.18750,0.08600,0.07960,0.07730,0.17100,0.07810,0.11670
2:00:34,0.13560,0.08780,0.17960,0.11160,1.16300,0.12080,0.12460,0.09780,0.37340,0.09530,0.10970,0.10940,0.11740,0.09930,0.16590,0.68000,1.03730,0.85080,0.11950,0.15710,0.29520,0.11830,0.08820,0.11470,0.10480,0.10450,0.12330,0.59690,1.05800,0.69490,0.10780,0.13560,0.20810,0.10760,0.09740,0.10240,0.09020,0.09530,0.08900,0.37460,0.09410,0.54830,0.09540,0.11940,0.09520,0.11730,0.09650,0.08430,0.09160,0.12490,0.96000,0.09260,0.24460,0.09390,0.15680,0.09080,1.22310,0.08740,0.14780,0.08100,0.08400,0.20240,0.86180,0.19390,0.21140,0.38020,0.13230,0.10570,1.18300,0.43240,0.09320,0.17500,0.08470,0.15600,0.50830,0.18500,0.13820,0.28630,0.12070,0.16050,0.94160,0.28970,0.08590,0.15540,0.07810,0.11640,0.08700,0.12960,0.08440,0.19530,0.08840,0.07990,0.07750,0.17730,0.07810,0.11880
2:10:34,0.13900,0.09070,0.18930,0.11500,1.15570,0.12640,0.13070,0.10260,0.39420,0.09990,0.11460,0.11470,0.12190,0.10270,0.17150,0.71170,1.03600,0.88380,0.12510,0.16520,0.31220,0.12400,0.09040,0.11970,0.10710,0.10670,0.12790,0.62610,1.06670,0.72730,0.11240,0.14220,0.21920,0.11240,0.10020,0.10680,0.09110,0.09740,0.09210,0.39510,0.09760,0.57640,0.09940,0.12450,0.09900,0.11830,0.09750,0.08450,0.09310,0.13070,0.98800,0.09600,0.25770,0.09750,0.16360,0.09420,1.22350,0.08990,0.14550,0.08190,0.08450,0.21280,0.86340,0.20330,0.22250,0.40040,0.13790,0.10900,1.19370,0.45160,0.09560,0.18090,0.08530,0.16200,0.53530,0.19340,0.14400,0.30050,0.12400,0.15640,0.97310,0.30300,0.08740,0.15980,0.07820,0.11960,0.08950,0.13410,0.08620,0.20360,0.09140,0.08040,0.07760,0.18370,0.07810,0.12060
2:20:34,0.14190,0.09400,0.19900,0.11930,1.14910,0.13220,0.13680,0.10770,0.41420,0.10490,0.11950,0.11980,0.12650,0.10730,0.17700,0.74140,1.03590,0.91290,0.13060,0.17360,0.32900,0.12990,0.09350,0.12460,0.10990,0.10910,0.13320,0.65440,1.07360,0.75990,0.11720,0.14900,0.23030,0.11750,0.10430,0.11150,0.09220,0.10040,0.09590,0.41560,0.10150,0.60390,0.10360,0.13030,0.10320,0.12100,0.09950,0.08490,0.09500,0.13710,1.01280,0.09970,0.27080,0.10150,0.17060,0.09810,1.22180,0.09340,0.14680,0.08260,0.08490,0.22370,0.89390,0.21310,0.23390,0.42030,0.14400,0.11280,1.20080,0.47120,0.09880,0.18670,0.08580,0.16870,0.56150,0.20230,0.15040,0.31510,0.12860,0.15370,1.00140,0.31670,0.08900,0.16400,0.07830,0.12340,0.09240,0.13900,0.08850,0.21220,0.09450,0.08080,0.07780,0.18980,0.07810,0.12230
2:30:34,0.14470,0.09790,0.20860,0.12340,1.14290,0.13800,0.14250,0.11260,0.43380,0.10960,0.12400,0.12460,0.13130,0.11130,0.18290,0.76920,1.03460,0.93810,0.13590,0.18170,0.34550,0.13520,0.09670,0.12910,0.11320,0.11190,0.13870,0.68080,1.07800,0.78880,0.12170,0.15570,0.24120,0.12220,0.10810,0.11580,0.09340,0.10360,0.09980,0.43530,0.10550,0.63020,0.10750,0.13580,0.10730,0.12340,0.10190,0.08520,0.09710,0.14330,1.03370,0.10330,0.28370,0.10520,0.17740,0.10190,1.21970,0.09700,0.14530,0.08330,0.08530,0.23450,0.92150,0.22290,0.24520,0.43950,0.14990,0.11650,1.20490,0.49040,0.10200,0.19220,0.08650,0.17530,0.58690,0.21110,0.15690,0.32900,0.13310,0.15160,1.02590,0.33050,0.09080,0.16810,0.07850,0.12720,0.09540,0.14390,0.09080,0.22070,0.09770,0.08130,0.07800,0.19580,0.07810,0.12430
2:40:34,0.14790,0.10150,0.21770,0.12830,1.13810,0.14370,0.14800,0.11710,0.45280,0.11420,0.12840,0.12900,0.13610,0.11570,0.18910,0.79560,1.03400,0.96070,0.14080,0.18980,0.36140,0.14040,0.10070,0.13350,0.11680,0.11490,0.14410,0.70620,1.08010,0.81680,0.12620,0.16210,0.25200,0.12690,0.11210,0.12020,0.09500,0.10640,0.10360,0.45440,0.10940,0.65510,0.11130,0.14110,0.11140,0.12630,0.10480,0.08560,0.09940,0.14950,1.05080,0.10700,0.29630,0.10890,0.18410,0.10580,1.21590,0.10060,0.14550,0.08400,0.08620,0.24530,0.94620,0.23250,0.25600,0.45810,0.15570,0.12000,1.20610,0.50970,0.10520,0.19750,0.08710,0.18220,0.61120,0.22200,0.16340,0.34300,0.13770,0.15030,1.04740,0.34450,0.09280,0.17200,0.07860,0.13120,0.09840,0.14880,0.09340,0.22930,0.10070,0.08180,0.07820,0.20170,0.07810,0.12620
2:50:34,0.15050,0.10480,0.22620,0.13260,1.13250,0.14880,0.15290,0.12100,0.47050,0.11820,0.13230,0.13290,0.14040,0.11940,0.19480,0.81900,1.03200,0.98030,0.14550,0.19710,0.37620,0.14490,0.10440,0.13740,0.12020,0.11740,0.14910,0.72990,1.08200,0.84190,0.13020,0.16820,0.26220,0.13090,0.11580,0.12400,0.09610,0.10940,0.10710,0.47240,0.11300,0.67860,0.11490,0.14610,0.11520,0.12910,0.10730,0.08550,0.10170,0.15540,1.06550,0.11020,0.30830,0.11240,0.19050,0.10940,1.21170,0.10380,0.14460,0.08490,0.08650,0.25580,0.96830,0.24180,0.26650,0.47590,0.16110,0.12340,1.20540,0.52810,0.10820,0.20300,0.08760,0.18890,0.63480,0.23050,0.16980,0.35650,0.14220,0.14920,1.06570,0.35810,0.09460,0.17580,0.07880,0.13530,0.10140,0.15360,0.09590,0.23780,0.10360,0.08220,0.07830,0.20720,0.07810,0.12830
3:00:34,0.15230,0.10660,0.23320,0.13580,1.12600,0.15270,0.15630,0.12340,0.48650,0.12040,0.13480,0.13550,0.14360,0.12200,0.19840,0.84060,1.03010,0.99570,0.14880,0.20300,0.38980,0.14780,0.10620,0.13990,0.12230,0.11860,0.15280,0.75100,1.08230,0.86440,0.13320,0.17310,0.27070,0.13360,0.11790,0.12650,0.09610,0.11120,0.10940,0.48920,0.11540,0.70020,0.11750,0.14980,0.11850,0.13070,0.10830,0.08490,0.10300,0.16040,1.07560,0.11250,0.31910,0.11500,0.19580,0.11200,1.20530,0.10610,0.14410,0.08520,0.08650,0.26510,0.98660,0.25010,0.27560,0.49210,0.16560,0.12580,1.20280,0.54520,0.11020,0.20800,0.08780,0.19460,0.65640,0.23800,0.17510,0.36890,0.14550,0.14760,1.08030,0.37010,0.09530,0.17950,0.07870,0.13820,0.10340,0.15760,0.09740,0.24530,0.10570,0.08210,0.07820,0.21240,0.07800,0.13040
3:10:34,0.15440,0.10760,0.23950,0.13810,1.11940,0.15610,0.15920,0.12470,0.50160,0.12160,0.13660,0.13740,0.14600,0.12340,0.20030,0.85950,1.02800,1.00890,0.15140,0.20780,0.40250,0.14970,0.10700,0.14180,0.12540,0.11890,0.15550,0.77040,1.08150,0.88410,0.13550,0.17720,0.27860,0.13520,0.11880,0.12810,0.09510,0.11210,0.11090,0.50470,0.11710,0.72050,0.11940,0.15250,0.12070,0.13120,0.10810,0.08420,0.10350,0.16470,1.08400,0.11400,0.32900,0.11690,0.20030,0.11390,1.19940,0.10750,0.14300,0.08460,0.08640,0.27370,1.00240,0.25760,0.28390,0.50720,0.16920,0.12730,1.19870,0.56100,0.11130,0.21280,0.08770,0.19950,0.67600,0.24450,0.17960,0.38060,0.14800,0.14590,1.09190,0.38090,0.09500,0.18320,0.07850,0.14030,0.10460,0.16080,0.09800,0.25190,0.10720,0.08220,0.07810,0.21750,0.07790,0.13260
3:20:34,0.15540,0.10830,0.24530,0.13980,1.11250,0.15910,0.16170,0.12590,0.51600,0.12260,0.13800,0.13900,0.14800,0.12500,0.20210,0.87730,1.02650,1.01940,0.15360,0.21230,0.41450,0.15120,0.10740,0.14330,0.12530,0.11870,0.15770,0.78900,1.08050,0.90200,0.13750,0.18100,0.28600,0.13650,0.11930,0.12950,0.09440,0.11260,0.11180,0.51950,0.11850,0.73940,0.12090,0.15490,0.12190,0.13140,0.10740,0.08380,0.10350,0.16840,1.09010,0.11500,0.33830,0.11840,0.20980,0.11530,1.19300,0.10830,0.14150,0.08410,0.08620,0.28170,1.01530,0.26460,0.29150,0.52150,0.17230,0.12840,1.19350,0.57600,0.11190,0.21780,0.08770,0.20390,0.69480,0.25060,0.18350,0.39170,0.15030,0.14390,1.10140,0.39080,0.09460,0.18660,0.07830,0.14210,0.10530,0.16370,0.09810,0.25820,0.10840,0.08210,0.07790,0.22250,0.07770,0.13480
3:30:34,0.15660,0.10840,0.25040,0.14140,1.10590,0.16190,0.16390,0.12660,0.53010,0.12310,0.13920,0.14010,0.14950,0.12630,0.20290,0.89340,1.02450,1.02900,0.15540,0.21610,0.42610,0.15240,0.10720,0.14450,0.12510,0.11790,0.15950,0.80620,1.07920,0.91950,0.13900,0.18440,0.29280,0.13730,0.11940,0.13030,0.09360,0.11250,0.11230,0.53350,0.11940,0.75710,0.12220,0.15680,0.12230,0.13140,0.10610,0.08340,0.10300,0.17190,1.09420,0.11580,0.34730,0.11970,0.21350,0.11630,1.18600,0.10890,0.13970,0.08350,0.08600,0.28950,1.02630,0.27120,0.29870,0.53510,0.17510,0.12920,1.18790,0.59050,0.11210,0.22260,0.08760,0.20800,0.71190,0.25610,0.18710,0.40220,0.15190,0.14220,1.10850,0.40010,0.09400,0.19000,0.07800,0.14330,0.10560,0.16600,0.09780,0.26390,0.10920,0.08200,0.07780,0.22750,0.07750,0.13700
3:40:34,0.15870,0.10850,0.25570,0.14260,1.09950,0.16460,0.16590,0.12720,0.54340,0.12380,0.14030,0.14150,0.15110,0.12720,0.20580,0.90820,1.02260,1.03570,0.15730,0.21990,0.43750,0.15360,0.10700,0.14570,0.12500,0.11700,0.16130,0.82250,1.07710,0.93470,0.14060,0.18770,0.29960,0.13800,0.11930,0.13130,0.09310,0.11230,0.11260,0.54750,0.12030,0.77420,0.12340,0.15850,0.12260,0.13140,0.10470,0.08330,0.10250,0.17520,1.09640,0.11640,0.35620,0.12080,0.21720,0.11740,1.17940,0.10930,0.13890,0.08320,0.08600,0.29700,1.03530,0.27770,0.30560,0.54840,0.17780,0.12990,1.18160,0.60460,0.11210,0.22730,0.08760,0.21180,0.72860,0.26140,0.19050,0.41270,0.15340,0.14090,1.11370,0.40940,0.09350,0.19330,0.07790,0.14430,0.10580,0.16830,0.09740,0.26960,0.10990,0.08200,0.07770,0.23230,0.07740,0.13900
3:50:34,0.16030,0.10860,0.26100,0.14400,1.09290,0.16730,0.16800,0.12800,0.55690,0.12440,0.14150,0.14260,0.15260,0.12820,0.20890,0.92170,1.01960,1.04190,0.15910,0.22390,0.44870,0.15490,0.10690,0.14690,0.12520,0.11610,0.16300,0.83800,1.07560,0.94810,0.14220,0.19100,0.30630,0.13870,0.11920,0.13230,0.09280,0.11200,0.11300,0.56090,0.12120,0.79020,0.12450,0.16040,0.12400,0.13140,0.10370,0.08310,0.10220,0.17850,1.09820,0.11710,0.36470,0.12200,0.22070,0.11840,1.17340,0.10980,0.13770,0.08280,0.08610,0.30470,1.04310,0.28410,0.31220,0.56110,0.18050,0.13060,1.17540,0.61860,0.11210,0.23210,0.08770,0.21560,0.74410,0.26690,0.19390,0.42290,0.15500,0.13970,1.11780,0.41880,0.09330,0.19670,0.07790,0.14540,0.10610,0.17050,0.09720,0.27520,0.11070,0.08210,0.07780,0.23730,0.07740,0.14110
4:00:34,0.16300,0.10870,0.26630,0.14620,1.08810,0.17020,0.17020,0.12860,0.56990,0.12520,0.14260,0.14400,0.15420,0.12930,0.21280,0.93410,1.01890,1.04670,0.16100,0.22780,0.45980,0.15600,0.10680,0.14810,0.12560,0.11530,0.16480,0.85220,1.07400,0.96100,0.14380,0.19430,0.31280,0.13960,0.11910,0.13320,0.09250,0.11180,0.11330,0.57390,0.12210,0.80590,0.12580,0.16220,0.12500,0.13160,0.10300,0.08310,0.10220,0.18190,1.09880,0.11760,0.37340,0.12310,0.22410,0.11950,1.16620,0.11030,0.13700,0.08300,0.08620,0.31210,1.04940,0.29040,0.31900,0.57360,0.18300,0.13150,1.16890,0.63220,0.11210,0.23670,0.08790,0.21950,0.75930,0.27220,0.19740,0.43290,0.15660,0.13900,1.12060,0.42830,0.09330,0.19990,0.07780,0.14670,0.10640,0.17270,0.09710,0.28090,0.11140,0.08230,0.07800,0.24200,0.07720,0.14310
4:10:34,0.16530,0.10930,0.27190,0.14860,1.08250,0.17340,0.17280,0.12990,0.58340,0.13170,0.14430,0.14550,0.15610,0.13100,0.21710,0.94550,1.01740,1.05140,0.16330,0.23210,0.47110,0.15760,0.10760,0.14980,0.12670,0.11530,0.16710,0.86630,1.07240,0.97290,0.14570,0.19790,0.31980,0.14080,0.11980,0.13460,0.09050,0.11200,0.11410,0.58700,0.12330,0.82080,0.12720,0.16450,0.12620,0.13220,0.10330,0.08310,0.10260,0.18550,1.09870,0.11850,0.38210,0.12460,0.22780,0.12080,1.16080,0.11130,0.13670,0.08300,0.08650,0.31980,1.05510,0.29710,0.32590,0.58630,0.18600,0.13250,1.16320,0.64570,0.11250,0.24160,0.08830,0.22370,0.77430,0.27770,0.20130,0.44340,0.15850,0.13910,1.12250,0.43830,0.09380,0.20290,0.07790,0.14840,0.10720,0.17530,0.09760,0.28670,0.11250,0.08260,0.07830,0.24680,0.07710,0.14490
4:20:34,0.16790,0.11010,0.27750,0.15160,1.07680,0.17660,0.17520,0.13110,0.59580,0.13290,0.14580,0.14690,0.15800,0.13270,0.22070,0.95640,1.01610,1.05550,0.16540,0.23650,0.48230,0.15910,0.10850,0.15130,0.12810,0.11530,0.16950,0.87970,1.07110,0.98340,0.14760,0.20160,0.32670,0.14200,0.12050,0.13600,0.09090,0.11260,0.11510,0.59990,0.12490,0.83500,0.12880,0.16680,0.12720,0.13320,0.10400,0.08300,0.10340,0.18930,1.09850,0.11960,0.39080,0.12610,0.23160,0.12220,1.15490,0.11240,0.13710,0.08290,0.08670,0.32770,1.05970,0.30370,0.33310,0.59850,0.18910,0.13370,1.15710,0.65900,0.11320,0.24600,0.08860,0.22820,0.78890,0.28350,0.20540,0.45350,0.16060,0.13940,1.12340,0.44830,0.09420,0.20600,0.07800,0.15050,0.10820,0.17800,0.09840,0.29280,0.11370,0.08280,0.07840,0.25140,0.07700,0.14670
4:30:34,0.16880,0.11040,0.28260,0.15310,1.07210,0.17950,0.17740,0.13200,0.60810,0.13360,0.14700,0.14800,0.15960,0.13340,0.22340,0.96550,1.01470,1.05640,0.16740,0.24040,0.49290,0.16020,0.10900,0.15240,0.12900,0.11530,0.17180,0.89140,1.06950,0.99290,0.14930,0.20490,0.33310,0.14300,0.12090,0.13710,0.09080,0.11270,0.11580,0.61220,0.12610,0.84890,0.13000,0.16880,0.12830,0.13390,0.10390,0.08270,0.10370,0.19280,1.09760,0.12050,0.39890,0.12740,0.23530,0.12350,1.15010,0.11330,0.13710,0.08270,0.08680,0.33530,1.06310,0.31030,0.33980,0.61050,0.19190,0.13490,1.15120,0.67170,0.11360,0.25060,0.08870,0.23260,0.80290,0.28910,0.20920,0.46360,0.16240,0.13980,1.12360,0.45770,0.09420,0.20910,0.07790,0.15230,0.10900,0.18060,0.09890,0.29850,0.11460,0.08290,0.07850,0.25600,0.07690,0.14850
4:40:34,0.17120,0.11070,0.28760,0.15560,1.06690,0.18230,0.17930,0.13280,0.62010,0.13430,0.14810,0.14920,0.16090,0.13460,0.22610,0.97420,1.01310,1.05860,0.16910,0.24420,0.50320,0.16140,0.10930,0.15350,0.12960,0.11490,0.17390,0.90270,1.06800,1.00040,0.15080,0.20820,0.33950,0.14370,0.12110,0.13800,0.09060,0.11280,0.11640,0.62400,0.12720,0.86160,0.13110,0.17070,0.12920,0.13430,0.10360,0.08250,0.10380,0.19630,1.09620,0.12120,0.40690,0.12860,0.23850,0.12450,1.14470,0.11400,0.13700,0.08240,0.08680,0.34270,1.06580,0.31650,0.34610,0.62200,0.19450,0.13560,1.14540,0.68400,0.11380,0.25490,0.08870,0.23660,0.81540,0.29430,0.21290,0.47330,0.16400,0.14000,1.12310,0.46670,0.09420,0.21190,0.07780,0.15390,0.10950,0.18290,0.09920,0.30410,0.11550,0.08290,0.07850,0.26040,0.07680,0.15020
4:50:34,0.17290,0.11120,0.29300,0.15800,1.06200,0.18520,0.18150,0.13350,0.63190,0.13490,0.14920,0.15040,0.16260,0.13600,0.22940,0.98190,1.01130,1.06000,0.17120,0.24800,0.51370,0.16240,0.10970,0.15470,0.13040,0.11480,0.17620,0.91290,1.06690,1.00810,0.15230,0.21140,0.34600,0.14460,0.12140,0.13910,0.09060,0.11300,0.11710,0.63610,0.12830,0.87380,0.13240,0.17250,0.13030,0.13490,0.10900,0.08240,0.10400,0.19980,1.09460,0.12200,0.41510,0.12980,0.24200,0.12570,1.13930,0.11480,0.13710,0.08220,0.08690,0.35010,1.06750,0.32290,0.35280,0.63330,0.19730,0.13660,1.13970,0.69600,0.11410,0.25940,0.08890,0.24070,0.82760,0.29970,0.21660,0.48300,0.16600,0.14050,1.12200,0.47570,0.09430,0.21490,0.07780,0.15560,0.11030,0.18540,0.09960,0.30970,0.11640,0.08300,0.07860,0.26480,0.07680,0.15170
5:00:34,0.17480,0.11100,0.29760,0.15990,1.05690,0.18770,0.18320,0.13410,0.64290,0.13530,0.15000,0.15120,0.16380,0.13680,0.23160,0.98870,1.00900,1.06130,0.17270,0.25160,0.52350,0.16330,0.10960,0.15570,0.13070,0.11420,0.17800,0.92270,1.06480,1.01470,0.15360,0.21440,0.35200,0.14510,0.12140,0.13980,0.09020,0.11280,0.11740,0.64730,0.12920,0.88770,0.13320,0.17420,0.13140,0.13510,0.10980,0.08230,0.10380,0.20300,1.09210,0.12250,0.42260,0.13090,0.24500,0.12660,1.13380,0.11540,0.13680,0.08200,0.08700,0.35720,1.06850,0.32900,0.35890,0.64390,0.19970,0.13720,1.13360,0.70750,0.11410,0.26360,0.08890,0.24470,0.83900,0.30470,0.22010,0.49240,0.16740,0.14070,1.11970,0.48420,0.09390,0.21780,0.07780,0.15690,0.11080,0.18750,0.09970,0.31510,0.11700,0.08310,0.07870,0.26920,0.07680,0.15370
5:10:34,0.17750,0.11130,0.30270,0.16220,1.05240,0.19070,0.18530,0.13470,0.65410,0.13610,0.15130,0.15240,0.16530,0.13800,0.23530,0.99460,1.00760,1.06180,0.17460,0.25540,0.53350,0.16440,0.11020,0.15690,0.13160,0.11250,0.18020,0.93290,1.06360,1.02000,0.15510,0.21770,0.35820,0.14600,0.12170,0.14090,0.09030,0.11290,0.11810,0.65840,0.13030,0.90250,0.13430,0.17610,0.13290,0.13560,0.10290,0.08230,0.10390,0.20630,1.09030,0.12320,0.43040,0.13200,0.24830,0.12770,1.12930,0.11620,0.13680,0.08210,0.08720,0.36460,1.02870,0.33520,0.36520,0.65470,0.20230,0.13810,1.12840,0.71870,0.11420,0.26790,0.08920,0.24880,0.85000,0.31000,0.22370,0.50150,0.16910,0.14110,1.11770,0.49290,0.09410,0.22070,0.07790,0.15850,0.11130,0.18990,0.09990,0.32060,0.11780,0.08320,0.07890,0.27340,0.07670,0.15520
5:20:34,0.17960,0.11150,0.30760,0.16500,1.04800,0.19340,0.18720,0.13550,0.66450,0.13670,0.15230,0.15340,0.16690,0.13930,0.23850,1.00030,1.00590,1.06230,0.17620,0.25920,0.54330,0.16540,0.11070,0.15800,0.12950,0.11250,0.18240,0.94120,1.06200,1.02560,0.15660,0.22100,0.36440,0.14680,0.12200,0.14190,0.09050,0.11300,0.11880,0.66930,0.13130,0.91180,0.13530,0.17790,0.13420,0.13610,0.10270,0.08230,0.10410,0.20960,1.08770,0.12400,0.43820,0.13300,0.25130,0.12860,1.12430,0.11690,0.13670,0.08180,0.08740,0.37170,1.02960,0.34140,0.37130,0.66510,0.20490,0.13890,1.12310,0.72960,0.11450,0.27200,0.08930,0.25290,0.86040,0.31500,0.22730,0.51080,0.17070,0.14160,1.11790,0.50160,0.09420,0.22330,0.07780,0.16020,0.11200,0.19220,0.10040,0.32610,0.11860,0.08330,0.07900,0.27770,0.07660,0.15640
5:30:34,0.18120,0.11170,0.31250,0.16690,1.04390,0.19620,0.18930,0.13600,0.67590,0.13720,0.15340,0.15430,0.16850,0.14020,0.24160,1.00520,1.00510,1.06160,0.17790,0.26270,0.55280,0.16620,0.11110,0.15900,0.13060,0.11260,0.18450,0.94880,1.06090,1.03030,0.15810,0.22410,0.37030,0.14740,0.12210,0.14280,0.09050,0.11320,0.11940,0.67990,0.13240,0.92110,0.13640,0.17950,0.13510,0.13660,0.10250,0.08220,0.10420,0.21290,1.08510,0.12460,0.44560,0.13410,0.25460,0.12970,1.11950,0.11760,0.13670,0.08160,0.08760,0.37890,1.03050,0.34750,0.37740,0.67540,0.20740,0.13970,1.11770,0.74000,0.11460,0.27630,0.08940,0.25700,0.86990,0.32020,0.23090,0.51980,0.17240,0.14200,1.11540,0.51010,0.09420,0.22620,0.07780,0.16180,0.11260,0.19450,0.10070,0.33150,0.11940,0.08340,0.07910,0.28190,0.07670,0.15780
5:40:34,0.18300,0.11190,0.31730,0.16920,1.03990,0.19900,0.19110,0.13680,0.68550,0.13780,0.15430,0.15540,0.17000,0.14130,0.24480,1.00900,1.00330,1.06120,0.17950,0.26640,0.56230,0.16720,0.11160,0.16000,0.13170,0.11250,0.18670,0.95640,1.05880,1.03450,0.15940,0.22720,0.37640,0.14810,0.12230,0.14380,0.09050,0.11320,0.12070,0.69030,0.13350,0.92990,0.13740,0.18130,0.13600,0.13700,0.10240,0.08220,0.10450,0.21620,1.08230,0.12530,0.45320,0.13510,0.25770,0.13070,1.11430,0.11830,0.13660,0.08150,0.08770,0.38580,1.03150,0.35350,0.38360,0.68500,0.20990,0.14060,1.11240,0.75030,0.11470,0.28020,0.08950,0.26110,0.87930,0.32530,0.23460,0.52890,0.17400,0.14240,1.11260,0.51820,0.09420,0.22890,0.07790,0.16320,0.11330,0.19680,0.10110,0.33680,0.12010,0.08350,0.07920,0.28600,0.07670,0.15910
5:50:34,0.18600,0.11260,0.32240,0.17220,1.03540,0.20190,0.19330,0.13760,0.69580,0.13860,0.15570,0.15640,0.17190,0.14280,0.24890,1.01340,1.00200,1.06160,0.18150,0.27030,0.57200,0.16840,0.11270,0.16110,0.13330,0.11300,0.18920,0.96410,1.05800,1.03750,0.16100,0.23030,0.38250,0.14890,0.12280,0.14480,0.09100,0.11350,0.12130,0.70050,0.13480,0.93840,0.13850,0.18310,0.13700,0.13760,0.10270,0.08240,0.10560,0.21960,1.08000,0.12610,0.46080,0.13620,0.26100,0.13180,1.10920,0.11920,0.13670,0.08200,0.08810,0.39300,1.03260,0.35970,0.38960,0.69500,0.21250,0.14150,1.10780,0.76040,0.11510,0.28410,0.08980,0.26520,0.88770,0.33040,0.23840,0.53780,0.17580,0.14290,1.11000,0.52670,0.09460,0.23160,0.07790,0.16450,0.11410,0.19920,0.10170,0.34220,0.12090,0.08390,0.07960,0.29030,0.07670,0.16010
6:00:34,0.18780,0.11360,0.32770,0.17530,1.03270,0.20520,0.19560,0.13890,0.70620,0.13980,0.15730,0.15780,0.17410,0.14450,0.25360,1.01640,1.00180,1.06030,0.18350,0.27450,0.58120,0.16980,0.11450,0.16270,0.13530,0.11390,0.19230,0.97150,1.05730,1.04120,0.16290,0.23390,0.38900,0.15030,0.12390,0.14620,0.09200,0.11450,0.12210,0.71750,0.13640,0.94640,0.14000,0.18540,0.13820,0.13890,0.10360,0.08260,0.10730,0.22340,1.07750,0.12730,0.46860,0.13770,0.26450,0.13320,1.10590,0.12060,0.13720,0.08200,0.08840,0.40060,1.03320,0.36630,0.39630,0.70470,0.21550,0.14290,1.10340,0.77060,0.11600,0.28810,0.09030,0.26990,0.89630,0.33590,0.24250,0.54700,0.17800,0.14390,1.10710,0.53550,0.09540,0.23430,0.07820,0.16650,0.11530,0.20200,0.10290,0.34800,0.12210,0.08430,0.08000,0.29450,0.07670,0.16160
6:10:34,0.19040,0.11450,0.33270,0.17850,1.02910,0.20810,0.19780,0.13990,0.71600,0.14080,0.15860,0.15900,0.17620,0.14590,0.25720,1.01930,1.00100,1.06030,0.18550,0.27850,0.59060,0.17130,0.11600,0.16400,0.13710,0.11470,0.19510,0.97730,1.05560,1.04390,0.16460,0.23710,0.39520,0.15130,0.12470,0.14740,0.09260,0.11530,0.12340,0.72700,0.13790,0.95350,0.14130,0.18750,0.13950,0.13990,0.10420,0.08250,0.10780,0.22700,1.07520,0.12840,0.47620,0.13900,0.26770,0.13440,1.10210,0.12190,0.13770,0.08200,0.08870,0.40790,1.03400,0.37280,0.40260,0.71410,0.21830,0.14420,1.09920,0.78060,0.11670,0.29200,0.09050,0.27450,0.90440,0.34120,0.24680,0.55590,0.18000,0.14480,1.10390,0.54410,0.09570,0.23690,0.07830,0.16830,0.11660,0.20480,0.10400,0.35370,0.12310,0.08440,0.08010,0.29850,0.07680,0.16300
6:20:34,0.19270,0.11520,0.33770,0.18110,1.02540,0.21110,0.19960,0.14070,0.72540,0.14160,0.15980,0.16000,0.17810,0.14670,0.26070,1.02250,0.99960,1.05900,0.18730,0.28240,0.59960,0.17250,0.11720,0.16520,0.13880,0.11530,0.19780,0.98260,1.05430,1.04540,0.16610,0.24030,0.40110,0.15240,0.12550,0.14840,0.09290,0.11600,0.12440,0.73600,0.13910,0.96080,0.14230,0.18940,0.14050,0.14070,0.10450,0.08240,0.10750,0.23050,1.07260,0.12930,0.48350,0.14020,0.27120,0.13560,1.09790,0.12290,0.13800,0.08170,0.08890,0.41490,1.03400,0.37910,0.40870,0.72340,0.22090,0.14540,1.09500,0.79010,0.11730,0.29590,0.09060,0.27900,0.91220,0.34640,0.25070,0.56440,0.18200,0.14560,1.10080,0.55230,0.09580,0.23950,0.07830,0.16980,0.11760,0.20730,0.10480,0.35920,0.12390,0.08460,0.08030,0.30250,0.07680,0.16420
6:30:34,0.19440,0.11610,0.34250,0.18380,1.02260,0.21410,0.20180,0.14170,0.73480,0.14250,0.16120,0.16130,0.18030,0.14840,0.26440,1.02430,0.99880,1.05880,0.18920,0.28640,0.60860,0.17400,0.11900,0.16670,0.14050,0.11620,0.20060,0.98810,1.05310,1.04790,0.16780,0.24360,0.40730,0.15360,0.12640,0.14970,0.09340,0.11660,0.12560,0.74530,0.14050,0.96780,0.14350,0.19140,0.14170,0.14170,0.10520,0.08250,0.10830,0.23400,1.07050,0.13040,0.49090,0.14140,0.27440,0.13680,1.09430,0.12410,0.13870,0.08180,0.08920,0.42190,1.03390,0.38550,0.41470,0.73230,0.22370,0.14670,1.09080,0.79950,0.11790,0.29970,0.09090,0.28350,0.91940,0.35160,0.25470,0.57320,0.18400,0.14650,1.09730,0.56070,0.09610,0.24200,0.07840,0.17150,0.11860,0.21000,0.10580,0.36480,0.12490,0.08470,0.08050,0.30660,0.07680,0.16530
6:40:34,0.19650,0.11690,0.34740,0.18640,1.01890,0.21700,0.20360,0.14260,0.74410,0.14330,0.16270,0.16220,0.18240,0.14950,0.26820,1.02600,0.99690,1.05780,0.19120,0.29030,0.61740,0.17540,0.12060,0.16790,0.14220,0.11700,0.20340,0.99240,1.05160,1.04880,0.16930,0.24670,0.41320,0.15470,0.12730,0.15080,0.09390,0.11740,0.12750,0.75400,0.14180,0.97360,0.14470,0.19330,0.14270,0.14270,0.10570,0.08240,0.10960,0.23750,1.06770,0.13140,0.49830,0.14260,0.27770,0.13790,1.09050,0.12530,0.13910,0.08160,0.08940,0.42900,1.03370,0.39190,0.42090,0.74110,0.22650,0.14810,1.08690,0.80880,0.11850,0.30320,0.09120,0.28790,0.92590,0.35680,0.25880,0.58170,0.18590,0.14730,1.09390,0.56920,0.09640,0.24440,0.07830,0.17310,0.11980,0.21270,0.10680,0.37030,0.12580,0.08490,0.08070,0.31020,0.07680,0.16630
6:50:34,0.19860,0.11790,0.35230,0.18920,1.01680,0.22000,0.20570,0.14330,0.75290,0.14430,0.16430,0.16320,0.18450,0.15080,0.27070,1.02760,0.99610,1.05670,0.19300,0.29420,0.62610,0.17690,0.12220,0.16930,0.14380,0.11790,0.20620,0.99670,1.05100,1.04910,0.17090,0.25000,0.41920,0.15590,0.12820,0.15190,0.09420,0.11820,0.12970,0.76260,0.14310,0.97960,0.14580,0.19530,0.14380,0.14360,0.10620,0.08230,0.11050,0.24110,1.06570,0.13240,0.50550,0.14380,0.28120,0.13920,1.08760,0.12660,0.13970,0.08160,0.08980,0.43590,1.03340,0.39820,0.42700,0.74960,0.22940,0.14970,1.08320,0.81760,0.11910,0.30710,0.09140,0.29230,0.93190,0.36210,0.26280,0.59010,0.18790,0.14830,1.09070,0.57760,0.09660,0.24690,0.07840,0.17470,0.12080,0.21530,0.10780,0.37570,0.12660,0.08500,0.08090,0.31410,0.07690,0.16720
7:00:34,0.19980,0.11870,0.35690,0.19200,1.01380,0.22300,0.20780,0.14440,0.76190,0.14510,0.16600,0.16430,0.18650,0.15230,0.27440,1.02890,0.99500,1.05550,0.19480,0.29820,0.63470,0.17850,0.12370,0.17070,0.14550,0.11870,0.20890,1.00160,1.04950,1.05140,0.17250,0.25320,0.42510,0.15710,0.12900,0.15310,0.09460,0.11890,0.12920,0.77070,0.14450,0.98420,0.14690,0.19720,0.14480,0.14450,0.10670,0.08250,0.11100,0.24450,1.06290,0.13340,0.51240,0.14500,0.28470,0.14040,1.08400,0.12780,0.14020,0.08160,0.09010,0.44290,1.03280,0.40480,0.43280,0.75810,0.23230,0.15130,1.07970,0.82620,0.11980,0.31070,0.09160,0.29670,0.93760,0.36710,0.26670,0.59850,0.18990,0.14930,1.08750,0.58560,0.09680,0.24940,0.07850,0.17630,0.12190,0.21800,0.10880,0.38120,0.12760,0.08530,0.08110,0.31820,0.07710,0.16770
7:10:34,0.20230,0.11960,0.36160,0.19490,1.01060,0.22580,0.20980,0.14510,0.77090,0.14610,0.16740,0.16530,0.18870,0.15340,0.27800,1.02940,0.99370,1.05430,0.19690,0.30230,0.64320,0.18010,0.12510,0.17230,0.14700,0.11950,0.21170,1.00500,1.04840,1.05140,0.17400,0.25620,0.43110,0.15820,0.12990,0.15430,0.09490,0.11970,0.13050,0.77910,0.14580,0.98980,0.14800,0.19900,0.14580,0.14540,0.10720,0.08240,0.11110,0.24790,1.06080,0.13360,0.51960,0.14600,0.28820,0.14150,1.08050,0.12900,0.14080,0.08140,0.09040,0.44970,1.03220,0.41120,0.43880,0.76610,0.23500,0.15310,1.07620,0.83450,0.12040,0.31440,0.09310,0.30110,0.94290,0.37230,0.27070,0.60680,0.19190,0.15020,1.08400,0.59320,0.09710,0.25180,0.07850,0.17790,0.12290,0.22060,0.10960,0.38650,0.12850,0.08550,0.08130,0.32200,0.07710,0.16880
7:20:34,0.20380,0.12020,0.36640,0.19730,1.00820,0.22860,0.21190,0.14570,0.77980,0.14660,0.16910,0.16620,0.19060,0.15470,0.28130,1.03040,0.99240,1.05380,0.19860,0.30620,0.65130,0.18150,0.12650,0.17370,0.14840,0.12030,0.21420,1.00870,1.04710,1.05230,0.17550,0.25930,0.43680,0.15920,0.13070,0.15540,0.09510,0.12030,0.13260,0.78720,0.14690,0.99430,0.14890,0.20100,0.14680,0.14610,0.10750,0.08230,0.11090,0.25140,1.05880,0.13460,0.52640,0.14720,0.29170,0.14250,1.07800,0.13010,0.14120,0.08130,0.09070,0.45640,1.03180,0.41730,0.44460,0.77420,0.23780,0.15460,1.07290,0.84210,0.12080,0.31800,0.09310,0.30530,0.94760,0.37720,0.27450,0.61490,0.19370,0.15120,1.08070,0.60080,0.09710,0.25420,0.07860,0.17940,0.12380,0.22320,0.11040,0.39160,0.12930,0.08560,0.08150,0.32560,0.07720,0.16980
7:30:34,0.20610,0.12120,0.37100,0.20020,1.00570,0.23160,0.21420,0.14690,0.78750,0.14770,0.17070,0.16730,0.19290,0.15590,0.28500,1.03050,0.99130,1.05220,0.20050,0.31040,0.65950,0.18300,0.12800,0.17510,0.15000,0.12120,0.21700,1.01120,1.04580,1.05270,0.17710,0.26240,0.44260,0.16030,0.13150,0.15650,0.09540,0.12110,0.13360,0.79490,0.14810,0.99800,0.14990,0.20280,0.14780,0.14690,0.10790,0.08250,0.11160,0.25460,1.05620,0.13560,0.53330,0.14810,0.29530,0.14350,1.07530,0.13120,0.14190,0.08160,0.09130,0.46310,1.03060,0.42340,0.45040,0.78200,0.24040,0.15610,1.06950,0.84950,0.12130,0.32150,0.09320,0.30950,0.95190,0.38220,0.27820,0.62290,0.19560,0.15210,1.07740,0.60830,0.09730,0.25650,0.07870,0.18090,0.12480,0.22580,0.11120,0.39700,0.13010,0.08570,0.08180,0.32940,0.07730,0.17060
7:40:34,0.20880,0.12240,0.37590,0.20320,1.00310,0.23460,0.21670,0.14780,0.79580,0.14870,0.17230,0.16840,0.19530,0.15770,0.28850,1.03110,0.99030,1.05150,0.20250,0.31510,0.66770,0.18450,0.12990,0.17670,0.15180,0.12250,0.21990,1.01390,1.04470,1.05140,0.17890,0.26580,0.44850,0.16180,0.13280,0.15790,0.09630,0.12220,0.13380,0.80290,0.14970,1.00330,0.15110,0.20490,0.14900,0.14800,0.10890,0.08250,0.11280,0.25820,1.05430,0.13680,0.54020,0.14940,0.29880,0.14480,1.07310,0.13260,0.14310,0.08150,0.09170,0.47010,1.02970,0.42980,0.45640,0.78950,0.24340,0.15760,1.06610,0.85720,0.12250,0.32520,0.09350,0.31410,0.95620,0.38730,0.28240,0.63110,0.19790,0.15340,1.07460,0.61630,0.09810,0.25880,0.07890,0.18290,0.12610,0.22860,0.11240,0.40240,0.13120,0.08610,0.08220,0.33330,0.07740,0.17140
7:50:34,0.21050,0.12340,0.38000,0.20580,1.00130,0.23740,0.21910,0.14860,0.80360,0.14950,0.17360,0.16930,0.19760,0.15860,0.29260,1.03130,0.98870,1.04960,0.20440,0.31910,0.67580,0.18580,0.13130,0.17790,0.15360,0.12360,0.22280,1.01450,1.04410,1.05280,0.18050,0.26920,0.45420,0.16300,0.13370,0.15890,0.09680,0.12320,0.13500,0.81030,0.15110,1.00710,0.15220,0.20680,0.15000,0.14900,0.10940,0.08250,0.11350,0.26170,1.05250,0.13790,0.54700,0.15060,0.30210,0.14600,1.07100,0.13370,0.14420,0.08130,0.09200,0.47660,1.02840,0.43570,0.46230,0.79700,0.24610,0.15890,1.06320,0.86410,0.12320,0.32880,0.09360,0.31850,0.96030,0.39250,0.28630,0.63890,0.19990,0.15440,1.07150,0.62400,0.09840,0.26110,0.07890,0.18490,0.12710,0.23130,0.11340,0.40760,0.13220,0.08620,0.08240,0.33680,0.07750,0.17210
8:00:34,0.21210,0.12420,0.38460,0.20820,0.99880,0.24010,0.22160,0.14940,0.81060,0.15040,0.17480,0.17020,0.19960,0.16000,0.29630,1.03140,0.98820,1.04910,0.20620,0.32290,0.68350,0.18670,0.13270,0.17900,0.15520,0.12440,0.22550,1.01710,1.04260,1.05180,0.18200,0.27230,0.45980,0.16410,0.13450,0.16000,0.09720,0.12400,0.13610,0.81780,0.15220,1.01040,0.15320,0.20860,0.15100,0.14980,0.10990,0.08240,0.11410,0.26500,1.05080,0.13900,0.55350,0.15170,0.30530,0.14710,1.06910,0.13490,0.14540,0.08120,0.09230,0.48310,1.02760,0.44160,0.46790,0.80410,0.24870,0.16010,1.06000,0.87070,0.12390,0.33240,0.09370,0.32270,0.96370,0.39730,0.29030,0.64640,0.20190,0.15520,1.06880,0.63140,0.09830,0.26350,0.07890,0.18660,0.12810,0.23390,0.11400,0.41280,0.13300,0.08630,0.08250,0.34040,0.07770,0.17290
8:10:34,0.21470,0.12530,0.38920,0.21150,0.99670,0.24300,0.22390,0.15040,0.81810,0.15120,0.17620,0.17130,0.20190,0.16110,0.30030,1.03140,0.98710,1.04840,0.20820,0.32700,0.69130,0.18800,0.13420,0.18010,0.15690,0.12560,0.22820,1.02000,1.04150,1.05120,0.18370,0.27550,0.46550,0.16510,0.13560,0.16110,0.09760,0.12500,0.13720,0.82450,0.15350,1.01400,0.15420,0.21060,0.15190,0.15080,0.11050,0.08270,0.11460,0.26830,1.04810,0.14010,0.55990,0.15280,0.30840,0.14820,1.06650,0.13610,0.14680,0.08160,0.09270,0.48950,1.02670,0.44740,0.47370,0.81060,0.25120,0.16130,1.05710,0.87720,0.12460,0.33610,0.09400,0.32700,0.96670,0.40240,0.29410,0.65350,0.20380,0.15610,1.06570,0.63870,0.09840,0.26570,0.07910,0.18830,0.12920,0.23660,0.11480,0.41800,0.13390,0.08660,0.08290,0.34430,0.07780,0.17380
8:20:34,0.21640,0.12650,0.39410,0.21420,0.99460,0.24590,0.22650,0.15130,0.82490,0.15220,0.17750,0.17230,0.20420,0.16280,0.30450,1.03120,0.98580,1.04750,0.21010,0.33080,0.69900,0.18930,0.13590,0.18140,0.15870,0.12690,0.23120,1.02110,1.04070,1.05100,0.18530,0.27870,0.47120,0.16640,0.13680,0.16230,0.09840,0.12600,0.13860,0.83180,0.15490,1.01700,0.15530,0.21260,0.15310,0.15180,0.11150,0.08290,0.11530,0.27180,1.04710,0.14130,0.56650,0.15410,0.31130,0.14940,1.06490,0.13740,0.14850,0.08150,0.09320,0.49620,1.02570,0.45340,0.47970,0.81740,0.25390,0.16260,1.05400,0.88320,0.12560,0.33990,0.09440,0.33140,0.96970,0.40750,0.29810,0.66090,0.20600,0.15710,1.06310,0.64630,0.09900,0.26780,0.07910,0.19030,0.13040,0.23930,0.11590,0.42330,0.13490,0.08690,0.08330,0.34790,0.07800,0.17460
8:30:34,0.21880,0.12780,0.39910,0.21730,0.99250,0.24890,0.22910,0.15260,0.83200,0.15330,0.17880,0.17380,0.20660,0.16410,0.30910,1.03140,0.98540,1.04580,0.21210,0.33480,0.70680,0.19070,0.13750,0.18260,0.16070,0.12820,0.23430,1.02310,1.04000,1.05150,0.18700,0.28200,0.47690,0.16750,0.13800,0.16350,0.09930,0.12720,0.14010,0.83850,0.15630,1.01990,0.15660,0.21480,0.15430,0.15300,0.11250,0.08320,0.11610,0.27530,1.04500,0.14260,0.57340,0.15550,0.31480,0.15070,1.06270,0.13890,0.15040,0.08170,0.09360,0.50290,1.02460,0.45930,0.48540,0.82400,0.25660,0.16390,1.05130,0.88940,0.12670,0.34360,0.09470,0.33590,0.97280,0.41250,0.30220,0.66850,0.20820,0.15810,1.06040,0.65360,0.09960,0.27000,0.07940,0.19240,0.13160,0.24220,0.11690,0.42850,0.13580,0.08720,0.08360,0.35140,0.07810,0.17540
8:40:34,0.22020,0.12880,0.40350,0.22000,0.99090,0.25170,0.23110,0.15370,0.83830,0.15410,0.17990,0.17470,0.20860,0.16560,0.31300,1.03110,0.98370,1.04510,0.21400,0.33840,0.71360,0.19190,0.13910,0.18360,0.16240,0.12940,0.23700,1.02520,1.03910,1.05040,0.18880,0.28500,0.48270,0.16850,0.13920,0.16450,0.10000,0.12820,0.14300,0.84480,0.15760,1.02270,0.15770,0.21670,0.15530,0.15400,0.11330,0.08330,0.11670,0.27850,1.04320,0.14380,0.57950,0.15680,0.31760,0.15190,1.06050,0.14010,0.15180,0.08150,0.09370,0.50920,1.02330,0.46520,0.49120,0.83050,0.25930,0.16500,1.04880,0.89550,0.12760,0.34710,0.09490,0.34020,0.97540,0.41740,0.30630,0.67570,0.21020,0.15900,1.05740,0.66050,0.10010,0.27210,0.07980,0.19450,0.13270,0.24490,0.11790,0.43370,0.13670,0.08740,0.08380,0.35500,0.07820,0.17590
8:50:34,0.22220,0.12960,0.40810,0.22270,0.98830,0.25440,0.23310,0.15440,0.84470,0.15490,0.18090,0.17560,0.21040,0.16680,0.31680,1.03050,0.98300,1.04350,0.21570,0.34190,0.72070,0.19310,0.14030,0.18460,0.16390,0.13030,0.23980,1.02640,1.03720,1.04960,0.19010,0.28800,0.48810,0.16950,0.14010,0.16540,0.10060,0.12910,0.14300,0.85120,0.15890,1.02470,0.15870,0.21870,0.15610,0.15490,0.11400,0.08340,0.11730,0.28210,1.04120,0.14480,0.58580,0.15790,0.32040,0.15280,1.05840,0.14110,0.15290,0.08120,0.09390,0.51530,1.02200,0.47080,0.49690,0.83630,0.26190,0.16620,1.04580,0.90070,0.12840,0.35060,0.09500,0.34450,0.97750,0.42230,0.31000,0.68230,0.21230,0.15980,1.05450,0.66710,0.10020,0.27420,0.07990,0.19620,0.13370,0.24750,0.11870,0.43860,0.13760,0.08740,0.08390,0.35850,0.07840,0.17710
9:00:34,0.22400,0.13040,0.41260,0.22530,0.98700,0.25720,0.23490,0.15530,0.84990,0.15560,0.18190,0.17640,0.21230,0.16800,0.32050,1.02980,0.98180,1.04320,0.21750,0.34530,0.72760,0.19420,0.14150,0.18560,0.16540,0.13120,0.24230,1.02860,1.03670,1.05010,0.19160,0.29080,0.49340,0.17040,0.14090,0.16630,0.10090,0.12990,0.14380,0.85720,0.16010,1.02660,0.15960,0.22040,0.15710,0.15560,0.11450,0.08360,0.11750,0.28520,1.03950,0.14590,0.59220,0.15900,0.32330,0.15380,1.05560,0.14220,0.15380,0.08110,0.09410,0.52130,1.02110,0.47660,0.50240,0.84220,0.26430,0.16730,1.04310,0.90620,0.12900,0.35390,0.09510,0.34870,0.97910,0.42710,0.31370,0.68930,0.21410,0.16050,1.05160,0.67350,0.10030,0.27630,0.08030,0.19790,0.13470,0.25000,0.11950,0.44340,0.13840,0.08750,0.08410,0.36210,0.07860,0.17760
9:10:34,0.22620,0.13120,0.41710,0.22800,0.98460,0.26000,0.23680,0.15630,0.85620,0.15650,0.18300,0.17730,0.21450,0.16940,0.32390,1.02930,0.98070,1.04190,0.21920,0.34900,0.73460,0.19530,0.14260,0.18650,0.16680,0.13200,0.24490,1.02960,1.03630,1.05000,0.19300,0.29370,0.49870,0.17120,0.14180,0.16720,0.10120,0.13070,0.14600,0.86300,0.16130,1.02850,0.16050,0.22230,0.15810,0.15640,0.11480,0.08380,0.11790,0.28840,1.03800,0.14690,0.59810,0.16010,0.32620,0.15480,1.05370,0.14340,0.15460,0.08120,0.09430,0.52760,1.01970,0.48210,0.50780,0.84790,0.26680,0.16840,1.04060,0.91110,0.12980,0.35710,0.09530,0.35260,0.98080,0.43180,0.31750,0.69590,0.21600,0.16120,1.04850,0.67980,0.10050,0.27830,0.08110,0.19950,0.13560,0.25250,0.12030,0.44840,0.13920,0.08770,0.08440,0.36560,0.07870,0.17870
9:20:34,0.22760,0.13190,0.42170,0.23030,0.98280,0.26260,0.23870,0.15690,0.86220,0.15730,0.18410,0.17810,0.21650,0.17030,0.32730,1.02830,0.97980,1.04060,0.22100,0.35240,0.74090,0.19630,0.14370,0.18740,0.16830,0.13280,0.24750,1.03010,1.03450,1.04870,0.19460,0.29650,0.50390,0.17220,0.14260,0.16800,0.10150,0.13150,0.14880,0.86910,0.16240,1.03050,0.16160,0.22420,0.15890,0.15720,0.11510,0.08380,0.11810,0.29160,1.03580,0.14790,0.60390,0.16120,0.32910,0.15570,1.05120,0.14430,0.15520,0.08110,0.09460,0.53350,1.01860,0.48760,0.51320,0.85370,0.26930,0.16940,1.03780,0.91590,0.13040,0.36040,0.09550,0.35670,0.98250,0.43650,0.32110,0.70250,0.21790,0.16190,1.04600,0.68600,0.10070,0.28020,0.08170,0.20110,0.13650,0.25500,0.12100,0.45300,0.13990,0.08790,0.08470,0.36910,0.07890,0.17950
9:30:34,0.22960,0.13270,0.42600,0.23300,0.98070,0.26530,0.24060,0.15780,0.86760,0.15800,0.18510,0.17900,0.21840,0.17150,0.33070,1.02770,0.97830,1.03880,0.22250,0.35590,0.74770,0.19730,0.14480,0.18830,0.16970,0.13350,0.24990,1.03060,1.03340,1.04730,0.19570,0.29920,0.50910,0.17300,0.14320,0.16870,0.10170,0.13210,0.15080,0.87450,0.16350,1.03190,0.16250,0.22600,0.15950,0.15800,0.11590,0.08390,0.11830,0.29470,1.03440,0.14880,0.60980,0.16220,0.33200,0.15670,1.04910,0.14530,0.15590,0.08110,0.09480,0.53940,1.01690,0.49310,0.51860,0.85900,0.27170,0.17040,1.03540,0.92050,0.13110,0.36330,0.09570,0.36070,0.98320,0.44120,0.32470,0.70860,0.21970,0.16250,1.04310,0.69180,0.10100,0.28200,0.08160,0.20270,0.13740,0.25740,0.12170,0.45780,0.14060,0.08800,0.08510,0.37240,0.07900,0.18050
9:40:34,0.23150,0.13340,0.43020,0.23560,0.97900,0.26800,0.24240,0.15860,0.87280,0.15880,0.18600,0.18000,0.22030,0.17280,0.33420,1.02720,0.97790,1.03890,0.22440,0.35930,0.75400,0.19830,0.14580,0.18940,0.17120,0.13430,0.25250,1.03100,1.03340,1.04660,0.19710,0.30200,0.51420,0.17390,0.14410,0.16960,0.10200,0.13300,0.15010,0.88010,0.16480,1.03320,0.16340,0.22800,0.16040,0.15880,0.11630,0.08390,0.11860,0.29790,1.03260,0.14990,0.61590,0.16340,0.33490,0.15770,1.04710,0.14640,0.15660,0.08090,0.09510,0.54530,1.01580,0.49860,0.52380,0.86430,0.27410,0.17150,1.03320,0.92510,0.13180,0.36630,0.09600,0.36480,0.98390,0.44580,0.32840,0.71490,0.22160,0.16330,1.04100,0.69790,0.10130,0.28400,0.08100,0.20430,0.13830,0.25980,0.12250,0.46240,0.14130,0.08820,0.08540,0.37580,0.07930,0.18120
9:50:34,0.23340,0.13430,0.43480,0.23840,0.97770,0.27070,0.24430,0.15970,0.87820,0.15960,0.18700,0.18120,0.22240,0.17380,0.33790,1.02650,0.97700,1.03740,0.22610,0.36280,0.76030,0.19950,0.14710,0.19030,0.17280,0.13520,0.25510,1.03200,1.03110,1.04630,0.19850,0.30490,0.51920,0.17490,0.14490,0.17050,0.10240,0.13380,0.14860,0.88560,0.16600,1.03430,0.16450,0.22990,0.16150,0.15960,0.11690,0.08420,0.11870,0.30100,1.03090,0.15090,0.62140,0.16440,0.33770,0.15860,1.04430,0.14750,0.15730,0.08130,0.09540,0.55110,1.01450,0.50380,0.52910,0.86940,0.27660,0.17250,1.03090,0.92940,0.13250,0.36910,0.09640,0.36870,0.98460,0.45050,0.33200,0.72130,0.22350,0.16420,1.03810,0.70370,0.10180,0.28580,0.08070,0.20600,0.13930,0.26220,0.12320,0.46700,0.14210,0.08850,0.08580,0.37930,0.07950,0.18190
10:00:34,0.23570,0.13540,0.43940,0.24120,0.97590,0.27360,0.24630,0.16050,0.88350,0.16060,0.18820,0.18200,0.22450,0.17510,0.34200,1.02540,0.97580,1.03580,0.22800,0.36660,0.76670,0.20070,0.14850,0.19140,0.17470,0.13640,0.25800,1.03180,1.03060,1.04450,0.20010,0.30790,0.52410,0.17600,0.14600,0.17160,0.10310,0.13490,0.15000,0.89060,0.16740,1.03530,0.16560,0.23200,0.16230,0.16060,0.11770,0.08440,0.11960,0.30430,1.02900,0.15210,0.62740,0.16550,0.34080,0.15980,1.04260,0.14880,0.15820,0.08130,0.09580,0.55720,1.01320,0.50960,0.53460,0.87460,0.27910,0.17380,1.02910,0.93370,0.13350,0.37210,0.09690,0.37290,0.98560,0.45540,0.33580,0.72730,0.22560,0.16510,1.03620,0.70990,0.10270,0.28770,0.08100,0.20800,0.14050,0.26510,0.12430,0.47190,0.14310,0.08890,0.08630,0.38260,0.07960,0.18270

