420

Time,A1,A2,A3,A4,A5,A6,A7,A8,A9,A10,A11,A12,B1,B2,B3,B4,B5,B6,B7,B8,B9,B10,B11,B12,C1,C2,C3,C4,C5,C6,C7,C8,C9,C10,C11,C12,D1,D2,D3,D4,D5,D6,D7,D8,D9,D10,D11,D12,E1,E2,E3,E4,E5,E6,E7,E8,E9,E10,E11,E12,F1,F2,F3,F4,F5,F6,F7,F8,F9,F10,F11,F12,G1,G2,G3,G4,G5,G6,G7,G8,G9,G10,G11,G12,H1,H2,H3,H4,H5,H6,H7,H8,H9,H10,H11,H12
0:00:09,0.34170,0.07760,0.10180,0.08580,0.09290,0.08090,0.09210,0.07820,0.09350,0.09030,0.10030,0.08930,0.26280,0.09670,0.12670,0.09150,0.09150,0.08600,0.08880,0.10590,0.09730,0.09410,0.08960,0.08920,0.19750,0.10200,0.09510,0.08800,0.09280,0.09750,0.09360,0.10300,0.09230,0.08910,0.08840,0.08960,0.09470,0.08920,0.09160,0.08500,0.08450,0.09070,0.09570,0.50980,0.07720,0.08750,0.08390,0.12530,0.10570,0.07710,0.21510,0.07890,0.09170,0.08600,0.09120,0.07740,0.09630,0.08590,0.09070,0.08900,0.09040,0.09610,0.18570,0.09550,0.09380,0.11100,0.09940,0.10500,0.10120,0.09500,0.08600,0.09610,0.09450,0.09100,0.12520,0.08840,0.10230,0.09170,0.08820,0.10660,0.09200,0.08600,0.08570,0.08550,0.09340,0.10720,0.08410,0.08480,0.08280,0.08310,0.08470,0.17020,0.13690,0.09330,0.08500,0.08340
0:01:49,0.42580,0.07710,0.10360,0.08540,0.09200,0.08070,0.09160,0.07760,0.09510,0.08970,0.10160,0.08900,0.31070,0.09480,0.12580,0.09090,0.09100,0.08530,0.08810,0.10890,0.09360,0.09600,0.09010,0.08670,0.22990,0.10000,0.09530,0.08670,0.09260,0.09680,0.09340,0.10420,0.09100,0.09090,0.08880,0.08860,0.09440,0.08880,0.09140,0.08460,0.08420,0.09000,0.09550,0.52040,0.07670,0.08690,0.08270,0.12310,0.10770,0.07700,0.25610,0.07750,0.09040,0.08560,0.08880,0.07690,0.09400,0.08540,0.08870,0.08880,0.09130,0.09540,0.21460,0.09470,0.09340,0.11010,0.09730,0.10900,0.10240,0.09500,0.08490,0.09500,0.09460,0.09120,0.14200,0.08830,0.10190,0.09140,0.08790,0.10860,0.09240,0.08590,0.08490,0.08540,0.09310,0.10680,0.08380,0.08430,0.08250,0.08260,0.08430,0.16730,0.11590,0.09300,0.08480,0.08290
0:03:29,0.50070,0.07690,0.10590,0.08680,0.09190,0.07780,0.09080,0.07740,0.09680,0.08950,0.10490,0.08880,0.36360,0.09420,0.12730,0.09030,0.09080,0.08510,0.08770,0.11380,0.09440,0.09960,0.09150,0.08630,0.26320,0.09700,0.09560,0.08640,0.09220,0.09680,0.09310,0.10660,0.09390,0.09350,0.08950,0.08820,0.09430,0.08870,0.09110,0.08440,0.08410,0.09010,0.09530,0.52760,0.07650,0.08820,0.07740,0.12170,0.10990,0.07680,0.30380,0.07740,0.09030,0.08640,0.09000,0.07670,0.09620,0.08520,0.08820,0.08880,0.09290,0.09570,0.25180,0.09460,0.09350,0.10810,0.09690,0.11450,0.10350,0.09540,0.08460,0.09490,0.09530,0.09130,0.15960,0.08790,0.10120,0.09120,0.08770,0.11150,0.09310,0.08640,0.08490,0.08540,0.08350,0.10660,0.08370,0.08400,0.08240,0.08220,0.08400,0.16460,0.08290,0.09320,0.08420,0.08290
0:05:09,0.57090,0.07670,0.10850,0.08630,0.09170,0.07800,0.09030,0.07720,0.09890,0.08910,0.10830,0.08840,0.41940,0.09370,0.12780,0.09000,0.09070,0.08490,0.08750,0.11910,0.09580,0.10370,0.09300,0.08780,0.29550,0.09550,0.09620,0.08630,0.09180,0.09660,0.09300,0.10920,0.09470,0.09670,0.09040,0.08780,0.09410,0.08770,0.09090,0.08410,0.08400,0.09000,0.09500,0.53600,0.07640,0.08950,0.07720,0.12070,0.11100,0.07670,0.34910,0.07730,0.09000,0.08620,0.09350,0.07650,0.09890,0.08490,0.08780,0.08850,0.09450,0.09590,0.28660,0.09420,0.09330,0.10740,0.09660,0.11980,0.10510,0.09620,0.08430,0.09530,0.09600,0.09170,0.17690,0.08770,0.10070,0.09070,0.08760,0.11490,0.09380,0.08680,0.08490,0.08540,0.08340,0.10720,0.08360,0.08390,0.08230,0.08210,0.08400,0.16260,0.08070,0.09340,0.08400,0.08290
0:06:49,0.63650,0.07660,0.11130,0.08620,0.09160,0.07770,0.09000,0.07700,0.10140,0.08910,0.11170,0.08830,0.47680,0.09300,0.12830,0.08970,0.09050,0.08470,0.08720,0.12450,0.09690,0.10850,0.09500,0.08780,0.33000,0.09370,0.09670,0.08600,0.09140,0.09640,0.09280,0.11240,0.09120,0.10020,0.09120,0.08760,0.07890,0.08720,0.09070,0.08370,0.08370,0.08970,0.09490,0.54260,0.07620,0.09090,0.07710,0.11870,0.11280,0.07670,0.39520,0.07730,0.09000,0.08610,0.08610,0.07630,0.10220,0.08480,0.08790,0.08840,0.09610,0.09640,0.32410,0.09390,0.09310,0.10690,0.09640,0.12600,0.10700,0.09740,0.08420,0.09570,0.09680,0.09180,0.19560,0.08740,0.10010,0.09070,0.08740,0.11880,0.09460,0.08720,0.08460,0.08560,0.08320,0.10640,0.08350,0.08360,0.08210,0.08190,0.07640,0.15980,0.07730,0.09370,0.08390,0.08300
0:08:29,0.69930,0.07660,0.11450,0.08620,0.09150,0.07750,0.08990,0.07690,0.10460,0.08880,0.11570,0.08820,0.53390,0.09330,0.12820,0.08940,0.09050,0.08460,0.08710,0.13020,0.09870,0.11320,0.09730,0.08780,0.36550,0.09300,0.09740,0.08590,0.09120,0.09600,0.09270,0.11610,0.09180,0.10350,0.09220,0.08760,0.07890,0.08710,0.09050,0.08340,0.08370,0.08970,0.09390,0.55340,0.07620,0.09250,0.07700,0.11750,0.11460,0.07660,0.44440,0.07710,0.09000,0.08600,0.08660,0.07630,0.10530,0.08450,0.08770,0.08840,0.09780,0.09690,0.36180,0.09350,0.09320,0.10600,0.09630,0.13140,0.10850,0.09870,0.08420,0.09660,0.09770,0.09200,0.21370,0.08730,0.09990,0.09030,0.08730,0.12250,0.09540,0.08790,0.08430,0.08590,0.08120,0.10640,0.08340,0.08360,0.08210,0.08180,0.07630,0.15940,0.07710,0.09410,0.08380,0.08310
0:10:09,0.76000,0.07650,0.11720,0.08610,0.09160,0.07740,0.08980,0.07690,0.10750,0.08870,0.12010,0.09030,0.58890,0.09320,0.12950,0.08930,0.09050,0.08460,0.08700,0.13580,0.10050,0.11860,0.09940,0.08780,0.40240,0.08940,0.09800,0.08580,0.09100,0.09600,0.09260,0.11990,0.09280,0.10720,0.09330,0.08750,0.07880,0.08670,0.09030,0.08320,0.08350,0.08960,0.07670,0.56250,0.07610,0.09420,0.07690,0.11620,0.11670,0.07660,0.48960,0.07710,0.08990,0.08150,0.08620,0.07620,0.10850,0.08450,0.08770,0.08840,0.09960,0.09760,0.40420,0.09350,0.09330,0.10580,0.09600,0.13720,0.11060,0.09980,0.08410,0.09740,0.09860,0.09230,0.23340,0.08710,0.10000,0.09020,0.08720,0.12690,0.09640,0.08860,0.08440,0.08630,0.07950,0.10590,0.08320,0.08340,0.08190,0.08160,0.07630,0.15760,0.07710,0.09450,0.08370,0.08330
0:11:49,0.82220,0.07640,0.12000,0.08610,0.09140,0.07740,0.08970,0.07670,0.11060,0.08850,0.12420,0.08660,0.64580,0.09280,0.13040,0.08920,0.09040,0.08470,0.08700,0.14190,0.10220,0.12400,0.10190,0.08800,0.44070,0.08930,0.09870,0.08570,0.09080,0.09600,0.09260,0.12390,0.09360,0.11240,0.09440,0.08750,0.07880,0.08660,0.09030,0.08310,0.08350,0.08970,0.07670,0.57050,0.07600,0.09600,0.07690,0.11390,0.11910,0.07660,0.53750,0.07700,0.08990,0.07670,0.08650,0.07610,0.11220,0.08430,0.08740,0.08820,0.10150,0.09830,0.44270,0.09330,0.09320,0.10560,0.09590,0.14270,0.11290,0.10060,0.08400,0.09810,0.09960,0.09260,0.25140,0.08710,0.09920,0.09000,0.08710,0.13140,0.09730,0.08920,0.08430,0.08670,0.07630,0.10630,0.08320,0.08330,0.08180,0.08160,0.07630,0.15710,0.07700,0.09490,0.08370,0.08360
0:13:29,0.88250,0.07650,0.12330,0.08600,0.09140,0.07740,0.08960,0.07670,0.11370,0.08850,0.12860,0.08640,0.70180,0.09310,0.13220,0.08900,0.09040,0.08470,0.08690,0.14810,0.10430,0.12950,0.10430,0.08800,0.47950,0.08920,0.09940,0.08560,0.09080,0.09610,0.09250,0.12820,0.09460,0.11600,0.09550,0.08740,0.07640,0.08640,0.09010,0.08300,0.08340,0.08960,0.07670,0.58230,0.07600,0.09800,0.07690,0.11360,0.12190,0.07660,0.58160,0.07700,0.09010,0.07670,0.08600,0.07610,0.11600,0.08420,0.08760,0.08840,0.10350,0.09900,0.48630,0.09320,0.09320,0.10520,0.09580,0.14860,0.11490,0.10190,0.08410,0.09910,0.10070,0.09300,0.27190,0.08710,0.09880,0.08990,0.08710,0.13540,0.09840,0.09010,0.08420,0.08720,0.07630,0.10590,0.08310,0.08320,0.08190,0.08160,0.07630,0.15410,0.07660,0.09550,0.08360,0.08390
0:15:09,0.94000,0.07640,0.12570,0.08590,0.09160,0.07720,0.08950,0.07670,0.11670,0.08830,0.13280,0.08620,0.75650,0.09340,0.13360,0.08900,0.09050,0.08480,0.08680,0.15460,0.10630,0.13560,0.10720,0.08790,0.51370,0.08890,0.10020,0.08550,0.09070,0.09610,0.09250,0.13270,0.08800,0.11930,0.09680,0.08750,0.07640,0.08830,0.09000,0.08300,0.08870,0.09110,0.07670,0.59010,0.07600,0.10000,0.07680,0.11200,0.12440,0.07650,0.63160,0.07710,0.09010,0.07670,0.08660,0.07610,0.11960,0.08410,0.08760,0.08820,0.10520,0.09960,0.52150,0.09310,0.09320,0.10530,0.09600,0.15500,0.11720,0.10290,0.08410,0.09990,0.10170,0.09330,0.29140,0.08710,0.09850,0.08970,0.08710,0.14040,0.09950,0.09090,0.08420,0.08770,0.07630,0.10560,0.08310,0.08320,0.08180,0.08170,0.07630,0.20270,0.07650,0.09600,0.08360,0.08430
0:16:49,0.99750,0.07640,0.12830,0.08580,0.09180,0.07730,0.08940,0.07670,0.12030,0.08830,0.13740,0.08630,0.81050,0.09330,0.13600,0.08900,0.09050,0.08490,0.08670,0.16120,0.10870,0.14140,0.11010,0.08820,0.54760,0.08730,0.10100,0.08550,0.09070,0.09600,0.09250,0.13690,0.08920,0.12350,0.09800,0.08750,0.07630,0.08820,0.08990,0.08290,0.08100,0.08710,0.07660,0.59450,0.07600,0.10200,0.07690,0.11130,0.12750,0.07650,0.68330,0.07700,0.09020,0.07660,0.08600,0.07610,0.12380,0.08400,0.08760,0.08810,0.10650,0.10040,0.56140,0.09300,0.09340,0.10500,0.09590,0.16210,0.11960,0.10380,0.08400,0.10080,0.10260,0.09390,0.31180,0.08730,0.09850,0.08940,0.08710,0.14500,0.10070,0.09190,0.08420,0.08840,0.07630,0.08170,0.08300,0.08310,0.08180,0.08170,0.07620,0.20110,0.07650,0.09650,0.08350,0.08460
0:18:29,1.05260,0.07650,0.13110,0.08580,0.09180,0.07740,0.08940,0.07670,0.12330,0.08820,0.14220,0.08620,0.86400,0.09350,0.13620,0.08890,0.09050,0.08500,0.08670,0.16820,0.11090,0.14780,0.11320,0.08820,0.58360,0.08230,0.10170,0.08560,0.09070,0.09610,0.09250,0.14150,0.08730,0.12750,0.09930,0.08740,0.07640,0.08820,0.08980,0.08300,0.08090,0.08700,0.07670,0.60690,0.07590,0.10400,0.07690,0.08650,0.13020,0.07660,0.73770,0.07710,0.09020,0.07670,0.08660,0.07610,0.12720,0.08400,0.08770,0.08810,0.10850,0.10130,0.59620,0.09300,0.09350,0.10500,0.09600,0.16960,0.12200,0.10510,0.08410,0.10180,0.10360,0.09440,0.33200,0.08720,0.09810,0.08950,0.08700,0.15000,0.10220,0.09280,0.08410,0.08910,0.07630,0.08180,0.07720,0.08320,0.08180,0.08180,0.07630,0.09930,0.07650,0.09710,0.08360,0.08500
0:20:09,1.10360,0.07640,0.13410,0.08560,0.09200,0.07720,0.08930,0.07660,0.12690,0.08810,0.14720,0.08610,0.91130,0.09360,0.13850,0.08880,0.09060,0.08500,0.08660,0.17550,0.11360,0.15360,0.11570,0.08790,0.61650,0.08250,0.10250,0.08550,0.09070,0.09610,0.09250,0.14560,0.08900,0.13140,0.10060,0.08750,0.07630,0.08830,0.08980,0.08290,0.08080,0.08140,0.07660,0.61770,0.07590,0.10600,0.07690,0.08640,0.13300,0.07650,0.78620,0.07700,0.09030,0.07670,0.08590,0.07610,0.13150,0.08390,0.08750,0.08810,0.11030,0.10210,0.63560,0.09290,0.09350,0.10460,0.09590,0.17730,0.12410,0.10630,0.08400,0.10280,0.10450,0.09490,0.35060,0.08700,0.09790,0.08940,0.08700,0.15440,0.10350,0.09390,0.08400,0.08960,0.07630,0.08190,0.07710,0.08320,0.08170,0.08180,0.07620,0.10080,0.07650,0.09750,0.08350,0.08540
0:21:49,1.15190,0.07630,0.13730,0.08560,0.09220,0.07730,0.08930,0.07660,0.13040,0.08810,0.15180,0.08600,0.95010,0.09400,0.14040,0.08880,0.09060,0.08510,0.08660,0.18270,0.11620,0.16080,0.11790,0.08810,0.64620,0.08290,0.10330,0.08550,0.09060,0.09620,0.09250,0.15030,0.09040,0.13520,0.10210,0.08760,0.07630,0.08820,0.08980,0.08290,0.08080,0.08280,0.07660,0.62840,0.07590,0.10800,0.07690,0.08650,0.13570,0.07650,0.83150,0.07700,0.09030,0.07670,0.08660,0.07600,0.13600,0.08390,0.08750,0.08800,0.11170,0.10290,0.67240,0.09280,0.09360,0.10450,0.09580,0.18620,0.12610,0.10770,0.08410,0.10380,0.10020,0.09540,0.37000,0.08700,0.09740,0.08930,0.08700,0.15870,0.10480,0.09490,0.08390,0.09020,0.07630,0.08210,0.07720,0.08310,0.08180,0.08180,0.07620,0.10250,0.07650,0.09820,0.08360,0.08580
0:23:29,1.19700,0.07640,0.14080,0.08550,0.09220,0.07730,0.08910,0.07660,0.13390,0.08790,0.15710,0.08610,0.98920,0.09490,0.14200,0.08880,0.09060,0.08520,0.08650,0.19000,0.11840,0.16640,0.12040,0.08830,0.67620,0.08320,0.10400,0.08540,0.09070,0.09630,0.09250,0.15490,0.09110,0.13910,0.10350,0.08780,0.07630,0.08820,0.07950,0.08280,0.08070,0.08410,0.07660,0.63900,0.07580,0.11010,0.07700,0.08640,0.13860,0.07640,0.86880,0.07690,0.09050,0.07670,0.08580,0.07600,0.14040,0.08390,0.08760,0.08800,0.11360,0.10360,0.70360,0.09270,0.09380,0.10390,0.09590,0.19590,0.12860,0.10940,0.08400,0.10490,0.10100,0.09580,0.39090,0.08700,0.09720,0.08940,0.08700,0.16310,0.10600,0.09580,0.08390,0.09080,0.07630,0.08220,0.07720,0.08310,0.08180,0.08180,0.07620,0.10300,0.07650,0.09850,0.08350,0.08630
0:25:09,1.23500,0.07650,0.14420,0.08130,0.09230,0.07730,0.08920,0.07680,0.13740,0.08810,0.16180,0.08640,1.02130,0.09550,0.14410,0.08880,0.09070,0.08540,0.08660,0.19710,0.12020,0.17350,0.12310,0.08860,0.70580,0.08340,0.10490,0.08550,0.09070,0.09630,0.09260,0.16020,0.09230,0.14300,0.10480,0.08800,0.07630,0.08810,0.07960,0.08290,0.07790,0.08490,0.07670,0.64570,0.07590,0.11220,0.07700,0.08320,0.14140,0.07650,0.90730,0.07700,0.09060,0.07670,0.08640,0.07610,0.14440,0.08400,0.08790,0.08810,0.11530,0.10440,0.73770,0.09260,0.09390,0.10350,0.09590,0.20520,0.13060,0.11120,0.08410,0.10600,0.10170,0.09630,0.41140,0.08700,0.09690,0.08940,0.08710,0.16770,0.10730,0.09680,0.08410,0.09150,0.07630,0.08250,0.07730,0.08310,0.08180,0.08200,0.07620,0.10550,0.07650,0.09910,0.08370,0.08670
0:26:49,1.27090,0.07660,0.14720,0.08070,0.09250,0.07730,0.08930,0.07690,0.14120,0.08810,0.16730,0.08070,1.05120,0.09600,0.14580,0.08880,0.09080,0.08560,0.08660,0.20390,0.12290,0.18080,0.12650,0.08880,0.73890,0.08360,0.10570,0.08560,0.09080,0.09650,0.09270,0.16490,0.09330,0.14710,0.10620,0.08830,0.07640,0.08820,0.07960,0.08280,0.07800,0.08300,0.07680,0.65480,0.07600,0.11430,0.07720,0.07780,0.14440,0.07660,0.94400,0.07700,0.09090,0.07670,0.08600,0.07620,0.14870,0.08410,0.08830,0.08810,0.11720,0.10520,0.76900,0.09250,0.09420,0.10370,0.09610,0.21480,0.13300,0.11300,0.08430,0.10700,0.10280,0.09680,0.43070,0.08710,0.09680,0.08930,0.08710,0.17230,0.10860,0.09780,0.08410,0.09240,0.07640,0.08280,0.07740,0.08310,0.08190,0.08260,0.07630,0.10810,0.07660,0.09980,0.08370,0.08710
0:28:29,1.30090,0.07670,0.14990,0.07730,0.09310,0.07740,0.08950,0.07700,0.14490,0.08820,0.17220,0.08110,1.08710,0.09610,0.14740,0.08890,0.09090,0.08590,0.08670,0.21060,0.12230,0.18730,0.13030,0.08910,0.77190,0.08340,0.10680,0.08560,0.09090,0.09650,0.09270,0.16980,0.09450,0.15110,0.10750,0.08840,0.07650,0.08840,0.07970,0.08290,0.07800,0.07820,0.07690,0.66470,0.07600,0.11630,0.07740,0.07790,0.14760,0.07660,0.98460,0.07700,0.09100,0.07680,0.08650,0.07620,0.15310,0.08420,0.08870,0.08820,0.11910,0.10600,0.80200,0.09240,0.09440,0.10310,0.09630,0.22320,0.13550,0.11460,0.08440,0.10800,0.10400,0.09730,0.44980,0.08720,0.09660,0.08930,0.08710,0.17670,0.10990,0.09880,0.08420,0.09330,0.07650,0.08320,0.07740,0.08320,0.08200,0.08280,0.07640,0.11040,0.07680,0.10060,0.08390,0.08750
0:30:09,1.32840,0.07670,0.15300,0.07730,0.09320,0.07740,0.08940,0.07710,0.14860,0.08830,0.17720,0.08040,1.12680,0.09550,0.14930,0.08880,0.09090,0.08610,0.08660,0.21760,0.12450,0.19380,0.13410,0.08910,0.80540,0.08330,0.10780,0.08570,0.09090,0.09640,0.09270,0.17440,0.09560,0.15570,0.10890,0.08850,0.07650,0.08850,0.07960,0.08280,0.07810,0.07830,0.07690,0.66750,0.07600,0.11860,0.07740,0.07790,0.15050,0.07670,1.01740,0.07710,0.09110,0.07680,0.08600,0.07620,0.15760,0.08420,0.08900,0.08820,0.12100,0.10670,0.83320,0.09230,0.09460,0.10330,0.09630,0.23070,0.13770,0.11610,0.08450,0.10900,0.10520,0.09770,0.46880,0.08720,0.09640,0.08940,0.08720,0.18120,0.11100,0.09980,0.08430,0.09410,0.07650,0.08360,0.07750,0.08310,0.08200,0.08210,0.07640,0.11250,0.07680,0.10130,0.08390,0.08780
0:31:49,1.35370,0.07680,0.15680,0.07720,0.09320,0.07750,0.08950,0.07710,0.15230,0.08830,0.18230,0.08050,1.16510,0.09500,0.15070,0.08890,0.09100,0.08610,0.08660,0.22460,0.12690,0.20060,0.13820,0.08940,0.84040,0.08320,0.09810,0.08560,0.09090,0.09760,0.09270,0.17910,0.09640,0.16010,0.11070,0.08850,0.07650,0.08660,0.07960,0.08270,0.07820,0.07830,0.07700,0.67500,0.07600,0.12070,0.07750,0.07790,0.15340,0.07680,1.05310,0.07710,0.09130,0.07680,0.08680,0.07630,0.16220,0.08430,0.08920,0.08830,0.12290,0.10740,0.86410,0.09230,0.09470,0.10270,0.09650,0.23960,0.14010,0.11750,0.08460,0.11010,0.10630,0.09810,0.48760,0.08730,0.09630,0.08930,0.08730,0.18560,0.11220,0.10080,0.08440,0.09480,0.07650,0.08380,0.07750,0.08320,0.08200,0.08210,0.07640,0.11480,0.07680,0.10190,0.08390,0.08800
0:33:29,1.37500,0.07670,0.16070,0.07720,0.09320,0.07750,0.08950,0.07710,0.15590,0.08820,0.18800,0.08060,1.19720,0.09480,0.15210,0.08870,0.09110,0.08610,0.08660,0.23140,0.12960,0.20630,0.14190,0.08960,0.87670,0.08300,0.09900,0.08570,0.09090,0.07950,0.09270,0.18360,0.09710,0.16430,0.11270,0.08860,0.07650,0.08670,0.07960,0.08270,0.07830,0.07840,0.07700,0.68230,0.07600,0.12300,0.07760,0.07800,0.15640,0.07680,1.08590,0.07720,0.09140,0.07690,0.08600,0.07640,0.16630,0.08260,0.08940,0.08820,0.12490,0.10830,0.89290,0.09220,0.09480,0.10270,0.09670,0.24840,0.14210,0.11920,0.08480,0.11120,0.10690,0.09870,0.50630,0.08730,0.09600,0.08940,0.08720,0.19030,0.11330,0.10190,0.08440,0.09550,0.07650,0.08400,0.07750,0.08330,0.08200,0.08210,0.07640,0.11700,0.07680,0.10240,0.08400,0.08840
0:35:09,1.39190,0.07690,0.16450,0.07740,0.09340,0.07760,0.08980,0.07730,0.15980,0.08840,0.19300,0.08130,1.22930,0.09490,0.15440,0.08880,0.09120,0.08620,0.08680,0.23850,0.13290,0.21300,0.14580,0.09000,0.90840,0.08300,0.10020,0.08590,0.09100,0.07980,0.09300,0.18740,0.09800,0.16880,0.11490,0.08900,0.07660,0.08700,0.07970,0.08280,0.07830,0.07840,0.07720,0.68720,0.07630,0.12590,0.07800,0.07750,0.15970,0.07690,1.11540,0.07730,0.09170,0.07700,0.08700,0.07660,0.17120,0.08290,0.09000,0.08830,0.12690,0.10910,0.92200,0.09230,0.09510,0.10260,0.09690,0.25800,0.14450,0.12080,0.08510,0.11240,0.10790,0.09930,0.52450,0.08730,0.09610,0.08940,0.08740,0.19490,0.11500,0.10310,0.08470,0.09630,0.07650,0.08430,0.07760,0.08340,0.08210,0.08220,0.07650,0.11880,0.07700,0.10320,0.08420,0.08900
0:36:49,1.40300,0.07700,0.16830,0.07760,0.09380,0.07770,0.09000,0.07760,0.16370,0.08880,0.19830,0.08250,1.25580,0.09500,0.15640,0.08900,0.09120,0.08660,0.08710,0.24580,0.13610,0.21970,0.14970,0.09050,0.93680,0.08300,0.10120,0.08610,0.09110,0.08010,0.09330,0.19190,0.09940,0.17350,0.11710,0.08950,0.07670,0.08720,0.07980,0.08300,0.07850,0.07850,0.07740,0.69210,0.07650,0.12900,0.07840,0.07780,0.16290,0.07700,1.14380,0.07740,0.09210,0.07710,0.08640,0.07680,0.17550,0.07840,0.09050,0.08860,0.12880,0.11000,0.94850,0.09240,0.09540,0.10260,0.09720,0.26770,0.14720,0.12260,0.08540,0.11370,0.10900,0.09990,0.54270,0.08740,0.09600,0.08940,0.08750,0.19970,0.11650,0.10440,0.08500,0.09720,0.07660,0.08460,0.07770,0.08350,0.08230,0.08240,0.07650,0.12040,0.07720,0.10390,0.08430,0.08950
0:38:29,1.41170,0.07720,0.17170,0.07780,0.09410,0.07790,0.09030,0.07790,0.16780,0.08940,0.20330,0.08400,1.27690,0.09530,0.15830,0.08910,0.09150,0.08710,0.08800,0.25280,0.13930,0.22970,0.15390,0.09120,0.96340,0.08300,0.10220,0.08630,0.09130,0.08040,0.09350,0.19790,0.10180,0.17820,0.11920,0.09030,0.07680,0.08730,0.07990,0.08310,0.07860,0.07850,0.07780,0.69660,0.07680,0.13230,0.07900,0.07800,0.16600,0.07710,1.16920,0.07760,0.09240,0.07720,0.08760,0.07720,0.18000,0.07880,0.09110,0.08880,0.13080,0.11100,0.97530,0.09260,0.09580,0.10270,0.09750,0.27010,0.14970,0.12430,0.08570,0.11500,0.11010,0.10050,0.56110,0.08750,0.09590,0.08960,0.08770,0.20450,0.11810,0.10560,0.08520,0.09810,0.07660,0.08480,0.07780,0.08360,0.08240,0.08250,0.07660,0.12260,0.07740,0.10470,0.08450,0.09000
0:40:09,1.41780,0.07750,0.17500,0.07820,0.09460,0.07820,0.09070,0.07830,0.17170,0.09000,0.20880,0.08520,1.29680,0.09560,0.16030,0.08950,0.09170,0.08760,0.08870,0.26020,0.14270,0.24090,0.15820,0.09180,0.98880,0.08330,0.10340,0.08660,0.09160,0.08080,0.09390,0.20430,0.10370,0.18310,0.12120,0.09080,0.07690,0.08500,0.08010,0.08340,0.07890,0.07890,0.07820,0.70040,0.07720,0.13540,0.07970,0.07830,0.16900,0.07730,1.19410,0.07770,0.09280,0.07750,0.08710,0.07750,0.18470,0.07940,0.09180,0.08910,0.13280,0.11190,1.00140,0.09280,0.09620,0.10280,0.09800,0.27890,0.15220,0.12630,0.08620,0.11640,0.11120,0.10120,0.57880,0.08770,0.09600,0.08970,0.08790,0.20940,0.11970,0.10700,0.08580,0.09900,0.07670,0.08510,0.07810,0.08370,0.08260,0.08270,0.07680,0.12560,0.07780,0.10570,0.08490,0.09060
0:41:49,1.42260,0.07760,0.17800,0.07840,0.09480,0.07820,0.09080,0.07850,0.17560,0.09030,0.21450,0.08590,1.31190,0.09580,0.16190,0.08950,0.09180,0.08800,0.08880,0.26730,0.14570,0.24990,0.16200,0.09210,1.01260,0.08340,0.10430,0.08680,0.09190,0.08120,0.09410,0.21020,0.10520,0.18770,0.12310,0.09120,0.07690,0.08500,0.08020,0.08340,0.07900,0.07900,0.07850,0.70260,0.07740,0.13810,0.08020,0.07840,0.17200,0.07730,1.21670,0.07790,0.09310,0.07750,0.08840,0.07770,0.18960,0.07980,0.09220,0.08920,0.13470,0.11270,1.02600,0.09290,0.09650,0.10290,0.09810,0.28750,0.15460,0.12800,0.08640,0.11760,0.11210,0.10160,0.59670,0.08770,0.09600,0.08970,0.08790,0.21410,0.12110,0.10820,0.08600,0.09980,0.07670,0.08540,0.07800,0.08380,0.08260,0.08280,0.07670,0.12830,0.07780,0.10620,0.08500,0.09090
0:43:29,1.42420,0.07790,0.18140,0.07870,0.09520,0.07850,0.09120,0.07880,0.17950,0.09080,0.22010,0.08670,1.32630,0.09620,0.16420,0.08990,0.09210,0.08870,0.08880,0.27510,0.14900,0.25650,0.16580,0.09260,1.03540,0.08380,0.10550,0.08710,0.09220,0.08170,0.09440,0.21610,0.10690,0.19240,0.12500,0.09170,0.07700,0.08510,0.08040,0.08360,0.07940,0.07920,0.07900,0.70470,0.07790,0.14110,0.08090,0.07870,0.17510,0.07750,1.23750,0.07810,0.09360,0.07780,0.08760,0.07830,0.19460,0.08030,0.09270,0.08950,0.13680,0.11370,1.04980,0.09320,0.09700,0.10300,0.09860,0.29620,0.15720,0.12990,0.08680,0.11890,0.11330,0.10230,0.61430,0.08790,0.09610,0.08990,0.08820,0.21900,0.10560,0.10940,0.08640,0.10060,0.07690,0.08570,0.07830,0.08410,0.08290,0.08300,0.07690,0.13080,0.07820,0.10710,0.08530,0.09150
0:45:09,1.42680,0.07810,0.18470,0.07900,0.09580,0.07860,0.09150,0.07920,0.18350,0.09130,0.22550,0.08740,1.33800,0.09650,0.16600,0.09020,0.09230,0.08930,0.08880,0.28280,0.15210,0.26300,0.16950,0.09310,1.05710,0.08410,0.10650,0.08740,0.09250,0.08220,0.09480,0.22140,0.10860,0.19720,0.12700,0.09210,0.07710,0.08530,0.08050,0.08380,0.07990,0.07950,0.07950,0.70650,0.07850,0.14400,0.08150,0.07900,0.17810,0.07770,1.25700,0.07830,0.09410,0.07800,0.08920,0.07890,0.19950,0.08100,0.09340,0.08980,0.13880,0.11480,1.07330,0.09350,0.09750,0.10340,0.09900,0.30470,0.16000,0.13180,0.08730,0.12020,0.11430,0.10290,0.63120,0.08800,0.09610,0.09000,0.08850,0.22380,0.10700,0.11080,0.08680,0.10150,0.07690,0.08600,0.07840,0.08430,0.08310,0.08320,0.07710,0.13340,0.07860,0.10790,0.08560,0.09200
0:46:49,1.42800,0.07840,0.18790,0.07940,0.09620,0.07880,0.09180,0.07980,0.18750,0.09220,0.23090,0.08870,1.34740,0.09670,0.16790,0.09050,0.09250,0.08990,0.08920,0.29060,0.15550,0.27010,0.17370,0.09420,1.07760,0.08440,0.10760,0.08780,0.09290,0.08270,0.09530,0.22720,0.11050,0.20270,0.12970,0.09330,0.07720,0.08530,0.08070,0.08400,0.08040,0.07970,0.08010,0.70690,0.07920,0.14770,0.08260,0.07940,0.18110,0.07780,1.27470,0.07850,0.09450,0.07820,0.08860,0.07950,0.20430,0.08190,0.09430,0.09020,0.14080,0.11570,1.09520,0.09380,0.09800,0.10370,0.09950,0.31300,0.16260,0.13380,0.08780,0.12170,0.11530,0.10350,0.64830,0.08810,0.09640,0.09020,0.08870,0.22890,0.10840,0.11220,0.08730,0.10250,0.07690,0.08630,0.07860,0.08450,0.08330,0.08340,0.07720,0.13590,0.07890,0.10870,0.08590,0.09240
0:48:29,1.42760,0.07880,0.19130,0.08010,0.09720,0.07920,0.09240,0.08070,0.19180,0.09330,0.23660,0.09040,1.35650,0.09700,0.17020,0.09090,0.09280,0.10000,0.08980,0.29830,0.15910,0.27740,0.17830,0.09540,1.09710,0.08490,0.10880,0.08830,0.09350,0.08360,0.09600,0.23310,0.11270,0.20830,0.13250,0.09440,0.07730,0.08370,0.08100,0.08430,0.08090,0.08000,0.08110,0.70790,0.08020,0.15170,0.08400,0.07980,0.18420,0.07810,1.29060,0.07880,0.09520,0.07850,0.09030,0.08040,0.20940,0.08310,0.09540,0.09060,0.14270,0.11670,1.11610,0.09430,0.09860,0.10420,0.10020,0.32130,0.16570,0.13600,0.08850,0.12330,0.11640,0.10410,0.66510,0.08830,0.09660,0.09030,0.08900,0.23380,0.10980,0.11380,0.08790,0.10350,0.07710,0.08670,0.07880,0.08470,0.08360,0.08360,0.07740,0.13830,0.07930,0.10980,0.08640,0.09300
0:50:09,1.42620,0.07930,0.19470,0.08060,0.09780,0.07960,0.09290,0.08140,0.19600,0.09440,0.24200,0.09200,1.36380,0.09740,0.17260,0.09130,0.09310,0.10110,0.09040,0.30600,0.16270,0.28500,0.18280,0.09640,1.11550,0.08520,0.11000,0.08880,0.09400,0.08430,0.09670,0.23890,0.11480,0.21380,0.13510,0.09530,0.07740,0.08400,0.08140,0.08460,0.08140,0.08040,0.08210,0.70850,0.08120,0.15540,0.08510,0.08020,0.18730,0.07830,1.30530,0.07910,0.09580,0.07880,0.08980,0.08120,0.21440,0.08420,0.09630,0.09120,0.14480,0.11760,1.13580,0.09460,0.09920,0.10450,0.10070,0.32930,0.16850,0.13820,0.08920,0.12470,0.11750,0.10470,0.68110,0.08850,0.09680,0.09050,0.08920,0.23880,0.11110,0.11510,0.08860,0.10450,0.07720,0.08750,0.07910,0.08490,0.08380,0.08380,0.07760,0.14080,0.07980,0.11070,0.08670,0.09350
0:51:49,1.42480,0.07970,0.19810,0.08120,0.09850,0.07990,0.09340,0.08210,0.20010,0.09490,0.24720,0.09330,1.36960,0.09780,0.17460,0.09180,0.09340,0.10210,0.09110,0.31320,0.16600,0.29230,0.18700,0.09710,1.13300,0.08560,0.11120,0.08930,0.09450,0.08520,0.09740,0.24420,0.11680,0.21890,0.13750,0.09600,0.07750,0.08420,0.08170,0.08480,0.08190,0.08060,0.08290,0.70630,0.08200,0.15870,0.08610,0.08070,0.19030,0.07860,1.31990,0.07950,0.09630,0.07920,0.09140,0.08200,0.21940,0.08520,0.09730,0.09150,0.14680,0.11870,1.15520,0.09510,0.09970,0.10490,0.10130,0.33770,0.17150,0.14040,0.08980,0.12600,0.11850,0.10530,0.69790,0.08880,0.09710,0.09070,0.08950,0.24390,0.11260,0.11660,0.08910,0.10540,0.07730,0.08820,0.07930,0.08510,0.08410,0.08410,0.07780,0.14320,0.08020,0.11140,0.08710,0.09400
0:53:29,1.42280,0.08030,0.20150,0.08170,0.09920,0.08040,0.09400,0.08290,0.20430,0.09590,0.25270,0.09470,1.37290,0.09820,0.17670,0.09230,0.09370,0.10320,0.09180,0.32090,0.16950,0.30420,0.19130,0.09790,1.14900,0.08600,0.11250,0.08990,0.09530,0.08610,0.09830,0.24970,0.11900,0.22430,0.14010,0.09680,0.07760,0.08450,0.08210,0.08520,0.08260,0.08100,0.08390,0.70330,0.08310,0.16220,0.08720,0.08140,0.19340,0.07890,1.33170,0.07980,0.09700,0.07960,0.09120,0.08290,0.22460,0.08620,0.09830,0.09210,0.14890,0.11970,1.17310,0.09560,0.10040,0.10570,0.10210,0.34610,0.17450,0.14270,0.09060,0.12750,0.11960,0.10590,0.71350,0.08900,0.09760,0.09100,0.08990,0.24900,0.11410,0.11820,0.08970,0.10650,0.07730,0.08850,0.07960,0.08540,0.08440,0.08430,0.07800,0.14570,0.08070,0.11250,0.08760,0.09460
0:55:09,1.42000,0.08110,0.20490,0.08270,0.10060,0.08110,0.09510,0.08410,0.20910,0.09720,0.25890,0.09650,1.37610,0.09870,0.17960,0.09340,0.09420,0.09410,0.09300,0.32880,0.17370,0.31510,0.19610,0.09970,1.16460,0.08660,0.11400,0.09080,0.09640,0.08730,0.09950,0.25600,0.12170,0.23040,0.14330,0.09820,0.07790,0.08490,0.08260,0.08570,0.08360,0.08140,0.08510,0.70480,0.08440,0.16630,0.08870,0.08250,0.19660,0.07930,1.34240,0.08050,0.09800,0.08020,0.09330,0.08410,0.23010,0.08750,0.09980,0.09290,0.15090,0.12080,1.19010,0.08900,0.10130,0.10620,0.10310,0.35460,0.17790,0.14520,0.09160,0.12930,0.12080,0.10660,0.72980,0.08940,0.09800,0.09130,0.09040,0.25410,0.11570,0.12000,0.09070,0.10760,0.07750,0.08870,0.08000,0.08580,0.08480,0.08460,0.07840,0.14820,0.08130,0.11350,0.08830,0.09530
0:56:49,1.41780,0.08160,0.20830,0.08330,0.10130,0.08160,0.09580,0.08510,0.21330,0.09850,0.26470,0.09820,1.37860,0.09900,0.18130,0.09420,0.09450,0.09470,0.09410,0.33600,0.17740,0.32240,0.20060,0.10110,1.17910,0.08690,0.11520,0.09140,0.09720,0.08830,0.10040,0.26160,0.12390,0.23600,0.14620,0.09940,0.07790,0.08530,0.08300,0.08610,0.08440,0.08180,0.08620,0.70000,0.08560,0.17010,0.09000,0.08310,0.19970,0.07960,1.35230,0.08100,0.09880,0.08070,0.08900,0.08500,0.23540,0.08870,0.10100,0.09350,0.15290,0.12180,1.20620,0.08940,0.10200,0.10690,0.10410,0.36300,0.18110,0.14740,0.09240,0.13100,0.12180,0.10710,0.74530,0.08950,0.09830,0.09150,0.09070,0.25900,0.11720,0.12140,0.09130,0.10860,0.07760,0.08910,0.08020,0.08600,0.08510,0.08480,0.07840,0.15060,0.08180,0.11460,0.08870,0.09580
0:58:29,1.41470,0.08230,0.21170,0.08410,0.10220,0.08220,0.09650,0.08610,0.21760,0.09970,0.27070,0.09960,1.38080,0.09940,0.18390,0.09520,0.09500,0.09550,0.09500,0.34360,0.18110,0.32850,0.20490,0.10240,1.19320,0.08760,0.11670,0.09220,0.09820,0.08930,0.10140,0.26720,0.12620,0.24170,0.14900,0.10050,0.07820,0.08580,0.08370,0.08660,0.08540,0.08240,0.08730,0.69640,0.08670,0.17370,0.09140,0.08360,0.20270,0.08010,1.36150,0.08160,0.09970,0.08120,0.09390,0.08610,0.24060,0.08990,0.10220,0.09410,0.15500,0.12290,1.22090,0.08990,0.10290,0.10750,0.10570,0.37150,0.18420,0.14970,0.09320,0.13250,0.12300,0.10780,0.76050,0.08980,0.09880,0.09180,0.09120,0.26410,0.11870,0.12300,0.09200,0.10950,0.07770,0.08940,0.08050,0.08630,0.08550,0.08510,0.07860,0.15310,0.08240,0.11540,0.08930,0.09640
1:00:09,1.41110,0.08270,0.21500,0.08480,0.10270,0.08260,0.09710,0.08700,0.22160,0.10060,0.27640,0.10090,1.38170,0.09980,0.18570,0.09550,0.09520,0.09610,0.09560,0.35090,0.18470,0.33430,0.20920,0.10350,1.20450,0.08810,0.11790,0.09280,0.09880,0.09030,0.10230,0.27270,0.12830,0.24720,0.15150,0.10140,0.07820,0.08620,0.08410,0.08700,0.08620,0.08270,0.08830,0.69430,0.08780,0.17730,0.09240,0.08400,0.20580,0.08030,1.36910,0.08210,0.10040,0.08170,0.09570,0.08700,0.24580,0.09090,0.10310,0.09450,0.15690,0.12390,1.23410,0.09040,0.10350,0.10800,0.10640,0.37950,0.18710,0.15180,0.09380,0.13370,0.12400,0.10840,0.77580,0.09010,0.09930,0.09200,0.09150,0.26910,0.12020,0.12450,0.09260,0.11040,0.07780,0.08970,0.08080,0.08670,0.08590,0.08530,0.07890,0.15550,0.08280,0.11630,0.08960,0.09670

