Corrected [600]
	1	2	3	4	5	6	7	8	9	10	11	12
A	0.27353	0.07452	0.27560	0.07513	0.25672	0.07367	0.26118	0.07317	0.29074	0.07253	0.27101	0.07309	Corrected [600]
B	0.22165	0.31520	0.27699	0.38362	0.29047	0.39248	0.24789	0.36761	0.25615	0.36064	0.25180	0.29287	Corrected [600]
C	0.14269	0.29120	0.18208	0.28694	0.18957	0.31693	0.18789	0.29103	0.18358	0.27797	0.18636	0.21562	Corrected [600]
D	0.07283	0.16750	0.07459	0.16469	0.07462	0.18264	0.07486	0.18861	0.07381	0.18000	0.07575	0.16142	Corrected [600]
E	0.26298	0.07626	0.42102	0.07723	0.52484	0.07487	0.42813	0.07565	0.47014	0.15018	0.36519	0.07367	Corrected [600]
F	0.19055	0.38396	0.22258	0.33621	0.30172	0.45642	0.28660	0.42429	0.29809	0.34683	0.26917	0.37128	Corrected [600]
G	0.13619	0.29372	0.14435	0.20333	0.15178	0.25139	0.18380	0.24076	0.18664	0.22607	0.16677	0.26679	Corrected [600]
H	0.07226	0.16172	0.07291	0.15218	0.07406	0.14086	0.07377	0.18528	0.07290	0.14296	0.07233	0.18119	Corrected [600]

