Corrected [600]
	1	2	3	4	5	6	7	8	9	10	11	12
A	0.24403	0.07551	0.25921	0.07421	0.26822	0.07437	0.30139	0.07323	0.29648	0.07316	0.32574	0.07286	Corrected [600]
B	0.19283	0.26237	0.22022	0.27588	0.22451	0.29502	0.24515	0.31444	0.24773	0.37859	0.25604	0.39774	Corrected [600]
C	0.13629	0.21385	0.15395	0.22300	0.15691	0.23469	0.16593	0.25866	0.17409	0.30307	0.17821	0.29330	Corrected [600]
D	0.07410	0.14532	0.07407	0.14651	0.07632	0.15669	0.07454	0.16419	0.07376	0.18020	0.07260	0.18058	Corrected [600]
E	0.26270	0.07267	0.32168	0.07587	0.29777	0.07394	0.31897	0.07544	0.34954	0.07450	0.25916	0.07320	Corrected [600]
F	0.20717	0.26267	0.25502	0.29187	0.21957	0.29798	0.22900	0.32881	0.26238	0.26642	0.18946	0.31132	Corrected [600]
G	0.13732	0.19752	0.15974	0.22277	0.14381	0.21503	0.15833	0.24123	0.17860	0.20677	0.12353	0.22694	Corrected [600]
H	0.07500	0.12618	0.07514	0.14899	0.07580	0.13707	0.07681	0.14685	0.13449	0.12621	0.07495	0.14505	Corrected [600]

