Corrected [600]
	1	2	3	4	5	6	7	8	9	10	11	12
A	0.28438	0.07935	0.22920	0.07867	0.30169	0.07783	0.23659	0.07991	0.33043	0.07908	0.24838	0.07803	Corrected [600]
B	0.25569	0.22030	0.18941	0.34196	0.23911	0.22814	0.18754	0.32478	0.24745	0.24049	0.19043	0.31719	Corrected [600]
C	0.15593	0.17551	0.12398	0.24230	0.15524	0.19284	0.13150	0.24872	0.15246	0.19719	0.12826	0.24661	Corrected [600]
D	0.08140	0.09932	0.07550	0.15778	0.07557	0.12826	0.07667	0.15282	0.07706	0.12837	0.07791	0.15226	Corrected [600]
E	0.24619	0.07650	0.32649	0.07890	0.26462	0.07739	0.35674	0.07692	0.29914	0.07930	0.35530	0.07478	Corrected [600]
F	0.18224	0.24842	0.23749	0.32038	0.20002	0.26439	0.25221	0.32041	0.21354	0.27633	0.26124	0.32667	Corrected [600]
G	0.13475	0.19397	0.15280	0.22659	0.13500	0.20360	0.17553	0.23763	0.13859	0.21447	0.15839	0.23360	Corrected [600]
H	0.07597	0.12582	0.07900	0.14477	0.07508	0.13183	0.07579	0.14901	0.07808	0.12929	0.16038	0.14388	Corrected [600]

