420

Time,A1,A2,A3,A4,A5,A6,A7,A8,A9,A10,A11,A12,B1,B2,B3,B4,B5,B6,B7,B8,B9,B10,B11,B12,C1,C2,C3,C4,C5,C6,C7,C8,C9,C10,C11,C12,D1,D2,D3,D4,D5,D6,D7,D8,D9,D10,D11,D12,E1,E2,E3,E4,E5,E6,E7,E8,E9,E10,E11,E12,F1,F2,F3,F4,F5,F6,F7,F8,F9,F10,F11,F12,G1,G2,G3,G4,G5,G6,G7,G8,G9,G10,G11,G12,H1,H2,H3,H4,H5,H6,H7,H8,H9,H10,H11,H12
0:00:09,0.36790,0.07730,0.08290,0.08200,0.08870,0.07760,0.08670,0.08230,0.08460,0.07610,0.08360,0.07670,0.28750,0.08410,0.07810,0.08920,0.08060,0.10130,0.08490,0.08300,0.09770,0.11440,0.08070,0.08120,0.19880,0.08030,0.07960,0.08270,0.08370,0.08110,0.08270,0.09600,0.07940,0.07860,0.08830,0.08000,0.07610,0.07740,0.07570,0.08510,0.07600,0.09180,0.07490,0.08350,0.07740,0.07830,0.07670,0.07830,0.07750,0.07600,0.07990,0.07510,0.08420,0.07560,0.08220,0.07570,0.11700,0.07550,0.08380,0.07480,0.07690,0.07940,0.07850,0.07830,0.09030,0.07850,0.07940,0.08070,0.07850,0.08010,0.08100,0.08310,0.07670,0.07750,0.07810,0.07790,0.07830,0.07800,0.07780,0.10590,0.08400,0.10430,0.11980,0.08010,0.07680,0.07760,0.08150,0.07690,0.07590,0.08680,0.07660,0.09100,0.07740,0.07790,0.07800,0.07850
0:01:49,0.49420,0.07730,0.08190,0.08220,0.08650,0.07710,0.08490,0.07650,0.08360,0.07610,0.08200,0.07620,0.37970,0.08280,0.07770,0.08890,0.08010,0.09450,0.08440,0.08170,0.09430,0.11480,0.07970,0.08010,0.25130,0.07960,0.07950,0.07840,0.08270,0.08080,0.08120,0.08390,0.07950,0.07790,0.08710,0.07910,0.07570,0.07700,0.07530,0.08310,0.07570,0.08400,0.07450,0.08180,0.07700,0.07780,0.07640,0.07770,0.07710,0.07570,0.07940,0.07480,0.08370,0.07530,0.08150,0.07540,0.11450,0.07500,0.08270,0.07450,0.07660,0.07890,0.07790,0.07780,0.08880,0.07810,0.07920,0.08010,0.07870,0.07980,0.07970,0.08270,0.07650,0.07700,0.07770,0.07760,0.07770,0.07750,0.07740,0.08910,0.08370,0.10080,0.11520,0.08040,0.07630,0.07720,0.08080,0.07670,0.07550,0.08880,0.07460,0.08970,0.07730,0.07680,0.07740,0.07850
0:03:29,0.61080,0.07720,0.08110,0.08210,0.10180,0.07690,0.08520,0.07620,0.08340,0.07600,0.08120,0.07590,0.46830,0.08230,0.07730,0.07890,0.07960,0.08610,0.08410,0.08110,0.09220,0.11440,0.07910,0.07950,0.30380,0.07920,0.07930,0.07790,0.08220,0.08060,0.08100,0.08400,0.07940,0.07750,0.08640,0.07860,0.07560,0.07670,0.07510,0.08180,0.07550,0.08160,0.07430,0.07840,0.07680,0.07740,0.07620,0.07720,0.07700,0.07550,0.07910,0.07470,0.08320,0.07520,0.08120,0.07520,0.11160,0.07480,0.08210,0.07440,0.07630,0.07860,0.07760,0.07750,0.08750,0.07790,0.07760,0.07960,0.07950,0.07960,0.07930,0.08330,0.07620,0.07680,0.07750,0.07750,0.07740,0.07720,0.07690,0.08860,0.08330,0.09180,0.11650,0.08090,0.07610,0.07710,0.08050,0.07650,0.07530,0.08880,0.07440,0.10470,0.07720,0.07660,0.07710,0.07910
0:05:09,0.71770,0.07710,0.08090,0.08210,0.10060,0.07660,0.08480,0.07600,0.08300,0.07610,0.08080,0.07580,0.55550,0.08190,0.07710,0.07880,0.07920,0.08560,0.08400,0.08080,0.09120,0.11450,0.07870,0.07900,0.35650,0.07880,0.07920,0.07770,0.08200,0.08060,0.08080,0.08400,0.07930,0.07740,0.08590,0.07820,0.07540,0.07660,0.07500,0.08090,0.07540,0.08080,0.07430,0.07820,0.07670,0.07710,0.07600,0.07700,0.07700,0.07550,0.07880,0.07450,0.08290,0.07500,0.08110,0.07520,0.10910,0.07470,0.08180,0.07420,0.07620,0.07840,0.07750,0.07740,0.08630,0.07780,0.07740,0.07940,0.08030,0.07950,0.07830,0.08430,0.07620,0.07680,0.07740,0.07750,0.07720,0.07710,0.07680,0.08800,0.08310,0.08920,0.11600,0.08160,0.07610,0.07690,0.08040,0.07640,0.07530,0.08730,0.07450,0.10730,0.07730,0.07650,0.07690,0.07960
0:06:49,0.81330,0.07710,0.08060,0.08250,0.08550,0.07650,0.08450,0.07600,0.08290,0.07610,0.08050,0.07580,0.64020,0.08170,0.07710,0.07980,0.07910,0.08540,0.08400,0.08060,0.09020,0.11180,0.07850,0.07870,0.40840,0.07860,0.07910,0.07750,0.08190,0.08070,0.08090,0.08400,0.07920,0.07710,0.08560,0.07810,0.07530,0.07660,0.07500,0.08060,0.07540,0.08200,0.07430,0.07800,0.07660,0.07690,0.07590,0.07690,0.07700,0.07550,0.07860,0.07450,0.08260,0.07500,0.08100,0.07520,0.10760,0.07460,0.08170,0.07420,0.07620,0.07830,0.07740,0.07740,0.08560,0.07780,0.07740,0.07930,0.08110,0.07940,0.07810,0.08510,0.07610,0.07680,0.07730,0.07750,0.07710,0.07690,0.07670,0.08770,0.08270,0.08930,0.11750,0.08240,0.07600,0.07700,0.08030,0.07640,0.07530,0.08630,0.07450,0.11000,0.07740,0.07640,0.07690,0.08000
0:08:29,0.89830,0.07700,0.08050,0.08240,0.08500,0.07630,0.08390,0.07500,0.08280,0.07610,0.08030,0.07570,0.71900,0.08150,0.07700,0.08040,0.07900,0.08550,0.08390,0.08040,0.08950,0.11110,0.07820,0.07860,0.45900,0.07850,0.07890,0.07740,0.08180,0.08070,0.08060,0.08380,0.07920,0.07700,0.08510,0.07790,0.07520,0.07650,0.07490,0.08040,0.07520,0.08290,0.07420,0.07780,0.07650,0.07670,0.07590,0.07680,0.07710,0.07540,0.07850,0.07450,0.08250,0.07490,0.08090,0.07510,0.10070,0.07460,0.08150,0.07420,0.07620,0.07820,0.07730,0.07730,0.08510,0.07780,0.07720,0.07920,0.08170,0.07940,0.07790,0.08610,0.07610,0.07680,0.07730,0.07740,0.07690,0.07680,0.07680,0.08750,0.08260,0.08900,0.11770,0.08320,0.07600,0.07700,0.08020,0.07650,0.07530,0.08540,0.07430,0.07940,0.07740,0.07630,0.07680,0.08060
0:10:09,0.97060,0.07710,0.08030,0.08230,0.08480,0.07640,0.08400,0.07500,0.08310,0.07620,0.08020,0.07590,0.79270,0.08180,0.07700,0.08120,0.07880,0.08580,0.08410,0.08050,0.08910,0.11140,0.07820,0.07870,0.50870,0.07860,0.07890,0.07730,0.08180,0.08080,0.08070,0.08390,0.07930,0.07700,0.08510,0.07790,0.07530,0.07660,0.07500,0.08040,0.07540,0.08400,0.07430,0.07790,0.07660,0.07660,0.07600,0.07690,0.07720,0.07550,0.07860,0.07450,0.08250,0.07490,0.08110,0.07520,0.10040,0.07460,0.08150,0.07420,0.07620,0.07840,0.07740,0.07750,0.08480,0.07780,0.07730,0.07940,0.08250,0.07940,0.07790,0.08710,0.07600,0.07690,0.07740,0.07750,0.07690,0.07690,0.07680,0.08740,0.08250,0.08910,0.11880,0.08430,0.07600,0.07700,0.08030,0.07660,0.07540,0.08490,0.07450,0.07940,0.07750,0.07640,0.07700,0.08120
0:11:49,1.03340,0.07730,0.08010,0.08230,0.08460,0.07640,0.08400,0.07510,0.08280,0.07620,0.08020,0.07590,0.86100,0.08200,0.07710,0.08260,0.07910,0.08520,0.08400,0.08060,0.08890,0.11160,0.07820,0.07880,0.55720,0.07860,0.07900,0.07730,0.08190,0.08100,0.08070,0.08390,0.07930,0.07710,0.08480,0.07810,0.07540,0.07660,0.07510,0.08040,0.07540,0.08400,0.07440,0.07780,0.07660,0.07660,0.07600,0.07700,0.07730,0.07550,0.07860,0.07460,0.08250,0.07490,0.08110,0.07520,0.09930,0.07470,0.08120,0.07440,0.07630,0.07850,0.07750,0.07760,0.08430,0.07790,0.07730,0.07940,0.08340,0.07960,0.07810,0.08820,0.07610,0.07710,0.07750,0.07770,0.07700,0.07700,0.07700,0.08740,0.08240,0.08910,0.11800,0.08530,0.07610,0.07710,0.08040,0.07670,0.07540,0.08460,0.07450,0.07940,0.07750,0.07640,0.07710,0.08170
0:13:28,1.08900,0.07720,0.07970,0.08230,0.08440,0.07640,0.08410,0.07510,0.08280,0.07630,0.08010,0.07590,0.92520,0.08220,0.07710,0.08340,0.07890,0.08550,0.08400,0.08060,0.08870,0.11190,0.07820,0.07890,0.60520,0.07880,0.07890,0.07730,0.08190,0.08090,0.08080,0.08380,0.07950,0.07700,0.08480,0.07820,0.07540,0.07660,0.07500,0.08040,0.07540,0.08400,0.07430,0.07780,0.07660,0.07650,0.07600,0.07710,0.07730,0.07560,0.07850,0.07460,0.08250,0.07490,0.07920,0.07510,0.09840,0.07460,0.08120,0.07450,0.07630,0.07860,0.07750,0.07770,0.08410,0.07790,0.07720,0.07950,0.08400,0.07970,0.07810,0.08920,0.07610,0.07710,0.07760,0.07770,0.07690,0.07690,0.07690,0.08730,0.08230,0.08920,0.11880,0.08630,0.07620,0.07710,0.07800,0.07680,0.07540,0.08440,0.07450,0.07930,0.07790,0.07640,0.07700,0.08220
0:15:09,1.13100,0.07730,0.08000,0.08240,0.08460,0.07630,0.08420,0.07510,0.07960,0.07640,0.08030,0.07600,0.97170,0.08250,0.07720,0.08470,0.07910,0.08610,0.08300,0.08070,0.08870,0.11220,0.07830,0.07900,0.65260,0.07880,0.07900,0.07730,0.08190,0.08110,0.08090,0.07770,0.07960,0.07710,0.08500,0.07850,0.07550,0.07670,0.07510,0.08050,0.07540,0.08340,0.07450,0.07800,0.07660,0.07650,0.07600,0.07730,0.07740,0.07560,0.07860,0.07460,0.08260,0.07490,0.07930,0.07530,0.09830,0.07480,0.08130,0.07470,0.07640,0.07870,0.07760,0.07780,0.08400,0.07810,0.07740,0.07960,0.08470,0.07980,0.07820,0.09040,0.07620,0.07730,0.07780,0.07790,0.07700,0.07700,0.07700,0.08730,0.08240,0.08940,0.11760,0.08730,0.07610,0.07720,0.07800,0.07690,0.07550,0.08420,0.07460,0.07930,0.07790,0.07650,0.07710,0.08270
0:16:49,1.15920,0.07740,0.08180,0.08240,0.08510,0.07640,0.08430,0.07520,0.07960,0.07660,0.08040,0.07610,1.02010,0.08230,0.07730,0.08600,0.07920,0.08580,0.08310,0.08060,0.08880,0.11180,0.07840,0.07930,0.69970,0.07890,0.07900,0.07730,0.08200,0.08130,0.08100,0.07780,0.07970,0.07720,0.08490,0.07880,0.07550,0.07680,0.07520,0.08070,0.07550,0.08300,0.07450,0.07800,0.07670,0.07650,0.07620,0.07750,0.07750,0.07570,0.07870,0.07470,0.08270,0.07490,0.07940,0.07530,0.09780,0.07490,0.08150,0.07490,0.07640,0.07880,0.07770,0.07790,0.08380,0.07830,0.07750,0.07970,0.08480,0.08000,0.07830,0.09170,0.07610,0.07740,0.07790,0.07810,0.07710,0.07700,0.07710,0.08740,0.08240,0.08950,0.11800,0.08830,0.07620,0.07730,0.07790,0.07700,0.07570,0.08230,0.07470,0.07930,0.07810,0.07660,0.07730,0.08320
0:18:29,1.18020,0.07750,0.08160,0.08250,0.08540,0.07650,0.08460,0.07530,0.07980,0.07670,0.08060,0.07640,1.06460,0.08280,0.07750,0.08750,0.07940,0.08600,0.08340,0.08070,0.08860,0.11180,0.07860,0.07980,0.74520,0.07920,0.07920,0.07750,0.08210,0.08160,0.08290,0.07800,0.08000,0.07730,0.08530,0.07910,0.07570,0.07690,0.07520,0.08090,0.07560,0.08160,0.07460,0.07820,0.07680,0.07660,0.07640,0.07780,0.07760,0.07590,0.07880,0.07480,0.08280,0.07500,0.07970,0.07550,0.09780,0.07500,0.08170,0.07530,0.07640,0.07900,0.07780,0.07810,0.08390,0.07840,0.07770,0.07980,0.08480,0.08010,0.07870,0.09300,0.07630,0.07750,0.07810,0.07820,0.07730,0.07700,0.07720,0.08760,0.08250,0.08980,0.11800,0.08950,0.07630,0.07740,0.07800,0.07710,0.07580,0.08240,0.07480,0.07930,0.07830,0.07680,0.07750,0.08380
0:20:09,1.19730,0.07760,0.08080,0.08270,0.08600,0.07660,0.08510,0.07550,0.08030,0.07700,0.08120,0.07690,1.10480,0.08360,0.07780,0.08870,0.07970,0.08630,0.08370,0.08090,0.08930,0.11270,0.07900,0.08020,0.78800,0.07940,0.07920,0.07770,0.08230,0.08200,0.08250,0.07820,0.08030,0.07770,0.08570,0.07980,0.07570,0.07710,0.07530,0.08120,0.07580,0.07980,0.07490,0.07840,0.07700,0.07680,0.07660,0.07830,0.07770,0.07590,0.07890,0.07490,0.08300,0.07510,0.08010,0.07560,0.09770,0.07530,0.08220,0.07580,0.07660,0.07900,0.07790,0.07820,0.08400,0.07850,0.07780,0.08000,0.08480,0.08030,0.07900,0.09450,0.07650,0.07770,0.07820,0.07850,0.07750,0.07700,0.07730,0.08790,0.08290,0.09000,0.11860,0.09070,0.07640,0.07760,0.07810,0.07720,0.07590,0.08240,0.07500,0.07970,0.07850,0.07690,0.07780,0.08450
0:21:49,1.20980,0.07770,0.08050,0.08290,0.08650,0.07670,0.08540,0.07560,0.08090,0.07740,0.08160,0.07750,1.07030,0.08460,0.07810,0.08910,0.08000,0.08670,0.08410,0.08130,0.08920,0.11320,0.07950,0.08090,0.82800,0.07960,0.07950,0.07780,0.08250,0.08240,0.08170,0.07850,0.08070,0.07820,0.08620,0.08040,0.07600,0.07730,0.07550,0.08150,0.07590,0.07840,0.07510,0.07870,0.07720,0.07710,0.07700,0.07890,0.07780,0.07600,0.07910,0.07510,0.08320,0.07520,0.08040,0.07580,0.09800,0.07560,0.08270,0.07650,0.07680,0.07920,0.07810,0.07840,0.08410,0.07870,0.07800,0.08010,0.08440,0.08070,0.07940,0.09620,0.07660,0.07790,0.07840,0.07870,0.07770,0.07720,0.07760,0.08810,0.08330,0.09030,0.11730,0.09190,0.07650,0.07760,0.07820,0.07740,0.07610,0.08250,0.07520,0.08000,0.07870,0.07710,0.07810,0.08510
0:23:29,1.21740,0.07810,0.08070,0.08330,0.08700,0.07690,0.08600,0.07590,0.08160,0.07800,0.08190,0.07840,1.09930,0.08560,0.07850,0.08890,0.08050,0.08730,0.08470,0.08160,0.08980,0.11400,0.08030,0.08170,0.86560,0.08000,0.07980,0.07810,0.08280,0.08310,0.08210,0.07890,0.08130,0.07870,0.08700,0.08120,0.07620,0.07760,0.07570,0.08190,0.07620,0.07810,0.07550,0.07890,0.07760,0.07740,0.07760,0.07940,0.07800,0.07630,0.07930,0.07530,0.08340,0.07540,0.08100,0.07610,0.09820,0.07610,0.08340,0.07730,0.07700,0.07940,0.07830,0.07870,0.08480,0.07890,0.07820,0.08030,0.08400,0.08090,0.08000,0.09780,0.07690,0.07820,0.07860,0.07900,0.07800,0.07740,0.07780,0.08860,0.08380,0.09070,0.11790,0.09320,0.07660,0.07790,0.07720,0.07760,0.07630,0.08260,0.07550,0.08040,0.07900,0.07750,0.07850,0.08590
0:25:09,1.22190,0.07820,0.08090,0.08330,0.08710,0.07700,0.08640,0.07610,0.08220,0.07830,0.08210,0.07890,1.12200,0.08590,0.07860,0.08910,0.08070,0.08770,0.08500,0.08160,0.09020,0.11460,0.08050,0.08180,0.90120,0.08010,0.07990,0.07820,0.08290,0.08380,0.08240,0.07920,0.08150,0.07900,0.08720,0.08140,0.07630,0.07780,0.07580,0.08230,0.07630,0.07820,0.07580,0.07920,0.07770,0.07770,0.07780,0.07970,0.07820,0.07640,0.07940,0.07540,0.08340,0.07560,0.08180,0.07630,0.09830,0.07630,0.08390,0.07790,0.07710,0.07970,0.07840,0.07890,0.08520,0.07910,0.07840,0.08050,0.08430,0.08120,0.08030,0.09920,0.07680,0.07840,0.07870,0.07930,0.07820,0.07750,0.07800,0.08880,0.08440,0.09080,0.11750,0.09430,0.07670,0.07790,0.07720,0.07780,0.07640,0.08280,0.07560,0.08050,0.07910,0.07760,0.07870,0.08650
0:26:49,1.22400,0.07840,0.08140,0.08350,0.08740,0.07720,0.08710,0.07640,0.08280,0.07870,0.08250,0.07950,1.14300,0.08610,0.07900,0.08930,0.08110,0.08820,0.08560,0.08190,0.09060,0.11510,0.08110,0.08220,0.93410,0.08040,0.08020,0.07860,0.08320,0.08460,0.08280,0.07940,0.08200,0.07940,0.08770,0.08180,0.07650,0.07800,0.07620,0.08270,0.07660,0.07840,0.07620,0.07960,0.07810,0.07810,0.07830,0.08010,0.07840,0.07660,0.07960,0.07580,0.08360,0.07580,0.08250,0.07670,0.09890,0.07680,0.08440,0.07850,0.07740,0.07990,0.07880,0.07900,0.08560,0.07930,0.07870,0.08070,0.08510,0.08160,0.08070,0.10080,0.07710,0.07870,0.07900,0.07960,0.07840,0.07790,0.07830,0.08930,0.08520,0.09110,0.11760,0.09560,0.07690,0.07810,0.07730,0.07800,0.07660,0.08300,0.07590,0.08070,0.07940,0.07780,0.07900,0.08720
0:28:29,1.22540,0.07860,0.08240,0.08370,0.08770,0.07740,0.08750,0.07670,0.08360,0.07900,0.08270,0.08010,1.16100,0.08610,0.07930,0.08920,0.07980,0.08840,0.08590,0.08200,0.09110,0.11580,0.08130,0.08250,0.96570,0.08070,0.08040,0.07880,0.08330,0.08590,0.08320,0.07980,0.08230,0.07980,0.08800,0.08200,0.07670,0.07820,0.07630,0.08300,0.07680,0.07910,0.07660,0.07980,0.07840,0.07840,0.07870,0.08040,0.07860,0.07680,0.07980,0.07590,0.08370,0.07600,0.08310,0.07690,0.09890,0.07720,0.08470,0.07900,0.07750,0.08000,0.07900,0.07930,0.08600,0.07950,0.07890,0.08080,0.08530,0.08190,0.08100,0.10220,0.07730,0.07890,0.07910,0.07970,0.07870,0.07800,0.07850,0.08960,0.08610,0.09150,0.11920,0.09680,0.07710,0.07830,0.07740,0.07810,0.07680,0.08320,0.07620,0.08100,0.07960,0.07810,0.07930,0.08790
0:30:09,1.22590,0.07890,0.08400,0.08400,0.08800,0.07780,0.08810,0.07720,0.08440,0.07950,0.08330,0.08140,1.17710,0.08640,0.07960,0.09050,0.08020,0.08890,0.08620,0.08270,0.09260,0.11650,0.08210,0.08320,0.99520,0.08100,0.08070,0.07910,0.08360,0.08710,0.08370,0.08010,0.08280,0.08040,0.08900,0.08270,0.07700,0.07850,0.07660,0.08340,0.07720,0.08050,0.07710,0.08020,0.07890,0.07890,0.07920,0.08110,0.07880,0.07710,0.08010,0.07620,0.08400,0.07700,0.08360,0.07730,0.09930,0.07770,0.08530,0.07990,0.07770,0.08030,0.07930,0.07960,0.08620,0.07970,0.07920,0.08100,0.08490,0.08220,0.08150,0.10380,0.07750,0.07910,0.07930,0.07990,0.07910,0.07820,0.07870,0.09010,0.08690,0.09180,0.11870,0.09820,0.07730,0.07850,0.07760,0.07830,0.07710,0.08340,0.07650,0.08130,0.08000,0.07840,0.07960,0.08870
0:31:49,1.22480,0.07910,0.08440,0.08420,0.08810,0.07810,0.08860,0.07750,0.08500,0.08010,0.08370,0.08240,1.18890,0.08650,0.07990,0.08900,0.08050,0.08920,0.08560,0.08310,0.09240,0.11720,0.08260,0.08360,1.02320,0.08120,0.08100,0.07930,0.08390,0.08780,0.08420,0.08040,0.08320,0.08080,0.08950,0.08320,0.07710,0.07880,0.07690,0.08360,0.07740,0.08260,0.07750,0.08050,0.07930,0.07940,0.07980,0.08150,0.07890,0.07730,0.08030,0.07640,0.08420,0.07650,0.08390,0.07760,0.09950,0.07810,0.08580,0.08050,0.07790,0.08040,0.07950,0.07990,0.08630,0.07990,0.07940,0.08120,0.08520,0.08240,0.08190,0.10530,0.07780,0.07930,0.07950,0.08020,0.07940,0.07850,0.07890,0.09040,0.08730,0.09190,0.11830,0.09930,0.07740,0.07860,0.07770,0.07850,0.07720,0.08360,0.07670,0.08160,0.08020,0.07860,0.07970,0.08940
0:33:29,1.22450,0.07910,0.08310,0.08420,0.08790,0.07820,0.08870,0.07770,0.08530,0.08020,0.08360,0.08290,1.19970,0.08660,0.08010,0.08720,0.08060,0.08940,0.08590,0.08340,0.09230,0.11750,0.08270,0.08350,1.04800,0.08140,0.08110,0.07950,0.08400,0.08820,0.08440,0.08050,0.08340,0.08090,0.08960,0.08300,0.07730,0.07890,0.07700,0.08380,0.07760,0.08660,0.07780,0.08070,0.07940,0.07950,0.07990,0.08150,0.07900,0.07750,0.08040,0.07660,0.08430,0.07680,0.08410,0.07770,0.09950,0.07830,0.08580,0.08050,0.07800,0.08050,0.07960,0.08000,0.08630,0.08020,0.07950,0.08120,0.08530,0.08240,0.08190,0.10640,0.07780,0.07940,0.07950,0.08020,0.07940,0.07850,0.07910,0.09060,0.08700,0.09200,0.11750,0.10040,0.07760,0.07860,0.07780,0.07850,0.07730,0.08370,0.07690,0.08160,0.08020,0.07860,0.07970,0.08990
0:35:09,1.22210,0.07930,0.08410,0.08430,0.08760,0.07850,0.08890,0.07780,0.08530,0.08040,0.08350,0.08260,1.20820,0.08660,0.08020,0.08520,0.08100,0.08970,0.08610,0.08360,0.09240,0.11730,0.08260,0.08340,1.07200,0.08160,0.08130,0.07960,0.08420,0.08830,0.08480,0.08070,0.08370,0.08100,0.08980,0.08300,0.07730,0.07910,0.07730,0.08390,0.07780,0.09030,0.07800,0.08090,0.07970,0.07970,0.08010,0.08160,0.07910,0.07760,0.08060,0.07680,0.08450,0.07700,0.08430,0.07800,0.09950,0.07850,0.08590,0.08040,0.07820,0.08070,0.07980,0.08020,0.08630,0.08050,0.07970,0.08140,0.08610,0.08260,0.08210,0.10770,0.07800,0.07950,0.07960,0.08040,0.07960,0.07880,0.07910,0.09090,0.08720,0.09210,0.11780,0.10160,0.07780,0.07880,0.07790,0.07860,0.07740,0.08410,0.07700,0.08180,0.08040,0.07870,0.07980,0.09070
0:36:49,1.22060,0.07940,0.08530,0.08440,0.08750,0.07870,0.08940,0.07820,0.08590,0.08070,0.08390,0.08360,1.21490,0.08670,0.08050,0.08350,0.08120,0.09010,0.08660,0.08410,0.09280,0.11780,0.08310,0.08390,1.09480,0.08180,0.08150,0.07990,0.08440,0.08860,0.08510,0.08090,0.08410,0.08150,0.09030,0.08360,0.07740,0.07920,0.07750,0.08410,0.07810,0.09490,0.07850,0.08110,0.08000,0.08000,0.08060,0.08210,0.07920,0.07780,0.08070,0.07700,0.08480,0.08410,0.08460,0.07830,0.09980,0.07900,0.08640,0.08110,0.07840,0.08080,0.07990,0.08030,0.08650,0.08070,0.07990,0.08200,0.08590,0.08280,0.08250,0.10930,0.07820,0.07970,0.07980,0.08060,0.07980,0.07890,0.07940,0.09130,0.08760,0.09250,0.11890,0.10290,0.07800,0.07890,0.07810,0.07870,0.07760,0.08430,0.07730,0.08210,0.08060,0.07900,0.08020,0.09140
0:38:29,1.21910,0.07980,0.08660,0.08480,0.08760,0.07940,0.09010,0.07900,0.08690,0.08190,0.08520,0.08640,1.22020,0.08700,0.08080,0.08270,0.08160,0.09050,0.08740,0.08520,0.09380,0.11930,0.08450,0.08540,1.11490,0.08200,0.08170,0.08020,0.08470,0.08900,0.08590,0.08160,0.08480,0.08260,0.09180,0.08510,0.07760,0.07940,0.07780,0.08450,0.07850,0.09670,0.07920,0.08170,0.08080,0.08090,0.08180,0.08340,0.07940,0.07800,0.08090,0.07730,0.08510,0.07790,0.08490,0.07890,0.10040,0.07990,0.08740,0.08240,0.07850,0.08100,0.08010,0.08070,0.08700,0.08100,0.08030,0.08230,0.08640,0.08320,0.08330,0.11110,0.07840,0.07970,0.08000,0.08090,0.08020,0.07920,0.07970,0.09170,0.08810,0.09290,0.11780,0.10440,0.07830,0.07910,0.07830,0.07900,0.07790,0.08460,0.07770,0.08250,0.08100,0.07940,0.08060,0.09220
0:40:09,1.21740,0.08010,0.08580,0.08520,0.08810,0.08020,0.09110,0.08010,0.08810,0.08350,0.08660,0.08950,1.22460,0.08720,0.08130,0.08310,0.08240,0.09150,0.08830,0.08660,0.09500,0.12100,0.08600,0.08680,1.13360,0.08230,0.08220,0.08070,0.08510,0.08960,0.08670,0.08220,0.08580,0.08400,0.09370,0.08690,0.07800,0.07980,0.07820,0.08480,0.07900,0.09780,0.08010,0.08220,0.08180,0.08180,0.08320,0.08480,0.07960,0.07830,0.08120,0.07770,0.08550,0.07840,0.08530,0.07960,0.10110,0.08070,0.08850,0.08390,0.07880,0.08130,0.08050,0.08090,0.08780,0.08140,0.08060,0.08230,0.08650,0.08360,0.08400,0.11300,0.07880,0.08010,0.08010,0.08130,0.08070,0.07950,0.08000,0.09210,0.08880,0.09320,0.11820,0.10580,0.07850,0.07930,0.07860,0.07920,0.07810,0.08510,0.07810,0.08280,0.08140,0.07980,0.08120,0.09330
0:41:49,1.21520,0.08040,0.08590,0.08550,0.08850,0.08090,0.09170,0.08100,0.08890,0.08460,0.08760,0.09210,1.22780,0.08740,0.08180,0.08340,0.08280,0.09190,0.08910,0.08790,0.09580,0.12240,0.08710,0.08770,1.15080,0.08260,0.08260,0.08100,0.08550,0.08970,0.08760,0.08270,0.08650,0.08490,0.09490,0.08780,0.07820,0.08000,0.07850,0.08520,0.07940,0.09790,0.08090,0.08270,0.08250,0.08260,0.08430,0.08580,0.07980,0.07870,0.08140,0.07800,0.08580,0.07890,0.08560,0.08010,0.10180,0.08140,0.08930,0.08490,0.07910,0.08140,0.08070,0.08110,0.08830,0.08170,0.08100,0.08260,0.08700,0.08390,0.08450,0.11460,0.07910,0.08010,0.08030,0.08150,0.08090,0.07970,0.08030,0.09240,0.09020,0.09360,0.11860,0.10720,0.07890,0.07950,0.07890,0.07940,0.07830,0.08550,0.07840,0.08310,0.08170,0.08010,0.08140,0.09410
0:43:29,1.21340,0.08080,0.08700,0.08560,0.08840,0.08140,0.09220,0.08160,0.08940,0.08540,0.08790,0.09430,1.23060,0.08760,0.08200,0.08360,0.08320,0.09220,0.08960,0.08870,0.09640,0.12310,0.08780,0.08820,1.16700,0.08280,0.08290,0.08140,0.08570,0.08990,0.08860,0.08310,0.08710,0.08560,0.09600,0.08850,0.07850,0.08030,0.07890,0.08550,0.07980,0.09690,0.08160,0.08300,0.08320,0.08320,0.08530,0.08650,0.07990,0.07890,0.08160,0.07830,0.08600,0.07940,0.08580,0.08060,0.10190,0.08200,0.09010,0.08550,0.07930,0.08160,0.08090,0.08140,0.08870,0.08190,0.08130,0.08280,0.08590,0.08410,0.08510,0.11630,0.07930,0.08030,0.08040,0.08170,0.08120,0.08000,0.08050,0.09260,0.09160,0.09370,0.11890,0.10840,0.07910,0.07970,0.07910,0.07950,0.07860,0.08590,0.07860,0.08340,0.08190,0.08030,0.08170,0.09470
0:45:09,1.21150,0.08090,0.08750,0.08600,0.08860,0.08220,0.09290,0.08250,0.09030,0.08650,0.08900,0.09660,1.23150,0.08780,0.08230,0.08410,0.08370,0.09280,0.09040,0.09010,0.09730,0.12460,0.08900,0.08920,1.18080,0.08300,0.08320,0.08180,0.08610,0.09170,0.08970,0.08360,0.08780,0.08660,0.09750,0.08960,0.07870,0.08050,0.07920,0.08570,0.08020,0.09660,0.08230,0.08360,0.08410,0.08400,0.08630,0.08740,0.08000,0.07920,0.08190,0.07860,0.08640,0.08000,0.08610,0.08130,0.10270,0.08300,0.09110,0.08670,0.07960,0.08170,0.08120,0.08170,0.08920,0.08220,0.08160,0.08310,0.08500,0.08450,0.08580,0.11820,0.07970,0.08050,0.08070,0.08180,0.08150,0.08020,0.08090,0.09310,0.09270,0.09420,0.11960,0.10990,0.07950,0.07990,0.07930,0.07970,0.07880,0.08620,0.07890,0.08370,0.08230,0.08060,0.08220,0.09590
0:46:49,1.20950,0.08140,0.08790,0.08660,0.08900,0.08350,0.09420,0.08410,0.09180,0.08850,0.09130,0.09950,1.23320,0.08810,0.08310,0.08480,0.08460,0.09380,0.09170,0.09210,0.09880,0.12720,0.09090,0.09100,1.19380,0.08350,0.08380,0.08250,0.08680,0.09210,0.09140,0.08470,0.08920,0.08860,0.09990,0.09170,0.07910,0.08090,0.07970,0.08610,0.08090,0.09760,0.08360,0.08460,0.08550,0.08550,0.08840,0.08920,0.08020,0.07960,0.08210,0.07910,0.08670,0.08070,0.08650,0.08220,0.10360,0.08420,0.09270,0.08840,0.07980,0.08190,0.08150,0.08200,0.08970,0.08260,0.08210,0.08360,0.08460,0.08500,0.08680,0.12050,0.08010,0.08070,0.08080,0.08210,0.08190,0.08050,0.08110,0.09350,0.09370,0.09470,0.12060,0.11140,0.08000,0.08020,0.07950,0.08000,0.07910,0.08690,0.07940,0.08430,0.08290,0.08120,0.08270,0.09680
0:48:29,1.20780,0.08170,0.08840,0.08660,0.08930,0.08480,0.09510,0.08540,0.09280,0.09020,0.09310,0.10240,1.23410,0.08820,0.08360,0.08570,0.08530,0.09440,0.09260,0.09420,0.10010,0.12960,0.09270,0.09250,1.20460,0.08380,0.08430,0.08290,0.08720,0.09290,0.09340,0.08550,0.09020,0.09010,0.10230,0.09320,0.07950,0.08120,0.08010,0.08650,0.08130,0.09890,0.08470,0.08540,0.08660,0.08680,0.09010,0.09090,0.08050,0.07990,0.08240,0.07950,0.08720,0.08130,0.08680,0.08310,0.10450,0.08540,0.09420,0.08990,0.08020,0.08230,0.08180,0.08230,0.09020,0.08290,0.08250,0.08400,0.08530,0.08550,0.08790,0.12260,0.08050,0.08090,0.08100,0.08240,0.08240,0.08080,0.08150,0.09390,0.09460,0.09510,0.11890,0.11270,0.08040,0.08030,0.07990,0.08010,0.07930,0.08720,0.07970,0.08460,0.08320,0.08140,0.08310,0.09760
0:50:09,1.20490,0.08190,0.08850,0.08660,0.08930,0.08550,0.09560,0.08640,0.09340,0.09140,0.09360,0.10480,1.23480,0.08840,0.08390,0.08580,0.08560,0.09490,0.09330,0.09580,0.10090,0.13110,0.09390,0.09320,1.21440,0.08400,0.08460,0.08330,0.08750,0.09360,0.09420,0.08590,0.09090,0.09130,0.10390,0.09440,0.07980,0.08150,0.08050,0.08680,0.08190,0.09930,0.08560,0.08580,0.08750,0.08760,0.09110,0.09180,0.08060,0.08010,0.08260,0.07980,0.08740,0.08200,0.08720,0.08380,0.10490,0.08600,0.09500,0.09070,0.08040,0.08250,0.08190,0.08250,0.09040,0.08320,0.08280,0.08420,0.08740,0.08560,0.08840,0.12440,0.08090,0.08110,0.08110,0.08250,0.08260,0.08080,0.08160,0.09420,0.09450,0.09520,0.12220,0.11400,0.08070,0.08050,0.08010,0.08020,0.07950,0.08770,0.08000,0.08470,0.08330,0.08160,0.08330,0.09840
0:51:49,1.20320,0.08230,0.08830,0.08680,0.08970,0.08630,0.09610,0.08710,0.09390,0.09210,0.09400,0.10680,1.23480,0.08860,0.08430,0.08610,0.08600,0.09520,0.09370,0.09730,0.10160,0.13190,0.09440,0.09340,1.22340,0.08420,0.08500,0.08360,0.08780,0.09500,0.09500,0.08620,0.09130,0.09200,0.10530,0.09490,0.08010,0.08180,0.08090,0.08720,0.08230,0.09940,0.08650,0.08630,0.08830,0.08830,0.09210,0.09230,0.08080,0.08050,0.08290,0.08020,0.08780,0.08260,0.08740,0.08440,0.10550,0.08670,0.09560,0.09130,0.08080,0.08270,0.08230,0.08280,0.09040,0.08350,0.08310,0.08450,0.09130,0.08580,0.08870,0.12610,0.08130,0.08130,0.08130,0.08280,0.08310,0.08120,0.08190,0.09450,0.09480,0.09540,0.12320,0.11520,0.08110,0.08070,0.08040,0.08040,0.07970,0.08820,0.08020,0.08510,0.08360,0.08190,0.08360,0.09920
0:53:29,1.20130,0.08230,0.08850,0.08660,0.08970,0.08680,0.09600,0.08740,0.09380,0.09210,0.09400,0.10840,1.23470,0.08860,0.08440,0.08580,0.08600,0.09520,0.09390,0.09840,0.10170,0.13180,0.09440,0.09310,1.23110,0.08430,0.08500,0.08380,0.08790,0.09450,0.09520,0.08610,0.09120,0.09200,0.10560,0.09470,0.08030,0.08200,0.08120,0.08740,0.08250,0.10010,0.08680,0.08640,0.08850,0.08850,0.09220,0.09220,0.08080,0.08070,0.08300,0.08040,0.08790,0.08310,0.08760,0.08480,0.10550,0.08680,0.09580,0.09140,0.08100,0.08280,0.08240,0.08290,0.09060,0.08370,0.08340,0.08650,0.09230,0.08580,0.08900,0.12780,0.08160,0.08140,0.08140,0.08290,0.08320,0.08130,0.08200,0.09470,0.09490,0.09550,0.12350,0.11630,0.08140,0.08080,0.08040,0.08040,0.07980,0.08860,0.08030,0.08510,0.08380,0.08190,0.08360,0.09990
0:55:09,1.19940,0.08240,0.08830,0.08660,0.08960,0.08730,0.09600,0.08760,0.09360,0.09180,0.09330,0.10980,1.23410,0.08860,0.08450,0.08590,0.08610,0.09520,0.09400,0.09930,0.10160,0.13130,0.09400,0.09240,1.23830,0.08440,0.08520,0.08380,0.08800,0.09650,0.09570,0.08600,0.09100,0.09160,0.10530,0.09400,0.08040,0.08200,0.08120,0.08730,0.08270,0.10020,0.08700,0.08630,0.08860,0.08850,0.09200,0.09170,0.08090,0.08080,0.08300,0.08050,0.08800,0.08350,0.08750,0.08510,0.10520,0.08660,0.09540,0.09090,0.08120,0.08280,0.08240,0.08300,0.09080,0.08360,0.08330,0.08720,0.08730,0.08570,0.08870,0.12900,0.08170,0.08140,0.08140,0.08280,0.08320,0.08140,0.08190,0.09460,0.09500,0.09530,0.12310,0.11730,0.08170,0.08080,0.08040,0.08060,0.07980,0.08900,0.08050,0.08490,0.08360,0.08180,0.08350,0.10040
0:56:49,1.19720,0.08240,0.08770,0.08660,0.08970,0.08770,0.09610,0.08770,0.09360,0.09160,0.09280,0.11100,1.23340,0.08870,0.08460,0.08570,0.08630,0.09540,0.09410,0.10010,0.10160,0.13090,0.09350,0.09230,1.24350,0.08450,0.08530,0.08400,0.08820,0.09570,0.09610,0.08610,0.09120,0.09140,0.10500,0.09350,0.08060,0.08220,0.08160,0.08760,0.08300,0.10020,0.08730,0.08650,0.08870,0.08850,0.09170,0.09140,0.08100,0.08090,0.08310,0.08070,0.08820,0.08390,0.08770,0.08540,0.10530,0.08680,0.09520,0.09070,0.08140,0.08290,0.08260,0.08310,0.09160,0.08390,0.08350,0.08570,0.08440,0.08580,0.08880,0.13050,0.08210,0.08150,0.08150,0.08300,0.08340,0.08160,0.08210,0.09490,0.09440,0.09550,0.12310,0.11850,0.08190,0.08100,0.08060,0.08130,0.07990,0.08950,0.08060,0.08510,0.08360,0.08210,0.08360,0.10130
0:58:29,1.19580,0.08280,0.09020,0.08700,0.09000,0.08880,0.09710,0.08880,0.09500,0.09300,0.09470,0.11280,1.23310,0.08890,0.08510,0.08600,0.08680,0.09600,0.09500,0.10150,0.10290,0.13280,0.09500,0.09400,1.24880,0.08480,0.08570,0.08440,0.08860,0.09400,0.09740,0.08700,0.09240,0.09290,0.10650,0.09530,0.08080,0.08240,0.08190,0.08780,0.08340,0.10000,0.08820,0.08740,0.08980,0.08990,0.09310,0.09290,0.08110,0.08130,0.08340,0.08110,0.08860,0.08480,0.08580,0.08640,0.10640,0.08800,0.09650,0.09200,0.08180,0.08320,0.08280,0.08340,0.09220,0.08430,0.08410,0.08530,0.08510,0.08640,0.09000,0.13290,0.08260,0.08180,0.08170,0.08320,0.08390,0.08200,0.08250,0.09560,0.09430,0.09600,0.12280,0.12020,0.08240,0.08120,0.08090,0.08160,0.08010,0.09000,0.08100,0.08560,0.08390,0.08250,0.08430,0.10230
1:00:09,1.19400,0.08310,0.08940,0.08730,0.09020,0.09000,0.09800,0.09010,0.09610,0.09460,0.09630,0.11460,1.23300,0.08890,0.08530,0.08630,0.08740,0.09650,0.09580,0.10320,0.10410,0.13530,0.09670,0.09550,1.25250,0.08490,0.08600,0.08460,0.08890,0.09340,0.09860,0.08770,0.09340,0.09460,0.10850,0.09690,0.08120,0.08260,0.08220,0.08810,0.08380,0.09550,0.08910,0.08800,0.09090,0.09110,0.09450,0.09430,0.08120,0.08150,0.08350,0.08140,0.08870,0.08530,0.08610,0.08730,0.10730,0.08890,0.09780,0.09330,0.08190,0.08320,0.08290,0.08350,0.09180,0.08450,0.08420,0.08550,0.08610,0.08660,0.09070,0.13490,0.08280,0.08180,0.08170,0.08340,0.08400,0.08210,0.08260,0.09580,0.09360,0.09620,0.12400,0.12140,0.08260,0.08120,0.08090,0.08150,0.08020,0.09050,0.08120,0.08580,0.08410,0.08260,0.08460,0.10320

