Corrected [600]
	1	2	3	4	5	6	7	8	9	10	11	12
A	0.23163	0.07629	0.24588	0.07342	0.30073	0.07260	0.31212	0.07263	0.29071	0.07653	0.62848	0.07244	Corrected [600]
B	0.19682	0.37064	0.25106	0.39986	0.31650	0.39854	0.29136	0.38163	0.27526	0.36244	0.28903	0.29279	Corrected [600]
C	0.14321	0.26318	0.18499	0.33330	0.20725	0.32800	0.20120	0.30772	0.19464	0.29276	0.21936	0.22036	Corrected [600]
D	0.07292	0.19256	0.07263	0.21360	0.09666	0.22306	0.07300	0.20752	0.07215	0.20126	0.07218	0.15940	Corrected [600]
E	0.29861	0.07230	0.44834	0.07285	0.42529	0.07149	0.41881	0.07266	0.40697	0.07248	0.39004	0.07204	Corrected [600]
F	0.22746	0.37304	0.30929	0.47725	0.36360	0.45057	0.30800	0.45159	0.27792	0.38141	0.28640	0.30223	Corrected [600]
G	0.16168	0.29807	0.21620	0.32324	0.20339	0.32757	0.18356	0.29462	0.18729	0.26327	0.18313	0.22786	Corrected [600]
H	0.07303	0.17134	0.07233	0.18353	0.07193	0.16179	0.07237	0.17516	0.07395	0.15861	0.07346	0.16806	Corrected [600]

