Corrected [600]
	1	2	3	4	5	6	7	8	9	10	11	12
A	0.29587	0.07374	0.28064	0.07608	0.23746	0.07491	0.40188	0.07413	0.32463	0.07442	0.26767	0.07470	Corrected [600]
B	0.23706	0.27532	0.23210	0.34854	0.21807	0.26389	0.26080	0.31284	0.28326	0.30343	0.23836	0.26519	Corrected [600]
C	0.15183	0.25326	0.18413	0.20371	0.14334	0.20902	0.15841	0.23347	0.16505	0.25533	0.15710	0.21456	Corrected [600]
D	0.07455	0.16106	0.07551	0.17329	0.07450	0.14974	0.07449	0.15152	0.07432	0.16707	0.07398	0.14889	Corrected [600]
E	0.36512	0.07506	0.32446	0.07609	0.29852	0.07434	0.28857	0.07478	0.29438	0.07432	0.31047	0.07374	Corrected [600]
F	0.27519	0.48959	0.25490	0.26874	0.24021	0.30803	0.22971	0.34631	0.24661	0.32552	0.23166	0.32027	Corrected [600]
G	0.16339	0.19059	0.15216	0.20737	0.16294	0.21514	0.16817	0.24814	0.15950	0.25204	0.15816	0.25075	Corrected [600]
H	0.07437	0.12990	0.07359	0.13650	0.07424	0.13861	0.07442	0.14927	0.07389	0.15704	0.08204	0.16019	Corrected [600]

