420

Time,A1,A2,A3,A4,A5,A6,A7,A8,A9,A10,A11,A12,B1,B2,B3,B4,B5,B6,B7,B8,B9,B10,B11,B12,C1,C2,C3,C4,C5,C6,C7,C8,C9,C10,C11,C12,D1,D2,D3,D4,D5,D6,D7,D8,D9,D10,D11,D12,E1,E2,E3,E4,E5,E6,E7,E8,E9,E10,E11,E12,F1,F2,F3,F4,F5,F6,F7,F8,F9,F10,F11,F12,G1,G2,G3,G4,G5,G6,G7,G8,G9,G10,G11,G12,H1,H2,H3,H4,H5,H6,H7,H8,H9,H10,H11,H12
0:00:34,0.07830,0.07830,0.23070,0.07610,0.16040,0.07600,0.40520,0.07590,0.36340,0.07650,0.28280,0.07610,0.07640,0.28950,0.18500,0.45190,0.13660,0.45070,0.32000,0.25780,0.27410,0.08810,0.23400,0.07730,0.07620,0.25140,0.14280,0.35210,0.10940,0.36610,0.21850,0.19300,0.21200,0.08580,0.17050,0.07650,0.07640,0.17450,0.07530,0.24210,0.07600,0.27240,0.07590,0.15850,0.07570,0.08200,0.07570,0.07650,0.33050,0.07760,0.13360,0.07770,0.46850,0.07650,0.53500,0.07630,0.09630,0.07560,0.10100,0.07550,0.22970,0.45360,0.11540,0.46540,0.36820,0.38330,0.40100,0.16910,0.08970,0.08230,0.09160,0.07650,0.16180,0.35820,0.10460,0.39510,0.24640,0.33280,0.31100,0.14170,0.08490,0.08210,0.08490,0.07750,0.07610,0.24260,0.07510,0.27580,0.07620,0.25230,0.07570,0.12000,0.07590,0.07900,0.07640,0.07620
0:10:34,0.07900,0.07810,0.51500,0.07540,0.32770,0.07550,0.91690,0.07550,0.90090,0.07590,0.78100,0.07570,0.07720,0.64560,0.39940,0.92660,0.25840,0.94140,0.71190,0.64190,0.67780,0.12670,0.61170,0.07880,0.07640,0.53810,0.25100,0.73090,0.17870,0.80500,0.46680,0.45770,0.43420,0.11190,0.40800,0.07730,0.07590,0.31640,0.07480,0.50470,0.07540,0.56130,0.07530,0.33280,0.07520,0.09670,0.07510,0.07670,0.71750,0.07700,0.24320,0.07710,0.94000,0.07590,1.06460,0.07590,0.13890,0.07510,0.15670,0.07500,0.48720,0.91460,0.19060,0.96740,0.72390,0.83840,0.84800,0.37470,0.11660,0.09780,0.12870,0.07660,0.29390,0.73180,0.14470,0.84230,0.52140,0.70440,0.64230,0.28580,0.09950,0.09360,0.10290,0.07710,0.07560,0.46230,0.07460,0.57490,0.07570,0.51560,0.07520,0.20250,0.07550,0.08340,0.07600,0.07560
0:20:34,0.08070,0.07780,0.76530,0.07530,0.49480,0.07540,1.08700,0.07540,1.08150,0.07580,1.03130,0.07580,0.07860,0.90440,0.61200,1.09490,0.38880,1.09300,0.97640,0.92820,0.95170,0.17060,0.89530,0.08130,0.07710,0.78220,0.36590,0.98670,0.25410,1.02720,0.70270,0.69670,0.67400,0.14100,0.62440,0.07900,0.07580,0.46430,0.07470,0.73380,0.07520,0.79680,0.07610,0.50730,0.07510,0.11480,0.07510,0.07730,1.00640,0.07690,0.36330,0.07680,1.10320,0.07590,1.12730,0.07580,0.19050,0.07490,0.22150,0.07510,0.77600,1.09480,0.27440,1.10890,0.96600,1.06180,1.07960,0.57180,0.15070,0.11620,0.17390,0.07700,0.44610,0.97040,0.19060,1.06160,0.75370,0.94800,0.88710,0.43690,0.11820,0.10690,0.12400,0.07720,0.07550,0.67590,0.07460,0.82390,0.07560,0.75100,0.07520,0.28370,0.07520,0.08900,0.07590,0.07560
0:30:34,0.08280,0.07780,0.92840,0.07530,0.64580,0.07540,1.09990,0.07540,1.09910,0.07590,1.09190,0.07720,0.08070,1.03590,0.78050,1.10230,0.51080,1.10150,1.07460,1.05420,1.06040,0.21370,1.02950,0.08520,0.07840,0.94670,0.47760,1.07220,0.32670,1.09400,0.88470,0.87830,0.85580,0.17290,0.79750,0.08190,0.07580,0.60680,0.07480,0.90520,0.07530,0.96000,0.07620,0.65780,0.07530,0.13400,0.07570,0.07870,1.09400,0.07690,0.47490,0.07670,1.11450,0.07580,1.11360,0.07600,0.24500,0.07540,0.28690,0.07540,0.97750,1.11340,0.35840,1.11130,1.08360,1.10700,1.11180,0.73750,0.18770,0.13690,0.21970,0.07800,0.63370,1.08150,0.23960,1.10950,0.91780,1.06920,1.03780,0.57280,0.13810,0.12070,0.14650,0.07740,0.07540,0.85320,0.07430,0.98350,0.07550,0.92380,0.07520,0.36310,0.07530,0.09500,0.07620,0.07560
0:40:34,0.08480,0.07820,1.02020,0.07590,0.77350,0.07610,1.09060,0.07620,1.09220,0.07720,1.09300,0.08080,0.08420,1.08090,0.90520,1.09320,0.62340,1.09440,1.09200,1.08400,1.08340,0.25750,1.06960,0.09040,0.08080,1.03630,0.58470,1.08770,0.40050,1.09570,0.99600,0.99150,0.97720,0.20610,0.92080,0.08660,0.07630,0.73140,0.07560,1.01090,0.07590,1.05070,0.07740,0.78540,0.07650,0.15530,0.07830,0.08180,1.10580,0.07750,0.57640,0.07710,1.10370,0.07700,1.10290,0.07740,0.29950,0.07720,0.35340,0.07710,1.06780,1.10680,0.43860,1.10210,1.11360,1.10570,1.10330,0.86880,0.22480,0.15980,0.26620,0.08040,0.80460,1.10430,0.28930,1.10950,1.02170,1.10090,1.09850,0.69130,0.15880,0.13620,0.17010,0.07760,0.07510,0.97390,0.07440,1.05680,0.07560,1.02730,0.07570,0.44370,0.07570,0.10120,0.07680,0.07570
0:50:34,0.08690,0.07900,1.06350,0.07720,0.87660,0.07740,1.08090,0.07790,1.08240,0.07950,1.08560,0.08510,0.08810,1.08720,0.98920,1.08630,0.72450,1.08940,1.09010,1.08470,1.08210,0.30190,1.07680,0.09530,0.08390,1.07210,0.68390,1.08280,0.47240,1.08870,1.05410,1.05000,1.04050,0.23960,0.99980,0.09080,0.07720,0.83120,0.07720,1.06420,0.07740,1.08660,0.07980,0.88500,0.07890,0.17720,0.08190,0.08520,1.10440,0.07890,0.67480,0.07800,1.09670,0.07900,1.09540,0.07980,0.35370,0.08020,0.41850,0.07960,1.10230,1.09950,0.51730,1.09350,1.10850,1.09940,1.09500,0.96430,0.26210,0.18290,0.31270,0.08300,0.92070,1.10120,0.33900,1.10140,1.07150,1.10250,1.10860,0.79180,0.17890,0.15240,0.19460,0.07780,0.07490,1.04040,0.07440,1.08260,0.07580,1.07490,0.07670,0.52150,0.07640,0.10750,0.07810,0.07580
1:00:34,0.08880,0.08010,1.07430,0.07900,0.94800,0.07920,1.07190,0.08030,1.07370,0.08200,1.07680,0.08960,0.09170,1.08130,1.03500,1.07780,0.80930,1.08030,1.08230,1.07970,1.07850,0.34350,1.07290,0.10000,0.08700,1.08030,0.77070,1.07400,0.53860,1.08090,1.08050,1.07510,1.06790,0.27210,1.04150,0.09480,0.07820,0.90740,0.07930,1.08390,0.07940,1.09360,0.08250,0.95800,0.08150,0.19850,0.08480,0.08810,1.09360,0.08060,0.75920,0.07920,1.08930,0.08130,1.09050,0.08220,0.40580,0.08290,0.47970,0.08140,1.10250,1.09070,0.59030,1.08430,1.09820,1.09190,1.08720,1.02290,0.29870,0.20540,0.35730,0.08510,0.98770,1.09270,0.38580,1.09300,1.08640,1.09710,1.10250,0.87270,0.19860,0.16810,0.21860,0.07790,0.07470,1.07020,0.07440,1.08180,0.07600,1.08850,0.07790,0.59310,0.07760,0.11380,0.07960,0.07580
1:10:34,0.09080,0.08180,1.07130,0.08080,0.99300,0.08100,1.06470,0.08270,1.06380,0.08400,1.06930,0.09390,0.09490,1.07360,1.05630,1.06890,0.87690,1.07150,1.07470,1.07180,1.07060,0.38420,1.07010,0.10490,0.08990,1.07680,0.83790,1.06520,0.59930,1.07010,1.08510,1.07890,1.07570,0.30320,1.05790,0.09840,0.07960,0.96170,0.08120,1.08470,0.08140,1.08660,0.08470,1.00610,0.08380,0.21890,0.08780,0.09090,1.08020,0.08240,0.82830,0.08070,1.07900,0.08330,1.08260,0.08440,0.45430,0.08530,0.53620,0.08280,1.08610,1.08120,0.65570,1.07430,1.08560,1.08180,1.07850,1.05160,0.33340,0.22670,0.39930,0.08660,1.02440,1.08170,0.42940,1.08230,1.08430,1.08820,1.09220,0.93290,0.21790,0.18310,0.24140,0.07810,0.07470,1.07660,0.07450,1.07170,0.07640,1.08540,0.07910,0.65670,0.07870,0.12000,0.08100,0.07590
1:20:34,0.09260,0.08300,1.06410,0.08190,1.01810,0.08230,1.05430,0.08440,1.05410,0.08570,1.06100,0.09790,0.09750,1.06390,1.06120,1.05920,0.92710,1.06210,1.06560,1.06110,1.06290,0.42290,1.06360,0.10920,0.09210,1.06890,0.89080,1.05710,0.65300,1.05910,1.07960,1.07390,1.07270,0.33310,1.06210,0.10140,0.08050,0.99620,0.08250,1.07770,0.08270,1.07700,0.08630,1.03320,0.08530,0.23820,0.09030,0.09340,1.06940,0.08370,0.88330,0.08200,1.06950,0.08470,1.07380,0.08590,0.50010,0.08710,0.58810,0.08390,1.07230,1.07050,0.71320,1.06430,1.07390,1.07090,1.06900,1.06240,0.36640,0.24690,0.43900,0.08780,1.04340,1.07030,0.47030,1.07090,1.07490,1.07750,1.08020,0.97470,0.23650,0.19740,0.26310,0.07820,0.07440,1.07250,0.07440,1.05950,0.07690,1.07640,0.08000,0.71250,0.07960,0.12600,0.08190,0.07580
1:30:34,0.09460,0.08420,1.05470,0.08330,1.02980,0.08370,1.04630,0.08620,1.04550,0.08770,1.05370,0.10190,0.10010,1.05460,1.05750,1.05030,0.96440,1.05360,1.05730,1.05100,1.05490,0.45940,1.05690,0.11340,0.09440,1.05760,0.93220,1.04890,0.70150,1.05080,1.07210,1.06580,1.06540,0.36260,1.06070,0.10430,0.08150,1.01700,0.08390,1.06830,0.08400,1.06720,0.08790,1.04740,0.08690,0.25720,0.09260,0.09580,1.06070,0.08500,0.92610,0.08310,1.06030,0.08610,1.06490,0.08760,0.54250,0.08880,0.63590,0.08490,1.06180,1.06090,0.76420,1.05440,1.06340,1.06150,1.06010,1.06350,0.39850,0.26680,0.47690,0.08900,1.05260,1.05970,0.50950,1.06140,1.06420,1.06780,1.06960,1.00230,0.25510,0.21140,0.28420,0.07840,0.07450,1.06490,0.07460,1.04810,0.07750,1.06670,0.08090,0.76220,0.08060,0.13230,0.08300,0.07600
1:40:34,0.09640,0.08540,1.04570,0.08450,1.03350,0.08500,1.03710,0.08790,1.03690,0.08960,1.04680,0.10560,0.10250,1.04670,1.05130,1.04270,0.98960,1.04560,1.04890,1.04290,1.04700,0.49480,1.05020,0.11750,0.09640,1.04950,0.96290,1.04300,0.74490,1.04280,1.06350,1.05740,1.05860,0.39070,1.05660,0.10720,0.08230,1.02830,0.08500,1.05920,0.08510,1.05870,0.08940,1.05230,0.08830,0.27560,0.09460,0.09820,1.05190,0.08600,0.95860,0.08420,1.05160,0.08740,1.05690,0.08910,0.58290,0.09050,0.68010,0.08580,1.05300,1.05210,0.80880,1.04530,1.05450,1.05350,1.05210,1.05940,0.42920,0.28620,0.51270,0.08990,1.05460,1.05060,0.54670,1.05250,1.05410,1.05920,1.06010,1.01870,0.27300,0.22510,0.30460,0.07860,0.07450,1.05600,0.07460,1.03820,0.07800,1.05700,0.08180,0.80570,0.08130,0.13850,0.08390,0.07610
1:50:34,0.09850,0.08650,1.03790,0.08580,1.03250,0.08630,1.03040,0.08990,1.03050,0.09160,1.04050,0.10940,0.10490,1.03980,1.04500,1.03660,1.00690,1.03930,1.04240,1.03620,1.04070,0.52810,1.04540,0.12200,0.09860,1.04040,0.98560,1.03670,0.78400,1.03730,1.05660,1.05050,1.05180,0.41820,1.05170,0.11030,0.08330,1.03380,0.08640,1.05110,0.08650,1.05090,0.09120,1.05300,0.08990,0.29410,0.09660,0.10060,1.04490,0.08720,0.98200,0.08500,1.04350,0.08870,1.04990,0.09090,0.62060,0.09240,0.72070,0.08660,1.04550,1.04470,0.84760,1.03720,1.04650,1.04690,1.04530,1.05360,0.45890,0.30530,0.54720,0.09100,1.05380,1.04220,0.58220,1.04520,1.04500,1.05140,1.05190,1.02830,0.29080,0.23870,0.32470,0.07890,0.07460,1.04700,0.07480,1.02970,0.07860,1.04880,0.08260,0.84340,0.08220,0.14460,0.08490,0.07630
2:00:34,0.10030,0.08720,1.03160,0.08700,1.03020,0.08760,1.02390,0.09180,1.02510,0.09350,1.03660,0.11310,0.10720,1.03410,1.03830,1.03090,1.01670,1.03460,1.03710,1.03030,1.03460,0.56020,1.04120,0.12640,0.10060,1.03430,1.00060,1.03090,0.81840,1.03190,1.04990,1.04450,1.04550,0.44450,1.04660,0.11350,0.08400,1.03420,0.08750,1.04370,0.08740,1.04430,0.09290,1.05090,0.09140,0.31220,0.09850,0.10220,1.03880,0.08800,0.99790,0.08570,1.03710,0.09000,1.04320,0.09250,0.65620,0.09410,0.75790,0.08730,1.03810,1.03810,0.88070,1.03090,1.03990,1.04120,1.03980,1.04760,0.48750,0.32410,0.57990,0.09200,1.04930,1.03550,0.61540,1.03870,1.03680,1.04470,1.04470,1.03270,0.30810,0.25200,0.34440,0.07900,0.07470,1.03850,0.07490,1.02160,0.07910,1.04170,0.08340,0.87560,0.08290,0.15060,0.08570,0.07630
2:10:34,0.10240,0.08800,1.02600,0.08800,1.02520,0.08890,1.01950,0.09390,1.02020,0.09550,1.03360,0.11680,0.10930,1.02920,1.03280,1.02580,1.02320,1.03000,1.03270,1.02540,1.02980,0.59100,1.03810,0.13070,0.10270,1.02810,1.01120,1.02770,0.84810,1.02790,1.04450,1.04000,1.04070,0.47050,1.04220,0.11640,0.08480,1.03270,0.08880,1.03810,0.08840,1.03950,0.09460,1.04760,0.09300,0.33020,0.10100,0.10370,1.03360,0.08880,1.00860,0.08640,1.03160,0.09130,1.03960,0.09420,0.68960,0.09600,0.79150,0.08810,1.03190,1.03230,0.90870,1.02510,1.03400,1.03610,1.03480,1.04240,0.51550,0.34260,0.61150,0.09280,1.04440,1.02900,0.64700,1.03340,1.03030,1.03930,1.03910,1.03410,0.32500,0.26530,0.36390,0.07920,0.07490,1.03030,0.07510,1.01520,0.07960,1.03540,0.08420,0.90280,0.08360,0.15650,0.08640,0.07630
2:20:34,0.10420,0.08890,1.02140,0.08910,1.02240,0.09020,1.01480,0.09560,1.01610,0.09750,1.03070,0.12000,0.11140,1.02470,1.02680,1.02170,1.02550,1.02620,1.02830,1.02190,1.02590,0.62040,1.03590,0.13500,0.10480,1.02270,1.01710,1.02280,0.87420,1.02360,1.03980,1.03500,1.03590,0.49550,1.03820,0.11910,0.08540,1.02980,0.09000,1.03310,0.08960,1.03600,0.09630,1.04410,0.09460,0.34770,0.10310,0.10480,1.02870,0.08980,1.01460,0.08700,1.02560,0.09260,1.03490,0.09570,0.72140,0.09780,0.82260,0.08870,1.02600,1.02740,0.93170,1.02000,1.02890,1.03220,1.03070,1.03770,0.54240,0.36080,0.64140,0.09360,1.03920,1.02360,0.67650,1.02830,1.02420,1.03460,1.03440,1.03360,0.34170,0.27830,0.38290,0.07950,0.07500,1.02310,0.07540,1.00880,0.08020,1.02950,0.08500,0.92550,0.08420,0.16250,0.08710,0.07640
2:30:34,0.10620,0.08980,1.01690,0.09030,1.01730,0.09160,1.01170,0.09750,1.01320,0.09950,1.02820,0.12310,0.11350,1.02070,1.02180,1.01770,1.02680,1.02290,1.02510,1.01860,1.02260,0.64880,1.03330,0.13890,0.10680,1.01840,1.02000,1.01890,0.89560,1.02110,1.03600,1.03130,1.03140,0.51940,1.03290,0.12170,0.08600,1.02560,0.09120,1.02780,0.09060,1.03070,0.09790,1.04010,0.09610,0.36500,0.10530,0.10610,1.02430,0.09060,1.01820,0.08770,1.02130,0.09390,1.03180,0.09730,0.75010,0.09980,0.84950,0.08940,1.02070,1.02250,0.95010,1.01540,1.02400,1.02870,1.02680,1.03280,0.56810,0.37850,0.66920,0.09450,1.03390,1.01830,0.70400,1.02420,1.01840,1.02990,1.02920,1.03140,0.35780,0.29110,0.40140,0.07970,0.07510,1.01590,0.07560,1.00280,0.08060,1.02390,0.08580,0.94350,0.08480,0.16820,0.08790,0.07660
2:40:34,0.10820,0.09090,1.01410,0.09170,1.01290,0.09310,1.00840,0.09950,1.00950,0.10180,1.02610,0.12630,0.11570,1.01720,1.01670,1.01480,1.02630,1.01960,1.02240,1.01550,1.01930,0.67540,1.03200,0.14310,0.10860,1.01360,1.02110,1.01580,0.91420,1.01840,1.03220,1.02820,1.02850,0.54360,1.03090,0.12450,0.08650,1.02170,0.09240,1.02390,0.09180,1.02700,0.09960,1.03610,0.09780,0.38220,0.10720,0.10740,1.02010,0.09140,1.01920,0.08830,1.01720,0.09520,1.02800,0.09890,0.77750,0.10160,0.87420,0.09010,1.01570,1.01870,0.96540,1.01110,1.02010,1.02550,1.02350,1.02920,0.59310,0.39630,0.69600,0.09530,1.02860,1.01400,0.72980,1.02050,1.01360,1.02610,1.02530,1.02930,0.37380,0.30400,0.41990,0.08000,0.07540,1.00940,0.07590,0.99760,0.08080,1.01940,0.08670,0.95820,0.08550,0.17390,0.08870,0.07670
2:50:34,0.11000,0.09210,1.01100,0.09320,1.00930,0.09460,1.00510,0.10170,1.00730,0.10420,1.02500,0.12960,0.11790,1.01360,1.01270,1.01160,1.02480,1.01710,1.02000,1.01240,1.01750,0.70040,1.03050,0.14750,0.11010,1.01010,1.02050,1.01410,0.92930,1.01580,1.02920,1.02530,1.02500,0.56750,1.02810,0.12720,0.08710,1.01790,0.09370,1.01980,0.09310,1.02280,0.10140,1.03280,0.09950,0.39890,0.10930,0.10880,1.01580,0.09230,1.01860,0.08900,1.01370,0.09660,1.02510,0.10050,0.80200,0.10360,0.89580,0.09080,1.01080,1.01480,0.97730,1.00700,1.01580,1.02230,1.02010,1.02550,0.61690,0.41340,0.72100,0.09620,1.02350,1.00940,0.75380,1.01660,1.00890,1.02270,1.02170,1.02640,0.38920,0.31670,0.43790,0.08010,0.07570,1.00280,0.07610,0.99210,0.08130,1.01450,0.08770,0.96940,0.08620,0.17960,0.08950,0.07680
3:00:34,0.11220,0.09330,1.00830,0.09460,1.00680,0.09630,1.00320,0.10380,1.00480,0.10660,1.02350,0.13270,0.12000,1.01060,1.00920,1.00910,1.02200,1.01510,1.01760,1.00970,1.01490,0.72530,1.02870,0.15170,0.11150,1.00600,1.01940,1.01120,0.94210,1.01270,1.02640,1.02250,1.02200,0.58950,1.02590,0.13010,0.08760,1.01360,0.09490,1.01650,0.09420,1.02160,0.10300,1.03000,0.10120,0.41530,0.11090,0.11030,1.01210,0.09330,1.01750,0.08970,1.00950,0.09800,1.02280,0.10200,0.82500,0.10530,0.91480,0.09170,1.00700,1.01130,0.98610,1.00350,1.01190,1.01950,1.01750,1.02240,0.64020,0.43040,0.74470,0.09710,1.01890,1.00540,0.77600,1.01360,1.00470,1.01930,1.01810,1.02350,0.40450,0.32930,0.45560,0.08030,0.07600,0.99720,0.07640,0.98740,0.08180,1.01020,0.08860,0.97810,0.08710,0.18520,0.09040,0.07690
3:10:34,0.11430,0.09480,1.00600,0.09630,1.00360,0.09820,1.00150,0.10620,1.00290,0.10920,1.02240,0.13590,0.12250,1.00790,1.00580,1.00680,1.02030,1.01320,1.01580,1.00850,1.01340,0.74780,1.02790,0.15620,0.11310,1.00400,1.01760,1.00850,0.95260,1.01080,1.02370,1.02060,1.02010,0.61140,1.02240,0.13320,0.08830,1.00990,0.09630,1.01340,0.09580,1.01800,0.10490,1.02690,0.10300,0.43170,0.11290,0.11210,1.00850,0.09440,1.01520,0.09060,1.00650,0.09950,1.02030,0.10390,0.84570,0.10730,0.93170,0.09270,1.00220,1.00850,0.99300,1.00020,1.00910,1.01720,1.01500,1.01940,0.66250,0.44720,0.76730,0.09820,1.01420,1.00150,0.79650,1.01080,1.00030,1.01660,1.01510,1.02100,0.41950,0.34200,0.47310,0.08060,0.07640,0.99150,0.07690,0.98270,0.08230,1.00620,0.08980,0.98470,0.08800,0.19070,0.09140,0.07710
3:20:34,0.11660,0.09630,1.00430,0.09800,1.00130,0.10020,0.99970,0.10860,1.00110,0.11190,1.02150,0.13900,0.12500,1.00540,1.00300,1.00520,1.01880,1.01150,1.01420,1.00690,1.01170,0.77030,1.02790,0.16090,0.11480,1.00120,1.01570,1.00710,0.96150,1.01040,1.02190,1.01900,1.01740,0.63220,1.02220,0.13630,0.08920,1.00650,0.09790,1.01080,0.09740,1.01620,0.10710,1.02460,0.10520,0.44780,0.11480,0.11400,1.00520,0.09570,1.01260,0.09160,1.00430,0.10130,1.01850,0.10580,0.86520,0.10960,0.94630,0.09380,0.99870,1.00580,0.99810,0.99760,1.00630,1.01520,1.01300,1.01740,0.68400,0.46400,0.78840,0.09930,1.01000,0.99810,0.81540,1.00850,0.99660,1.01430,1.01270,1.01870,0.43430,0.35470,0.49040,0.08100,0.07680,0.98610,0.07730,0.97860,0.08300,1.00260,0.09110,0.98960,0.08920,0.19640,0.09260,0.07730
3:30:34,0.11870,0.09800,1.00240,0.09990,0.99910,0.10250,0.99860,0.11130,0.99960,0.11490,1.02050,0.14190,0.12770,1.00320,1.00020,1.00260,1.01710,1.01040,1.01290,1.00610,1.01010,0.79040,1.02720,0.16560,0.11660,0.99880,1.01370,1.00620,0.96790,1.00730,1.02020,1.01760,1.01660,0.65330,1.01860,0.13950,0.09040,1.00300,0.09960,1.00800,0.09910,1.01460,0.10930,1.02290,0.10740,0.46390,0.11660,0.11600,1.00150,0.09700,1.01030,0.09260,1.00140,0.10310,1.01700,0.10780,0.88210,0.11170,0.95940,0.09500,0.99470,1.00320,1.00180,0.99480,1.00370,1.01350,1.01130,1.01510,0.70460,0.48040,0.80820,0.10060,1.00570,0.99460,0.83270,1.00610,0.99290,1.01210,1.01020,1.01640,0.44860,0.36730,0.50750,0.08120,0.07730,0.98100,0.07770,0.97410,0.08340,0.99890,0.09250,0.99280,0.09040,0.20180,0.09380,0.07730
3:40:34,0.12090,0.09960,1.00110,0.10170,0.99750,0.10470,0.99670,0.11370,0.99780,0.11770,1.01940,0.14480,0.13040,1.00120,0.99790,1.00120,1.01520,1.00900,1.01200,1.00530,1.00840,0.81010,1.02650,0.17010,0.11840,0.99720,1.01180,1.00400,0.97390,1.00750,1.01840,1.01620,1.01500,0.67280,1.01980,0.14290,0.09150,1.00000,0.10140,1.00610,0.10100,1.01300,0.11160,1.02100,0.10950,0.47950,0.11850,0.11800,0.99870,0.09840,1.00780,0.09380,0.99930,0.10510,1.01550,0.10990,0.89820,0.11390,0.97000,0.09620,0.99090,1.00110,1.00420,0.99260,1.00130,1.01190,1.00990,1.01340,0.72410,0.49650,0.82610,0.10180,1.00170,0.99110,0.84830,1.00420,0.98950,1.01020,1.00790,1.01450,0.46260,0.37960,0.52410,0.08150,0.07800,0.97600,0.07820,0.97000,0.08420,0.99540,0.09400,0.99500,0.09170,0.20720,0.09510,0.07750
3:50:34,0.12280,0.10100,0.99940,0.10340,0.99460,0.10670,0.99570,0.11610,0.99720,0.12040,1.01900,0.14760,0.13300,0.99940,0.99500,0.99900,1.01220,1.00640,1.01010,1.00400,1.00790,0.82720,1.02620,0.17460,0.11990,0.99430,1.01020,1.00290,0.97770,1.00640,1.01720,1.01480,1.01270,0.69180,1.01850,0.14590,0.09240,0.99660,0.10310,1.00380,0.10270,1.01070,0.11370,1.01920,0.11150,0.49490,0.12030,0.11980,0.99520,0.09980,1.00490,0.09490,0.99690,0.10710,1.01360,0.11190,0.91210,0.11620,0.97900,0.09720,0.98730,0.99870,1.00570,0.99070,0.99870,1.01010,1.00810,1.01170,0.74270,0.51210,0.84310,0.10290,0.99750,0.98800,0.86220,1.00180,0.98570,1.00810,1.00570,1.01240,0.47610,0.39170,0.54020,0.08180,0.07860,0.97090,0.07860,0.96580,0.08460,0.99170,0.09540,0.99600,0.09290,0.21250,0.09640,0.07760
4:00:34,0.12480,0.10240,0.99790,0.10490,0.99280,0.10850,0.99510,0.11840,0.99550,0.12280,1.01800,0.15030,0.13540,0.99700,0.99290,0.99810,1.01140,1.00660,1.01010,1.00240,1.00660,0.84440,1.02560,0.17870,0.12150,0.99210,1.00740,1.00250,0.98080,1.00490,1.01580,1.01340,1.01240,0.71040,1.01680,0.14890,0.09330,0.99420,0.10470,1.00200,0.10440,1.00950,0.11590,1.01760,0.11350,0.50970,0.12250,0.12160,0.99200,0.10110,1.00190,0.09590,0.99470,0.10890,1.01260,0.11390,0.92420,0.11840,0.98590,0.09800,0.98380,0.99650,1.00620,0.98820,0.99650,1.00850,1.00650,1.01000,0.76020,0.52740,0.85830,0.10390,0.99380,0.98480,0.87500,1.00000,0.98260,1.00620,1.00340,1.01040,0.48950,0.40360,0.55580,0.08190,0.07910,0.96580,0.07900,0.96190,0.08520,0.98840,0.09680,0.99590,0.09410,0.21770,0.09750,0.07760
4:10:34,0.12680,0.10370,0.99620,0.10640,0.99070,0.11030,0.99370,0.12050,0.99450,0.12510,1.01650,0.15260,0.13760,0.99520,0.99040,0.99660,1.00940,1.00520,1.00880,1.00180,1.00610,0.85900,1.02470,0.18280,0.12280,0.99090,1.00510,1.00090,0.98330,1.00390,1.01390,1.01190,1.01060,0.72740,1.01550,0.15170,0.09410,0.99030,0.10620,0.99950,0.10580,1.00750,0.11780,1.01580,0.11530,0.52420,0.12460,0.12320,0.98880,0.10210,0.99880,0.09670,0.99240,0.11060,1.01190,0.11570,0.93560,0.12030,0.99240,0.09880,0.98060,0.99430,1.00600,0.98550,0.99410,1.00720,1.00490,1.00860,0.77700,0.54210,0.87260,0.10480,0.99000,0.98190,0.88630,0.99820,0.97920,1.00430,1.00140,1.00860,0.50250,0.41520,0.57090,0.08200,0.07970,0.96120,0.07940,0.95780,0.08580,0.98520,0.09810,0.99560,0.09500,0.22280,0.09870,0.07770
4:20:34,0.12870,0.10500,0.99460,0.10780,0.98910,0.11210,0.99160,0.12250,0.99270,0.12720,1.01610,0.15490,0.13990,0.99300,0.98820,0.99510,1.00800,1.00370,1.00780,1.00120,1.00490,0.87430,1.02520,0.18670,0.12410,0.98850,1.00300,0.99920,0.98500,1.00280,1.01270,1.01100,1.00980,0.74340,1.01410,0.15450,0.09480,0.98770,0.10770,0.99760,0.10730,1.00660,0.11970,1.01400,0.11720,0.53840,0.12650,0.12470,0.98590,0.10320,0.99650,0.09750,0.99010,0.11220,1.01000,0.11750,0.94630,0.12210,0.99740,0.09940,0.97700,0.99200,1.00540,0.98340,0.99200,1.00580,1.00330,1.00670,0.79270,0.55670,0.88510,0.10550,0.98640,0.97890,0.89680,0.99630,0.97650,1.00250,1.00010,1.00690,0.51520,0.42680,0.58570,0.08210,0.08040,0.95680,0.07990,0.95420,0.08640,0.98190,0.09930,0.99480,0.09600,0.22800,0.09960,0.07770
4:30:34,0.13070,0.10600,0.99270,0.10910,0.98790,0.11370,0.99060,0.12440,0.99060,0.12930,1.01410,0.15720,0.14200,0.99050,0.98570,0.99330,1.00530,1.00210,1.00680,0.99940,1.00300,0.88610,1.02370,0.19030,0.12530,0.98590,1.00110,0.99630,0.98580,1.00170,1.01160,1.00960,1.00820,0.75960,1.01250,0.15710,0.09540,0.98520,0.10910,0.99540,0.10880,1.00470,0.12140,1.01250,0.11880,0.55220,0.12800,0.12610,0.98300,0.10420,0.99240,0.09830,0.98830,0.11390,1.00850,0.11930,0.95410,0.12400,1.00040,0.10000,0.97360,0.98960,1.00490,0.98100,0.98920,1.00400,1.00160,1.00510,0.80740,0.57050,0.89640,0.10620,0.98240,0.97580,0.90580,0.99400,0.97350,1.00040,0.99740,1.00460,0.52750,0.43780,0.59990,0.08230,0.08130,0.95200,0.08050,0.95020,0.08680,0.97840,0.10060,0.99300,0.09690,0.23300,0.10050,0.07800
4:40:34,0.13250,0.10710,0.99130,0.11050,0.98600,0.11540,0.98880,0.12630,0.98990,0.13140,1.01350,0.15930,0.14380,0.98850,0.98340,0.99180,1.00430,1.00100,1.00560,0.99830,1.00230,0.89950,1.02430,0.19400,0.12630,0.98300,0.99950,0.99470,0.98630,1.00050,1.00970,1.00850,1.00570,0.77450,1.01190,0.15960,0.09600,0.98240,0.11040,0.99290,0.11010,1.00310,0.12330,1.01100,0.12050,0.56580,0.12990,0.12750,0.97990,0.10520,0.99080,0.09910,0.98610,0.11540,1.00700,0.12080,0.96200,0.12580,1.00440,0.10060,0.97010,0.98750,1.00370,0.97900,0.98700,1.00280,1.00010,1.00390,0.82130,0.58440,0.90710,0.10690,0.97880,0.97300,0.91380,0.99230,0.97050,0.99860,0.99570,1.00320,0.53980,0.44890,0.61410,0.08260,0.08210,0.94780,0.08090,0.94690,0.08740,0.97540,0.10180,0.99160,0.09790,0.23800,0.10150,0.07820
4:50:34,0.13410,0.10800,0.99000,0.11140,0.98360,0.11690,0.98790,0.12790,0.98820,0.13320,1.01250,0.16140,0.14540,0.98620,0.98120,0.99020,1.00110,0.99990,1.00400,0.99720,1.00070,0.90930,1.02250,0.19740,0.12710,0.98080,0.99710,0.99340,0.98650,0.99830,1.00850,1.00740,1.00470,0.78840,1.00910,0.16180,0.09650,0.97990,0.11160,0.99150,0.11120,1.00190,0.12470,1.00940,0.12200,0.57880,0.13140,0.12860,0.97650,0.10600,0.98740,0.09960,0.98450,0.11670,1.00630,0.12210,0.96800,0.12730,1.00700,0.10080,0.96670,0.98500,1.00200,0.97690,0.98470,1.00070,0.99860,1.00200,0.83420,0.59770,0.91650,0.10700,0.97510,0.97020,0.92070,0.99010,0.96780,0.99680,0.99390,1.00130,0.55150,0.45960,0.62720,0.08270,0.08270,0.94370,0.08130,0.94300,0.08780,0.97210,0.10280,0.98940,0.09860,0.24270,0.10220,0.07810
5:00:34,0.13590,0.10870,0.98810,0.11240,0.98150,0.11830,0.98640,0.12960,0.98650,0.13490,1.01140,0.16320,0.14710,0.98380,0.97890,0.98870,0.99960,0.99890,1.00320,0.99620,1.00000,0.91900,1.02150,0.20070,0.12790,0.97800,0.99460,0.99260,0.98590,0.99650,1.00720,1.00570,1.00410,0.80220,1.00750,0.16420,0.09690,0.97740,0.11280,0.98970,0.11240,1.00060,0.12620,1.00800,0.12340,0.59150,0.13290,0.12960,0.97380,0.10680,0.98470,0.10030,0.98210,0.11810,1.00460,0.12360,0.97400,0.12890,1.00870,0.10120,0.96350,0.98290,1.00040,0.97440,0.98280,0.99980,0.99720,1.00070,0.84670,0.61060,0.92510,0.10740,0.97190,0.96770,0.92680,0.98840,0.96530,0.99520,0.99210,0.99940,0.56320,0.47010,0.64030,0.08290,0.08360,0.93960,0.08190,0.93940,0.08850,0.96910,0.10390,0.98750,0.09930,0.24780,0.10280,0.07820
5:10:34,0.13780,0.10950,0.98620,0.11340,0.97960,0.11970,0.98500,0.13110,0.98500,0.13660,1.00990,0.16520,0.14870,0.98150,0.97550,0.98720,0.99780,0.99710,1.00170,0.99550,0.99840,0.92760,1.02030,0.20410,0.12870,0.97570,0.99260,0.99040,0.98510,0.99700,1.00540,1.00440,1.00300,0.81470,1.00780,0.16640,0.09760,0.97460,0.11400,0.98750,0.11350,0.99870,0.12770,1.00620,0.12480,0.60410,0.13430,0.13070,0.97100,0.10770,0.98240,0.10100,0.98050,0.11940,1.00280,0.12500,0.97830,0.13040,1.01000,0.10150,0.96020,0.98070,0.99870,0.97240,0.98070,0.99820,0.99560,0.99910,0.85790,0.62320,0.93250,0.10780,0.96860,0.96510,0.93220,0.98640,0.96260,0.99350,0.99040,0.99800,0.57460,0.48030,0.65280,0.08310,0.08440,0.93540,0.08240,0.93610,0.08910,0.96620,0.10490,0.98520,0.10010,0.25260,0.10360,0.07840
5:20:34,0.13960,0.11060,0.98530,0.11450,0.97760,0.12120,0.98430,0.13280,0.98390,0.13840,1.00950,0.16700,0.15040,0.97940,0.97440,0.98570,0.99640,0.99630,1.00090,0.99380,0.99770,0.93630,1.01960,0.20740,0.12960,0.97430,0.99110,0.98890,0.98490,0.99540,1.00420,1.00290,1.00230,0.82660,1.00610,0.16880,0.09820,0.97240,0.11530,0.98580,0.11470,0.99730,0.12940,1.00500,0.12640,0.61630,0.13580,0.13180,0.96850,0.10880,0.98010,0.10200,0.97870,0.12100,1.00210,0.12650,0.98230,0.13200,1.01120,0.10200,0.95790,0.97880,0.99740,0.97050,0.97910,0.99680,0.99440,0.99760,0.86900,0.63590,0.93950,0.10830,0.96520,0.96280,0.93690,0.98430,0.96040,0.99200,0.98910,0.99640,0.58590,0.49070,0.66540,0.08330,0.08530,0.93140,0.08290,0.93290,0.08980,0.96340,0.10610,0.98300,0.10100,0.25750,0.10430,0.07840
5:30:34,0.14150,0.11140,0.98360,0.11560,0.97650,0.12260,0.98230,0.13430,0.98240,0.14010,1.00820,0.16880,0.15200,0.97690,0.97240,0.98440,0.99540,0.99520,0.99980,0.99350,0.99560,0.94380,1.01860,0.21080,0.13050,0.97150,0.98930,0.98790,0.98410,0.99570,1.00290,1.00210,1.00080,0.83850,1.00550,0.17100,0.09890,0.96980,0.11650,0.98380,0.11590,0.99500,0.13090,1.00320,0.12770,0.62820,0.13720,0.13280,0.96540,0.10980,0.97810,0.10270,0.97660,0.12220,1.00050,0.12790,0.98600,0.13340,1.01150,0.10240,0.95480,0.97690,0.99560,0.96790,0.97690,0.99540,0.99320,0.99610,0.87880,0.64780,0.94520,0.10890,0.96200,0.95990,0.94050,0.98300,0.95770,0.99020,0.98730,0.99460,0.59650,0.50060,0.67720,0.08350,0.08630,0.92730,0.08350,0.92940,0.09040,0.96040,0.10720,0.98070,0.10190,0.26220,0.10510,0.07860
5:40:34,0.14340,0.11240,0.98250,0.11670,0.97430,0.12430,0.98140,0.13590,0.98110,0.14180,1.00770,0.17070,0.15380,0.97510,0.97030,0.98300,0.99470,0.99390,0.99890,0.99250,0.99580,0.95180,1.01870,0.21390,0.13160,0.96980,0.98730,0.98680,0.98340,0.99560,1.00180,1.00050,0.99970,0.85030,1.00430,0.17340,0.09970,0.96780,0.11770,0.98230,0.11740,0.99280,0.13250,1.00200,0.12920,0.64000,0.13880,0.13400,0.96300,0.11070,0.97630,0.10370,0.97550,0.12380,0.99910,0.12930,0.98890,0.13500,1.01180,0.10300,0.95180,0.97520,0.99390,0.96670,0.97510,0.99450,0.99190,0.99480,0.88840,0.65970,0.95080,0.10960,0.95860,0.95770,0.94410,0.98090,0.95530,0.98900,0.98590,0.99330,0.60710,0.51060,0.68900,0.08370,0.08730,0.92340,0.08410,0.92660,0.09120,0.95790,0.10840,0.97800,0.10290,0.26700,0.10600,0.07880
5:50:34,0.14530,0.11320,0.98110,0.11770,0.97270,0.12570,0.98020,0.13750,0.97940,0.14360,1.00670,0.17230,0.15540,0.97320,0.96840,0.98200,0.99280,0.99240,0.99780,0.99150,0.99440,0.95800,1.01740,0.21730,0.13260,0.96760,0.98570,0.98610,0.98230,0.99410,1.00080,1.00000,0.99880,0.86070,1.00250,0.17560,0.10050,0.96530,0.11890,0.98000,0.11850,0.99230,0.13390,1.00050,0.13070,0.65150,0.14010,0.13500,0.96050,0.11180,0.97390,0.10460,0.97400,0.12520,0.99810,0.13070,0.99110,0.13620,1.01120,0.10340,0.94860,0.97330,0.99250,0.96460,0.97330,0.99320,0.99040,0.99370,0.89740,0.67150,0.95580,0.11010,0.95560,0.95550,0.94690,0.97940,0.95280,0.98740,0.98420,0.99180,0.61730,0.52030,0.70040,0.08390,0.08830,0.91950,0.08460,0.92310,0.09190,0.95510,0.10950,0.97570,0.10380,0.27170,0.10680,0.07870
6:00:34,0.14760,0.11420,0.97960,0.11880,0.97160,0.12730,0.97910,0.13920,0.97840,0.14540,1.00530,0.17380,0.15710,0.97130,0.96690,0.98080,0.99170,0.99190,0.99660,0.99100,0.99370,0.96350,1.01630,0.22030,0.13360,0.96560,0.98410,0.98540,0.98170,0.99390,0.99970,0.99910,0.99670,0.87050,1.00150,0.17790,0.10130,0.96340,0.12030,0.97900,0.11990,0.99170,0.13560,0.99900,0.13230,0.66260,0.14150,0.13620,0.95760,0.11290,0.97180,0.10560,0.97230,0.12660,0.99720,0.13210,0.99340,0.13780,1.01090,0.10400,0.94650,0.97160,0.99090,0.96310,0.97170,0.99220,0.98920,0.99220,0.90550,0.68290,0.95980,0.11070,0.95280,0.95330,0.94920,0.97770,0.95070,0.98630,0.98290,0.99060,0.62750,0.53010,0.71130,0.08420,0.08920,0.91590,0.08540,0.92030,0.09260,0.95250,0.11080,0.97380,0.10480,0.27650,0.10760,0.07890
6:10:34,0.14980,0.11510,0.97820,0.11980,0.97030,0.12870,0.97810,0.14060,0.97710,0.14710,1.00450,0.17540,0.15880,0.96920,0.96470,0.97930,0.98930,0.99070,0.99610,0.99000,0.99140,0.96810,1.01560,0.22330,0.13450,0.96370,0.98310,0.98280,0.98120,0.99240,0.99840,0.99790,0.99650,0.88010,1.00070,0.18010,0.10220,0.96100,0.12150,0.97760,0.12120,0.99040,0.13710,0.99760,0.13370,0.67360,0.14290,0.13720,0.95500,0.11390,0.96960,0.10660,0.97130,0.12800,0.99650,0.13350,0.99510,0.13910,1.01050,0.10450,0.94380,0.96980,0.98910,0.96140,0.97030,0.99090,0.98800,0.99120,0.91290,0.69380,0.96340,0.11120,0.94950,0.95090,0.95140,0.97630,0.94850,0.98480,0.98130,0.98940,0.63720,0.53950,0.72200,0.08430,0.09030,0.91210,0.08600,0.91730,0.09330,0.94960,0.11190,0.97090,0.10590,0.28110,0.10840,0.07880
6:20:34,0.15190,0.11620,0.97750,0.12100,0.96860,0.13040,0.97690,0.14230,0.97600,0.14890,1.00370,0.17700,0.16060,0.96720,0.96300,0.97840,0.98790,0.99010,0.99530,0.98990,0.99080,0.97250,1.01450,0.22640,0.13550,0.96290,0.98110,0.98130,0.97970,0.99070,0.99710,0.99630,0.99560,0.88820,0.99950,0.18240,0.10330,0.95940,0.12280,0.97610,0.12250,0.98950,0.13870,0.99650,0.13530,0.68430,0.14430,0.13840,0.95250,0.11510,0.96870,0.10770,0.96980,0.12960,0.99470,0.13500,0.99630,0.14070,1.01020,0.10510,0.94110,0.96820,0.98780,0.95990,0.96910,0.99010,0.98690,0.99010,0.92050,0.70460,0.96690,0.11190,0.94650,0.94900,0.95250,0.97510,0.94610,0.98380,0.97990,0.98800,0.64690,0.54900,0.73240,0.08460,0.09140,0.90860,0.08670,0.91430,0.09420,0.94760,0.11320,0.96910,0.10690,0.28580,0.10940,0.07900
6:30:34,0.15360,0.11680,0.97540,0.12190,0.96730,0.13170,0.97570,0.14370,0.97450,0.15030,1.00230,0.17840,0.16210,0.96550,0.96090,0.97710,0.98640,0.98870,0.99460,0.98890,0.98990,0.97620,1.01390,0.22920,0.13650,0.96050,0.97950,0.98030,0.97910,0.98920,0.99650,0.99630,0.99470,0.89720,0.99830,0.18440,0.10400,0.95700,0.12400,0.97450,0.12370,0.98780,0.14010,0.99530,0.13670,0.69470,0.14540,0.13930,0.95000,0.11610,0.96600,0.10860,0.96850,0.13090,0.99430,0.13620,0.99730,0.14200,1.00960,0.10520,0.93790,0.96620,0.98600,0.95830,0.96760,0.98910,0.98550,0.98880,0.92690,0.71490,0.96930,0.11220,0.94380,0.94670,0.95360,0.97310,0.94380,0.98250,0.97840,0.98650,0.65580,0.55810,0.74210,0.08470,0.09240,0.90520,0.08730,0.91130,0.09470,0.94470,0.11430,0.96670,0.10790,0.29030,0.11000,0.07910
6:40:34,0.15540,0.11770,0.97460,0.12290,0.96610,0.13300,0.97430,0.14500,0.97400,0.15180,1.00070,0.17970,0.16370,0.96320,0.95830,0.97600,0.98580,0.98820,0.99320,0.98800,0.98900,0.97960,1.01290,0.23210,0.13720,0.95860,0.97790,0.98030,0.97820,0.98870,0.99530,0.99510,0.99300,0.90480,0.99710,0.18640,0.10460,0.95500,0.12520,0.97300,0.12480,0.98630,0.14140,0.99390,0.13810,0.70460,0.14650,0.14010,0.94720,0.11700,0.96510,0.10940,0.96710,0.13220,0.99270,0.13750,0.99780,0.14320,1.00890,0.10550,0.93510,0.96470,0.98450,0.95680,0.96580,0.98770,0.98480,0.98780,0.93270,0.72510,0.97170,0.11250,0.94050,0.94460,0.95420,0.97170,0.94180,0.98110,0.97660,0.98540,0.66490,0.56710,0.75170,0.08490,0.09340,0.90170,0.08790,0.90840,0.09540,0.94210,0.11540,0.96420,0.10870,0.29470,0.11050,0.07910
6:50:34,0.15720,0.11830,0.97320,0.12380,0.96390,0.13440,0.97380,0.14630,0.97260,0.15330,1.00000,0.18110,0.16520,0.96110,0.95690,0.97470,0.98470,0.98680,0.99280,0.98700,0.98870,0.98200,1.01230,0.23510,0.13790,0.95680,0.97640,0.97800,0.97720,0.98700,0.99370,0.99430,0.99190,0.91210,0.99570,0.18840,0.10530,0.95290,0.12620,0.97130,0.12600,0.98410,0.14280,0.99230,0.13940,0.71450,0.14780,0.14090,0.94480,0.11790,0.96350,0.11020,0.96550,0.13350,0.99160,0.13870,0.99840,0.14430,1.00810,0.10580,0.93240,0.96310,0.98300,0.95490,0.96450,0.98660,0.98330,0.98650,0.93790,0.73470,0.97320,0.11280,0.93720,0.94280,0.95460,0.97020,0.93970,0.98000,0.97530,0.98390,0.67370,0.57590,0.76080,0.08520,0.09440,0.89810,0.08840,0.90550,0.09590,0.93950,0.11640,0.96170,0.10970,0.29910,0.11100,0.07920
7:00:34,0.15890,0.11910,0.97190,0.12470,0.96280,0.13580,0.97290,0.14770,0.97170,0.15480,0.99900,0.18250,0.16680,0.95920,0.95510,0.97360,0.98330,0.98560,0.99180,0.98590,0.98800,0.98650,1.01140,0.23790,0.13870,0.95500,0.97500,0.97720,0.97590,0.98580,0.99300,0.99380,0.99100,0.91860,0.99400,0.19050,0.10590,0.95050,0.12740,0.97010,0.12710,0.98420,0.14420,0.99150,0.14080,0.72430,0.14890,0.14190,0.94190,0.11890,0.96190,0.11110,0.96470,0.13480,0.99130,0.14000,0.99900,0.14560,1.00640,0.10610,0.93040,0.96170,0.98190,0.95350,0.96280,0.98580,0.98250,0.98560,0.94330,0.74440,0.97520,0.11310,0.93430,0.94070,0.95490,0.96880,0.93770,0.97880,0.97400,0.98270,0.68260,0.58460,0.77000,0.08550,0.09550,0.89500,0.08910,0.90270,0.09660,0.93690,0.11760,0.95970,0.11050,0.30370,0.11140,0.07940
7:10:34,0.16070,0.11990,0.97050,0.12580,0.96220,0.13710,0.97150,0.14910,0.97010,0.15640,0.99770,0.18390,0.16840,0.95730,0.95360,0.97280,0.98210,0.98500,0.99050,0.98540,0.98700,0.98800,1.01030,0.24090,0.13950,0.95370,0.97320,0.97760,0.97500,0.98530,0.99150,0.99240,0.99010,0.92560,0.99320,0.19240,0.10660,0.94900,0.12860,0.96820,0.12830,0.98190,0.14560,0.99010,0.14220,0.73360,0.15020,0.14270,0.93980,0.11990,0.96050,0.11210,0.96350,0.13610,0.98970,0.14130,0.99900,0.14700,1.00610,0.10640,0.92740,0.95990,0.98030,0.95220,0.96160,0.98510,0.98160,0.98470,0.94790,0.75350,0.97590,0.11340,0.93170,0.93910,0.95490,0.96750,0.93580,0.97760,0.97250,0.98140,0.69070,0.59330,0.77850,0.08560,0.09670,0.89170,0.08990,0.89950,0.09730,0.93460,0.11870,0.95750,0.11140,0.30810,0.11180,0.07950
7:20:34,0.16240,0.12050,0.96930,0.12670,0.96050,0.13840,0.97050,0.15030,0.96890,0.15790,0.99650,0.18510,0.16980,0.95540,0.95160,0.97200,0.98200,0.98430,0.99020,0.98460,0.98590,0.98980,1.00970,0.24350,0.14020,0.95220,0.97200,0.97640,0.97410,0.98370,0.99080,0.99190,0.98910,0.93100,0.99190,0.19440,0.10730,0.94660,0.12970,0.96700,0.12920,0.98170,0.14690,0.98900,0.14340,0.74290,0.15130,0.14330,0.93740,0.12070,0.95940,0.11300,0.96220,0.13740,0.98920,0.14250,0.99870,0.14800,1.00490,0.10650,0.92550,0.95840,0.97920,0.95100,0.96040,0.98380,0.98060,0.98380,0.95220,0.76260,0.97710,0.11370,0.92880,0.93720,0.95490,0.96630,0.93400,0.97640,0.97110,0.98040,0.69890,0.60170,0.78700,0.08580,0.09770,0.88870,0.09060,0.89710,0.09800,0.93210,0.11970,0.95520,0.11220,0.31250,0.11200,0.07950
7:30:34,0.16410,0.12110,0.96790,0.12750,0.95870,0.13960,0.97020,0.15160,0.96800,0.15920,0.99520,0.18640,0.17130,0.95360,0.94990,0.97100,0.98010,0.98360,0.98940,0.98430,0.98540,0.99160,1.00920,0.24640,0.14090,0.94960,0.97090,0.97480,0.97310,0.98370,0.99010,0.99060,0.98800,0.93740,0.99050,0.19630,0.10780,0.94460,0.13070,0.96590,0.13050,0.98040,0.14820,0.98810,0.14460,0.75160,0.15240,0.14420,0.93510,0.12170,0.95790,0.11390,0.96140,0.13860,0.98790,0.14370,0.99850,0.14920,1.00370,0.10660,0.92300,0.95730,0.97770,0.94990,0.95880,0.98320,0.97980,0.98310,0.95640,0.77160,0.97770,0.11410,0.92610,0.93550,0.95440,0.96490,0.93220,0.97520,0.96980,0.97920,0.70680,0.61000,0.79480,0.08600,0.09880,0.88530,0.09120,0.89460,0.09880,0.92990,0.12080,0.95310,0.11300,0.31690,0.11220,0.07970
7:40:34,0.16590,0.12180,0.96700,0.12840,0.95720,0.14090,0.96860,0.15290,0.96660,0.16050,0.99370,0.18770,0.17270,0.95190,0.94840,0.96980,0.97900,0.98300,0.98870,0.98410,0.98380,0.99340,1.00850,0.24910,0.14170,0.94860,0.96920,0.97320,0.97220,0.98180,0.98900,0.99020,0.98800,0.94240,0.98970,0.19830,0.10850,0.94300,0.13180,0.96450,0.13150,0.97920,0.14940,0.98680,0.14590,0.76060,0.15350,0.14470,0.93270,0.12250,0.95730,0.11480,0.96060,0.13980,0.98740,0.14480,0.99890,0.15040,1.00290,0.10670,0.92080,0.95600,0.97640,0.94870,0.95800,0.98260,0.97900,0.98220,0.95980,0.78050,0.97850,0.11440,0.92320,0.93380,0.95400,0.96380,0.93020,0.97380,0.96890,0.97840,0.71440,0.61840,0.80270,0.08640,0.09990,0.88230,0.09200,0.89200,0.09950,0.92750,0.12190,0.95110,0.11390,0.32130,0.11240,0.07980
7:50:34,0.16790,0.12250,0.96620,0.12940,0.95580,0.14230,0.96780,0.15430,0.96550,0.16200,0.99290,0.18910,0.17440,0.95040,0.94670,0.97000,0.97780,0.98230,0.98820,0.98370,0.98250,0.99530,1.00760,0.25200,0.14260,0.94740,0.96830,0.97280,0.97130,0.98200,0.98820,0.98960,0.98690,0.94720,0.98850,0.20020,0.10910,0.94130,0.13310,0.96330,0.13270,0.97830,0.15090,0.98570,0.14720,0.76870,0.15480,0.14560,0.93060,0.12340,0.95600,0.11570,0.96020,0.14120,0.98680,0.14610,0.99880,0.15170,1.00170,0.10690,0.91850,0.95500,0.97530,0.94780,0.95640,0.98170,0.97810,0.98140,0.96340,0.78890,0.97870,0.11470,0.92080,0.93220,0.95340,0.96270,0.92880,0.97320,0.96770,0.97730,0.72200,0.62650,0.81020,0.08670,0.10120,0.87930,0.09280,0.88970,0.10040,0.92550,0.12300,0.94900,0.11480,0.32560,0.11250,0.07990
8:00:34,0.16950,0.12310,0.96500,0.13020,0.95550,0.14340,0.96710,0.15550,0.96480,0.16330,0.99220,0.19040,0.17570,0.94860,0.94460,0.96940,0.97650,0.98170,0.98700,0.98280,0.98220,0.99580,1.00710,0.25480,0.14320,0.94530,0.96660,0.97200,0.97050,0.98070,0.98730,0.98920,0.98550,0.95210,0.98740,0.20210,0.10980,0.93950,0.13410,0.96230,0.13370,0.97760,0.15190,0.98440,0.14840,0.77680,0.15570,0.14620,0.92850,0.12430,0.95530,0.11660,0.95920,0.14230,0.98620,0.14730,0.99860,0.15270,1.00110,0.10700,0.91600,0.95390,0.97400,0.94670,0.95530,0.98120,0.97750,0.98100,0.96650,0.79690,0.97850,0.11510,0.91780,0.93040,0.95280,0.96150,0.92690,0.97190,0.96650,0.97620,0.72900,0.63430,0.81710,0.08710,0.10220,0.87620,0.09340,0.88720,0.10100,0.92290,0.12400,0.94690,0.11550,0.32980,0.11250,0.08010
8:10:34,0.17140,0.12370,0.96370,0.13100,0.95350,0.14470,0.96640,0.15680,0.96400,0.16470,0.99130,0.19140,0.17710,0.94740,0.94280,0.96890,0.97520,0.98160,0.98630,0.98260,0.98240,0.99810,1.00630,0.25780,0.14400,0.94430,0.96510,0.97150,0.96940,0.97950,0.98640,0.98850,0.98500,0.95690,0.98600,0.20400,0.11040,0.93690,0.13520,0.96050,0.13480,0.97670,0.15310,0.98360,0.14960,0.78510,0.15690,0.14700,0.92680,0.12520,0.95380,0.11750,0.95830,0.14350,0.98540,0.14850,0.99890,0.15390,0.99940,0.10720,0.91420,0.95290,0.97290,0.94620,0.95430,0.98090,0.97650,0.98020,0.96920,0.80500,0.97890,0.11560,0.91540,0.92880,0.95160,0.96030,0.92540,0.97100,0.96560,0.97520,0.73620,0.64220,0.82410,0.08740,0.10330,0.87330,0.09410,0.88450,0.10170,0.92090,0.12510,0.94450,0.11630,0.33400,0.11250,0.08030
8:20:34,0.17350,0.12420,0.96300,0.13190,0.95230,0.14590,0.96620,0.15780,0.96330,0.16600,0.99070,0.19270,0.17860,0.94630,0.94200,0.96860,0.97510,0.98070,0.98650,0.98160,0.98160,0.99830,1.00570,0.26060,0.14480,0.94280,0.96350,0.97100,0.96840,0.97960,0.98560,0.98780,0.98430,0.96120,0.98480,0.20600,0.11110,0.93530,0.13630,0.95960,0.13590,0.97490,0.15440,0.98210,0.15080,0.79270,0.15790,0.14770,0.92500,0.12620,0.95340,0.11850,0.95750,0.14470,0.98500,0.14960,0.99880,0.15490,0.99820,0.10740,0.91200,0.95190,0.97200,0.94530,0.95310,0.98040,0.97560,0.97950,0.97180,0.81300,0.97840,0.11610,0.91280,0.92760,0.95070,0.95910,0.92380,0.96990,0.96450,0.97440,0.74310,0.65000,0.83060,0.08800,0.10460,0.87020,0.09490,0.88200,0.10250,0.91870,0.12610,0.94260,0.11720,0.33830,0.11240,0.08050
8:30:34,0.17550,0.12490,0.96250,0.13280,0.95200,0.14720,0.96540,0.15910,0.96220,0.16720,0.99000,0.19380,0.18020,0.94460,0.94090,0.96820,0.97440,0.98030,0.98570,0.98140,0.98130,0.99960,1.00600,0.26360,0.14570,0.94190,0.96260,0.97110,0.96770,0.97880,0.98450,0.98680,0.98370,0.96430,0.98340,0.20800,0.11200,0.93380,0.13750,0.95830,0.13700,0.97390,0.15550,0.98110,0.15210,0.80040,0.15900,0.14850,0.92320,0.12720,0.95230,0.11960,0.95620,0.14590,0.98440,0.15070,0.99880,0.15600,0.99700,0.10760,0.90970,0.95100,0.97120,0.94450,0.95220,0.97950,0.97500,0.97890,0.97410,0.82050,0.97820,0.11690,0.91040,0.92600,0.95020,0.95820,0.92270,0.96930,0.96350,0.97330,0.74990,0.65770,0.83740,0.08830,0.10580,0.86730,0.09570,0.87960,0.10340,0.91680,0.12730,0.94070,0.11810,0.34250,0.11250,0.08060
8:40:34,0.17730,0.12540,0.96130,0.13360,0.95060,0.14840,0.96430,0.16040,0.96160,0.16850,0.98910,0.19460,0.18180,0.94330,0.93950,0.96800,0.97310,0.98040,0.98520,0.98150,0.98050,1.00050,1.00420,0.26640,0.14660,0.93990,0.96150,0.97070,0.96700,0.97810,0.98360,0.98630,0.98310,0.96840,0.98250,0.20980,0.11260,0.93160,0.13850,0.95740,0.13800,0.97220,0.15660,0.98010,0.15310,0.80750,0.15980,0.14920,0.92150,0.12800,0.95090,0.12040,0.95610,0.14710,0.98460,0.15190,0.99810,0.15710,0.99660,0.10760,0.90780,0.94980,0.97000,0.94370,0.95110,0.97920,0.97410,0.97850,0.97620,0.82790,0.97760,0.11760,0.90790,0.92390,0.94910,0.95710,0.92070,0.96830,0.96210,0.97220,0.75620,0.66490,0.84330,0.08870,0.10680,0.86430,0.09640,0.87710,0.10410,0.91460,0.12830,0.93880,0.11890,0.34660,0.11230,0.08070
8:50:34,0.17920,0.12590,0.96060,0.13430,0.94970,0.14950,0.96390,0.16150,0.96070,0.16980,0.98830,0.19550,0.18320,0.94150,0.93800,0.96720,0.97250,0.98010,0.98450,0.98120,0.97990,1.00120,1.00340,0.26960,0.14740,0.93800,0.96040,0.96860,0.96600,0.97730,0.98280,0.98570,0.98150,0.97150,0.98130,0.21180,0.11310,0.92960,0.13970,0.95630,0.13910,0.97040,0.15780,0.97910,0.15430,0.81450,0.16090,0.15010,0.91960,0.12890,0.94970,0.12140,0.95540,0.14830,0.98350,0.15300,0.99760,0.15830,0.99510,0.10780,0.90610,0.94880,0.96880,0.94250,0.95030,0.97860,0.97360,0.97760,0.97790,0.83470,0.97710,0.11830,0.90550,0.92280,0.94810,0.95600,0.91940,0.96790,0.96130,0.97120,0.76240,0.67220,0.84910,0.08890,0.10800,0.86130,0.09710,0.87480,0.10490,0.91240,0.12940,0.93660,0.11970,0.35060,0.11220,0.08080
9:00:34,0.18080,0.12620,0.96020,0.13500,0.94850,0.15070,0.96340,0.16260,0.96030,0.17090,0.98700,0.19630,0.18440,0.93960,0.93610,0.96660,0.97100,0.97960,0.98360,0.98050,0.97910,1.00120,1.00240,0.27250,0.14800,0.93610,0.95900,0.96880,0.96470,0.97710,0.98210,0.98540,0.98110,0.97450,0.97980,0.21360,0.11360,0.92780,0.14070,0.95510,0.14010,0.97070,0.15890,0.97820,0.15540,0.82150,0.16180,0.15060,0.91780,0.12960,0.94860,0.12220,0.95430,0.14930,0.98310,0.15410,0.99760,0.15920,0.99450,0.10770,0.90400,0.94750,0.96780,0.94150,0.94930,0.97770,0.97240,0.97720,0.97940,0.84150,0.97640,0.11860,0.90270,0.92100,0.94700,0.95470,0.91760,0.96690,0.96010,0.97010,0.76820,0.67930,0.85460,0.08930,0.10900,0.85830,0.09790,0.87210,0.10550,0.90970,0.13040,0.93480,0.12040,0.35450,0.11170,0.08090
9:10:34,0.18220,0.12640,0.95910,0.13540,0.94770,0.15150,0.96240,0.16340,0.95900,0.17170,0.98580,0.19730,0.18530,0.93670,0.93420,0.96540,0.96960,0.97840,0.98270,0.97960,0.97770,1.00090,1.00140,0.27520,0.14810,0.93440,0.95750,0.96760,0.96360,0.97520,0.98100,0.98370,0.98010,0.97650,0.97840,0.21530,0.11360,0.92570,0.14140,0.95380,0.14080,0.96870,0.15980,0.97670,0.15630,0.82750,0.16240,0.15080,0.91460,0.13020,0.94660,0.12270,0.95340,0.15030,0.98210,0.15490,0.99660,0.16000,0.99240,0.10690,0.90140,0.94560,0.96650,0.94020,0.94780,0.97710,0.97140,0.97590,0.98030,0.84750,0.97550,0.11810,0.89940,0.91880,0.94500,0.95340,0.91560,0.96580,0.95880,0.96880,0.77320,0.68580,0.85950,0.08960,0.11010,0.85500,0.09850,0.86910,0.10580,0.90710,0.13110,0.93240,0.12090,0.35820,0.11090,0.08090
9:20:34,0.18340,0.12630,0.95810,0.13570,0.94550,0.15210,0.96080,0.16410,0.95760,0.17250,0.98420,0.19800,0.18580,0.93400,0.93200,0.96450,0.96860,0.97710,0.98180,0.97900,0.97660,1.00020,1.00010,0.27740,0.14740,0.93210,0.95580,0.96630,0.96280,0.97460,0.97950,0.98240,0.97890,0.97850,0.97660,0.21670,0.11330,0.92330,0.14210,0.95230,0.14130,0.96770,0.16070,0.97550,0.15700,0.83390,0.16300,0.15070,0.91180,0.13050,0.94500,0.12320,0.95190,0.15110,0.98100,0.15560,0.99480,0.16080,0.99080,0.10610,0.89940,0.94400,0.96520,0.93830,0.94640,0.97560,0.97010,0.97490,0.98110,0.85350,0.97400,0.11720,0.89620,0.91650,0.94310,0.95200,0.91400,0.96430,0.95710,0.96730,0.77840,0.69210,0.86430,0.08990,0.11110,0.85210,0.09910,0.86640,0.10620,0.90420,0.13190,0.92990,0.12130,0.36190,0.10960,0.08110
9:30:34,0.18520,0.12620,0.95670,0.13600,0.94440,0.15300,0.96020,0.16490,0.95580,0.17340,0.98330,0.19850,0.18620,0.92990,0.92970,0.96290,0.96740,0.97610,0.98040,0.97780,0.97540,1.00080,0.99870,0.27990,0.14650,0.92820,0.95430,0.96350,0.96130,0.97250,0.97880,0.98210,0.97720,0.98030,0.97560,0.21820,0.11330,0.92110,0.14290,0.95100,0.14200,0.96590,0.16150,0.97400,0.15780,0.83970,0.16380,0.15040,0.90970,0.13100,0.94290,0.12360,0.95110,0.15190,0.98000,0.15640,0.99430,0.16150,0.98920,0.10540,0.89760,0.94210,0.96350,0.93700,0.94490,0.97460,0.96910,0.97370,0.98180,0.85910,0.97260,0.11640,0.89380,0.91490,0.94120,0.95050,0.91210,0.96310,0.95590,0.96620,0.78350,0.69870,0.86870,0.09020,0.11230,0.84920,0.09980,0.86400,0.10660,0.90150,0.13250,0.92760,0.12170,0.36600,0.10780,0.08130
9:40:34,0.18710,0.12640,0.95600,0.13670,0.94310,0.15390,0.95830,0.16580,0.95520,0.17430,0.98210,0.19960,0.18670,0.92600,0.92740,0.96240,0.96670,0.97500,0.97990,0.97690,0.97500,0.99980,0.99830,0.28210,0.14690,0.92690,0.95320,0.96470,0.96040,0.97250,0.97730,0.98110,0.97600,0.98230,0.97390,0.21960,0.11340,0.91890,0.14370,0.94990,0.14270,0.96520,0.16260,0.97250,0.15880,0.84560,0.16460,0.15020,0.90840,0.13160,0.94150,0.12420,0.94910,0.15280,0.97900,0.15730,0.99370,0.16230,0.98770,0.10490,0.89570,0.94060,0.96210,0.93560,0.94330,0.97380,0.96800,0.97280,0.98260,0.86470,0.97130,0.11660,0.89160,0.91340,0.93980,0.94950,0.91080,0.96190,0.95470,0.96510,0.78910,0.70510,0.87330,0.09060,0.11350,0.84680,0.10070,0.86190,0.10760,0.89900,0.13340,0.92540,0.12220,0.37000,0.10570,0.08150
9:50:34,0.18890,0.12650,0.95480,0.13700,0.94180,0.15490,0.95800,0.16670,0.95330,0.17540,0.98070,0.20050,0.18730,0.92280,0.92520,0.96120,0.96460,0.97450,0.97880,0.97590,0.97270,0.99880,0.99710,0.28450,0.14760,0.92410,0.95120,0.96230,0.95880,0.97100,0.97650,0.98040,0.97550,0.98370,0.97290,0.22100,0.11360,0.91740,0.14450,0.94800,0.14340,0.96340,0.16350,0.97180,0.15970,0.85110,0.16550,0.15010,0.90640,0.13200,0.93970,0.12460,0.94810,0.15380,0.97830,0.15830,0.99220,0.16310,0.98660,0.10450,0.89420,0.93860,0.96080,0.93400,0.94170,0.97260,0.96710,0.97160,0.98310,0.86990,0.96980,0.11700,0.88970,0.91230,0.93820,0.94800,0.90980,0.96100,0.95370,0.96380,0.79400,0.71110,0.87770,0.09080,0.11470,0.84390,0.10160,0.85950,0.10820,0.89650,0.13420,0.92350,0.12260,0.37400,0.10330,0.08140
10:00:34,0.19070,0.12640,0.95310,0.13740,0.94010,0.15570,0.95680,0.16740,0.95260,0.17630,0.97960,0.20130,0.18790,0.92060,0.92290,0.96010,0.96400,0.97340,0.97770,0.97530,0.97220,0.99960,0.99620,0.28680,0.14900,0.92190,0.94970,0.96100,0.95790,0.96900,0.97530,0.97940,0.97400,0.98500,0.97140,0.22230,0.11400,0.91550,0.14540,0.94700,0.14400,0.96340,0.16430,0.97040,0.16060,0.85690,0.16630,0.15010,0.90450,0.13250,0.93860,0.12520,0.94680,0.15470,0.97650,0.15910,0.99160,0.16410,0.98470,0.10470,0.89240,0.93660,0.95920,0.93260,0.94040,0.97170,0.96560,0.97060,0.98330,0.87520,0.96830,0.11790,0.88760,0.91100,0.93730,0.94680,0.90820,0.95960,0.95220,0.96260,0.79890,0.71730,0.88150,0.09120,0.11600,0.84160,0.10240,0.85750,0.10920,0.89430,0.13490,0.92120,0.12300,0.37810,0.10190,0.08160

