Corrected [600]
	1	2	3	4	5	6	7	8	9	10	11	12
A	0.39211	0.07625	0.30321	0.07794	0.36367	0.08013	0.29186	0.07709	0.28129	0.07858	0.26718	0.07615	Corrected [600]
B	0.28983	0.34994	0.34429	0.33917	0.24271	0.31068	0.23871	0.29882	0.21998	0.28650	0.21222	0.25593	Corrected [600]
C	0.17818	0.26343	0.16400	0.25263	0.16188	0.24061	0.16527	0.24270	0.15686	0.22484	0.15023	0.20872	Corrected [600]
D	0.07600	0.17877	0.07675	0.15951	0.07574	0.15645	0.07642	0.15732	0.07720	0.15408	0.07578	0.14092	Corrected [600]
E	0.34012	0.07612	0.36390	0.07661	0.32972	0.07618	0.32637	0.07745	0.31000	0.07854	0.27967	0.06460	Corrected [600]
F	0.24763	0.38820	0.26608	0.33610	0.25287	0.31993	0.24978	0.32031	0.24298	0.29121	0.21580	0.35265	Corrected [600]
G	0.15553	0.26946	0.17857	0.23922	0.16109	0.24241	0.16545	0.23958	0.15697	0.23534	0.14729	0.26289	Corrected [600]
H	0.07737	0.16138	0.07617	0.14885	0.07625	0.15380	0.07725	0.15460	0.07653	0.14970	0.07662	0.27880	Corrected [600]

