420

Time,A1,A2,A3,A4,A5,A6,A7,A8,A9,A10,A11,A12,B1,B2,B3,B4,B5,B6,B7,B8,B9,B10,B11,B12,C1,C2,C3,C4,C5,C6,C7,C8,C9,C10,C11,C12,D1,D2,D3,D4,D5,D6,D7,D8,D9,D10,D11,D12,E1,E2,E3,E4,E5,E6,E7,E8,E9,E10,E11,E12,F1,F2,F3,F4,F5,F6,F7,F8,F9,F10,F11,F12,G1,G2,G3,G4,G5,G6,G7,G8,G9,G10,G11,G12,H1,H2,H3,H4,H5,H6,H7,H8,H9,H10,H11,H12
0:00:09,0.41850,0.08830,0.13460,0.07750,0.14250,0.08610,0.15460,0.08170,0.08460,0.08120,0.09140,0.08210,0.29500,0.11370,0.10560,0.08310,0.09140,0.08560,0.14330,0.15400,0.08320,0.12700,0.08700,0.09020,0.21950,0.10120,0.09910,0.08570,0.08550,0.08440,0.10340,0.10180,0.08360,0.12930,0.09100,0.09090,0.08260,0.09480,0.08390,0.08200,0.08580,0.09860,0.08320,0.08210,0.07780,0.10250,0.08910,0.08520,0.18780,0.08250,0.10050,0.08080,0.17760,0.08480,0.19000,0.08260,0.10390,0.08320,0.16120,0.07980,0.16010,0.09110,0.09790,0.15900,0.25660,0.13310,0.12670,0.32350,0.09280,0.43060,0.19050,0.11630,0.13640,0.08960,0.09680,0.15300,0.18730,0.18790,0.12680,0.28420,0.08990,0.26700,0.16310,0.11170,0.08100,0.08250,0.08290,0.13030,0.23630,0.16940,0.07950,0.10540,0.07970,0.28730,0.14660,0.07910
0:01:49,0.43820,0.08780,0.15270,0.07700,0.14320,0.08590,0.18510,0.08090,0.08440,0.08070,0.08840,0.08180,0.37250,0.12150,0.11430,0.08220,0.09070,0.08440,0.16070,0.15200,0.08260,0.12890,0.08610,0.09000,0.27060,0.10600,0.10270,0.08530,0.08450,0.08380,0.11380,0.10240,0.08260,0.13100,0.09070,0.09030,0.08220,0.09740,0.08360,0.08150,0.08380,0.09340,0.08300,0.08150,0.07630,0.10340,0.08860,0.08490,0.22160,0.08230,0.10340,0.08050,0.20260,0.08430,0.21890,0.08270,0.09730,0.08290,0.16840,0.07960,0.18150,0.08910,0.10200,0.18530,0.27050,0.13280,0.15000,0.32800,0.09080,0.36460,0.19220,0.11060,0.15030,0.08950,0.09870,0.18550,0.19230,0.17390,0.14560,0.33260,0.08930,0.57730,0.16590,0.10470,0.08060,0.08220,0.08190,0.15140,0.23090,0.16390,0.07850,0.07790,0.07890,0.30240,0.14640,0.07880
0:03:29,0.56440,0.08750,0.16050,0.07690,0.14230,0.08580,0.21500,0.08070,0.08380,0.08030,0.08850,0.08160,0.45470,0.12920,0.12630,0.08220,0.09030,0.08410,0.18220,0.15180,0.08230,0.13390,0.08670,0.09040,0.31420,0.11320,0.10800,0.08490,0.08430,0.08370,0.12640,0.10080,0.08190,0.13400,0.09090,0.08970,0.08250,0.10040,0.08340,0.08120,0.08350,0.09080,0.08330,0.08130,0.07620,0.10470,0.08880,0.08500,0.26360,0.08200,0.10930,0.08180,0.21470,0.08410,0.36410,0.08240,0.09680,0.08290,0.17960,0.07940,0.20450,0.08880,0.10580,0.20940,0.27750,0.12970,0.16890,0.31870,0.09170,0.61380,0.19890,0.10910,0.16340,0.08940,0.10070,0.21670,0.19910,0.16540,0.16840,0.31430,0.08930,0.61360,0.16850,0.10350,0.08060,0.08210,0.08000,0.17300,0.23030,0.16350,0.07780,0.07760,0.07900,0.31980,0.14540,0.07850
0:05:09,0.64660,0.08740,0.17590,0.07660,0.14090,0.08550,0.25010,0.08060,0.08340,0.08010,0.08880,0.08150,0.51930,0.14050,0.13610,0.08170,0.09020,0.08450,0.20780,0.14850,0.08200,0.13780,0.08690,0.09080,0.36420,0.12100,0.11460,0.08470,0.08400,0.08360,0.13920,0.10030,0.08150,0.13670,0.09100,0.09020,0.08220,0.10370,0.08320,0.08100,0.07760,0.08660,0.08460,0.08110,0.07600,0.10580,0.08900,0.08520,0.31190,0.08180,0.11550,0.08020,0.23470,0.08390,0.31460,0.08210,0.09650,0.08270,0.18490,0.07930,0.22710,0.08880,0.11090,0.23430,0.29270,0.12890,0.19070,0.31600,0.09130,0.65840,0.20490,0.11460,0.17880,0.08930,0.10360,0.25300,0.20780,0.16020,0.19070,0.29750,0.08930,0.64690,0.17270,0.10200,0.08040,0.08190,0.07980,0.19540,0.23220,0.15770,0.07770,0.07730,0.07880,0.33610,0.14480,0.07880
0:06:49,0.75320,0.08700,0.19950,0.07660,0.13980,0.08530,0.28840,0.08050,0.08290,0.08000,0.08890,0.07950,0.59280,0.15230,0.14820,0.08160,0.09000,0.08450,0.23200,0.15000,0.08190,0.14270,0.08740,0.09220,0.41450,0.12900,0.11200,0.08440,0.08370,0.08370,0.15320,0.09860,0.08130,0.14030,0.09140,0.09130,0.08210,0.10740,0.08310,0.08090,0.07720,0.08440,0.08540,0.08100,0.07590,0.10720,0.08930,0.08550,0.36610,0.08090,0.12200,0.08010,0.26050,0.08360,0.36500,0.08190,0.09670,0.08250,0.19510,0.07930,0.25390,0.08910,0.11630,0.26250,0.30650,0.12860,0.21450,0.31530,0.09150,0.72380,0.21240,0.11340,0.19650,0.08920,0.10620,0.29330,0.21670,0.15910,0.21480,0.29680,0.08930,0.67980,0.17630,0.10210,0.08030,0.08200,0.07980,0.21860,0.21740,0.15520,0.07740,0.07700,0.07870,0.35060,0.14350,0.08030
0:08:29,0.87620,0.08700,0.22370,0.07650,0.13810,0.08520,0.33010,0.08040,0.08250,0.07990,0.09040,0.07940,0.67650,0.16140,0.16210,0.08170,0.08970,0.08430,0.25480,0.14320,0.08170,0.14940,0.08810,0.09350,0.46750,0.13830,0.11800,0.08420,0.08360,0.08380,0.16840,0.09970,0.08120,0.14400,0.09190,0.09240,0.07970,0.11120,0.08300,0.08090,0.07690,0.08430,0.08590,0.08080,0.07590,0.10920,0.08940,0.08370,0.41640,0.08060,0.12900,0.08000,0.28530,0.08360,0.50960,0.08190,0.09690,0.08250,0.20490,0.07920,0.28450,0.08920,0.12200,0.29010,0.32050,0.12640,0.24050,0.31000,0.09200,0.78250,0.21940,0.11420,0.21470,0.08940,0.10940,0.33500,0.22680,0.15750,0.24110,0.29210,0.08940,0.71590,0.18010,0.10150,0.08020,0.08210,0.07970,0.24360,0.21670,0.15330,0.07760,0.07670,0.07860,0.37110,0.14210,0.07980
0:10:09,0.97010,0.08700,0.24810,0.07650,0.13700,0.08520,0.37200,0.08040,0.08260,0.07980,0.09150,0.07740,0.75490,0.17210,0.17690,0.08180,0.08960,0.08430,0.28540,0.14280,0.08180,0.15510,0.08890,0.09490,0.51950,0.14710,0.12430,0.08400,0.08350,0.08390,0.18430,0.09750,0.08100,0.14830,0.09230,0.09330,0.07960,0.11580,0.08290,0.08080,0.07680,0.08390,0.08640,0.08070,0.07580,0.11110,0.08980,0.08160,0.46720,0.08050,0.13550,0.08000,0.30970,0.08340,0.46290,0.08190,0.09680,0.08250,0.21520,0.07920,0.31470,0.08940,0.12790,0.31930,0.33340,0.12490,0.26870,0.30260,0.09240,0.83630,0.22660,0.11530,0.23390,0.08970,0.11250,0.34730,0.23630,0.15760,0.26710,0.30010,0.08960,0.74850,0.18470,0.10330,0.08020,0.08220,0.07960,0.26840,0.21550,0.14970,0.07740,0.07650,0.07860,0.38970,0.14180,0.08020
0:11:49,1.08260,0.08690,0.27260,0.07640,0.13590,0.08500,0.41330,0.08010,0.08270,0.07970,0.09310,0.07550,0.83180,0.18600,0.19390,0.08190,0.08950,0.08430,0.31390,0.13950,0.08180,0.16070,0.08960,0.09640,0.56860,0.15820,0.13120,0.08390,0.08340,0.08400,0.20000,0.09730,0.08090,0.15060,0.09290,0.09470,0.07940,0.12070,0.08290,0.08070,0.07670,0.08360,0.08680,0.08060,0.07560,0.11280,0.09000,0.08220,0.52160,0.08030,0.14360,0.08110,0.33840,0.08320,0.52130,0.08170,0.09700,0.08250,0.22590,0.07910,0.34820,0.08950,0.13450,0.34970,0.34740,0.12370,0.29810,0.29410,0.09310,0.90370,0.23640,0.11730,0.25410,0.08990,0.11570,0.38650,0.24740,0.15550,0.25250,0.41280,0.09000,0.78540,0.18890,0.10440,0.08020,0.08220,0.07960,0.29360,0.21370,0.15030,0.07460,0.07630,0.07850,0.40900,0.14070,0.08270
0:13:29,1.19190,0.08700,0.29830,0.07640,0.13420,0.08490,0.45450,0.08000,0.08260,0.07970,0.09470,0.07550,0.90970,0.20060,0.21070,0.08190,0.08930,0.08470,0.34860,0.13740,0.08220,0.16700,0.09070,0.09790,0.61720,0.16860,0.13790,0.08410,0.08330,0.08420,0.21670,0.09570,0.08080,0.15550,0.09330,0.09610,0.07940,0.12540,0.08280,0.08070,0.07660,0.08340,0.08400,0.08060,0.07560,0.11500,0.09030,0.08280,0.56940,0.08030,0.15190,0.08100,0.36420,0.08320,0.67340,0.08170,0.09820,0.07930,0.23740,0.07910,0.38100,0.08990,0.14120,0.38130,0.36150,0.12190,0.32850,0.29160,0.09410,0.99490,0.24470,0.11900,0.27840,0.09010,0.10320,0.43020,0.25780,0.15280,0.27950,0.52400,0.09020,0.82310,0.19350,0.10370,0.08010,0.08240,0.07960,0.32010,0.20960,0.14550,0.07440,0.07620,0.07850,0.42920,0.14020,0.08330
0:15:09,1.27410,0.08690,0.32560,0.07630,0.13250,0.08470,0.49760,0.08020,0.08250,0.08660,0.09650,0.07550,0.98580,0.21460,0.22750,0.08190,0.08940,0.08510,0.38510,0.13490,0.08180,0.17370,0.09190,0.09980,0.66940,0.17950,0.14560,0.08410,0.08310,0.08430,0.23290,0.09510,0.08070,0.15890,0.09390,0.09760,0.07930,0.13030,0.08280,0.08070,0.07650,0.08350,0.08390,0.08060,0.07560,0.11680,0.09050,0.08350,0.61720,0.08020,0.16140,0.08080,0.39420,0.08300,0.61650,0.08160,0.09920,0.07920,0.24860,0.07900,0.41930,0.09030,0.14850,0.41160,0.37650,0.12050,0.35910,0.28690,0.09450,0.91000,0.25370,0.12120,0.30230,0.09040,0.10660,0.47670,0.26920,0.15320,0.28040,0.55660,0.09040,0.86100,0.19870,0.10430,0.08010,0.08250,0.07960,0.34730,0.20780,0.14470,0.07440,0.07610,0.07850,0.44960,0.13890,0.08380
0:16:49,1.36480,0.08700,0.35250,0.07620,0.13100,0.08480,0.54050,0.08010,0.08260,0.08730,0.09840,0.07550,1.05540,0.23050,0.24450,0.08210,0.08930,0.08530,0.41370,0.13170,0.08170,0.18080,0.09320,0.10200,0.72250,0.19190,0.15460,0.08410,0.08300,0.08460,0.24970,0.09420,0.08080,0.16320,0.09450,0.09910,0.07940,0.13520,0.08270,0.08080,0.07640,0.08370,0.07550,0.08060,0.07560,0.11950,0.09060,0.08170,0.66660,0.08010,0.17080,0.07630,0.42540,0.08300,0.79710,0.08170,0.10050,0.07920,0.26050,0.07910,0.45830,0.09070,0.15490,0.44470,0.39480,0.11920,0.39210,0.28520,0.09520,0.97850,0.26260,0.12330,0.32470,0.09070,0.11000,0.52220,0.28230,0.15260,0.30400,0.57630,0.09060,0.90180,0.20270,0.10500,0.08030,0.08260,0.07960,0.37470,0.20390,0.14260,0.07440,0.07610,0.07850,0.46880,0.13730,0.08450
0:18:29,1.43870,0.08700,0.38030,0.07610,0.12900,0.08660,0.58320,0.08020,0.08270,0.08720,0.10060,0.07550,1.10860,0.24870,0.26140,0.08210,0.08940,0.08560,0.44220,0.12980,0.08160,0.18770,0.09450,0.10380,0.77780,0.20330,0.16270,0.08410,0.08290,0.08470,0.26600,0.09290,0.08020,0.16780,0.09510,0.10050,0.07920,0.14040,0.08270,0.08070,0.07630,0.08360,0.07510,0.08050,0.07560,0.12220,0.09500,0.08220,0.71530,0.08000,0.17920,0.07630,0.45810,0.08260,0.74130,0.08140,0.10130,0.07900,0.27380,0.07900,0.49520,0.09100,0.16190,0.47880,0.41250,0.11780,0.42630,0.28110,0.09580,1.04260,0.27190,0.12560,0.34470,0.09100,0.11340,0.57080,0.29440,0.15790,0.32750,0.57990,0.09080,0.94070,0.20740,0.10600,0.08010,0.08260,0.07960,0.40210,0.20150,0.14110,0.07430,0.07600,0.07770,0.48990,0.07680,0.08510
0:20:09,1.50050,0.08700,0.41160,0.07610,0.12730,0.08680,0.62930,0.08010,0.08280,0.08730,0.10290,0.07560,1.16710,0.27010,0.27630,0.08240,0.08910,0.08590,0.47390,0.12940,0.08160,0.19450,0.09600,0.10570,0.82670,0.21450,0.17140,0.08420,0.08290,0.08480,0.28390,0.09140,0.07650,0.17270,0.09570,0.10200,0.07920,0.14550,0.08270,0.08080,0.07640,0.08320,0.07500,0.08050,0.07550,0.12510,0.09430,0.08280,0.75430,0.08000,0.18800,0.07620,0.48870,0.08250,0.91550,0.08150,0.10250,0.07900,0.28690,0.07910,0.52910,0.09150,0.16830,0.51260,0.42930,0.11680,0.46090,0.27640,0.09640,1.10290,0.28190,0.12760,0.36750,0.09130,0.11690,0.61740,0.30780,0.16330,0.35120,0.57310,0.09110,0.97910,0.14270,0.10730,0.08010,0.08280,0.07960,0.42860,0.19880,0.14070,0.07440,0.07600,0.07710,0.51080,0.07630,0.08590
0:21:49,1.54220,0.08710,0.44090,0.07600,0.12550,0.08690,0.67620,0.08010,0.08270,0.08740,0.10490,0.07560,1.22120,0.28930,0.29290,0.08250,0.08910,0.08620,0.50590,0.12650,0.08190,0.20110,0.09730,0.10760,0.87620,0.22580,0.18070,0.08440,0.08270,0.08500,0.30320,0.09170,0.07650,0.17840,0.09630,0.10350,0.07920,0.15070,0.07910,0.08080,0.07640,0.08340,0.07500,0.08050,0.07560,0.12790,0.09340,0.08350,0.80090,0.08000,0.19660,0.07620,0.51810,0.08230,0.86210,0.08160,0.10440,0.07900,0.29920,0.07910,0.56210,0.09170,0.17520,0.55080,0.44650,0.11560,0.46880,0.27240,0.09690,1.16540,0.29100,0.12910,0.38910,0.09170,0.12020,0.66240,0.32120,0.17070,0.37470,0.57480,0.09140,1.01560,0.14990,0.10910,0.08010,0.08300,0.07970,0.45460,0.19660,0.14220,0.07440,0.07610,0.07710,0.53090,0.07500,0.08660
0:23:29,1.57700,0.08700,0.47120,0.07590,0.12420,0.08700,0.71730,0.08010,0.08280,0.08750,0.10710,0.07570,1.27750,0.30660,0.31360,0.08260,0.08900,0.08660,0.53750,0.12600,0.08160,0.20920,0.09870,0.10950,0.92360,0.23680,0.19000,0.08450,0.08260,0.08510,0.32450,0.09090,0.07660,0.18400,0.09700,0.10520,0.07910,0.15680,0.08440,0.08080,0.07630,0.08730,0.07480,0.08050,0.07550,0.13070,0.09280,0.08410,0.84760,0.08000,0.20610,0.07610,0.54750,0.08220,1.01610,0.08180,0.10550,0.07890,0.31230,0.07910,0.59430,0.09200,0.18230,0.58770,0.46330,0.11460,0.49880,0.26910,0.09740,1.22350,0.30080,0.13100,0.40800,0.09200,0.12360,0.70450,0.33380,0.07910,0.39800,0.56870,0.09170,1.04950,0.15590,0.11080,0.08000,0.08310,0.07680,0.48060,0.19340,0.13950,0.07440,0.07610,0.07710,0.55020,0.07500,0.08730
0:25:09,1.60650,0.08710,0.49760,0.07590,0.12260,0.08710,0.75950,0.08030,0.08290,0.08750,0.10910,0.07590,1.33180,0.32210,0.32240,0.08280,0.08920,0.08700,0.56710,0.12370,0.08170,0.21740,0.10020,0.11150,0.96840,0.24850,0.19990,0.08450,0.08270,0.08550,0.34540,0.09110,0.07660,0.18920,0.09790,0.10720,0.07920,0.16310,0.08460,0.08090,0.07640,0.09620,0.07490,0.08060,0.07560,0.13340,0.09230,0.08480,0.89260,0.08000,0.21580,0.07610,0.57670,0.08220,0.94520,0.08200,0.10630,0.07900,0.32490,0.07930,0.62680,0.09240,0.18950,0.62540,0.48170,0.11320,0.53070,0.26630,0.09820,1.27970,0.31200,0.13270,0.42630,0.09220,0.12710,0.74420,0.34730,0.07910,0.42130,0.56060,0.09220,1.08870,0.16110,0.11270,0.08000,0.08340,0.07660,0.50650,0.19100,0.07780,0.07450,0.07620,0.07710,0.57130,0.07510,0.08790
0:26:49,1.62180,0.08720,0.52480,0.07600,0.12110,0.08730,0.80360,0.08020,0.08320,0.08770,0.11150,0.07610,1.37880,0.34010,0.34340,0.08290,0.08930,0.08740,0.59680,0.12460,0.08190,0.22650,0.10180,0.11380,1.01460,0.26120,0.20940,0.08470,0.08280,0.08580,0.36580,0.09030,0.07670,0.19390,0.09870,0.10940,0.07920,0.16920,0.08470,0.08090,0.07640,0.09610,0.07500,0.08080,0.07570,0.13650,0.09200,0.08560,0.93500,0.08010,0.22630,0.07620,0.60640,0.08220,1.10620,0.08210,0.10730,0.07910,0.33890,0.07940,0.65880,0.09280,0.19680,0.66300,0.50010,0.11250,0.56320,0.25930,0.09890,1.33170,0.32330,0.13500,0.44550,0.09250,0.13030,0.78130,0.36200,0.07940,0.44430,0.55260,0.09260,1.12540,0.16680,0.11460,0.08000,0.08360,0.07660,0.53220,0.18730,0.07790,0.07460,0.07640,0.07690,0.59360,0.07520,0.08870
0:28:29,1.64000,0.08880,0.54900,0.07600,0.12040,0.08730,0.84880,0.08050,0.08420,0.08770,0.11390,0.07650,1.42140,0.35650,0.36540,0.08300,0.08940,0.08790,0.62800,0.12230,0.08200,0.23510,0.10330,0.11650,1.06160,0.27450,0.21920,0.08490,0.08280,0.08610,0.38940,0.07780,0.07680,0.19910,0.09970,0.11170,0.07930,0.17550,0.08490,0.08090,0.07650,0.09640,0.07500,0.08080,0.07580,0.13930,0.09180,0.08630,0.97650,0.07800,0.23680,0.07620,0.63610,0.08230,1.03020,0.08220,0.10840,0.07920,0.35180,0.07950,0.69110,0.09320,0.20520,0.70070,0.52000,0.11120,0.59810,0.26170,0.09970,1.37700,0.33510,0.13740,0.46700,0.09260,0.13340,0.81850,0.37770,0.07950,0.46700,0.55040,0.09310,1.16810,0.17370,0.11170,0.08010,0.08380,0.07650,0.55910,0.18510,0.07800,0.07470,0.07650,0.07690,0.61750,0.07540,0.08930
0:30:09,1.64480,0.08970,0.57010,0.07610,0.11880,0.08760,0.88880,0.08070,0.08450,0.08810,0.11660,0.07680,1.46360,0.37450,0.39120,0.08310,0.08970,0.08850,0.66030,0.12230,0.08220,0.24430,0.10470,0.11930,1.11400,0.28800,0.22960,0.08510,0.08290,0.08650,0.41770,0.07800,0.07720,0.20440,0.10080,0.11410,0.07930,0.18150,0.08500,0.08100,0.07660,0.09650,0.07510,0.08100,0.07600,0.14230,0.09220,0.08710,1.01820,0.07810,0.24700,0.07630,0.66970,0.08240,1.19610,0.08250,0.10960,0.07940,0.36590,0.07990,0.72610,0.09380,0.21360,0.74010,0.53910,0.11050,0.63390,0.25150,0.10070,1.42100,0.34500,0.14030,0.49120,0.09280,0.13640,0.85530,0.39240,0.07960,0.48960,0.54100,0.09370,1.20620,0.18160,0.11330,0.08010,0.08410,0.07660,0.58830,0.18200,0.07810,0.07490,0.07670,0.07690,0.64070,0.07540,0.09020
0:31:49,1.64880,0.09000,0.59850,0.07620,0.11830,0.08800,0.92850,0.08120,0.08550,0.08850,0.12000,0.07960,1.50150,0.39220,0.41640,0.08320,0.08990,0.08910,0.69040,0.12080,0.08280,0.25310,0.10660,0.12230,1.16930,0.30080,0.24020,0.08560,0.08310,0.08700,0.43700,0.07830,0.07760,0.21050,0.10220,0.11690,0.07940,0.18760,0.08520,0.08120,0.07680,0.09680,0.07540,0.08130,0.07630,0.14540,0.09290,0.08800,1.06280,0.07820,0.25690,0.07630,0.70030,0.08250,1.12740,0.08290,0.11080,0.08030,0.38080,0.08020,0.76430,0.09420,0.22260,0.78030,0.56080,0.10970,0.67130,0.25210,0.10170,1.45750,0.35630,0.14330,0.51790,0.09040,0.13920,0.80930,0.40760,0.08000,0.51160,0.53300,0.09430,1.24750,0.19090,0.11580,0.08030,0.08430,0.07680,0.62610,0.18010,0.07830,0.07520,0.07710,0.07710,0.66370,0.07560,0.09110
0:33:29,1.65060,0.09180,0.63310,0.07630,0.11720,0.08840,0.96720,0.08150,0.08520,0.08880,0.12360,0.07890,1.53240,0.40970,0.43970,0.08330,0.09020,0.08960,0.72080,0.12160,0.08310,0.26220,0.10850,0.12520,1.21790,0.31330,0.25020,0.08580,0.08320,0.08750,0.45620,0.07870,0.07800,0.21720,0.10360,0.11980,0.07950,0.19370,0.08000,0.08130,0.07700,0.09680,0.07560,0.08150,0.07650,0.14860,0.09350,0.08880,1.10760,0.07830,0.26660,0.07660,0.73350,0.08270,1.27520,0.08320,0.11210,0.08060,0.39590,0.08070,0.80320,0.09480,0.23120,0.82130,0.58220,0.10950,0.71060,0.24920,0.10280,1.49130,0.36760,0.14650,0.54310,0.09080,0.14200,0.83960,0.42170,0.08040,0.53330,0.51480,0.09490,1.28210,0.20010,0.11800,0.08030,0.08470,0.07690,0.66720,0.17700,0.07840,0.07540,0.07740,0.07720,0.68500,0.07580,0.09200
0:35:09,1.64960,0.09420,0.66710,0.07660,0.11620,0.08880,1.00650,0.08190,0.08580,0.08920,0.12710,0.07900,1.55550,0.42690,0.46070,0.08350,0.09050,0.09020,0.75040,0.12030,0.08360,0.27150,0.11050,0.12810,1.25940,0.32560,0.26140,0.08610,0.08340,0.08800,0.47530,0.07890,0.07860,0.22350,0.10500,0.12260,0.07960,0.19980,0.07980,0.08150,0.07730,0.09690,0.07590,0.08190,0.07680,0.15180,0.09400,0.08960,1.15040,0.07850,0.27650,0.07660,0.76610,0.08290,1.22550,0.08360,0.11340,0.08100,0.41250,0.08110,0.83840,0.09560,0.22950,0.86150,0.60330,0.10880,0.74670,0.24130,0.10390,1.52070,0.37860,0.14950,0.56820,0.09130,0.14540,0.83930,0.43690,0.08070,0.55460,0.51780,0.09550,1.31480,0.20890,0.12000,0.08040,0.08520,0.07710,0.70010,0.17490,0.07860,0.07570,0.07770,0.07740,0.70530,0.07600,0.09280
0:36:49,1.64810,0.09440,0.70360,0.07680,0.11540,0.08920,1.04800,0.08230,0.08640,0.08970,0.13040,0.08000,1.57250,0.44380,0.48090,0.08390,0.09090,0.09070,0.77990,0.11990,0.08410,0.28160,0.11270,0.13080,1.29590,0.33810,0.27140,0.08650,0.08370,0.08850,0.49430,0.07930,0.07910,0.22990,0.10630,0.12540,0.07970,0.18450,0.07990,0.08170,0.07760,0.09700,0.07640,0.08230,0.07730,0.15510,0.09430,0.09040,1.18730,0.07880,0.28630,0.07670,0.79670,0.08310,1.36320,0.08410,0.11450,0.08140,0.42890,0.08160,0.87160,0.09630,0.23710,0.89900,0.62330,0.10830,0.78180,0.24160,0.10500,1.54730,0.39040,0.15270,0.59160,0.09180,0.15060,0.88870,0.42150,0.08100,0.57580,0.51240,0.09620,1.34800,0.21740,0.12190,0.08050,0.08550,0.07730,0.72970,0.17150,0.07870,0.07600,0.07800,0.07760,0.72610,0.07640,0.09370
0:38:29,1.64430,0.09090,0.73730,0.07670,0.11450,0.08960,1.08900,0.08290,0.08700,0.08970,0.13340,0.08230,1.58560,0.46000,0.50050,0.08440,0.09110,0.09120,0.80750,0.11910,0.08450,0.24410,0.11470,0.13340,1.32940,0.35040,0.28220,0.08680,0.08390,0.08910,0.51290,0.07960,0.07960,0.23650,0.10770,0.12790,0.07950,0.19000,0.08000,0.08190,0.07790,0.09710,0.07670,0.08260,0.07750,0.15810,0.09450,0.09120,1.22130,0.07900,0.29610,0.07690,0.82510,0.08340,1.31350,0.08460,0.11600,0.08160,0.44580,0.07870,0.90260,0.09710,0.24510,0.93700,0.64450,0.10800,0.81760,0.24060,0.10600,1.57010,0.40260,0.15570,0.61450,0.09240,0.15570,0.92580,0.43620,0.08130,0.59700,0.50560,0.09680,1.37710,0.22530,0.12400,0.08060,0.08590,0.07700,0.75810,0.16990,0.07900,0.07630,0.07830,0.07780,0.74640,0.07650,0.09450
0:40:09,1.64120,0.09100,0.76900,0.07690,0.11370,0.08990,1.12760,0.08320,0.08760,0.09020,0.13640,0.08410,1.59450,0.47640,0.51960,0.08480,0.09150,0.09190,0.83560,0.11890,0.08490,0.25570,0.11660,0.13600,1.35910,0.36270,0.29300,0.08720,0.08420,0.08960,0.53130,0.07990,0.08020,0.24270,0.10920,0.13040,0.07950,0.19550,0.08010,0.08210,0.07820,0.09730,0.07700,0.08300,0.07790,0.16140,0.09480,0.09210,1.25280,0.07920,0.30580,0.07700,0.85220,0.08360,1.43620,0.08520,0.10610,0.08200,0.46190,0.07910,0.93180,0.09780,0.25280,0.97310,0.49570,0.10760,0.85120,0.23360,0.10710,1.59000,0.41440,0.15860,0.63640,0.09290,0.15970,0.96090,0.45010,0.08150,0.61700,0.50130,0.09750,1.40360,0.23290,0.12590,0.08070,0.08620,0.07720,0.78560,0.16730,0.07900,0.07660,0.07860,0.07780,0.76600,0.07670,0.09530
0:41:49,1.63740,0.09120,0.79810,0.07720,0.11360,0.09010,1.16220,0.08390,0.08840,0.09060,0.13950,0.08590,1.60160,0.49280,0.53880,0.08520,0.09180,0.09290,0.86330,0.11770,0.08550,0.26500,0.11880,0.13880,1.38660,0.37500,0.30290,0.08760,0.08450,0.09020,0.54990,0.08040,0.08100,0.24940,0.11070,0.13290,0.07960,0.20100,0.07730,0.08240,0.07810,0.09760,0.07750,0.08350,0.07850,0.16470,0.09530,0.09310,1.28230,0.07950,0.31580,0.07720,0.87860,0.08390,1.38050,0.08500,0.10740,0.08240,0.47650,0.07960,0.96040,0.09850,0.26040,1.00400,0.51540,0.10750,0.88090,0.23570,0.10820,1.60690,0.42740,0.16180,0.65800,0.09350,0.16370,0.99220,0.46400,0.08190,0.63730,0.48850,0.09820,1.43020,0.24050,0.11450,0.08090,0.08660,0.07750,0.81250,0.16590,0.07930,0.07700,0.07900,0.07820,0.78630,0.07700,0.09630
0:43:29,1.63310,0.09130,0.82510,0.07740,0.11260,0.09060,1.19240,0.08450,0.08900,0.09120,0.14270,0.08780,1.60630,0.50910,0.55740,0.08540,0.09220,0.09380,0.88950,0.11870,0.08600,0.27400,0.12070,0.14150,1.41150,0.38710,0.31170,0.08790,0.08480,0.09070,0.72590,0.08070,0.08160,0.25580,0.11220,0.13540,0.07740,0.20650,0.07750,0.08270,0.07860,0.09800,0.07800,0.08390,0.07890,0.16810,0.09580,0.09420,1.30980,0.07980,0.32560,0.07750,0.90460,0.08410,1.49020,0.08550,0.10870,0.08280,0.49200,0.07990,0.98870,0.09920,0.26790,1.03260,0.53350,0.10730,0.91250,0.22730,0.10930,1.62050,0.43910,0.16490,0.67990,0.09400,0.16750,1.01830,0.47680,0.08220,0.65630,0.48300,0.09890,1.45610,0.23890,0.11620,0.08100,0.08690,0.07770,0.83900,0.16290,0.07940,0.07740,0.07930,0.07830,0.80540,0.07720,0.09760
0:45:09,1.62920,0.09140,0.85110,0.07750,0.11230,0.09100,1.21900,0.08480,0.08960,0.09150,0.14550,0.08840,1.60940,0.52540,0.57610,0.08580,0.08630,0.09470,0.91640,0.11810,0.08650,0.28290,0.12270,0.14410,1.43360,0.39900,0.32070,0.08810,0.08500,0.09130,0.74120,0.08100,0.08250,0.26230,0.11380,0.13770,0.07740,0.21180,0.07780,0.08290,0.07890,0.09830,0.07840,0.08430,0.07950,0.17130,0.09630,0.09520,1.33520,0.07790,0.33540,0.07770,0.92940,0.08450,1.43370,0.08590,0.10050,0.08310,0.50660,0.08040,1.01590,0.09990,0.27530,1.05880,0.55100,0.10690,0.94160,0.22610,0.11040,1.63200,0.45140,0.16810,0.70070,0.09440,0.17120,1.04150,0.48960,0.08240,0.67580,0.47280,0.09950,1.47960,0.24610,0.11800,0.08110,0.08720,0.07790,0.86440,0.16020,0.07950,0.07770,0.07970,0.07750,0.82270,0.07750,0.09920
0:46:49,1.62440,0.09150,0.87570,0.07780,0.11150,0.09140,1.24260,0.08540,0.09040,0.08420,0.14890,0.08640,1.61020,0.54170,0.59450,0.08620,0.08660,0.09570,0.94110,0.11790,0.08710,0.29170,0.12490,0.14710,1.45370,0.41110,0.33020,0.08860,0.08530,0.09200,0.75290,0.08150,0.08340,0.26890,0.11560,0.14060,0.07750,0.21720,0.07810,0.08310,0.07940,0.09870,0.07900,0.08480,0.08010,0.17460,0.09690,0.09620,1.35850,0.07820,0.34520,0.07800,0.95410,0.08490,1.53380,0.08670,0.10180,0.08360,0.52140,0.08080,1.04260,0.10060,0.28270,1.08700,0.56840,0.10710,0.96820,0.22450,0.11150,1.64120,0.46320,0.36690,0.72150,0.09500,0.17510,1.06350,0.50230,0.08270,0.69500,0.46410,0.10030,1.50310,0.25310,0.12000,0.08120,0.08750,0.07820,0.88940,0.15770,0.07920,0.07810,0.08010,0.07780,0.84150,0.07770,0.10040
0:48:29,1.62070,0.08510,0.90070,0.07800,0.11110,0.09190,1.26490,0.08620,0.09120,0.08480,0.15210,0.08460,1.61070,0.55770,0.61270,0.08660,0.08690,0.09660,0.96550,0.11720,0.08790,0.30060,0.12700,0.15000,1.47170,0.42290,0.33820,0.08890,0.08580,0.09260,0.76550,0.08210,0.08430,0.27560,0.11750,0.14330,0.07770,0.22260,0.07840,0.08340,0.07990,0.09920,0.07970,0.08540,0.08090,0.17800,0.08820,0.09720,1.38000,0.07850,0.35500,0.07820,0.97810,0.08530,1.47500,0.08750,0.10310,0.08410,0.53580,0.08140,1.06740,0.10130,0.29020,1.11260,0.58550,0.10690,0.99360,0.22610,0.11280,1.64840,0.47470,0.36810,0.74220,0.09560,0.17890,1.08740,0.51470,0.08300,0.71470,0.45600,0.10110,1.52260,0.26020,0.12190,0.08130,0.08800,0.07850,0.91380,0.15570,0.07950,0.07850,0.08050,0.07800,0.86030,0.07810,0.10160
0:50:09,1.61530,0.08510,0.92470,0.07840,0.11060,0.09260,1.28680,0.08720,0.09300,0.08450,0.15590,0.08600,1.60930,0.57390,0.63110,0.08740,0.08740,0.09770,0.99040,0.11710,0.08890,0.30980,0.12990,0.15330,1.48700,0.43500,0.34690,0.08940,0.08630,0.09350,0.77880,0.08290,0.08550,0.28300,0.11980,0.14630,0.07770,0.22800,0.07890,0.08370,0.08070,0.09990,0.08060,0.08650,0.08190,0.18180,0.08920,0.09830,1.39930,0.07890,0.36460,0.07850,1.00170,0.08580,1.56780,0.08600,0.10480,0.08480,0.55020,0.08220,1.09210,0.10200,0.29780,1.13840,0.60230,0.10680,1.01790,0.22380,0.11420,1.65430,0.48670,0.14650,0.76240,0.09610,0.18280,1.11170,0.52710,0.08330,0.73390,0.45490,0.10190,1.54340,0.26740,0.12400,0.08150,0.08840,0.07880,0.93760,0.15360,0.07970,0.07900,0.08100,0.07850,0.87740,0.07860,0.10260
0:51:49,1.61100,0.08520,0.94870,0.07900,0.11040,0.09360,1.30820,0.08860,0.09460,0.08610,0.16040,0.08850,1.60810,0.58980,0.64950,0.08820,0.08810,0.09920,1.01460,0.11850,0.09040,0.31950,0.13320,0.15730,1.50110,0.44680,0.35690,0.09000,0.08690,0.09460,0.79860,0.08410,0.08700,0.29070,0.12250,0.15000,0.07800,0.23350,0.07950,0.08410,0.08160,0.10080,0.08160,0.08770,0.08330,0.18570,0.09050,0.09960,1.41760,0.07930,0.37460,0.07880,1.02450,0.08650,1.50800,0.08710,0.10670,0.08570,0.56500,0.08340,1.11570,0.10290,0.30530,1.16410,0.61900,0.10700,1.04190,0.21710,0.11580,1.65930,0.49900,0.14980,0.78280,0.09670,0.18680,1.13510,0.53970,0.08370,0.75410,0.44530,0.10290,1.56230,0.27490,0.12630,0.08160,0.08870,0.07920,0.96090,0.15160,0.08000,0.07960,0.08160,0.07880,0.89610,0.07900,0.10380
0:53:29,1.60830,0.08050,0.97200,0.07960,0.11030,0.09470,1.32850,0.09010,0.09640,0.08780,0.16480,0.09120,1.60630,0.60580,0.66730,0.08890,0.08880,0.10080,1.03790,0.11920,0.09200,0.32930,0.13650,0.16160,1.51350,0.45880,0.36620,0.09070,0.08780,0.09590,0.81100,0.08560,0.08880,0.29860,0.12560,0.15370,0.07820,0.23900,0.08030,0.08460,0.08270,0.10190,0.08290,0.08910,0.08470,0.19000,0.09190,0.10110,1.43390,0.08000,0.38460,0.07930,1.04680,0.08740,1.59380,0.08850,0.10870,0.08690,0.58000,0.08470,1.13900,0.10390,0.31300,1.18360,0.63560,0.10720,1.06310,0.21430,0.11770,1.66330,0.51180,0.15320,0.80210,0.09740,0.19080,1.15530,0.55220,0.08420,0.77480,0.43230,0.10400,1.57720,0.28240,0.12870,0.08180,0.08930,0.07980,0.98360,0.14950,0.08050,0.08040,0.08240,0.07930,0.91380,0.07960,0.10510
0:55:09,1.60260,0.08050,0.99430,0.07990,0.10990,0.09550,1.34680,0.09120,0.09800,0.08910,0.16890,0.09370,1.60330,0.62120,0.68500,0.08980,0.08940,0.10230,1.06080,0.11900,0.09320,0.33870,0.13930,0.16540,1.52360,0.47050,0.37530,0.09130,0.08850,0.09690,0.82130,0.08650,0.09020,0.30600,0.12820,0.15710,0.07840,0.24450,0.08090,0.08500,0.08350,0.10270,0.08390,0.09030,0.08600,0.19370,0.09320,0.10230,1.44840,0.08050,0.39430,0.07970,1.06840,0.08810,1.53160,0.08970,0.11070,0.08360,0.59470,0.08580,1.15960,0.10460,0.32030,1.20670,0.65190,0.10720,1.08720,0.21550,0.11930,1.66460,0.52360,0.15650,0.82130,0.09790,0.19460,1.17330,0.56430,0.08450,0.79430,0.43060,0.10500,1.59170,0.28960,0.13080,0.08200,0.08970,0.08020,1.00540,0.14740,0.08070,0.08090,0.08300,0.07970,0.93100,0.08020,0.10620
0:56:49,1.59740,0.08080,1.01540,0.08040,0.10950,0.09040,1.36340,0.09240,0.09950,0.09050,0.17280,0.09570,1.60050,0.63660,0.70240,0.09030,0.09050,0.10350,1.08220,0.11910,0.09440,0.34770,0.14220,0.16890,1.53330,0.48220,0.38590,0.09200,0.08920,0.09800,0.83490,0.08760,0.09170,0.31310,0.13060,0.16040,0.07870,0.25000,0.08170,0.08550,0.08440,0.10360,0.08490,0.09130,0.08710,0.19750,0.09430,0.10350,1.46190,0.08100,0.40420,0.08020,1.08940,0.08880,1.61250,0.09010,0.11240,0.08390,0.60880,0.08680,1.18080,0.10550,0.32780,1.22850,0.66800,0.10750,1.10930,0.21010,0.12080,1.66590,0.53550,0.15960,0.84020,0.09860,0.19870,1.18860,0.57660,0.08500,0.81370,0.42270,0.10600,1.60870,0.29690,0.13290,0.08280,0.09020,0.08060,1.02700,0.14550,0.08110,0.08170,0.08370,0.08010,0.94800,0.08080,0.10740
0:58:29,1.59430,0.08080,1.03570,0.08070,0.10910,0.09080,1.37900,0.09300,0.10050,0.09150,0.17630,0.09930,1.59650,0.65160,0.71890,0.09070,0.09100,0.10460,1.10340,0.11920,0.09530,0.35660,0.14460,0.17190,1.54060,0.49380,0.39830,0.09250,0.08970,0.09890,0.84760,0.08830,0.09280,0.32000,0.13260,0.16320,0.07880,0.25540,0.08220,0.08580,0.08510,0.10440,0.08570,0.09210,0.08820,0.20100,0.09530,0.10450,1.47360,0.08140,0.41380,0.08060,1.10890,0.08940,1.54980,0.09100,0.11400,0.08440,0.62220,0.08760,1.20080,0.10630,0.33510,1.24900,0.68380,0.10760,1.12970,0.21150,0.12210,1.66620,0.54700,0.16250,0.85850,0.09910,0.20260,1.20280,0.58860,0.08530,0.83260,0.41640,0.10690,1.62160,0.30400,0.13480,0.08140,0.09050,0.08100,1.04760,0.14380,0.08120,0.08220,0.08430,0.08050,0.96410,0.08110,0.10830
1:00:09,1.59050,0.08090,1.05640,0.08100,0.10880,0.09130,1.39340,0.09410,0.10140,0.09260,0.17980,0.09980,1.59420,0.66670,0.73610,0.09120,0.09150,0.10570,1.12270,0.11930,0.09630,0.36550,0.14700,0.17520,1.54750,0.50500,0.41300,0.09300,0.09020,0.09970,0.85940,0.08910,0.09400,0.32700,0.13460,0.16600,0.07900,0.26070,0.08290,0.08630,0.08590,0.10520,0.08660,0.09300,0.08920,0.20440,0.09620,0.10540,1.48420,0.08190,0.42330,0.08110,1.12850,0.09000,1.62450,0.09200,0.11570,0.08490,0.63580,0.08840,1.22010,0.10710,0.34250,1.26600,0.69940,0.10770,1.15100,0.20720,0.12370,1.66500,0.55880,0.16550,0.87710,0.09980,0.20650,1.21580,0.60050,0.08570,0.85090,0.40830,0.10780,1.63170,0.31120,0.13690,0.08160,0.09100,0.08140,1.06740,0.14200,0.08160,0.08280,0.08490,0.08080,0.97920,0.08140,0.10940

