Corrected [600]
	1	2	3	4	5	6	7	8	9	10	11	12
A	0.43453	0.07734	0.27332	0.07776	0.29875	0.07664	0.32144	0.69630	0.35241	0.07587	0.38475	0.07483	Corrected [600]
B	0.22377	0.35190	0.21514	0.31249	0.22469	0.40076	0.21727	0.26886	0.26501	0.43752	0.28415	0.34110	Corrected [600]
C	0.13261	0.21558	0.12669	0.24961	0.14170	0.23434	0.13225	0.20185	0.15259	0.26438	0.15307	0.24776	Corrected [600]
D	0.07717	0.12967	0.07588	0.13324	0.07684	0.14622	0.07773	0.13307	0.07706	0.15078	0.07731	0.13588	Corrected [600]
E	0.26657	0.07703	0.28942	0.07779	0.31629	0.07684	0.30783	0.07918	0.29877	0.07887	0.29901	0.07623	Corrected [600]
F	0.18473	0.27866	0.24083	0.33115	0.22763	0.33622	0.20182	0.31505	0.21475	0.29675	0.22594	0.37834	Corrected [600]
G	0.12519	0.19023	0.12665	0.25078	0.13698	0.22947	0.13224	0.21697	0.14457	0.20636	0.13734	0.27918	Corrected [600]
H	0.07898	0.11494	0.07711	0.12220	0.07759	0.13550	0.07751	0.12977	0.07828	0.13018	0.07737	0.15044	Corrected [600]

