Corrected [600]
	1	2	3	4	5	6	7	8	9	10	11	12
A	0.19347	0.07550	0.27116	0.07476	0.29059	0.07502	0.26399	0.07521	0.27955	0.07430	0.30843	0.07263	Corrected [600]
B	0.16377	0.39022	0.27388	0.25015	0.25148	0.35008	0.24556	0.42569	0.26287	0.35682	0.27929	0.36161	Corrected [600]
C	0.11686	0.24020	0.17863	0.19962	0.17642	0.27512	0.15947	0.31207	0.16566	0.27372	0.16889	0.28016	Corrected [600]
D	0.07327	0.15497	0.07420	0.12879	0.07397	0.18180	0.07324	0.19800	0.07351	0.16584	0.07374	0.17730	Corrected [600]
E	0.32272	0.07381	0.34405	0.07511	0.33468	0.07316	0.39437	0.07454	0.36090	0.07402	0.51323	0.07443	Corrected [600]
F	0.23199	0.35006	0.25780	0.35570	0.27074	0.37161	0.28019	0.36442	0.27818	0.36310	0.33933	0.22569	Corrected [600]
G	0.13881	0.25699	0.16140	0.26498	0.16338	0.25183	0.17959	0.28193	0.15928	0.27379	0.21899	0.17868	Corrected [600]
H	0.07331	0.14057	0.07167	0.15157	0.07297	0.14916	0.07440	0.15094	0.07404	0.16279	0.07424	0.12662	Corrected [600]

