Corrected [600]
	1	2	3	4	5	6	7	8	9	10	11	12
A	0.31896	0.07597	0.20164	0.07589	0.22302	0.07555	0.22700	0.07542	0.19751	0.07585	0.32016	0.07700	Corrected [600]
B	0.26030	0.23501	0.17478	0.19339	0.18217	0.21532	0.18814	0.23436	0.16493	0.26152	0.25753	0.26613	Corrected [600]
C	0.17102	0.18162	0.13195	0.15217	0.13145	0.16979	0.13257	0.18450	0.12151	0.21007	0.16721	0.20574	Corrected [600]
D	0.07577	0.12837	0.07462	0.11306	0.07553	0.13333	0.07436	0.13045	0.07486	0.13941	0.07559	0.14004	Corrected [600]
E	0.24755	0.07542	0.22217	0.07508	0.22127	0.07661	0.27925	0.07709	0.25774	0.07368	0.26189	0.08405	Corrected [600]
F	0.18603	0.21559	0.17289	0.17186	0.17576	0.17939	0.20878	0.24768	0.18402	0.27238	0.20204	0.18776	Corrected [600]
G	0.12989	0.16633	0.12296	0.13655	0.12124	0.14492	0.14258	0.18634	0.12897	0.20317	0.13614	0.15190	Corrected [600]
H	0.07774	0.12308	0.07545	0.10533	0.07547	0.10979	0.07769	0.12669	0.07630	0.13855	0.07466	0.11536	Corrected [600]

