Corrected [600]
	1	2	3	4	5	6	7	8	9	10	11	12
A	0.39616	0.07263	0.39800	0.07308	0.39604	0.07308	0.38133	0.07226	0.38533	0.07233	0.36858	0.07204	Corrected [600]
B	0.29799	0.44334	0.31367	0.42142	0.34622	0.42657	0.32478	0.42078	0.29303	0.41167	0.28671	0.38113	Corrected [600]
C	0.20630	0.32716	0.21173	0.33010	0.21172	0.31865	0.20425	0.30977	0.21841	0.31650	0.19704	0.28937	Corrected [600]
D	0.07152	0.20760	0.07189	0.21505	0.07185	0.20552	0.07241	0.22361	0.07390	0.20331	0.07178	0.19874	Corrected [600]
E	0.43460	0.07182	0.47236	0.09388	0.46097	0.07141	0.43791	0.07241	0.41900	0.07193	0.40810	0.07215	Corrected [600]
F	0.33503	0.47522	0.34231	0.49341	0.34127	0.45949	0.31607	0.44033	0.31413	0.41887	0.30485	0.31692	Corrected [600]
G	0.19933	0.35853	0.23214	0.36000	0.22490	0.36587	0.21310	0.33355	0.20921	0.31597	0.20277	0.24888	Corrected [600]
H	0.07182	0.22098	0.07237	0.23044	0.07178	0.22032	0.07289	0.21553	0.07200	0.21225	0.07341	0.16614	Corrected [600]

