420

Time,A1,A2,A3,A4,A5,A6,A7,A8,A9,A10,A11,A12,B1,B2,B3,B4,B5,B6,B7,B8,B9,B10,B11,B12,C1,C2,C3,C4,C5,C6,C7,C8,C9,C10,C11,C12,D1,D2,D3,D4,D5,D6,D7,D8,D9,D10,D11,D12,E1,E2,E3,E4,E5,E6,E7,E8,E9,E10,E11,E12,F1,F2,F3,F4,F5,F6,F7,F8,F9,F10,F11,F12,G1,G2,G3,G4,G5,G6,G7,G8,G9,G10,G11,G12,H1,H2,H3,H4,H5,H6,H7,H8,H9,H10,H11,H12
0:00:34,0.08400,0.07780,0.08350,0.07810,0.08020,0.07840,0.09880,0.07810,0.07970,0.07790,0.07890,0.07730,0.07950,0.07990,0.08050,0.08430,0.07970,0.07960,0.08930,0.07950,0.07930,0.08090,0.07810,0.10940,0.07910,0.07950,0.07980,0.08720,0.08290,0.07960,0.08530,0.07890,0.07900,0.08090,0.07900,0.10040,0.07660,0.07800,0.07740,0.08190,0.07920,0.07760,0.07750,0.08040,0.07800,0.07920,0.07870,0.08830,0.07890,0.07740,0.09110,0.08270,0.07980,0.07890,0.08480,0.08120,0.08000,0.07960,0.10040,0.07670,0.07990,0.08070,0.08590,0.07960,0.07940,0.08020,0.08200,0.08630,0.08660,0.08110,0.09720,0.10380,0.08020,0.08000,0.08220,0.07920,0.07970,0.07940,0.08210,0.08230,0.07880,0.07910,0.08920,0.10540,0.08030,0.07910,0.07740,0.07860,0.07810,0.07840,0.07800,0.08030,0.07820,0.07840,0.07890,0.09230
0:10:34,0.08410,0.07750,0.09190,0.07760,0.08080,0.07800,0.14490,0.07790,0.08050,0.07750,0.08000,0.07700,0.07990,0.08160,0.08550,0.09930,0.07940,0.07890,0.11660,0.07920,0.07950,0.08530,0.07860,0.10900,0.07900,0.08000,0.08250,0.09320,0.08240,0.07900,0.09830,0.07860,0.07850,0.08220,0.07880,0.10370,0.07650,0.07820,0.07700,0.08470,0.07880,0.07740,0.07740,0.07990,0.07780,0.07960,0.07840,0.08900,0.07930,0.07690,0.11590,0.08230,0.07900,0.07850,0.09620,0.08060,0.07930,0.07930,0.17530,0.07630,0.07800,0.08490,0.10140,0.07970,0.07890,0.08060,0.08760,0.09820,0.08630,0.08130,0.15040,0.10340,0.08050,0.08170,0.08910,0.07910,0.07910,0.07940,0.08440,0.09000,0.07840,0.07940,0.11520,0.10450,0.07960,0.08010,0.07710,0.07840,0.07780,0.07850,0.07780,0.08300,0.07780,0.07860,0.07870,0.09420
0:20:34,0.08650,0.07760,0.10290,0.07770,0.08270,0.07800,0.19930,0.07800,0.08260,0.07760,0.08170,0.07750,0.08090,0.08490,0.09220,0.11770,0.08030,0.07940,0.15140,0.07980,0.08090,0.09100,0.07960,0.11280,0.07990,0.08140,0.08590,0.10210,0.08260,0.07910,0.11500,0.07910,0.07870,0.08430,0.07910,0.10540,0.07630,0.07880,0.07700,0.08840,0.07880,0.07770,0.07720,0.08000,0.07780,0.08040,0.07840,0.09020,0.08010,0.07690,0.14420,0.08190,0.07900,0.07830,0.11110,0.08060,0.08010,0.07940,0.26170,0.07630,0.07860,0.09010,0.11990,0.08090,0.07900,0.08190,0.09660,0.11250,0.08700,0.08220,0.21040,0.11510,0.08020,0.08470,0.09750,0.07960,0.07900,0.08010,0.08840,0.09930,0.07840,0.07970,0.14440,0.10750,0.07920,0.08140,0.07710,0.07850,0.07770,0.07900,0.07760,0.08670,0.07770,0.07880,0.07870,0.09620
0:30:34,0.08830,0.07810,0.11430,0.07830,0.08460,0.07820,0.25260,0.07840,0.08480,0.07820,0.08380,0.08030,0.08220,0.08810,0.09870,0.13750,0.08150,0.08020,0.18590,0.08050,0.08180,0.09680,0.08110,0.12100,0.08080,0.08320,0.09050,0.11570,0.08300,0.07960,0.13200,0.07940,0.07940,0.08660,0.07980,0.10700,0.07640,0.07990,0.07720,0.09330,0.07900,0.07800,0.07730,0.08020,0.07810,0.08180,0.07870,0.09150,0.08110,0.07730,0.17320,0.08150,0.07940,0.07850,0.12690,0.08080,0.08060,0.07960,0.34440,0.07670,0.07980,0.09540,0.13900,0.08200,0.07920,0.08380,0.10600,0.12780,0.08760,0.08330,0.27330,0.12490,0.08030,0.08780,0.10660,0.08050,0.07910,0.08130,0.09280,0.10930,0.07870,0.08080,0.17600,0.11370,0.07890,0.08320,0.07740,0.07890,0.07790,0.07960,0.07760,0.09100,0.07770,0.07920,0.07880,0.09890
0:40:34,0.09000,0.07880,0.12580,0.07960,0.08690,0.07890,0.30500,0.07940,0.08780,0.07960,0.08660,0.08700,0.08370,0.09140,0.10570,0.15830,0.08300,0.08130,0.21990,0.08180,0.08350,0.10300,0.08330,0.14250,0.08220,0.08540,0.09510,0.13420,0.08370,0.08030,0.15000,0.08030,0.08050,0.08960,0.08120,0.11060,0.07670,0.08130,0.07750,0.10120,0.07940,0.07880,0.07740,0.08050,0.07870,0.08350,0.07950,0.09340,0.08220,0.07780,0.20240,0.08090,0.08000,0.07920,0.14290,0.08140,0.08170,0.08030,0.42490,0.07800,0.08140,0.10110,0.15820,0.08390,0.07970,0.08540,0.11530,0.14410,0.08840,0.08510,0.33380,0.13210,0.08100,0.09150,0.11600,0.08200,0.07960,0.08280,0.09770,0.11960,0.07930,0.08220,0.20860,0.12390,0.07890,0.08540,0.07790,0.07950,0.07820,0.08040,0.07760,0.09590,0.07780,0.07970,0.07900,0.10380
0:50:34,0.09190,0.07970,0.13740,0.08160,0.08960,0.07990,0.35560,0.08090,0.09130,0.08160,0.09000,0.09380,0.08510,0.09500,0.11290,0.18020,0.08520,0.08300,0.25350,0.08360,0.08580,0.11000,0.08610,0.15540,0.08340,0.08790,0.09980,0.14970,0.08460,0.08150,0.16870,0.08180,0.08230,0.09340,0.08320,0.12370,0.07720,0.08290,0.07780,0.10990,0.07970,0.08010,0.07800,0.08100,0.07990,0.08600,0.08060,0.09450,0.08330,0.07870,0.23190,0.07990,0.08060,0.08020,0.15930,0.08230,0.08340,0.08150,0.49990,0.07990,0.08290,0.10720,0.17740,0.08610,0.08060,0.08750,0.12490,0.16110,0.08990,0.08750,0.39250,0.13690,0.08210,0.09550,0.12560,0.08380,0.08020,0.08460,0.10280,0.13020,0.08020,0.08400,0.24160,0.13110,0.07860,0.08770,0.07850,0.08050,0.07880,0.08170,0.07770,0.10140,0.07800,0.08030,0.07910,0.10830
1:00:34,0.09430,0.08070,0.14910,0.08360,0.09240,0.08110,0.40450,0.08250,0.09510,0.08370,0.09310,0.09980,0.08650,0.09880,0.12020,0.20050,0.08770,0.08510,0.28660,0.08570,0.08850,0.11720,0.08870,0.16380,0.08460,0.09040,0.10490,0.16440,0.08570,0.08290,0.18780,0.08390,0.08450,0.09730,0.08520,0.13320,0.07790,0.08440,0.07830,0.11880,0.08010,0.08160,0.07830,0.08150,0.08170,0.08860,0.08220,0.10400,0.08440,0.07960,0.26070,0.08160,0.08140,0.08150,0.17600,0.08350,0.08530,0.08290,0.57010,0.08180,0.08420,0.11330,0.19640,0.08840,0.08180,0.08980,0.13470,0.17800,0.09140,0.09000,0.44650,0.14000,0.08110,0.09950,0.13510,0.08590,0.08090,0.08640,0.10790,0.14080,0.08120,0.08570,0.27380,0.13650,0.07890,0.08990,0.07910,0.08130,0.07930,0.08270,0.07770,0.10680,0.07800,0.08080,0.07930,0.10640
1:10:34,0.09620,0.08180,0.16060,0.08610,0.09530,0.08250,0.45130,0.08430,0.09950,0.08680,0.09720,0.10510,0.08790,0.10250,0.12720,0.22080,0.09040,0.08730,0.31880,0.08780,0.09110,0.12430,0.09130,0.17600,0.08590,0.09310,0.11000,0.17890,0.08690,0.08480,0.20650,0.08620,0.08680,0.10110,0.08720,0.13980,0.07850,0.08630,0.07880,0.12790,0.08060,0.08330,0.07910,0.08210,0.08350,0.09120,0.08380,0.11110,0.08550,0.08080,0.28930,0.08330,0.08240,0.08310,0.19250,0.08470,0.08720,0.08430,0.63480,0.08410,0.08530,0.11930,0.21490,0.09090,0.08300,0.09240,0.14450,0.19420,0.09310,0.09250,0.49820,0.14600,0.08150,0.10390,0.14470,0.08790,0.08190,0.08820,0.11300,0.15140,0.08220,0.08730,0.30460,0.14070,0.07880,0.09200,0.07980,0.08220,0.08000,0.08400,0.07780,0.11180,0.07820,0.08150,0.07950,0.11240
1:20:34,0.09830,0.08270,0.17180,0.08850,0.09810,0.08370,0.49560,0.08620,0.10390,0.09000,0.10190,0.10960,0.08920,0.10610,0.13410,0.24090,0.09290,0.08950,0.34940,0.08990,0.09420,0.13100,0.09400,0.18100,0.08720,0.09540,0.11480,0.19380,0.08810,0.08620,0.22470,0.08870,0.08930,0.10470,0.08880,0.14530,0.07920,0.08790,0.07930,0.13660,0.08110,0.08500,0.07960,0.08270,0.08530,0.09360,0.08520,0.11680,0.08640,0.08200,0.31640,0.08480,0.08340,0.08460,0.20830,0.08600,0.08900,0.08550,0.69050,0.08640,0.08630,0.12520,0.23280,0.09330,0.08420,0.09460,0.15400,0.20980,0.09460,0.09480,0.54660,0.14790,0.08180,0.10770,0.15380,0.08990,0.08270,0.09000,0.11800,0.16140,0.08310,0.08890,0.33350,0.14090,0.07880,0.09410,0.08050,0.08290,0.08060,0.08500,0.07790,0.11660,0.07820,0.08200,0.07970,0.11170
1:30:34,0.10030,0.08370,0.18290,0.09110,0.10100,0.08510,0.53710,0.08840,0.10830,0.09330,0.10640,0.11370,0.09070,0.10970,0.14090,0.26080,0.09570,0.09200,0.37900,0.09260,0.09780,0.13800,0.09790,0.18800,0.08840,0.09770,0.11950,0.20840,0.08960,0.08800,0.24270,0.09180,0.09220,0.10880,0.09080,0.14880,0.08000,0.08970,0.07990,0.14540,0.08150,0.08710,0.08030,0.08330,0.08770,0.09630,0.08720,0.11920,0.08730,0.08310,0.34230,0.08680,0.08410,0.08630,0.22370,0.08710,0.09110,0.08690,0.74020,0.08900,0.08740,0.13080,0.25000,0.09570,0.08540,0.09690,0.16340,0.22480,0.09630,0.09730,0.59180,0.15490,0.08210,0.11160,0.16260,0.09190,0.08340,0.09160,0.12280,0.17110,0.08400,0.09030,0.36100,0.14480,0.07880,0.09600,0.08100,0.08360,0.08110,0.08600,0.07800,0.12130,0.07830,0.08250,0.07990,0.11430
1:40:34,0.10230,0.08490,0.19360,0.09370,0.10390,0.08640,0.57620,0.09040,0.11300,0.09660,0.11100,0.11740,0.09210,0.11310,0.14760,0.28050,0.09840,0.09440,0.40780,0.09530,0.10120,0.14510,0.10080,0.19370,0.08960,0.10000,0.12410,0.22310,0.09080,0.08970,0.26030,0.09460,0.09510,0.11310,0.09300,0.15410,0.08060,0.09120,0.08050,0.15460,0.08200,0.08890,0.08090,0.08410,0.08960,0.09930,0.08940,0.12410,0.08820,0.08400,0.36750,0.08820,0.08510,0.08780,0.23910,0.08850,0.09320,0.08830,0.78410,0.09160,0.08840,0.13620,0.26690,0.09810,0.08660,0.09910,0.17250,0.23950,0.09790,0.09970,0.63340,0.16280,0.08240,0.11530,0.17130,0.09380,0.08420,0.09320,0.12760,0.18050,0.08470,0.09150,0.38760,0.14840,0.07860,0.09800,0.08160,0.08420,0.08160,0.08700,0.07810,0.12590,0.07830,0.08290,0.08000,0.11570
1:50:34,0.10430,0.08640,0.20430,0.09650,0.10690,0.08820,0.61260,0.09280,0.11750,0.10010,0.11560,0.12100,0.09360,0.11650,0.15410,0.29980,0.10150,0.09750,0.43590,0.09830,0.10520,0.15250,0.10440,0.20120,0.09080,0.10240,0.12890,0.23810,0.09210,0.09170,0.27800,0.09800,0.09850,0.11730,0.09560,0.15910,0.08140,0.09300,0.08110,0.16370,0.08220,0.09100,0.08150,0.08480,0.09220,0.10230,0.09150,0.12770,0.08930,0.08520,0.39200,0.09040,0.08570,0.08970,0.25400,0.08990,0.09560,0.09010,0.82330,0.09430,0.08940,0.14170,0.28350,0.10080,0.08790,0.10160,0.18170,0.25410,0.09980,0.10260,0.67180,0.17010,0.08260,0.11900,0.18010,0.09590,0.08490,0.09490,0.13220,0.18980,0.08560,0.09300,0.41350,0.15260,0.07880,0.09990,0.08230,0.08490,0.08220,0.08800,0.07820,0.13060,0.07850,0.08340,0.08020,0.11800
2:00:34,0.10640,0.08800,0.21480,0.09900,0.11000,0.09000,0.64720,0.09530,0.12200,0.10340,0.12000,0.12440,0.09500,0.11990,0.16060,0.31850,0.10470,0.10030,0.46290,0.10150,0.10900,0.15980,0.10780,0.20940,0.09190,0.10450,0.13360,0.25260,0.09340,0.09370,0.29520,0.10130,0.10170,0.12150,0.09790,0.16370,0.08210,0.09470,0.08170,0.17260,0.08260,0.09330,0.08210,0.08530,0.09460,0.10540,0.09390,0.13110,0.09030,0.08640,0.41570,0.09240,0.08640,0.09160,0.26870,0.09120,0.09790,0.09160,0.85680,0.09690,0.09050,0.14700,0.29970,0.10340,0.08910,0.10380,0.19060,0.26810,0.10160,0.10540,0.70670,0.17790,0.08300,0.12250,0.18870,0.09800,0.08560,0.09640,0.13670,0.19890,0.08650,0.09440,0.43840,0.15690,0.07880,0.10180,0.08270,0.08550,0.08270,0.08900,0.07830,0.13510,0.07860,0.08370,0.08040,0.12000
2:10:34,0.10810,0.08920,0.22500,0.10130,0.11300,0.09160,0.67870,0.09750,0.12610,0.10630,0.12400,0.12740,0.09630,0.12300,0.16700,0.33670,0.10760,0.10300,0.48900,0.10430,0.11230,0.16690,0.11100,0.21590,0.09290,0.10660,0.13820,0.26690,0.09450,0.09580,0.31210,0.10420,0.10460,0.12590,0.10040,0.16820,0.08270,0.09630,0.08220,0.18160,0.08300,0.09530,0.08270,0.08600,0.09700,0.10860,0.09630,0.13440,0.09120,0.08750,0.43880,0.09400,0.08700,0.09340,0.28320,0.09260,0.10030,0.09340,0.88720,0.09930,0.09160,0.15230,0.31560,0.10600,0.09020,0.10620,0.19950,0.28230,0.10370,0.10840,0.73940,0.18500,0.08330,0.12610,0.19720,0.10010,0.08620,0.09800,0.14120,0.20790,0.08730,0.09570,0.46260,0.16160,0.07870,0.10360,0.08330,0.08620,0.08320,0.08990,0.07840,0.13960,0.07870,0.08430,0.08050,0.12180
2:20:34,0.11010,0.09030,0.23480,0.10340,0.11580,0.09270,0.70810,0.09920,0.12980,0.10870,0.12770,0.13000,0.09760,0.12610,0.17300,0.35410,0.11010,0.10530,0.51350,0.10670,0.11540,0.17360,0.11370,0.22240,0.09400,0.10860,0.14270,0.28070,0.09560,0.09750,0.32840,0.10700,0.10720,0.12980,0.10250,0.17300,0.08320,0.09780,0.08260,0.19020,0.08320,0.09720,0.08320,0.08650,0.09910,0.11150,0.09840,0.13750,0.09210,0.08860,0.46100,0.09540,0.08770,0.09500,0.29740,0.09390,0.10240,0.09510,0.91100,0.10150,0.09250,0.15750,0.33110,0.10840,0.09130,0.10850,0.20810,0.29600,0.10530,0.11090,0.76860,0.19200,0.08350,0.12930,0.20550,0.10200,0.08680,0.09940,0.14540,0.21660,0.08800,0.09700,0.48600,0.16650,0.07860,0.10540,0.08370,0.08660,0.08350,0.09080,0.07850,0.14390,0.07870,0.08450,0.08060,0.12370
2:30:34,0.11210,0.09130,0.24440,0.10540,0.11880,0.09400,0.73580,0.10120,0.13360,0.11120,0.13130,0.13270,0.09890,0.12910,0.17910,0.37120,0.11280,0.10760,0.53770,0.10930,0.11840,0.18040,0.11640,0.22960,0.09500,0.11050,0.14710,0.29400,0.09660,0.09930,0.34470,0.10950,0.10980,0.13370,0.10450,0.17740,0.08380,0.09940,0.08310,0.19840,0.08330,0.09890,0.08360,0.08690,0.10100,0.11420,0.10030,0.14040,0.09300,0.08950,0.48280,0.09700,0.08820,0.09650,0.31130,0.09520,0.10440,0.09670,0.93350,0.10350,0.09330,0.16250,0.34640,0.11070,0.09240,0.11070,0.21670,0.30950,0.10690,0.11340,0.79570,0.19920,0.08400,0.13280,0.21370,0.10380,0.08720,0.10090,0.14970,0.22540,0.08870,0.09820,0.50840,0.17110,0.07860,0.10720,0.08420,0.08710,0.08380,0.09170,0.07860,0.14810,0.07880,0.08490,0.08070,0.12590
2:40:34,0.11390,0.09220,0.25370,0.10720,0.12160,0.09520,0.76150,0.10270,0.13700,0.11830,0.13470,0.13520,0.10020,0.13200,0.18490,0.38770,0.11540,0.10980,0.56050,0.11150,0.12120,0.18690,0.11900,0.23660,0.09590,0.11240,0.15130,0.30730,0.09770,0.10090,0.36050,0.11180,0.11210,0.13720,0.10640,0.18160,0.08430,0.10090,0.08350,0.20660,0.08360,0.10060,0.08400,0.08730,0.10280,0.11680,0.10210,0.14350,0.09390,0.09040,0.50380,0.09830,0.08870,0.09790,0.32490,0.09640,0.10620,0.09810,0.95070,0.10540,0.09430,0.16760,0.36130,0.11290,0.09350,0.11300,0.22510,0.32290,0.10850,0.11570,0.82060,0.20640,0.08430,0.13620,0.22180,0.10560,0.08790,0.10260,0.15400,0.23400,0.08940,0.09950,0.53030,0.17580,0.07850,0.10900,0.08470,0.08760,0.08420,0.09270,0.07860,0.15230,0.07880,0.08520,0.08070,0.12800
2:50:34,0.11550,0.09290,0.26300,0.10880,0.12410,0.09610,0.78480,0.10420,0.14020,0.11800,0.13790,0.13740,0.10140,0.13470,0.19080,0.40370,0.11780,0.11160,0.58240,0.11360,0.12380,0.19320,0.12120,0.24400,0.09680,0.11400,0.15550,0.32020,0.09840,0.10240,0.37570,0.11390,0.11430,0.14080,0.10830,0.18630,0.08470,0.10210,0.08370,0.21440,0.08370,0.10200,0.08430,0.08760,0.10450,0.11930,0.10380,0.14630,0.09480,0.09120,0.52420,0.09920,0.08910,0.09920,0.33820,0.09750,0.10790,0.09930,0.96490,0.10710,0.09500,0.17250,0.37600,0.11490,0.09440,0.11510,0.23320,0.33610,0.10990,0.11780,0.84260,0.21320,0.08450,0.13930,0.22960,0.10720,0.08840,0.10420,0.15820,0.24230,0.09000,0.10050,0.55110,0.17990,0.07860,0.11060,0.08540,0.08800,0.08440,0.09360,0.07880,0.15640,0.07890,0.08550,0.08080,0.13000
3:00:34,0.11700,0.09380,0.27240,0.11040,0.12690,0.09720,0.80620,0.10570,0.14340,0.11740,0.14100,0.13940,0.10250,0.13760,0.19650,0.41950,0.12030,0.11360,0.60350,0.11570,0.12620,0.19960,0.12360,0.25090,0.09770,0.11580,0.15960,0.33310,0.09950,0.10390,0.39080,0.11590,0.11640,0.14430,0.11000,0.19070,0.08520,0.10350,0.08400,0.22220,0.08390,0.10350,0.08480,0.08810,0.10610,0.12180,0.10550,0.14910,0.09550,0.09190,0.54400,0.10100,0.08950,0.10040,0.35100,0.09890,0.10960,0.10060,0.97690,0.10880,0.09580,0.17740,0.39030,0.11690,0.09530,0.11700,0.24120,0.34890,0.11130,0.11990,0.86240,0.22010,0.08480,0.14270,0.23730,0.10870,0.08900,0.10560,0.16240,0.25070,0.09070,0.10170,0.57110,0.18420,0.07860,0.11240,0.08600,0.08850,0.08480,0.09440,0.07870,0.16050,0.07890,0.08570,0.08080,0.13240
3:10:34,0.11870,0.09480,0.28180,0.11220,0.12990,0.09870,0.82690,0.10750,0.14680,0.11950,0.14420,0.14150,0.10390,0.14060,0.20250,0.43510,0.12300,0.11570,0.62480,0.11810,0.12910,0.20590,0.12590,0.25880,0.09880,0.11770,0.16400,0.34600,0.10070,0.10580,0.40580,0.11810,0.11860,0.14790,0.11190,0.19500,0.08590,0.10500,0.08450,0.23010,0.08420,0.10500,0.08540,0.08880,0.10790,0.12440,0.10730,0.15210,0.09650,0.09280,0.56360,0.10220,0.09020,0.10180,0.36410,0.10060,0.11140,0.10220,0.98720,0.11060,0.09680,0.18250,0.40480,0.11900,0.09650,0.11930,0.24940,0.36220,0.11290,0.12210,0.88030,0.22710,0.08520,0.14610,0.24520,0.11040,0.08980,0.10750,0.16690,0.25920,0.09170,0.10320,0.59100,0.18870,0.07860,0.11420,0.08660,0.08900,0.08520,0.09540,0.07900,0.16480,0.07910,0.08630,0.08100,0.13440
3:20:34,0.12040,0.09570,0.29120,0.11380,0.13290,0.09990,0.84490,0.10880,0.14990,0.12120,0.14710,0.14350,0.10510,0.14340,0.20830,0.45020,0.12540,0.11770,0.64470,0.12010,0.13130,0.21220,0.12820,0.26600,0.09990,0.11950,0.16820,0.35810,0.10180,0.10730,0.42010,0.11990,0.12060,0.15140,0.11370,0.19940,0.08650,0.10650,0.08490,0.23780,0.08440,0.10640,0.08570,0.08910,0.10940,0.12690,0.10900,0.15500,0.09730,0.09360,0.58230,0.10380,0.09070,0.10310,0.37680,0.10210,0.11320,0.10370,0.99480,0.11210,0.09760,0.18730,0.41860,0.12100,0.09760,0.12120,0.25730,0.37490,0.11450,0.12420,0.89590,0.23410,0.08550,0.14930,0.25280,0.11200,0.09040,0.10890,0.17110,0.26730,0.09240,0.10450,0.60960,0.19310,0.07860,0.11590,0.08710,0.08940,0.08550,0.09620,0.07900,0.16890,0.07900,0.08650,0.08090,0.13680
3:30:34,0.12200,0.09660,0.30030,0.11530,0.13560,0.10100,0.86180,0.11000,0.15290,0.12300,0.14990,0.14550,0.10620,0.14620,0.21400,0.46510,0.12790,0.11950,0.66380,0.12200,0.13370,0.21830,0.13030,0.27330,0.10090,0.12150,0.17230,0.37010,0.10290,0.10880,0.43440,0.12180,0.12250,0.15480,0.11530,0.20350,0.08700,0.10790,0.08520,0.24520,0.08450,0.10790,0.08600,0.08940,0.11100,0.12930,0.11060,0.15760,0.09810,0.09450,0.60040,0.10550,0.09110,0.10430,0.38950,0.10350,0.11480,0.10510,1.00010,0.11360,0.09840,0.19220,0.43220,0.12300,0.09870,0.12320,0.26520,0.38740,0.11590,0.12630,0.90930,0.24070,0.08580,0.15270,0.26040,0.11350,0.09110,0.11030,0.17530,0.27530,0.09320,0.10570,0.62740,0.19740,0.07870,0.11750,0.08760,0.08990,0.08580,0.09690,0.07900,0.17290,0.07910,0.08670,0.08110,0.13890
3:40:34,0.12370,0.09740,0.30920,0.11670,0.13840,0.10210,0.87620,0.11120,0.15580,0.12470,0.15270,0.14730,0.10740,0.14880,0.21950,0.47950,0.13020,0.12120,0.68160,0.12410,0.13590,0.22430,0.13230,0.27990,0.10180,0.12320,0.17640,0.38180,0.10380,0.11040,0.44830,0.12370,0.12440,0.15810,0.11680,0.20750,0.08750,0.10930,0.08560,0.25270,0.08460,0.10930,0.08640,0.08990,0.11260,0.13160,0.11220,0.16050,0.09900,0.09530,0.61800,0.10660,0.09160,0.10550,0.40190,0.10490,0.11630,0.10650,1.00440,0.11520,0.09920,0.19700,0.44560,0.12500,0.09970,0.12520,0.27300,0.40000,0.11730,0.12830,0.92160,0.24740,0.08610,0.15580,0.26790,0.11510,0.09170,0.11170,0.17940,0.28340,0.09390,0.10690,0.64490,0.20160,0.07880,0.11910,0.08800,0.09020,0.08600,0.09780,0.07910,0.17690,0.07920,0.08710,0.08110,0.14120
3:50:34,0.12520,0.09800,0.31790,0.11790,0.14080,0.10290,0.88950,0.11220,0.15850,0.12610,0.15510,0.14900,0.10830,0.15120,0.22480,0.49360,0.13220,0.12280,0.69860,0.12570,0.13790,0.23000,0.13420,0.28720,0.10250,0.12480,0.18020,0.39350,0.10450,0.11150,0.46160,0.12540,0.12600,0.16120,0.11820,0.21180,0.08780,0.11040,0.08580,0.25990,0.08460,0.11040,0.08670,0.09020,0.11390,0.13380,0.11350,0.16310,0.09970,0.09590,0.63480,0.10710,0.09200,0.10650,0.41350,0.10610,0.11770,0.10770,1.00860,0.11640,0.09990,0.20160,0.45860,0.12670,0.10050,0.12720,0.28060,0.41180,0.11830,0.13030,0.93220,0.25390,0.08640,0.15870,0.27520,0.11640,0.09220,0.11290,0.18330,0.29110,0.09460,0.10810,0.66140,0.20580,0.07870,0.12060,0.08830,0.09060,0.08630,0.09830,0.07920,0.18080,0.07920,0.08730,0.08110,0.14310
4:00:34,0.12680,0.09850,0.32670,0.11910,0.14320,0.10370,0.90220,0.11340,0.16120,0.12770,0.15760,0.15050,0.10940,0.15350,0.23000,0.50730,0.13420,0.12440,0.71540,0.12730,0.13990,0.23580,0.13590,0.29390,0.10330,0.12630,0.18400,0.40460,0.10530,0.11290,0.47460,0.12690,0.12760,0.16420,0.11960,0.21590,0.08800,0.11150,0.08600,0.26710,0.08470,0.11160,0.08690,0.09050,0.11520,0.13580,0.11470,0.16580,0.10040,0.09650,0.65070,0.10800,0.09220,0.10750,0.42530,0.10720,0.11900,0.10890,1.01060,0.11780,0.10070,0.20610,0.47130,0.12840,0.10130,0.12890,0.28790,0.42360,0.11930,0.13200,0.94140,0.26030,0.08670,0.16150,0.28240,0.11770,0.09260,0.11410,0.18710,0.29890,0.09520,0.10920,0.67730,0.21030,0.07870,0.12210,0.08850,0.09100,0.08640,0.09870,0.07930,0.18460,0.07930,0.08760,0.08120,0.14530
4:10:34,0.12830,0.09910,0.33550,0.12040,0.14570,0.10460,0.91220,0.11460,0.16400,0.12920,0.16020,0.15210,0.11060,0.15620,0.23550,0.52060,0.13630,0.12600,0.73070,0.12900,0.14220,0.24150,0.13770,0.30100,0.10420,0.12790,0.18780,0.41530,0.10620,0.11420,0.48800,0.12840,0.12930,0.16730,0.12100,0.21970,0.08840,0.11270,0.08630,0.27400,0.08490,0.11280,0.08720,0.09100,0.11650,0.13800,0.11610,0.16850,0.10130,0.09700,0.66670,0.10880,0.09260,0.10850,0.43680,0.10830,0.12040,0.11010,1.01220,0.11910,0.10140,0.21060,0.48370,0.13010,0.10210,0.13070,0.29520,0.43520,0.12040,0.13390,0.94930,0.26680,0.08700,0.16450,0.28940,0.11900,0.09310,0.11520,0.19090,0.30670,0.09580,0.11030,0.69230,0.21440,0.07860,0.12370,0.08870,0.09140,0.08660,0.09920,0.07940,0.18840,0.07930,0.08790,0.08130,0.14740
4:20:34,0.12990,0.09970,0.34410,0.12160,0.14820,0.10560,0.92180,0.11580,0.16660,0.13070,0.16250,0.15370,0.11170,0.15880,0.24090,0.53370,0.13830,0.12760,0.74630,0.13070,0.14410,0.24710,0.13950,0.30740,0.10510,0.12940,0.19170,0.42690,0.10720,0.11540,0.50050,0.13000,0.13090,0.17030,0.12240,0.22380,0.08880,0.11390,0.08660,0.28090,0.08500,0.11390,0.08770,0.09140,0.11770,0.14010,0.11740,0.17130,0.10210,0.09770,0.68170,0.11030,0.09310,0.10940,0.44800,0.10960,0.12170,0.11130,1.01270,0.12040,0.10220,0.21520,0.49580,0.13180,0.10290,0.13240,0.30260,0.44650,0.12150,0.13560,0.95540,0.27310,0.08730,0.16760,0.29650,0.12030,0.09360,0.11640,0.19480,0.31430,0.09640,0.11140,0.70690,0.21880,0.07870,0.12520,0.08890,0.09180,0.08680,0.10000,0.07940,0.19230,0.07930,0.08820,0.08140,0.14960
4:30:34,0.13150,0.10040,0.35260,0.12290,0.15080,0.10640,0.93060,0.11710,0.16930,0.13220,0.16500,0.15510,0.11290,0.16130,0.24630,0.54670,0.14030,0.12910,0.76050,0.13240,0.14610,0.25290,0.14120,0.31460,0.10610,0.13100,0.19550,0.43750,0.10830,0.11680,0.51280,0.13150,0.13250,0.17330,0.12370,0.22790,0.08930,0.11520,0.08710,0.28800,0.08520,0.11520,0.08810,0.09180,0.11910,0.14220,0.11870,0.17370,0.10290,0.09840,0.69660,0.11090,0.09360,0.11040,0.45950,0.11070,0.12300,0.11250,1.01410,0.12170,0.10310,0.21970,0.50810,0.13350,0.10380,0.13430,0.30970,0.45770,0.12250,0.13740,0.96080,0.27960,0.08760,0.17050,0.30350,0.12160,0.09420,0.11770,0.19870,0.32190,0.09710,0.11250,0.72060,0.22310,0.07870,0.12680,0.08930,0.09230,0.08720,0.10060,0.07960,0.19600,0.07950,0.08850,0.08140,0.15170
4:40:34,0.13310,0.10100,0.36080,0.12410,0.15330,0.10740,0.93760,0.11840,0.17190,0.13370,0.16740,0.15670,0.11400,0.16390,0.25150,0.55920,0.14230,0.13070,0.77410,0.13420,0.14820,0.25820,0.14290,0.32090,0.10700,0.13260,0.19950,0.44840,0.10930,0.11800,0.52520,0.13300,0.13400,0.17630,0.12510,0.23170,0.08970,0.11640,0.08740,0.29480,0.08540,0.11630,0.08850,0.09230,0.12030,0.14430,0.12010,0.17630,0.10380,0.09920,0.71050,0.11230,0.09410,0.11150,0.47050,0.11190,0.12440,0.11360,1.01350,0.12290,0.10400,0.22410,0.52000,0.13520,0.10460,0.13620,0.31700,0.46890,0.12370,0.13920,0.96500,0.28580,0.08800,0.17380,0.31050,0.12280,0.09480,0.11890,0.20260,0.32950,0.09790,0.11390,0.73420,0.22720,0.07870,0.12840,0.08970,0.09280,0.08750,0.10130,0.07960,0.20000,0.07960,0.08890,0.08150,0.15390
4:50:34,0.13440,0.10140,0.36860,0.12500,0.15550,0.10810,0.94410,0.11930,0.17420,0.13490,0.16960,0.15800,0.11490,0.16610,0.25640,0.57120,0.14410,0.13200,0.78690,0.13550,0.14980,0.26370,0.14440,0.32750,0.10770,0.13380,0.20320,0.45850,0.11010,0.11910,0.53700,0.13420,0.13550,0.17900,0.12620,0.23540,0.09000,0.11750,0.08760,0.30150,0.08540,0.11730,0.08870,0.09250,0.12140,0.14610,0.12120,0.17890,0.10440,0.09970,0.72450,0.11270,0.09440,0.11220,0.48100,0.11290,0.12540,0.11450,1.01370,0.12400,0.10470,0.22840,0.53140,0.13660,0.10530,0.13780,0.32410,0.47970,0.12460,0.14090,0.96870,0.29210,0.08810,0.17640,0.31720,0.12400,0.09510,0.11980,0.20630,0.33680,0.09840,0.11480,0.74660,0.23120,0.07880,0.12980,0.08980,0.09300,0.08770,0.10170,0.07960,0.20370,0.07960,0.08900,0.08150,0.15580
5:00:34,0.13610,0.10200,0.37680,0.12610,0.15800,0.10900,0.95010,0.12060,0.17690,0.13640,0.17200,0.15950,0.11610,0.16870,0.26160,0.58300,0.14600,0.13350,0.79880,0.13710,0.15170,0.26920,0.14600,0.33440,0.10870,0.13540,0.20710,0.46900,0.11110,0.12040,0.54860,0.13570,0.13700,0.18190,0.12760,0.23960,0.09040,0.11890,0.08810,0.30800,0.08560,0.11840,0.08920,0.09300,0.12250,0.14810,0.12250,0.18170,0.10530,0.10050,0.73740,0.11390,0.09490,0.11320,0.49170,0.11400,0.12680,0.11570,1.01210,0.12530,0.10550,0.23290,0.54270,0.13830,0.10620,0.13960,0.33110,0.49030,0.12580,0.14260,0.97160,0.29800,0.08860,0.17930,0.32410,0.12530,0.09590,0.12110,0.21020,0.34410,0.09920,0.11610,0.75900,0.23570,0.07880,0.13140,0.09020,0.09350,0.08800,0.10250,0.07970,0.20750,0.07970,0.08950,0.08170,0.15810
5:10:34,0.13770,0.10270,0.38490,0.12730,0.16040,0.10990,0.95440,0.12190,0.17930,0.13780,0.17430,0.16080,0.11730,0.17130,0.26690,0.59480,0.14780,0.13500,0.81080,0.13880,0.15370,0.27470,0.14780,0.34100,0.10960,0.13680,0.21100,0.47900,0.11230,0.12170,0.56010,0.13720,0.13850,0.18480,0.12880,0.24350,0.09090,0.12020,0.08860,0.31450,0.08580,0.11950,0.08980,0.09350,0.12370,0.15010,0.12380,0.18420,0.10610,0.10120,0.75030,0.11450,0.09560,0.11420,0.50230,0.11520,0.12810,0.11690,1.01250,0.12640,0.10630,0.23740,0.55380,0.13990,0.10710,0.14140,0.33830,0.50110,0.12690,0.14450,0.97420,0.30440,0.08890,0.18230,0.33090,0.12650,0.09650,0.12210,0.21420,0.35180,0.09990,0.11740,0.77030,0.24030,0.07880,0.13300,0.09050,0.09410,0.08850,0.10320,0.07980,0.21140,0.07980,0.08980,0.08180,0.16010
5:20:34,0.13920,0.10330,0.39280,0.12820,0.16280,0.11090,0.95850,0.12310,0.18180,0.13910,0.17650,0.16220,0.11840,0.17390,0.27190,0.60610,0.14970,0.13650,0.82220,0.14030,0.15540,0.28000,0.14950,0.34790,0.11060,0.13830,0.21480,0.48900,0.11350,0.12290,0.57120,0.13860,0.14000,0.18770,0.13020,0.24770,0.09150,0.12160,0.08900,0.32100,0.08600,0.12070,0.09050,0.09400,0.12470,0.15210,0.12490,0.18680,0.10680,0.10190,0.76190,0.11620,0.09620,0.11510,0.51260,0.11630,0.12930,0.11800,1.01090,0.12760,0.10720,0.24180,0.56480,0.14150,0.10800,0.14320,0.34520,0.51120,0.12800,0.14620,0.97540,0.31050,0.08910,0.18530,0.33760,0.12790,0.09730,0.12360,0.21800,0.35910,0.10080,0.11870,0.78130,0.24440,0.07870,0.13450,0.09100,0.09450,0.08890,0.10410,0.07990,0.21520,0.07980,0.09010,0.08180,0.16240
5:30:34,0.14090,0.10400,0.40090,0.12940,0.16530,0.11190,0.96200,0.12440,0.18420,0.14060,0.17880,0.16370,0.11960,0.17650,0.27710,0.61720,0.15140,0.13800,0.83260,0.14190,0.15730,0.28560,0.15110,0.35420,0.11170,0.13990,0.21880,0.49880,0.11480,0.12420,0.58270,0.14010,0.14160,0.19050,0.13150,0.25210,0.09210,0.12300,0.08950,0.32760,0.08610,0.12180,0.09120,0.09450,0.12600,0.15410,0.12630,0.18950,0.10770,0.10270,0.77350,0.11680,0.09690,0.11610,0.52240,0.11750,0.13070,0.11930,1.01050,0.12880,0.10800,0.24630,0.57570,0.14310,0.10900,0.14500,0.35230,0.52170,0.12910,0.14790,0.97640,0.31660,0.08950,0.18840,0.34430,0.12920,0.09800,0.12470,0.22200,0.36640,0.10160,0.12010,0.79210,0.24860,0.07900,0.13610,0.09140,0.09500,0.08920,0.10480,0.08000,0.21910,0.08000,0.09050,0.08200,0.16470
5:40:34,0.14240,0.10460,0.40860,0.13030,0.16770,0.11290,0.96500,0.12560,0.18670,0.14180,0.18100,0.16480,0.12070,0.17900,0.28220,0.62800,0.15330,0.13940,0.84240,0.14340,0.15910,0.29060,0.15260,0.36100,0.11260,0.14140,0.22260,0.50860,0.11600,0.12540,0.59330,0.14140,0.14290,0.19320,0.13270,0.25550,0.09260,0.12440,0.08990,0.33400,0.08620,0.12290,0.09170,0.09500,0.12700,0.15600,0.12750,0.19190,0.10840,0.10340,0.78530,0.11850,0.09740,0.11700,0.53270,0.11860,0.13190,0.12040,1.00920,0.12990,0.10880,0.25080,0.58640,0.14470,0.10990,0.14680,0.35920,0.53190,0.13010,0.14960,0.97740,0.32270,0.08980,0.19150,0.35090,0.13040,0.09860,0.12610,0.22590,0.37350,0.10250,0.12160,0.80230,0.25310,0.07890,0.13760,0.09180,0.09550,0.08960,0.10570,0.08000,0.22290,0.08000,0.09070,0.08200,0.16690
5:50:34,0.14390,0.10530,0.41640,0.13150,0.17010,0.11390,0.96760,0.12670,0.18910,0.14310,0.18340,0.16620,0.12180,0.18160,0.28720,0.63860,0.15520,0.14090,0.85180,0.14490,0.16110,0.29570,0.15440,0.36750,0.11370,0.14310,0.22650,0.51840,0.11730,0.12670,0.60430,0.14290,0.14430,0.19610,0.13400,0.25970,0.09330,0.12580,0.09050,0.34040,0.08650,0.12400,0.09250,0.09560,0.12820,0.15810,0.12870,0.19460,0.10920,0.10430,0.79610,0.11920,0.09820,0.11810,0.54270,0.11980,0.13330,0.12170,1.00770,0.13120,0.10980,0.25540,0.59680,0.14650,0.11090,0.14870,0.36630,0.54190,0.13130,0.15140,0.97780,0.32860,0.09010,0.19460,0.35760,0.13180,0.09950,0.12730,0.22990,0.38080,0.10340,0.12310,0.81180,0.25740,0.07900,0.13920,0.09230,0.09610,0.09000,0.10660,0.08010,0.22680,0.08010,0.09110,0.08210,0.16930
6:00:34,0.14540,0.10600,0.42400,0.13240,0.17240,0.11480,0.96960,0.12780,0.19140,0.14430,0.18560,0.16740,0.12290,0.18410,0.29220,0.64910,0.15690,0.14230,0.86080,0.14630,0.16270,0.30070,0.15590,0.37360,0.11460,0.14450,0.23030,0.52720,0.11840,0.12780,0.61450,0.14420,0.14570,0.19880,0.13530,0.26350,0.09370,0.12720,0.09090,0.34670,0.08650,0.12500,0.09290,0.09590,0.12930,0.15990,0.12980,0.19730,0.10990,0.10500,0.80640,0.12010,0.09860,0.11900,0.55240,0.12080,0.13450,0.12280,1.00670,0.13210,0.11040,0.25970,0.60710,0.14800,0.11170,0.15050,0.37310,0.55170,0.13230,0.15310,0.97740,0.33450,0.09040,0.19740,0.36410,0.13300,0.10010,0.12850,0.23370,0.38770,0.10420,0.12440,0.82040,0.26160,0.07880,0.14060,0.09260,0.09650,0.09030,0.10730,0.08010,0.23050,0.08030,0.09130,0.08220,0.17130
6:10:34,0.14700,0.10660,0.43150,0.13340,0.17470,0.11570,0.97130,0.12890,0.19370,0.14560,0.18770,0.16860,0.12400,0.18650,0.29700,0.65910,0.15860,0.14370,0.86840,0.14760,0.16450,0.30610,0.15740,0.38010,0.11550,0.14600,0.23410,0.53630,0.11960,0.12910,0.62500,0.14550,0.14700,0.20160,0.13660,0.26760,0.09430,0.12860,0.09130,0.35290,0.08660,0.12600,0.09350,0.09640,0.13030,0.16190,0.13100,0.19990,0.11070,0.10580,0.81610,0.12050,0.09920,0.11980,0.56190,0.12180,0.13570,0.12390,1.00550,0.13330,0.11130,0.26410,0.61680,0.14970,0.11270,0.15230,0.37980,0.56150,0.13340,0.15480,0.97690,0.34040,0.09080,0.20030,0.37050,0.13430,0.10080,0.12970,0.23750,0.39480,0.10510,0.12570,0.82860,0.26590,0.07890,0.14220,0.09300,0.09700,0.09060,0.10810,0.08020,0.23420,0.08030,0.09160,0.08230,0.17370
6:20:34,0.14850,0.10720,0.43890,0.13430,0.17690,0.11660,0.97200,0.13000,0.19600,0.14680,0.18990,0.16980,0.12510,0.18880,0.30180,0.66900,0.16020,0.14510,0.87650,0.14890,0.16610,0.31100,0.15880,0.38640,0.11640,0.14740,0.23780,0.54590,0.12070,0.13020,0.63520,0.14670,0.14820,0.20430,0.13780,0.27150,0.09470,0.12990,0.09170,0.35910,0.08670,0.12700,0.09400,0.09690,0.13130,0.16380,0.13200,0.20240,0.11140,0.10650,0.82520,0.12170,0.09970,0.12080,0.57090,0.12290,0.13680,0.12500,1.00450,0.13440,0.11200,0.26840,0.62680,0.15120,0.11360,0.15410,0.38650,0.57100,0.13450,0.15650,0.97670,0.34640,0.09100,0.20330,0.37690,0.13540,0.10140,0.13090,0.24130,0.40150,0.10580,0.12700,0.83670,0.27000,0.07880,0.14350,0.09330,0.09740,0.09090,0.10880,0.08020,0.23800,0.08040,0.09200,0.08230,0.17590
6:30:34,0.15000,0.10780,0.44640,0.13530,0.17920,0.11750,0.97320,0.13120,0.19830,0.14810,0.19190,0.17110,0.12610,0.19100,0.30650,0.67840,0.16190,0.14630,0.88340,0.15010,0.16790,0.31560,0.16020,0.39280,0.11730,0.14870,0.24150,0.55470,0.12180,0.13130,0.64520,0.14790,0.14950,0.20690,0.13890,0.27530,0.09520,0.13110,0.09200,0.36510,0.08690,0.12800,0.09450,0.09730,0.13230,0.16560,0.13310,0.20490,0.11210,0.10720,0.83380,0.12250,0.10020,0.12160,0.58010,0.12370,0.13800,0.12610,1.00170,0.13540,0.11280,0.27280,0.63600,0.15270,0.11440,0.15580,0.39290,0.58040,0.13550,0.15820,0.97550,0.35200,0.09140,0.20610,0.38320,0.13670,0.10210,0.13210,0.24500,0.40830,0.10660,0.12830,0.84420,0.27430,0.07890,0.14500,0.09360,0.09780,0.09120,0.10950,0.08030,0.24150,0.08040,0.09230,0.08240,0.17800
6:40:34,0.15150,0.10830,0.45350,0.13620,0.18130,0.11840,0.97320,0.13230,0.20060,0.14920,0.19380,0.17240,0.12720,0.19330,0.31100,0.68720,0.16350,0.14770,0.89000,0.15150,0.16940,0.32060,0.16170,0.39860,0.11820,0.15010,0.24510,0.56350,0.12290,0.13240,0.65480,0.14900,0.15080,0.20960,0.14010,0.27920,0.09570,0.13240,0.09240,0.37110,0.08700,0.12880,0.09510,0.09780,0.13330,0.16740,0.13410,0.20730,0.11290,0.10780,0.84270,0.12350,0.10060,0.12250,0.58900,0.12480,0.13910,0.12710,0.99990,0.13650,0.11350,0.27700,0.64550,0.15420,0.11530,0.15750,0.39960,0.58980,0.13650,0.15980,0.97440,0.35800,0.09170,0.20910,0.38950,0.13790,0.10270,0.13320,0.24870,0.41490,0.10740,0.12960,0.85110,0.27840,0.07910,0.14650,0.09390,0.09830,0.09150,0.11020,0.08040,0.24520,0.08060,0.09260,0.08250,0.18050
6:50:34,0.15310,0.10880,0.46060,0.13710,0.18360,0.11930,0.97430,0.13330,0.20290,0.15030,0.19580,0.17350,0.12830,0.19560,0.31590,0.69650,0.16530,0.14900,0.89610,0.15280,0.17120,0.32570,0.16320,0.40510,0.11910,0.15150,0.24880,0.57190,0.12400,0.13350,0.66420,0.15020,0.15190,0.21220,0.14120,0.28310,0.09620,0.13360,0.09290,0.37720,0.08720,0.12980,0.09570,0.09840,0.13430,0.16940,0.13520,0.21000,0.11360,0.10860,0.85010,0.12400,0.10120,0.12330,0.59810,0.12570,0.14020,0.12830,0.99910,0.13760,0.11430,0.28120,0.65450,0.15580,0.11610,0.15910,0.40600,0.59860,0.13750,0.16150,0.97310,0.36360,0.09200,0.21170,0.39570,0.13900,0.10330,0.13430,0.25230,0.42170,0.10810,0.13090,0.85750,0.28260,0.07900,0.14790,0.09420,0.09870,0.09180,0.11100,0.08050,0.24880,0.08060,0.09290,0.08270,0.18250
7:00:34,0.15460,0.10940,0.46810,0.13810,0.18570,0.12030,0.97400,0.13450,0.20520,0.15150,0.19770,0.17450,0.12950,0.19790,0.32080,0.70540,0.16690,0.15020,0.90220,0.15420,0.17280,0.33050,0.16460,0.41120,0.12000,0.15300,0.25250,0.58040,0.12520,0.13470,0.67350,0.15140,0.15320,0.21490,0.14250,0.28690,0.09680,0.13500,0.09340,0.38310,0.08740,0.13080,0.09640,0.09900,0.13530,0.17120,0.13640,0.21250,0.11430,0.10930,0.85850,0.12560,0.10190,0.12430,0.60670,0.12670,0.14130,0.12930,0.99780,0.13870,0.11520,0.28550,0.66350,0.15730,0.11700,0.16090,0.41260,0.60740,0.13860,0.16330,0.97180,0.36920,0.09230,0.21470,0.40190,0.14020,0.10390,0.13560,0.25610,0.42830,0.10890,0.13220,0.86360,0.28690,0.07900,0.14950,0.09460,0.09930,0.09220,0.11170,0.08060,0.25240,0.08080,0.09330,0.08280,0.18490
7:10:34,0.15620,0.11010,0.47470,0.13900,0.18800,0.12130,0.97420,0.13550,0.20760,0.15270,0.19960,0.17570,0.13070,0.20030,0.32540,0.71340,0.16850,0.15140,0.90820,0.15550,0.17430,0.33580,0.16590,0.41740,0.12110,0.15460,0.25610,0.58820,0.12630,0.13570,0.68280,0.15250,0.15440,0.21750,0.14360,0.29100,0.09730,0.13630,0.09390,0.38890,0.08750,0.13170,0.09710,0.09970,0.13620,0.17300,0.13730,0.21520,0.11500,0.11000,0.86560,0.12630,0.10250,0.12500,0.61500,0.12760,0.14240,0.13040,0.99640,0.13960,0.11600,0.28970,0.67190,0.15880,0.11790,0.16260,0.41900,0.61650,0.13960,0.16500,0.97010,0.37470,0.09260,0.21770,0.40800,0.14140,0.10510,0.13690,0.25980,0.43490,0.10970,0.13350,0.86930,0.29070,0.07900,0.15090,0.09500,0.09980,0.09250,0.11240,0.08070,0.25610,0.08080,0.09360,0.08280,0.18690
7:20:34,0.15760,0.11070,0.48200,0.14000,0.19030,0.12230,0.97360,0.13660,0.20980,0.15360,0.20150,0.17660,0.13180,0.20270,0.32990,0.72180,0.17010,0.15280,0.91280,0.15690,0.17600,0.34030,0.16740,0.42360,0.12200,0.15620,0.25970,0.59660,0.12750,0.13690,0.69150,0.15360,0.15550,0.22010,0.14480,0.29480,0.09780,0.13770,0.09460,0.39490,0.08770,0.13270,0.09790,0.10030,0.13710,0.17480,0.13840,0.21750,0.11580,0.11070,0.87230,0.12670,0.10320,0.12590,0.62320,0.12870,0.14330,0.13150,0.99500,0.14060,0.11690,0.29400,0.68060,0.16030,0.11870,0.16440,0.42540,0.62500,0.14070,0.16670,0.96900,0.38020,0.09290,0.22050,0.41410,0.14260,0.10580,0.13810,0.26350,0.44140,0.11060,0.13490,0.87480,0.29530,0.07890,0.15240,0.09540,0.10040,0.09290,0.11320,0.08080,0.25970,0.08090,0.09400,0.08290,0.18920
7:30:34,0.15910,0.11130,0.48860,0.14080,0.19240,0.12330,0.97310,0.13750,0.21200,0.15460,0.20350,0.17760,0.13290,0.20490,0.33470,0.73010,0.17170,0.15410,0.91720,0.15810,0.17770,0.34510,0.16890,0.42950,0.12300,0.15780,0.26320,0.60480,0.12860,0.13800,0.69990,0.15490,0.15670,0.22270,0.14590,0.29860,0.09840,0.13900,0.09500,0.40070,0.08780,0.13370,0.09870,0.10090,0.13800,0.17650,0.13940,0.22000,0.11650,0.11150,0.87850,0.12810,0.10370,0.12670,0.63120,0.12950,0.14440,0.13250,0.99340,0.14160,0.11770,0.29810,0.68880,0.16180,0.11960,0.16600,0.43180,0.63330,0.14170,0.16840,0.96720,0.38560,0.09320,0.22330,0.42010,0.14380,0.10610,0.13920,0.26710,0.44790,0.11140,0.13620,0.87980,0.29920,0.07910,0.15380,0.09590,0.10090,0.09330,0.11400,0.08080,0.26320,0.08100,0.09420,0.08300,0.19150
7:40:34,0.16070,0.11190,0.49520,0.14170,0.19450,0.12410,0.97340,0.13860,0.21430,0.15570,0.20540,0.17880,0.13400,0.20720,0.33930,0.73800,0.17330,0.15540,0.92110,0.15940,0.17930,0.34980,0.17020,0.43550,0.12400,0.15930,0.26680,0.61260,0.12980,0.13920,0.70830,0.15600,0.15790,0.22520,0.14700,0.30230,0.09890,0.14020,0.09560,0.40630,0.08800,0.13450,0.09940,0.10150,0.13890,0.17830,0.14040,0.22250,0.11720,0.11210,0.88530,0.12930,0.10430,0.12760,0.63940,0.13050,0.14540,0.13350,0.99180,0.14260,0.11860,0.30230,0.69690,0.16320,0.12040,0.16780,0.43790,0.64180,0.14270,0.17000,0.96570,0.39100,0.09350,0.22620,0.42600,0.14500,0.10820,0.14060,0.27080,0.45420,0.11220,0.13740,0.88430,0.30300,0.07890,0.15520,0.09650,0.10130,0.09370,0.11470,0.08090,0.26680,0.08110,0.09460,0.08310,0.19350
7:50:33,0.16230,0.11260,0.50230,0.14260,0.19680,0.12510,0.97260,0.13970,0.21660,0.15690,0.20740,0.17990,0.13530,0.20960,0.34400,0.74530,0.17490,0.15660,0.92580,0.16070,0.18100,0.35500,0.17170,0.44140,0.12500,0.16080,0.27050,0.62010,0.13100,0.14020,0.71650,0.15720,0.15900,0.22780,0.14830,0.30620,0.09960,0.14150,0.09630,0.41190,0.08830,0.13550,0.10030,0.10220,0.13980,0.18010,0.14150,0.22500,0.11810,0.11290,0.89130,0.13060,0.10510,0.12850,0.64750,0.13160,0.14650,0.13450,0.99060,0.14370,0.11950,0.30660,0.70470,0.16480,0.12130,0.16960,0.44430,0.65010,0.14370,0.17180,0.96410,0.39670,0.09390,0.22900,0.43210,0.14630,0.11060,0.14180,0.27450,0.46060,0.11300,0.13880,0.88850,0.30730,0.07920,0.15680,0.09710,0.10190,0.09410,0.11560,0.08100,0.27040,0.08120,0.09500,0.08330,0.19590
8:00:34,0.16360,0.11320,0.50900,0.14350,0.19890,0.12610,0.97150,0.14060,0.21880,0.15800,0.20920,0.18120,0.13650,0.21190,0.34850,0.75290,0.17650,0.15790,0.92940,0.16200,0.18260,0.35960,0.17300,0.44750,0.12610,0.16230,0.27410,0.62820,0.13230,0.14140,0.72420,0.15850,0.16030,0.23040,0.14950,0.31000,0.10020,0.14290,0.09690,0.41760,0.08850,0.13650,0.10110,0.10290,0.14080,0.18200,0.14250,0.22750,0.11880,0.11360,0.89630,0.13090,0.10590,0.12940,0.65530,0.13250,0.14750,0.13570,0.98890,0.14470,0.12040,0.31070,0.71230,0.16630,0.12220,0.17130,0.45020,0.65820,0.14460,0.17330,0.96220,0.40180,0.09420,0.23190,0.43790,0.14740,0.10970,0.14310,0.27820,0.46690,0.11380,0.14010,0.89290,0.31150,0.07910,0.15830,0.09770,0.10250,0.09460,0.11650,0.08110,0.27410,0.08130,0.09530,0.08340,0.19810
8:10:34,0.16520,0.11380,0.51550,0.14450,0.20130,0.12700,0.97100,0.14160,0.22100,0.15910,0.21120,0.18220,0.13780,0.21440,0.35310,0.76030,0.17810,0.15930,0.93270,0.16330,0.18430,0.36400,0.17440,0.45320,0.12720,0.16390,0.27770,0.63470,0.13360,0.14260,0.73170,0.15960,0.16140,0.23290,0.15060,0.31370,0.10080,0.14420,0.09760,0.42330,0.08870,0.13740,0.10210,0.10370,0.14180,0.18370,0.14360,0.23020,0.11960,0.11440,0.90230,0.13390,0.10670,0.13030,0.66330,0.13350,0.14860,0.13670,0.98780,0.14580,0.12140,0.31490,0.72000,0.16780,0.12310,0.17310,0.45650,0.66590,0.14560,0.17500,0.96070,0.40740,0.09450,0.23460,0.44390,0.14870,0.11110,0.14430,0.28200,0.47330,0.11470,0.14150,0.89680,0.31560,0.07930,0.15980,0.09830,0.10300,0.09510,0.11730,0.08120,0.27760,0.08140,0.09580,0.08350,0.20040
8:20:34,0.16680,0.11460,0.52200,0.14540,0.20350,0.12820,0.96990,0.14290,0.22300,0.16030,0.21310,0.18300,0.13910,0.21680,0.35770,0.76700,0.17970,0.16070,0.93630,0.16470,0.18580,0.36920,0.17580,0.45890,0.12830,0.16550,0.28140,0.64230,0.13490,0.14380,0.73920,0.16090,0.16270,0.23560,0.15170,0.31740,0.10150,0.14570,0.09840,0.42870,0.08900,0.13850,0.10300,0.10460,0.14280,0.18550,0.14460,0.23240,0.12040,0.11530,0.90690,0.13420,0.10760,0.13120,0.67370,0.13460,0.14970,0.13780,0.98680,0.14690,0.12240,0.31910,0.72720,0.16950,0.12410,0.17490,0.46270,0.67380,0.14660,0.17670,0.95910,0.41260,0.09490,0.23770,0.44960,0.14990,0.11380,0.14570,0.28570,0.47970,0.11560,0.14290,0.90000,0.31970,0.07930,0.16150,0.09900,0.10360,0.09560,0.11830,0.08140,0.28130,0.08150,0.09610,0.08350,0.20270
8:30:34,0.16810,0.11530,0.52840,0.14630,0.20560,0.12920,0.96920,0.14390,0.22510,0.16150,0.21490,0.18400,0.14020,0.21920,0.36230,0.77410,0.18130,0.16210,0.93910,0.16590,0.18720,0.37360,0.17720,0.46510,0.12940,0.16700,0.28490,0.64900,0.13630,0.14490,0.74700,0.16190,0.16390,0.23790,0.15300,0.32110,0.10220,0.14700,0.09920,0.43390,0.08910,0.13940,0.10400,0.10550,0.14370,0.18730,0.14570,0.23490,0.12100,0.11600,0.91190,0.13520,0.10840,0.13200,0.68120,0.13560,0.15080,0.13890,0.98520,0.14790,0.12340,0.32310,0.73450,0.17100,0.12500,0.17670,0.46870,0.68150,0.14770,0.17830,0.95720,0.41800,0.09510,0.24060,0.45540,0.15110,0.11450,0.14700,0.28950,0.48580,0.11650,0.14420,0.90320,0.32350,0.07930,0.16290,0.09960,0.10420,0.09620,0.11910,0.08140,0.28480,0.08160,0.09640,0.08370,0.20500
8:40:34,0.16950,0.11590,0.53480,0.14700,0.20780,0.13020,0.96820,0.14480,0.22700,0.16230,0.21660,0.18470,0.14120,0.22120,0.36670,0.78040,0.18270,0.16330,0.94140,0.16710,0.18850,0.37770,0.17850,0.47090,0.13030,0.16830,0.28840,0.65660,0.13730,0.14590,0.75390,0.16290,0.16490,0.24030,0.15390,0.32460,0.10260,0.14820,0.09970,0.43950,0.08920,0.14020,0.10470,0.10600,0.14460,0.18890,0.14660,0.23730,0.12170,0.11660,0.91540,0.13610,0.10910,0.13280,0.68910,0.13640,0.15170,0.13980,0.98360,0.14880,0.12410,0.32710,0.74140,0.17230,0.12570,0.17820,0.47460,0.68860,0.14850,0.17970,0.95490,0.42300,0.09540,0.24340,0.46100,0.15220,0.11450,0.14820,0.29310,0.49170,0.11710,0.14540,0.90600,0.32750,0.07900,0.16420,0.10010,0.10450,0.09650,0.11980,0.08140,0.28820,0.08160,0.09660,0.08370,0.20710
8:50:34,0.17080,0.11640,0.54110,0.14790,0.21000,0.13110,0.96700,0.14580,0.22890,0.16370,0.21840,0.18580,0.14220,0.22350,0.37080,0.78590,0.18420,0.16470,0.94350,0.16840,0.18970,0.38270,0.17980,0.47630,0.13130,0.16960,0.29180,0.66310,0.13850,0.14700,0.76060,0.16400,0.16610,0.24280,0.15500,0.32820,0.10320,0.14940,0.10030,0.44450,0.08930,0.14120,0.10550,0.10660,0.14540,0.19060,0.14760,0.23970,0.12240,0.11730,0.92000,0.13680,0.10980,0.13360,0.69620,0.13740,0.15280,0.14070,0.98210,0.14980,0.12490,0.33120,0.74790,0.17370,0.12660,0.17990,0.48020,0.69600,0.14940,0.18130,0.95290,0.42810,0.09560,0.24630,0.46650,0.15330,0.11590,0.14940,0.29680,0.49740,0.11790,0.14670,0.90850,0.33130,0.07910,0.16550,0.10060,0.10490,0.09690,0.12060,0.08150,0.29180,0.08170,0.09690,0.08390,0.20940
9:00:34,0.17220,0.11720,0.54710,0.14870,0.21210,0.13210,0.96590,0.14690,0.23090,0.16470,0.22010,0.18670,0.14330,0.22570,0.37510,0.79260,0.18570,0.16600,0.94510,0.16960,0.19120,0.38710,0.18120,0.48200,0.13220,0.17100,0.29530,0.66990,0.13960,0.14810,0.76800,0.16520,0.16730,0.24520,0.15610,0.33220,0.10380,0.15070,0.10080,0.45040,0.08950,0.14200,0.10630,0.10730,0.14630,0.19230,0.14850,0.24200,0.12320,0.11810,0.92390,0.13750,0.11050,0.13440,0.70380,0.13830,0.15390,0.14160,0.98100,0.15080,0.12580,0.33530,0.75470,0.17520,0.12740,0.18150,0.48610,0.70310,0.15030,0.18290,0.95110,0.43310,0.09600,0.24880,0.47210,0.15450,0.11640,0.15050,0.30050,0.50360,0.11870,0.14800,0.91090,0.33560,0.07920,0.16690,0.10110,0.10550,0.09730,0.12140,0.08160,0.29520,0.08180,0.09720,0.08400,0.21170
9:10:34,0.17350,0.11770,0.55300,0.14940,0.21410,0.13290,0.96480,0.14800,0.23270,0.16570,0.22160,0.18730,0.14420,0.22760,0.37880,0.79870,0.18690,0.16700,0.94770,0.17050,0.19240,0.39110,0.18230,0.48730,0.13300,0.17210,0.29860,0.67570,0.14060,0.14900,0.77420,0.16620,0.16820,0.24740,0.15700,0.33550,0.10420,0.15170,0.10120,0.45540,0.08950,0.14270,0.10690,0.10760,0.14700,0.19380,0.14930,0.24400,0.12370,0.11860,0.92690,0.13810,0.11100,0.13510,0.71040,0.13910,0.15480,0.14250,0.97920,0.15160,0.12640,0.33920,0.76060,0.17650,0.12800,0.18290,0.49160,0.71000,0.15100,0.18440,0.94920,0.43810,0.09610,0.25140,0.47730,0.15550,0.11700,0.15170,0.30390,0.50920,0.11930,0.14910,0.91300,0.33940,0.07920,0.16810,0.10130,0.10560,0.09750,0.12210,0.08160,0.29850,0.08180,0.09740,0.08400,0.21370
9:20:34,0.17490,0.11820,0.55870,0.15020,0.21620,0.13370,0.96330,0.14880,0.23470,0.16660,0.22340,0.18810,0.14510,0.22960,0.38320,0.80430,0.18840,0.16810,0.94960,0.17170,0.19370,0.39550,0.18360,0.49340,0.13380,0.17320,0.30190,0.68180,0.14170,0.15010,0.78050,0.16730,0.16910,0.24970,0.15800,0.33920,0.10460,0.15290,0.10170,0.46070,0.08960,0.14360,0.10750,0.10820,0.14770,0.19550,0.15030,0.24650,0.12440,0.11920,0.93000,0.13880,0.11150,0.13590,0.71680,0.13990,0.15570,0.14340,0.97860,0.15260,0.12710,0.34310,0.76660,0.17780,0.12870,0.18440,0.49710,0.71690,0.15190,0.18590,0.94700,0.44320,0.09640,0.25410,0.48280,0.15650,0.11760,0.15280,0.30740,0.51470,0.12000,0.15030,0.91440,0.34320,0.07940,0.16940,0.10160,0.10590,0.09770,0.12280,0.08180,0.30160,0.08200,0.09770,0.08420,0.21590
9:30:34,0.17630,0.11870,0.56450,0.15080,0.21810,0.13450,0.96220,0.14970,0.23650,0.16750,0.22510,0.18900,0.14590,0.23160,0.38700,0.80890,0.18970,0.16900,0.95050,0.17280,0.19490,0.39990,0.18470,0.49850,0.13450,0.17430,0.30520,0.68870,0.14270,0.15100,0.78610,0.16810,0.17000,0.25210,0.15890,0.34250,0.10500,0.15400,0.10200,0.46570,0.08970,0.14430,0.10810,0.10850,0.14840,0.19700,0.15100,0.24850,0.12510,0.11970,0.93330,0.13940,0.11190,0.13650,0.72340,0.14060,0.15660,0.14410,0.97660,0.15340,0.12770,0.34680,0.77270,0.17920,0.12950,0.18590,0.50280,0.72330,0.15280,0.18720,0.94530,0.44800,0.09670,0.25660,0.48810,0.15750,0.11800,0.15380,0.31080,0.52010,0.12060,0.15140,0.91630,0.34690,0.07930,0.17060,0.10180,0.10620,0.09790,0.12330,0.08180,0.30490,0.08190,0.09800,0.08430,0.21790
9:40:02,0.17740,0.11920,0.57030,0.15160,0.22010,0.13530,0.96150,0.15060,0.23850,0.16850,0.22700,0.19010,0.14670,0.23330,0.39090,0.81450,0.19100,0.17010,0.95140,0.17410,0.19650,0.40410,0.18610,0.50400,0.13510,0.17530,0.30840,0.69540,0.14360,0.15200,0.79230,0.16910,0.17100,0.25450,0.15990,0.34580,0.10530,0.15500,0.10230,0.47060,0.08960,0.14500,0.10870,0.10890,0.14910,0.19860,0.15200,0.25070,0.12560,0.12020,0.93570,0.13980,0.11240,0.13720,0.72970,0.14130,0.15750,0.14500,0.97570,0.15430,0.12830,0.35050,0.77850,0.18040,0.13010,0.18730,0.50810,0.72970,0.15360,0.18870,0.94340,0.45260,0.09680,0.25920,0.49310,0.15840,0.11760,0.15490,0.31400,0.52570,0.12130,0.15250,0.91740,0.35060,0.07920,0.17170,0.10190,0.10630,0.09800,0.12390,0.08190,0.30810,0.08200,0.09820,0.08430,0.21990
9:50:34,0.17950,0.11980,0.57570,0.15240,0.22190,0.13610,0.96000,0.15140,0.24020,0.16920,0.22850,0.19060,0.14790,0.23550,0.39510,0.81930,0.19240,0.17100,0.95260,0.17510,0.19750,0.40800,0.18720,0.50950,0.13590,0.17660,0.31160,0.70160,0.14460,0.15310,0.79780,0.17010,0.17200,0.25650,0.16060,0.34910,0.10570,0.15600,0.10270,0.47520,0.08980,0.14580,0.10920,0.10930,0.14980,0.20010,0.15280,0.25260,0.12640,0.12080,0.93830,0.14040,0.11290,0.13780,0.73530,0.14200,0.15850,0.14580,0.97430,0.15510,0.12890,0.35430,0.78390,0.18170,0.13080,0.18870,0.51320,0.73590,0.15430,0.19020,0.94130,0.45760,0.09720,0.26180,0.49820,0.15940,0.11860,0.15600,0.31730,0.53090,0.12180,0.15360,0.91860,0.35440,0.07920,0.17290,0.10220,0.10660,0.09820,0.12450,0.08190,0.31110,0.08210,0.09850,0.08440,0.22200
10:00:34,0.18090,0.12030,0.58150,0.15300,0.22370,0.13690,0.95860,0.15220,0.24210,0.17010,0.23010,0.19100,0.14900,0.23750,0.39920,0.82440,0.19380,0.17200,0.95370,0.17610,0.19870,0.41210,0.18830,0.51440,0.13650,0.17770,0.31480,0.70670,0.14550,0.15410,0.80310,0.17100,0.17290,0.25880,0.16150,0.35260,0.10610,0.15710,0.10310,0.48040,0.09000,0.14660,0.10980,0.10970,0.15050,0.20160,0.15360,0.25490,0.12710,0.12130,0.94090,0.14090,0.11340,0.13840,0.74110,0.14280,0.15930,0.14660,0.97310,0.15600,0.12960,0.35820,0.78920,0.18300,0.13140,0.19010,0.51880,0.74230,0.15510,0.19150,0.93970,0.46240,0.09740,0.26400,0.50330,0.16040,0.11950,0.15690,0.32050,0.53630,0.12250,0.15470,0.91940,0.35820,0.07940,0.17420,0.10240,0.10690,0.09840,0.12500,0.08210,0.31420,0.08220,0.09870,0.08460,0.22390

