420

Time,A1,A2,A3,A4,A5,A6,A7,A8,A9,A10,A11,A12,B1,B2,B3,B4,B5,B6,B7,B8,B9,B10,B11,B12,C1,C2,C3,C4,C5,C6,C7,C8,C9,C10,C11,C12,D1,D2,D3,D4,D5,D6,D7,D8,D9,D10,D11,D12,E1,E2,E3,E4,E5,E6,E7,E8,E9,E10,E11,E12,F1,F2,F3,F4,F5,F6,F7,F8,F9,F10,F11,F12,G1,G2,G3,G4,G5,G6,G7,G8,G9,G10,G11,G12,H1,H2,H3,H4,H5,H6,H7,H8,H9,H10,H11,H12
0:00:34,0.12040,0.07700,0.12910,0.08540,0.13200,0.08270,0.09010,0.08760,0.09910,0.08350,0.09620,0.09100,0.10370,0.10610,0.10450,0.09740,0.13330,0.12580,0.12540,0.10640,0.10000,0.09910,0.09180,0.10630,0.09990,0.09520,0.09090,0.09650,0.09180,0.12300,0.11040,0.10480,0.11140,0.09480,0.09160,0.09910,0.09430,0.08210,0.08390,0.09060,0.07550,0.10550,0.07590,0.09150,0.08310,0.09340,0.08200,0.10790,0.10600,0.08740,0.11190,0.09040,0.09910,0.07520,0.11330,0.07730,0.10040,0.07740,0.10050,0.07730,0.09370,0.11480,0.09830,0.19030,0.10480,0.11500,0.10400,0.09830,0.11420,0.09780,0.09650,0.10690,0.08990,0.10220,0.08920,0.11010,0.09410,0.10890,0.09090,0.10920,0.09440,0.11610,0.09150,0.09790,0.08530,0.09590,0.08120,0.09410,0.08130,0.09520,0.07620,0.09630,0.07570,0.10490,0.07770,0.08950
0:10:34,0.11090,0.07540,0.12290,0.08670,0.20150,0.08160,0.08750,0.08660,0.09420,0.08210,0.09460,0.09100,0.10150,0.10400,0.10380,0.09670,0.17700,0.11880,0.11200,0.10190,0.09500,0.09230,0.09200,0.10020,0.09230,0.09580,0.08120,0.09640,0.09780,0.10380,0.10440,0.10190,0.10250,0.09100,0.09060,0.09070,0.09020,0.08260,0.08240,0.08980,0.07500,0.10150,0.07560,0.08900,0.08140,0.09110,0.08030,0.10570,0.10760,0.08680,0.10820,0.08430,0.09480,0.07440,0.11410,0.07620,0.09310,0.07640,0.09670,0.07620,0.09680,0.11400,0.09780,0.16460,0.10170,0.11590,0.10410,0.11170,0.10660,0.09370,0.09040,0.09920,0.09090,0.10310,0.08840,0.10650,0.09090,0.10900,0.09110,0.10960,0.09240,0.09790,0.08780,0.09570,0.08500,0.09750,0.07880,0.09390,0.07930,0.09390,0.07510,0.09800,0.07490,0.09610,0.07660,0.08880
0:20:34,0.11160,0.07540,0.12750,0.08500,0.29370,0.08130,0.08730,0.08650,0.08960,0.08190,0.09830,0.09120,0.10230,0.10890,0.10680,0.09960,0.24280,0.11910,0.10700,0.10360,0.09210,0.09190,0.09300,0.09610,0.09190,0.09790,0.08190,0.09610,0.10560,0.10640,0.10160,0.09980,0.10050,0.09070,0.09020,0.08700,0.08890,0.08350,0.08200,0.09010,0.07490,0.10210,0.07480,0.08910,0.08080,0.08900,0.07960,0.10400,0.09690,0.08620,0.11130,0.08400,0.09690,0.07430,0.11940,0.07610,0.09200,0.07620,0.09540,0.07620,0.09830,0.12100,0.09950,0.14900,0.10510,0.12070,0.10500,0.12780,0.10290,0.09180,0.08900,0.10590,0.09410,0.10590,0.08900,0.10710,0.09090,0.11330,0.09330,0.11350,0.08400,0.09920,0.08790,0.10170,0.08480,0.10030,0.07510,0.09390,0.07910,0.09520,0.07480,0.10070,0.07490,0.09540,0.07670,0.09180
0:30:34,0.11520,0.07600,0.12270,0.08420,0.39660,0.08160,0.08770,0.08700,0.08960,0.08220,0.10480,0.07600,0.10600,0.11530,0.11160,0.10450,0.32860,0.12130,0.10190,0.10650,0.09010,0.09450,0.09710,0.09400,0.09040,0.10220,0.08370,0.09920,0.11670,0.10670,0.10050,0.09950,0.09960,0.09230,0.09240,0.08770,0.08880,0.08580,0.08200,0.09220,0.07510,0.10340,0.07540,0.09000,0.08070,0.08970,0.07990,0.10290,0.10660,0.08600,0.11540,0.07640,0.10120,0.07460,0.12440,0.07640,0.09230,0.07650,0.09550,0.07720,0.10520,0.12920,0.09940,0.13590,0.10780,0.12650,0.11010,0.15240,0.09980,0.09100,0.08900,0.11440,0.09540,0.11190,0.09130,0.10770,0.09190,0.11940,0.09660,0.12380,0.08380,0.10010,0.08820,0.10770,0.08500,0.09640,0.07550,0.09570,0.07940,0.09700,0.07510,0.10570,0.07520,0.09610,0.07730,0.09490
0:40:34,0.12020,0.07750,0.13090,0.08440,0.48040,0.08290,0.08960,0.09230,0.09010,0.08350,0.11470,0.07740,0.10930,0.12420,0.11880,0.11190,0.40690,0.12790,0.10220,0.11090,0.08930,0.09690,0.10190,0.10090,0.09270,0.10810,0.08670,0.10400,0.12880,0.10890,0.10060,0.10160,0.09970,0.09440,0.09580,0.08890,0.17580,0.08930,0.08210,0.09470,0.07600,0.09880,0.07650,0.09170,0.08110,0.09080,0.08100,0.10410,0.11640,0.08640,0.12380,0.07730,0.10270,0.07540,0.13170,0.07720,0.09330,0.07710,0.09730,0.07960,0.11280,0.14180,0.09540,0.09740,0.11230,0.13630,0.12210,0.18220,0.09820,0.09260,0.09080,0.12510,0.09270,0.11910,0.09410,0.11170,0.09410,0.12550,0.10040,0.13230,0.08410,0.10050,0.08980,0.11470,0.08550,0.10050,0.07630,0.09980,0.07990,0.10010,0.07610,0.11380,0.07610,0.09090,0.07870,0.09860
0:50:34,0.10650,0.08070,0.13910,0.08680,0.54710,0.08630,0.09290,0.09550,0.09220,0.08680,0.12730,0.08030,0.11480,0.13760,0.12790,0.12380,0.49970,0.13340,0.10330,0.11800,0.09120,0.10240,0.10920,0.10360,0.09590,0.11480,0.09290,0.10760,0.14080,0.10750,0.10320,0.10560,0.10190,0.09900,0.10070,0.09200,0.14520,0.09500,0.08760,0.09880,0.07870,0.10300,0.07910,0.09480,0.08030,0.09410,0.08400,0.10690,0.12750,0.08800,0.13510,0.07950,0.10300,0.07710,0.14390,0.07930,0.09620,0.07960,0.10150,0.08330,0.12290,0.15530,0.10200,0.10300,0.11990,0.14440,0.12820,0.18490,0.09890,0.09630,0.09440,0.13940,0.09480,0.12810,0.09860,0.12350,0.09750,0.13430,0.10420,0.14740,0.08530,0.10080,0.09230,0.12620,0.08630,0.10550,0.07810,0.10390,0.08130,0.10550,0.07820,0.12280,0.07800,0.09630,0.08100,0.10440
1:00:34,0.11370,0.08340,0.14690,0.08390,0.66020,0.08910,0.09480,0.09810,0.09410,0.08970,0.13900,0.08200,0.12000,0.14740,0.13620,0.12240,0.58780,0.14200,0.10610,0.12350,0.09310,0.10720,0.11550,0.10730,0.09880,0.12250,0.09730,0.11400,0.15530,0.11600,0.10570,0.11010,0.15010,0.10340,0.10510,0.09380,0.12480,0.10120,0.07850,0.19710,0.08200,0.10750,0.08160,0.09820,0.08040,0.09750,0.08650,0.10860,0.13900,0.08970,0.14610,0.08210,0.11020,0.07900,0.16250,0.08170,0.09900,0.08240,0.10430,0.08660,0.13190,0.16840,0.10820,0.10230,0.12720,0.16500,0.13290,0.21620,0.10010,0.09890,0.09670,0.14160,0.09950,0.13690,0.10470,0.13060,0.10080,0.13930,0.11140,0.16540,0.08660,0.10780,0.09460,0.12640,0.08730,0.11130,0.07960,0.10800,0.08270,0.11370,0.08030,0.13170,0.07980,0.10100,0.08290,0.10970
1:10:34,0.12180,0.08760,0.15820,0.08850,0.75020,0.09220,0.09890,0.10280,0.09780,0.09520,0.15480,0.08590,0.12560,0.15850,0.13170,0.13340,0.66930,0.15200,0.10780,0.13100,0.08870,0.11310,0.12320,0.11440,0.10240,0.13060,0.10280,0.12110,0.17710,0.12540,0.10850,0.11580,0.08760,0.10430,0.11040,0.09720,0.11350,0.10660,0.08030,0.18010,0.08620,0.11280,0.08570,0.10220,0.08320,0.10180,0.08990,0.11320,0.14930,0.09200,0.15740,0.08550,0.11850,0.08160,0.17420,0.08470,0.10250,0.08560,0.10750,0.09060,0.14190,0.18180,0.11590,0.10460,0.13550,0.17590,0.14870,0.24540,0.10280,0.10260,0.10020,0.15480,0.10500,0.14640,0.10930,0.13960,0.10470,0.15300,0.11890,0.17440,0.08830,0.10950,0.09710,0.13460,0.08760,0.11700,0.08180,0.11210,0.08520,0.12030,0.08310,0.13640,0.08210,0.10190,0.08520,0.11510
1:20:34,0.12960,0.09130,0.16830,0.09240,0.83050,0.09630,0.10300,0.10730,0.10140,0.09500,0.16870,0.08990,0.13070,0.16960,0.12880,0.14510,0.74460,0.14190,0.11020,0.13800,0.09240,0.11900,0.12500,0.11740,0.10590,0.13860,0.10840,0.12890,0.18970,0.13360,0.11160,0.12180,0.09130,0.10270,0.13450,0.10070,0.10740,0.11210,0.08230,0.16380,0.09030,0.11810,0.09010,0.10640,0.08620,0.10620,0.09290,0.10480,0.15960,0.09450,0.15260,0.08900,0.12560,0.08430,0.18220,0.08780,0.10590,0.08900,0.09920,0.09460,0.15150,0.19500,0.12310,0.10580,0.14360,0.18680,0.15740,0.27590,0.10590,0.10630,0.10380,0.16660,0.11010,0.15530,0.11190,0.14270,0.10840,0.16050,0.12330,0.18610,0.09020,0.11080,0.09980,0.14450,0.08810,0.12260,0.08400,0.11590,0.08700,0.12210,0.08570,0.14400,0.08450,0.10490,0.08740,0.12070
1:30:34,0.13750,0.09520,0.17850,0.09670,0.90220,0.09980,0.10800,0.09610,0.10580,0.09740,0.18230,0.09500,0.13600,0.18110,0.13770,0.15590,0.81270,0.15120,0.11320,0.14570,0.09670,0.12640,0.13490,0.12390,0.10970,0.14640,0.11470,0.13690,0.20820,0.14010,0.11310,0.12810,0.09550,0.10870,0.13950,0.10580,0.10410,0.11840,0.08440,0.15320,0.09420,0.12350,0.09450,0.11100,0.08930,0.11110,0.09440,0.10910,0.17100,0.09710,0.16360,0.09270,0.13330,0.08710,0.19010,0.09110,0.10960,0.09270,0.10350,0.09880,0.16100,0.20810,0.13080,0.10900,0.15150,0.19590,0.16130,0.30480,0.15480,0.11020,0.10780,0.17800,0.11530,0.16360,0.11470,0.14540,0.11080,0.16610,0.12920,0.19540,0.09220,0.11320,0.10100,0.15420,0.08650,0.12800,0.08620,0.11690,0.08900,0.12560,0.08840,0.14770,0.08680,0.10620,0.09000,0.12780
1:40:34,0.14440,0.09820,0.18820,0.09990,0.96960,0.10320,0.11150,0.09950,0.10870,0.10140,0.19400,0.09810,0.14020,0.19100,0.14560,0.15920,0.87230,0.15950,0.11520,0.15200,0.10010,0.13190,0.13730,0.12930,0.11290,0.14750,0.12020,0.14390,0.22510,0.14410,0.10210,0.13340,0.09880,0.11360,0.14010,0.10940,0.10260,0.12410,0.08600,0.11190,0.09730,0.11760,0.09750,0.11460,0.09220,0.11470,0.09760,0.11290,0.18200,0.09390,0.17310,0.09550,0.14060,0.08920,0.19920,0.09390,0.11270,0.09580,0.10680,0.10240,0.16970,0.22010,0.13780,0.11120,0.15810,0.20370,0.16750,0.33240,0.14280,0.11330,0.11070,0.18890,0.11990,0.17160,0.11860,0.14710,0.11460,0.17170,0.13450,0.20660,0.09390,0.11580,0.10320,0.16390,0.08770,0.13290,0.08800,0.12010,0.09050,0.13100,0.09080,0.15630,0.08890,0.10940,0.09200,0.13280
1:50:34,0.15270,0.10200,0.19850,0.10400,1.02980,0.10810,0.11610,0.10430,0.11380,0.10660,0.20650,0.10360,0.14540,0.20190,0.15440,0.17020,0.92800,0.16880,0.11870,0.15960,0.10490,0.13940,0.14660,0.13540,0.11690,0.15570,0.12650,0.15170,0.23980,0.15040,0.10600,0.13960,0.10320,0.11950,0.14420,0.11450,0.09530,0.13060,0.08860,0.11760,0.10100,0.12350,0.10070,0.11910,0.09580,0.11950,0.10190,0.11740,0.19390,0.09690,0.18290,0.09880,0.14880,0.09240,0.20620,0.09750,0.11650,0.09960,0.10800,0.10650,0.17890,0.20960,0.14530,0.11450,0.16520,0.20970,0.17510,0.36040,0.13580,0.11720,0.11450,0.20090,0.12540,0.18000,0.12230,0.15090,0.11880,0.17780,0.14110,0.21670,0.09620,0.11830,0.10620,0.17440,0.08960,0.13860,0.09050,0.12340,0.09260,0.13550,0.09350,0.16350,0.09170,0.11260,0.09460,0.13750
2:00:34,0.16030,0.10540,0.20820,0.10750,1.07210,0.11210,0.12020,0.10820,0.11770,0.11090,0.21760,0.10790,0.15020,0.21170,0.16270,0.18010,0.88320,0.17820,0.12130,0.16630,0.10910,0.14570,0.15490,0.14030,0.12060,0.16300,0.13220,0.15880,0.25520,0.15780,0.10980,0.14530,0.10710,0.12500,0.14850,0.11880,0.09770,0.13670,0.09050,0.12250,0.10450,0.12860,0.10370,0.12310,0.09920,0.12360,0.10550,0.12150,0.20500,0.09970,0.19210,0.10180,0.15640,0.09480,0.21380,0.10060,0.12000,0.10310,0.11170,0.11030,0.18740,0.22110,0.15240,0.11790,0.17170,0.21680,0.18180,0.38770,0.13170,0.12060,0.11770,0.20110,0.13030,0.18750,0.12490,0.15420,0.12230,0.18310,0.14750,0.22800,0.09840,0.12130,0.10930,0.18410,0.09110,0.14100,0.09270,0.12600,0.09430,0.14090,0.09620,0.17070,0.09430,0.11540,0.09720,0.13360
2:10:34,0.16740,0.10830,0.21690,0.11050,1.10360,0.11560,0.12370,0.11170,0.12110,0.11470,0.22780,0.11160,0.15440,0.22060,0.17030,0.18960,0.89030,0.18720,0.12350,0.17230,0.11290,0.15140,0.16270,0.14480,0.12380,0.16960,0.13750,0.16560,0.26920,0.16530,0.11320,0.15040,0.11070,0.13000,0.15300,0.12040,0.10000,0.14220,0.09200,0.12700,0.10760,0.13330,0.10800,0.12420,0.10220,0.12750,0.10890,0.12520,0.21550,0.10210,0.20090,0.10450,0.16360,0.09690,0.22150,0.10360,0.12320,0.10640,0.11510,0.11380,0.17900,0.23180,0.15910,0.12050,0.17760,0.22430,0.18730,0.41440,0.13020,0.12370,0.12060,0.21160,0.13480,0.16940,0.12810,0.15800,0.12570,0.18880,0.15440,0.23940,0.10040,0.12390,0.11180,0.19360,0.09220,0.14180,0.09440,0.12800,0.09290,0.14590,0.09870,0.17740,0.09670,0.11800,0.09940,0.13760
2:20:34,0.17420,0.11090,0.22570,0.11310,1.12760,0.11860,0.12680,0.11480,0.12430,0.11810,0.23700,0.11510,0.15860,0.19890,0.17760,0.19850,0.93770,0.19570,0.10940,0.17790,0.11620,0.15670,0.17000,0.14860,0.12660,0.17580,0.14220,0.17190,0.28410,0.17200,0.11600,0.15500,0.11380,0.13470,0.15730,0.12370,0.10190,0.14720,0.09330,0.13110,0.11040,0.13750,0.11050,0.12750,0.10470,0.13090,0.11190,0.12840,0.22550,0.10420,0.20920,0.10680,0.17030,0.09870,0.22860,0.10600,0.12610,0.10920,0.11820,0.11670,0.18640,0.24220,0.16530,0.12260,0.18330,0.22990,0.19320,0.44020,0.13020,0.12640,0.12300,0.22150,0.13920,0.17630,0.13120,0.16070,0.12880,0.19330,0.16000,0.24940,0.10220,0.12560,0.11130,0.20250,0.09320,0.14630,0.09580,0.13020,0.09420,0.15020,0.10070,0.18430,0.09870,0.11990,0.10120,0.14180
2:30:34,0.18160,0.11410,0.23560,0.11620,1.14650,0.12210,0.12890,0.11830,0.12740,0.12200,0.24650,0.11950,0.15050,0.20830,0.18540,0.20770,0.97980,0.20430,0.11280,0.18390,0.12000,0.16250,0.17790,0.15270,0.13030,0.18270,0.14760,0.17870,0.29950,0.17900,0.11940,0.16010,0.11740,0.13990,0.14400,0.12760,0.10420,0.15270,0.09540,0.13580,0.11340,0.13980,0.11380,0.13130,0.10770,0.13470,0.11540,0.13200,0.23600,0.10680,0.21780,0.10950,0.17750,0.10100,0.23670,0.10890,0.12600,0.11240,0.12170,0.12010,0.19440,0.25300,0.17210,0.12510,0.17520,0.23760,0.19940,0.46570,0.13180,0.12940,0.12580,0.23240,0.14420,0.18430,0.13480,0.16390,0.13260,0.19950,0.16660,0.26000,0.10450,0.12820,0.11390,0.21180,0.09480,0.15140,0.09770,0.13270,0.09620,0.15550,0.10320,0.19240,0.10110,0.12240,0.10360,0.14620
2:40:34,0.18900,0.11700,0.24480,0.11920,1.16130,0.12540,0.13310,0.12160,0.13120,0.12560,0.25530,0.12370,0.15540,0.21750,0.19320,0.21670,1.01540,0.21300,0.11630,0.18950,0.12380,0.16830,0.18550,0.15650,0.13400,0.18980,0.15300,0.18540,0.31480,0.18590,0.12260,0.16510,0.12080,0.14490,0.14990,0.13140,0.10680,0.15810,0.09750,0.14070,0.11620,0.14510,0.11710,0.13520,0.11070,0.13860,0.11870,0.13540,0.24670,0.10930,0.22650,0.11220,0.18500,0.10340,0.24470,0.11170,0.12930,0.11550,0.12510,0.12330,0.20260,0.26400,0.17910,0.12810,0.18100,0.24480,0.20560,0.49090,0.13390,0.13230,0.12870,0.24350,0.14930,0.19220,0.13830,0.16710,0.13640,0.20470,0.17320,0.27050,0.10700,0.13080,0.11670,0.22090,0.09650,0.15660,0.09980,0.13540,0.09820,0.16100,0.10570,0.20040,0.10350,0.12540,0.10600,0.15050
2:50:34,0.19650,0.12010,0.25430,0.12230,1.17200,0.12890,0.13680,0.12500,0.13490,0.12920,0.26390,0.12810,0.16050,0.22710,0.20110,0.22580,1.04670,0.22150,0.12010,0.19510,0.12770,0.17390,0.19320,0.15990,0.13790,0.19710,0.15850,0.19250,0.33090,0.19300,0.12610,0.17010,0.12420,0.15000,0.15580,0.13500,0.10930,0.16370,0.09990,0.14590,0.11940,0.15070,0.12040,0.13210,0.11380,0.13260,0.12220,0.13880,0.25750,0.11220,0.23510,0.11510,0.19270,0.10620,0.25230,0.11460,0.13260,0.11870,0.12860,0.12660,0.21090,0.27490,0.18600,0.13140,0.17690,0.25200,0.21150,0.51540,0.13620,0.13550,0.13160,0.25460,0.15450,0.20010,0.14240,0.17060,0.14050,0.21050,0.18000,0.28110,0.10960,0.13330,0.11950,0.23000,0.09830,0.16170,0.10210,0.13780,0.10060,0.16660,0.10830,0.20890,0.10600,0.12740,0.10860,0.15480
3:00:34,0.20330,0.12260,0.25410,0.12480,1.18000,0.13190,0.14000,0.12790,0.13780,0.13220,0.27170,0.13120,0.16500,0.23600,0.20850,0.23440,1.07330,0.22950,0.12310,0.20010,0.13080,0.17880,0.20000,0.16300,0.14140,0.20360,0.16340,0.19870,0.34620,0.19930,0.12900,0.17450,0.12710,0.15440,0.16090,0.13810,0.11150,0.16880,0.10170,0.15040,0.12200,0.15560,0.12330,0.13570,0.11640,0.13620,0.12510,0.14170,0.26790,0.11460,0.24320,0.11750,0.19990,0.10830,0.26060,0.11700,0.13540,0.12150,0.13150,0.12930,0.21870,0.28530,0.19260,0.13430,0.18290,0.25940,0.21770,0.53890,0.13810,0.13790,0.12950,0.26480,0.15920,0.20750,0.14590,0.17350,0.14390,0.21580,0.18640,0.29130,0.11200,0.13550,0.12190,0.23880,0.09960,0.16630,0.10390,0.14000,0.10250,0.17170,0.11060,0.21690,0.10820,0.12970,0.11060,0.15860
3:10:34,0.21010,0.12520,0.26450,0.12730,1.18460,0.13470,0.14330,0.13060,0.14080,0.13530,0.27970,0.13510,0.16960,0.24500,0.21570,0.24280,1.09620,0.23720,0.12620,0.20510,0.13390,0.18380,0.20700,0.16610,0.14480,0.21040,0.16840,0.20490,0.36150,0.20570,0.13180,0.17880,0.13010,0.15880,0.16610,0.14090,0.11360,0.17390,0.10350,0.15480,0.12440,0.16050,0.12530,0.13950,0.11900,0.13990,0.12800,0.14450,0.27810,0.11690,0.25110,0.11990,0.20690,0.11050,0.26870,0.11950,0.13820,0.12410,0.13440,0.13200,0.22640,0.29550,0.19910,0.13700,0.18880,0.26630,0.22350,0.56170,0.14000,0.14040,0.13200,0.27540,0.16380,0.21470,0.14960,0.17640,0.14730,0.22100,0.19270,0.30190,0.11400,0.13760,0.12430,0.24760,0.10090,0.17090,0.10580,0.14220,0.10430,0.17690,0.11270,0.22500,0.11030,0.13170,0.11270,0.16270
3:20:34,0.21690,0.12760,0.27240,0.12960,1.18800,0.13730,0.14650,0.13330,0.14360,0.13820,0.28710,0.13810,0.17410,0.25380,0.22300,0.25100,1.11680,0.24490,0.12910,0.20970,0.13690,0.18840,0.21350,0.16910,0.14830,0.21690,0.17320,0.21110,0.37710,0.21200,0.13450,0.18290,0.13270,0.16300,0.17100,0.14350,0.11570,0.17890,0.10530,0.15920,0.12680,0.16520,0.12740,0.14300,0.12120,0.14340,0.13060,0.14710,0.28840,0.11910,0.25890,0.12200,0.21380,0.11280,0.27540,0.12170,0.14080,0.12650,0.13720,0.13460,0.23400,0.30560,0.20550,0.13960,0.19470,0.27280,0.22920,0.58420,0.14180,0.14260,0.13430,0.28550,0.16850,0.22200,0.15310,0.17890,0.15090,0.22600,0.19940,0.31190,0.11610,0.13950,0.12650,0.25600,0.10230,0.17550,0.10760,0.14430,0.10620,0.18200,0.11470,0.23290,0.11230,0.13360,0.11460,0.16680
3:30:34,0.22360,0.12990,0.28200,0.13200,1.18940,0.14000,0.14970,0.13590,0.14630,0.14120,0.29440,0.14150,0.17880,0.26270,0.23000,0.25930,1.13400,0.25230,0.13220,0.21400,0.14000,0.19300,0.22020,0.17200,0.15190,0.22340,0.17820,0.21710,0.39240,0.21840,0.13720,0.18700,0.13540,0.16730,0.17610,0.14620,0.11780,0.18400,0.10720,0.16370,0.12930,0.17000,0.13080,0.14670,0.12360,0.14700,0.13330,0.14990,0.29860,0.12140,0.26680,0.12430,0.22080,0.11500,0.28380,0.12420,0.14350,0.12900,0.13990,0.13730,0.24160,0.31570,0.21190,0.14240,0.20050,0.28020,0.23550,0.60600,0.14370,0.14500,0.13690,0.29590,0.17330,0.22940,0.15660,0.18180,0.15450,0.23160,0.20520,0.32230,0.11830,0.14170,0.12890,0.26450,0.10370,0.18020,0.10950,0.14660,0.10810,0.18710,0.11690,0.24100,0.11430,0.13590,0.11670,0.17100
3:40:34,0.22960,0.13180,0.29060,0.13390,1.19040,0.14220,0.15220,0.13820,0.14840,0.14360,0.30120,0.14420,0.18290,0.27090,0.23650,0.26690,1.14880,0.25930,0.13460,0.21810,0.14220,0.19690,0.22620,0.17450,0.15480,0.22950,0.18260,0.22260,0.40670,0.22400,0.13940,0.19090,0.13760,0.17100,0.18050,0.14840,0.11940,0.18860,0.10870,0.16760,0.13140,0.17430,0.13230,0.14990,0.12560,0.15010,0.13560,0.15210,0.30830,0.12320,0.27420,0.12610,0.22720,0.11680,0.29120,0.12630,0.14570,0.13110,0.14220,0.13960,0.24870,0.32520,0.21780,0.14470,0.20590,0.28690,0.24110,0.62660,0.14520,0.14680,0.13890,0.30560,0.17760,0.23610,0.15970,0.18400,0.15770,0.23680,0.21100,0.33250,0.12010,0.14330,0.13080,0.27250,0.10470,0.18450,0.11090,0.14840,0.10960,0.19190,0.11860,0.24910,0.11600,0.13740,0.11820,0.17430
3:50:34,0.23600,0.13400,0.29860,0.13590,1.19010,0.14430,0.15510,0.14040,0.15090,0.14620,0.30820,0.14720,0.18710,0.27920,0.24300,0.27470,1.16050,0.26640,0.13730,0.22230,0.14470,0.20090,0.23230,0.17710,0.15810,0.23550,0.18700,0.22830,0.42180,0.22970,0.14180,0.19460,0.13990,0.17460,0.18510,0.15060,0.12110,0.19310,0.11020,0.17170,0.13350,0.17860,0.13430,0.15320,0.12770,0.15320,0.13780,0.15450,0.31800,0.12520,0.28150,0.12790,0.23360,0.11850,0.29940,0.12810,0.14790,0.13320,0.14450,0.14180,0.25600,0.33470,0.22370,0.14700,0.21130,0.29330,0.24710,0.64690,0.14670,0.14860,0.14080,0.31530,0.18200,0.24290,0.16330,0.18660,0.16090,0.24210,0.21740,0.34270,0.12200,0.14520,0.13270,0.28070,0.10590,0.18880,0.11240,0.15040,0.11120,0.19690,0.12030,0.25680,0.11790,0.13920,0.12000,0.17820
4:00:34,0.24250,0.13620,0.30760,0.13820,1.18990,0.14660,0.15790,0.14290,0.15340,0.14870,0.31520,0.15040,0.19170,0.28760,0.24980,0.28250,1.17190,0.27350,0.14010,0.22670,0.14730,0.20530,0.23840,0.17970,0.16160,0.24180,0.19170,0.23420,0.43660,0.23560,0.14440,0.19850,0.14240,0.17850,0.18980,0.15320,0.12300,0.19790,0.11220,0.17580,0.13570,0.18320,0.13640,0.15670,0.12990,0.15650,0.14020,0.15680,0.32800,0.12730,0.28910,0.12990,0.24040,0.12070,0.30730,0.13020,0.15050,0.13570,0.14690,0.14420,0.26340,0.34450,0.22990,0.14960,0.21680,0.30040,0.25310,0.66680,0.14840,0.15070,0.14300,0.32540,0.18670,0.25010,0.16700,0.18910,0.16450,0.24810,0.22290,0.35350,0.12410,0.14710,0.13480,0.28900,0.10730,0.19350,0.11430,0.15250,0.11310,0.20200,0.12230,0.26500,0.11980,0.14100,0.12190,0.18280
4:10:34,0.24890,0.13840,0.31600,0.14040,1.18920,0.14880,0.16070,0.14510,0.15570,0.15110,0.32160,0.15330,0.19610,0.29600,0.25650,0.29030,1.18050,0.28070,0.14280,0.23070,0.14980,0.20940,0.24460,0.18200,0.16510,0.24810,0.19630,0.23440,0.45170,0.24150,0.14690,0.20240,0.14480,0.18230,0.19440,0.15550,0.12500,0.20270,0.11430,0.18020,0.13790,0.18770,0.13890,0.16000,0.13210,0.15980,0.14260,0.15920,0.33790,0.12940,0.29670,0.13200,0.24700,0.12280,0.31520,0.13220,0.15290,0.13790,0.14930,0.14650,0.27090,0.35410,0.23600,0.15220,0.22230,0.30710,0.25910,0.68670,0.15030,0.15280,0.14520,0.33570,0.19150,0.25740,0.17090,0.19210,0.16830,0.25350,0.22910,0.36430,0.12620,0.14920,0.13700,0.29750,0.10890,0.19820,0.11610,0.15490,0.11500,0.20720,0.12420,0.27370,0.12170,0.14300,0.12380,0.18700
4:20:34,0.25500,0.14040,0.32440,0.14230,1.18880,0.15100,0.16330,0.14730,0.15800,0.15340,0.32820,0.15580,0.20040,0.30400,0.26310,0.29780,1.18780,0.28760,0.14530,0.23480,0.15220,0.21320,0.25050,0.18440,0.16840,0.25430,0.20070,0.24050,0.46620,0.24710,0.14920,0.20580,0.14700,0.18600,0.19880,0.15770,0.12680,0.20730,0.11620,0.18410,0.14000,0.19190,0.14100,0.16330,0.13410,0.16290,0.14490,0.16120,0.34760,0.13130,0.30400,0.13390,0.25330,0.12480,0.32310,0.13410,0.15510,0.14000,0.15140,0.14870,0.27820,0.36340,0.24190,0.15450,0.22750,0.31410,0.26520,0.70540,0.15200,0.15470,0.14700,0.34550,0.19600,0.26440,0.17460,0.19470,0.17170,0.25960,0.23470,0.37480,0.12800,0.15090,0.13900,0.30530,0.11030,0.20270,0.11790,0.15700,0.11670,0.21220,0.12590,0.28200,0.12350,0.14460,0.12560,0.19100
4:30:34,0.26130,0.14240,0.33290,0.14430,1.18780,0.15320,0.16580,0.14940,0.16030,0.15580,0.33480,0.15880,0.20480,0.31220,0.26960,0.30550,1.19410,0.29470,0.14800,0.23870,0.15470,0.21740,0.25630,0.18680,0.17180,0.26040,0.20510,0.24660,0.48120,0.25300,0.15160,0.20960,0.14930,0.18970,0.20330,0.16000,0.12870,0.21190,0.11820,0.18820,0.14200,0.19630,0.14220,0.16670,0.13620,0.16600,0.14700,0.16340,0.35740,0.13330,0.31150,0.13590,0.25980,0.12700,0.33100,0.13610,0.15720,0.14200,0.15360,0.15080,0.28550,0.37280,0.24790,0.15700,0.23290,0.32050,0.27120,0.72380,0.15370,0.15670,0.14910,0.35530,0.20080,0.27160,0.17850,0.19740,0.17510,0.26520,0.24070,0.38540,0.13000,0.15280,0.14100,0.31360,0.11180,0.20750,0.11970,0.15900,0.11860,0.21720,0.12770,0.28990,0.12530,0.14650,0.12740,0.19520
4:40:34,0.26740,0.14430,0.34090,0.14630,1.18590,0.15530,0.16830,0.15130,0.16230,0.15790,0.34090,0.16130,0.20910,0.32000,0.27590,0.31260,1.19890,0.30140,0.15040,0.24260,0.15700,0.21500,0.26170,0.18880,0.17530,0.26640,0.20930,0.25250,0.49580,0.25860,0.15380,0.21310,0.15130,0.19310,0.20740,0.16200,0.13050,0.21640,0.12010,0.19210,0.14390,0.20050,0.14490,0.16980,0.13820,0.16900,0.14920,0.16550,0.36710,0.13530,0.31870,0.13770,0.26610,0.12880,0.33930,0.13780,0.15940,0.14400,0.15580,0.15280,0.29270,0.38210,0.25380,0.15930,0.23810,0.32730,0.27730,0.74140,0.15540,0.15860,0.15100,0.36490,0.20550,0.27860,0.18220,0.19990,0.17860,0.27100,0.24630,0.39590,0.13200,0.15490,0.14310,0.32160,0.11340,0.21210,0.12140,0.16110,0.12030,0.22230,0.12950,0.29810,0.12700,0.14840,0.12910,0.19920
4:50:34,0.27340,0.14630,0.34900,0.14820,1.18460,0.15730,0.17080,0.15340,0.16440,0.15990,0.34730,0.16410,0.21330,0.32790,0.28230,0.32020,1.20260,0.30820,0.15280,0.24650,0.15920,0.21910,0.26740,0.19100,0.17860,0.27260,0.21360,0.25840,0.51030,0.26430,0.15590,0.21660,0.15340,0.19660,0.21160,0.16380,0.13240,0.22090,0.12210,0.19610,0.14590,0.20480,0.14590,0.17290,0.14010,0.17200,0.15130,0.16760,0.37650,0.13710,0.32600,0.13960,0.27240,0.13100,0.34770,0.13970,0.16170,0.14610,0.15790,0.15490,0.29990,0.39130,0.25960,0.16160,0.24330,0.33400,0.28310,0.75860,0.15710,0.16050,0.15280,0.37460,0.21020,0.28560,0.18590,0.20230,0.18210,0.27660,0.25200,0.40590,0.13380,0.15660,0.14500,0.32930,0.11480,0.21670,0.12320,0.16320,0.12210,0.22730,0.13120,0.30620,0.12870,0.15010,0.13080,0.20330
5:00:34,0.27910,0.14780,0.35620,0.14980,1.18270,0.15910,0.17300,0.15500,0.16620,0.16160,0.35300,0.16620,0.21740,0.33540,0.28830,0.32700,1.20630,0.31460,0.15490,0.25030,0.16110,0.22280,0.27260,0.19270,0.18170,0.27820,0.21760,0.26370,0.52460,0.26940,0.15770,0.21980,0.15520,0.19980,0.21540,0.16550,0.13390,0.22490,0.12370,0.19970,0.14760,0.20860,0.14870,0.17580,0.14170,0.17470,0.15310,0.16930,0.38560,0.13880,0.33300,0.14110,0.27830,0.13230,0.35560,0.14140,0.16360,0.14780,0.15970,0.15660,0.30670,0.40010,0.26520,0.16360,0.24820,0.34090,0.28910,0.77500,0.15860,0.16200,0.15440,0.38390,0.21450,0.29230,0.18950,0.20480,0.18540,0.28200,0.25740,0.41610,0.13550,0.15840,0.14660,0.33690,0.11610,0.22100,0.12470,0.16500,0.12360,0.23210,0.13260,0.31440,0.13020,0.15150,0.13230,0.20690
5:10:34,0.28480,0.14930,0.36380,0.15130,1.18110,0.16090,0.17500,0.15660,0.16790,0.16350,0.35900,0.16820,0.22130,0.34290,0.29400,0.33400,1.20790,0.32080,0.15700,0.25410,0.16300,0.22620,0.27770,0.19430,0.18450,0.28360,0.22140,0.26910,0.53820,0.27460,0.15950,0.22290,0.15710,0.20280,0.21910,0.16710,0.13510,0.22910,0.12520,0.20330,0.14910,0.21230,0.15050,0.17840,0.14330,0.17720,0.15460,0.17090,0.39460,0.14020,0.33980,0.14260,0.28410,0.13380,0.36350,0.14280,0.16530,0.14940,0.16140,0.15820,0.31340,0.40860,0.27050,0.16550,0.25300,0.34730,0.29490,0.79120,0.15990,0.16350,0.15590,0.39300,0.21870,0.29880,0.19290,0.20650,0.18860,0.28740,0.26280,0.42590,0.13710,0.15980,0.14810,0.34430,0.11710,0.22520,0.12600,0.16680,0.12490,0.23690,0.13390,0.32240,0.13150,0.15350,0.13360,0.21040
5:20:34,0.29030,0.15100,0.37170,0.15290,1.17950,0.16240,0.17730,0.15820,0.16960,0.16520,0.36470,0.17030,0.22530,0.35030,0.29980,0.34090,1.20980,0.32730,0.15920,0.25790,0.16490,0.22980,0.28280,0.19610,0.18750,0.28910,0.22520,0.27430,0.55230,0.27980,0.16130,0.22620,0.15880,0.20580,0.22300,0.16880,0.13670,0.23320,0.12680,0.20690,0.15080,0.21610,0.15210,0.18130,0.14490,0.17980,0.15630,0.17250,0.40350,0.14170,0.34660,0.14400,0.28990,0.13550,0.37140,0.14420,0.16720,0.15110,0.16300,0.15980,0.32000,0.41730,0.27590,0.16730,0.25780,0.35370,0.30050,0.80640,0.16110,0.16490,0.15750,0.40190,0.22290,0.30520,0.19630,0.20850,0.19180,0.29240,0.26820,0.43570,0.13860,0.16140,0.14970,0.35160,0.11830,0.22930,0.12730,0.16850,0.12630,0.24160,0.13530,0.33040,0.13300,0.15460,0.13510,0.21410
5:30:34,0.29590,0.15290,0.37920,0.15460,1.17850,0.16460,0.17960,0.16010,0.17170,0.16730,0.37110,0.17260,0.22950,0.35800,0.30590,0.34790,1.21090,0.33360,0.16160,0.26180,0.16690,0.23360,0.28830,0.19810,0.19080,0.29500,0.22930,0.27970,0.56630,0.28530,0.16330,0.22970,0.16080,0.20910,0.22700,0.17070,0.13840,0.23760,0.12870,0.21070,0.15270,0.21990,0.15390,0.18430,0.14670,0.18250,0.15830,0.17460,0.41260,0.14340,0.35350,0.14580,0.29590,0.13730,0.38000,0.14610,0.16920,0.15310,0.16490,0.16170,0.32690,0.42600,0.28150,0.16950,0.26270,0.36040,0.30640,0.82160,0.16280,0.16670,0.15860,0.41120,0.22740,0.31210,0.20030,0.21090,0.19460,0.29760,0.27360,0.44530,0.14050,0.16330,0.15130,0.35910,0.11980,0.23380,0.12900,0.17040,0.12810,0.24640,0.13700,0.33840,0.13470,0.15630,0.13670,0.21850
5:40:34,0.30140,0.15430,0.38680,0.15610,1.17710,0.16620,0.18150,0.16170,0.17330,0.16880,0.37660,0.17470,0.23320,0.36550,0.31170,0.35470,1.21290,0.34000,0.16370,0.26540,0.16860,0.23710,0.29350,0.19990,0.19380,0.30050,0.23320,0.28500,0.58010,0.29050,0.16510,0.23280,0.16240,0.21210,0.23060,0.17230,0.13970,0.24160,0.13020,0.21420,0.15420,0.22360,0.15460,0.18690,0.14830,0.18510,0.15990,0.17600,0.42140,0.14500,0.36030,0.14700,0.30160,0.13910,0.38810,0.14750,0.17100,0.15460,0.16650,0.16330,0.33350,0.43440,0.28680,0.17140,0.26750,0.36710,0.31220,0.83630,0.16410,0.16830,0.16010,0.42020,0.23170,0.31860,0.20370,0.21320,0.19770,0.30270,0.27890,0.45530,0.14220,0.16470,0.15290,0.36670,0.12100,0.23810,0.13040,0.17240,0.12940,0.25090,0.13850,0.34630,0.13600,0.15790,0.13800,0.22220
5:50:34,0.30650,0.15560,0.39370,0.15730,1.17540,0.16730,0.18320,0.16310,0.17480,0.17020,0.38220,0.17640,0.23680,0.37200,0.31690,0.36100,1.21170,0.34580,0.16540,0.26880,0.17020,0.24010,0.29790,0.20140,0.19640,0.30560,0.23660,0.28980,0.59340,0.29510,0.16660,0.23560,0.16370,0.21470,0.23400,0.17370,0.14100,0.24530,0.13150,0.21740,0.15560,0.22690,0.15580,0.18930,0.14960,0.18720,0.16120,0.17730,0.42980,0.14630,0.36660,0.14820,0.30690,0.14040,0.39650,0.14870,0.17260,0.15600,0.16780,0.16460,0.33960,0.44240,0.29170,0.17290,0.27190,0.37380,0.31770,0.84970,0.16530,0.16950,0.16150,0.42850,0.23560,0.32460,0.20690,0.21470,0.20040,0.30750,0.28410,0.46450,0.14340,0.16600,0.15410,0.37330,0.12190,0.24190,0.13150,0.17400,0.13060,0.25520,0.13960,0.35400,0.13710,0.15900,0.13920,0.22550
6:00:34,0.31190,0.15710,0.40100,0.15890,1.17370,0.16900,0.18510,0.16460,0.17630,0.17180,0.38790,0.17840,0.24060,0.37910,0.32270,0.36760,1.21180,0.35190,0.16730,0.27250,0.17190,0.24370,0.30300,0.20290,0.19930,0.31100,0.24040,0.29480,0.60680,0.30020,0.16830,0.23860,0.16540,0.21770,0.23760,0.17520,0.14240,0.24950,0.13290,0.22090,0.15700,0.23060,0.15700,0.19190,0.15110,0.18970,0.16280,0.17890,0.43860,0.14770,0.37320,0.14970,0.31250,0.14200,0.40460,0.15010,0.17440,0.15750,0.16940,0.16610,0.34620,0.45060,0.29690,0.17470,0.27640,0.38030,0.32350,0.86340,0.16670,0.17100,0.16280,0.43720,0.23980,0.33090,0.21040,0.21640,0.20340,0.31200,0.28920,0.47450,0.14510,0.16760,0.15560,0.38060,0.12310,0.24600,0.13290,0.17570,0.13200,0.25990,0.14120,0.36190,0.13840,0.16050,0.14060,0.22930
6:10:34,0.31760,0.15880,0.40800,0.16040,1.17240,0.17070,0.18730,0.16630,0.17820,0.17360,0.39380,0.18030,0.24460,0.38620,0.32810,0.37460,1.21190,0.35810,0.16950,0.27630,0.17370,0.24740,0.30810,0.20470,0.20250,0.31650,0.24430,0.30020,0.62070,0.30540,0.17010,0.24170,0.16720,0.22100,0.24140,0.17710,0.14390,0.25340,0.13450,0.22460,0.15880,0.23440,0.15960,0.19480,0.15280,0.19230,0.16460,0.18040,0.44730,0.14930,0.37990,0.15130,0.31840,0.14320,0.41290,0.15190,0.17620,0.15930,0.17110,0.16780,0.35280,0.45900,0.30240,0.17670,0.28130,0.38730,0.32940,0.87660,0.16840,0.17270,0.16460,0.44610,0.24420,0.33750,0.21410,0.21830,0.20670,0.31690,0.29510,0.48450,0.14670,0.16930,0.15720,0.38770,0.12440,0.25040,0.13450,0.17730,0.13350,0.26450,0.14270,0.37000,0.14000,0.16210,0.14210,0.23360
6:20:34,0.32300,0.16020,0.41540,0.16190,1.17070,0.17230,0.18930,0.16780,0.17990,0.17510,0.39960,0.18220,0.24850,0.39340,0.33370,0.38090,1.21180,0.36420,0.17150,0.27990,0.17540,0.25080,0.31320,0.20650,0.20540,0.32180,0.24790,0.30500,0.63390,0.31040,0.17170,0.24460,0.16890,0.22400,0.24500,0.17870,0.14530,0.25740,0.13600,0.22800,0.16020,0.23790,0.16070,0.19740,0.15440,0.19490,0.16620,0.18210,0.45580,0.15100,0.38640,0.15270,0.32380,0.14490,0.42060,0.15320,0.17790,0.16090,0.17250,0.16930,0.35930,0.46710,0.30760,0.17870,0.28580,0.39380,0.33510,0.88930,0.16990,0.17430,0.16620,0.45470,0.24840,0.34380,0.21760,0.22020,0.20980,0.32190,0.29970,0.49410,0.14840,0.17080,0.15870,0.39510,0.12570,0.25470,0.13590,0.17900,0.13500,0.26900,0.14420,0.37770,0.14140,0.16360,0.14360,0.23770
6:30:34,0.32820,0.16170,0.42180,0.16330,1.16910,0.17370,0.19120,0.16930,0.18150,0.17660,0.40510,0.18370,0.25230,0.40030,0.33910,0.38740,1.21140,0.37010,0.17340,0.28350,0.17700,0.25420,0.31800,0.20810,0.20830,0.32710,0.25150,0.31000,0.64730,0.31510,0.17320,0.24770,0.17040,0.22690,0.24850,0.18030,0.14660,0.26120,0.13750,0.23140,0.16170,0.24140,0.16280,0.20000,0.15570,0.19750,0.16770,0.18340,0.46400,0.15230,0.39280,0.15390,0.32930,0.14610,0.42870,0.15460,0.17950,0.16230,0.17400,0.17090,0.36550,0.47520,0.31270,0.18060,0.29030,0.40000,0.34070,0.90150,0.17130,0.17570,0.16760,0.46320,0.25250,0.35010,0.22090,0.22200,0.21280,0.32640,0.30480,0.50370,0.14980,0.17230,0.16010,0.40170,0.12710,0.25880,0.13730,0.18060,0.13630,0.27360,0.14560,0.38520,0.14270,0.16490,0.14480,0.24160
6:40:34,0.33350,0.16320,0.42920,0.16460,1.16780,0.17520,0.19290,0.17060,0.18310,0.17820,0.41080,0.18530,0.25610,0.40750,0.34460,0.39360,1.21070,0.37620,0.17510,0.28710,0.17870,0.25760,0.32300,0.20960,0.21120,0.33230,0.25510,0.31470,0.66020,0.32000,0.17480,0.25080,0.17200,0.22970,0.25190,0.18170,0.14790,0.26510,0.13900,0.23480,0.16320,0.24490,0.16440,0.20250,0.15710,0.19980,0.16910,0.18490,0.47230,0.15380,0.39910,0.15520,0.33460,0.14760,0.43670,0.15600,0.18110,0.16370,0.17540,0.17220,0.37180,0.48320,0.31780,0.18230,0.29480,0.40650,0.34620,0.91320,0.17280,0.17710,0.16910,0.47160,0.25660,0.35630,0.22440,0.22350,0.21580,0.33160,0.30990,0.51340,0.15130,0.17370,0.16150,0.40880,0.12830,0.26310,0.13860,0.18240,0.13770,0.27810,0.14690,0.39340,0.14410,0.16650,0.14620,0.24550
6:50:34,0.33850,0.16440,0.43580,0.16550,1.16620,0.17660,0.19480,0.17220,0.18450,0.17960,0.41630,0.18680,0.25970,0.41400,0.34980,0.39980,1.20970,0.38200,0.17700,0.29080,0.18010,0.26090,0.32760,0.21100,0.21400,0.33740,0.25860,0.31950,0.67340,0.32500,0.17640,0.25390,0.17350,0.23260,0.25540,0.18300,0.14930,0.26880,0.14050,0.23810,0.16440,0.24810,0.16550,0.20490,0.15850,0.20240,0.17070,0.18620,0.48050,0.15510,0.40550,0.15650,0.34000,0.14900,0.44450,0.15720,0.18280,0.16510,0.17690,0.17360,0.37800,0.49120,0.32270,0.18410,0.29930,0.41230,0.35170,0.92450,0.17430,0.17840,0.17040,0.48000,0.26060,0.36250,0.22790,0.22480,0.21880,0.33590,0.31480,0.52270,0.15280,0.17520,0.16290,0.41540,0.12950,0.26710,0.13990,0.18390,0.13890,0.28240,0.14820,0.40110,0.14530,0.16800,0.14740,0.24940
7:00:34,0.34360,0.16560,0.44260,0.16680,1.16460,0.17790,0.19660,0.17340,0.18580,0.18090,0.42150,0.18820,0.26330,0.42090,0.35510,0.40600,1.20890,0.38760,0.17880,0.29420,0.18160,0.26390,0.33240,0.21240,0.21670,0.34240,0.26190,0.32430,0.68620,0.32970,0.17770,0.25680,0.17480,0.23510,0.25880,0.18450,0.15040,0.27240,0.14180,0.24130,0.16560,0.25150,0.16610,0.20760,0.15970,0.20450,0.17200,0.18750,0.48850,0.15640,0.41160,0.15770,0.34520,0.15050,0.45170,0.15840,0.18430,0.16640,0.17840,0.17490,0.38420,0.49880,0.32770,0.18580,0.30360,0.41830,0.35710,0.93500,0.17550,0.17970,0.17170,0.48790,0.26460,0.36860,0.23120,0.22620,0.22160,0.34070,0.31960,0.53200,0.15400,0.17640,0.16430,0.42220,0.13070,0.27110,0.14110,0.18560,0.14020,0.28680,0.14940,0.40850,0.14650,0.16910,0.14860,0.25310
7:10:34,0.34840,0.16680,0.44840,0.16790,1.16310,0.17900,0.19820,0.17490,0.18730,0.18220,0.42700,0.18960,0.26680,0.42680,0.36000,0.41210,1.20790,0.39300,0.18040,0.29770,0.18280,0.26700,0.33670,0.21360,0.21940,0.34750,0.26530,0.32900,0.69840,0.33450,0.17900,0.25970,0.17610,0.23770,0.26190,0.18600,0.15150,0.27610,0.14310,0.24440,0.16680,0.25470,0.16780,0.20980,0.16110,0.20660,0.17330,0.18870,0.49620,0.15750,0.41770,0.15890,0.35030,0.15150,0.45990,0.15960,0.18570,0.16760,0.17970,0.17620,0.39030,0.50630,0.33250,0.18740,0.30780,0.42450,0.36250,0.94550,0.17670,0.18100,0.17310,0.49600,0.26850,0.37450,0.23440,0.22750,0.22450,0.34550,0.32440,0.54120,0.15540,0.17780,0.16560,0.42880,0.13170,0.27500,0.14230,0.18700,0.14140,0.29090,0.15060,0.41590,0.14770,0.17030,0.14970,0.25660
7:20:34,0.35350,0.16810,0.45550,0.16910,1.16130,0.18030,0.19980,0.17590,0.18870,0.18360,0.43250,0.19120,0.27030,0.43330,0.36520,0.41820,1.20710,0.39860,0.18200,0.30120,0.18410,0.27010,0.34150,0.21480,0.22190,0.35240,0.26870,0.33350,0.71100,0.33920,0.18070,0.26260,0.17740,0.24000,0.26510,0.18720,0.15260,0.27970,0.14430,0.24750,0.16800,0.25800,0.16940,0.21200,0.16220,0.20870,0.17460,0.18990,0.50410,0.15880,0.42380,0.15990,0.35560,0.15260,0.46700,0.16070,0.18730,0.16890,0.18110,0.17730,0.39620,0.51390,0.33730,0.18900,0.31210,0.43040,0.36820,0.95540,0.17800,0.18230,0.17430,0.50400,0.27240,0.38040,0.23770,0.22870,0.22730,0.35020,0.32950,0.55080,0.15670,0.17900,0.16680,0.43540,0.13280,0.27880,0.14340,0.18860,0.14240,0.29530,0.15170,0.42370,0.14890,0.17200,0.15080,0.26020
7:30:34,0.35870,0.16950,0.46200,0.17040,1.15980,0.18190,0.20180,0.17750,0.19020,0.18500,0.43800,0.19300,0.27410,0.44000,0.37060,0.42460,1.20570,0.40440,0.18380,0.30500,0.18560,0.27350,0.34630,0.21630,0.22470,0.35780,0.27230,0.33830,0.72360,0.34410,0.18220,0.26570,0.17880,0.24290,0.26850,0.18860,0.15400,0.28360,0.14590,0.25080,0.16940,0.26150,0.17010,0.21460,0.16360,0.21090,0.17630,0.19130,0.51210,0.16020,0.43010,0.16120,0.36090,0.15430,0.47440,0.16210,0.18910,0.17040,0.18270,0.17860,0.40250,0.52160,0.34210,0.19070,0.31640,0.43650,0.37380,0.96480,0.17960,0.18380,0.17580,0.51220,0.27660,0.38660,0.24110,0.23000,0.23040,0.35490,0.33470,0.56000,0.15830,0.18060,0.16840,0.44220,0.13420,0.28300,0.14490,0.19020,0.14370,0.29970,0.15320,0.43120,0.15010,0.17420,0.15220,0.26440
7:40:34,0.36360,0.17070,0.46870,0.17170,1.15850,0.18330,0.20350,0.17880,0.19150,0.18630,0.44300,0.19470,0.27750,0.44630,0.37570,0.43070,1.20430,0.41010,0.18540,0.30850,0.18710,0.27660,0.35090,0.21750,0.22720,0.36280,0.27580,0.34290,0.73580,0.34870,0.18350,0.26870,0.18010,0.24550,0.27180,0.18970,0.15510,0.28710,0.14730,0.25390,0.17050,0.26480,0.17090,0.21690,0.16500,0.21310,0.17750,0.19240,0.51980,0.16130,0.43600,0.16230,0.36580,0.15580,0.48130,0.16310,0.19080,0.17170,0.18380,0.17980,0.40850,0.52900,0.34700,0.19220,0.32070,0.44220,0.37930,0.97420,0.18100,0.18510,0.17710,0.52000,0.28040,0.39240,0.24440,0.23100,0.23330,0.35970,0.33910,0.56890,0.15960,0.18200,0.16970,0.44870,0.13540,0.28680,0.14610,0.19190,0.14500,0.30390,0.15450,0.43850,0.15130,0.17430,0.15340,0.26810
7:50:34,0.36840,0.17190,0.47470,0.17290,1.15710,0.18460,0.20500,0.17990,0.19260,0.18720,0.44850,0.19570,0.28090,0.45280,0.38090,0.43670,1.20280,0.41560,0.18690,0.31190,0.18840,0.27940,0.35510,0.21880,0.22970,0.36760,0.27900,0.34720,0.74820,0.35330,0.18470,0.27150,0.18120,0.24800,0.27460,0.19090,0.15610,0.29050,0.14850,0.25680,0.17180,0.26780,0.17230,0.21910,0.16630,0.21510,0.17880,0.19350,0.52740,0.16240,0.44190,0.16330,0.37080,0.15690,0.48830,0.16440,0.19220,0.17280,0.18520,0.18090,0.41430,0.53640,0.35170,0.19370,0.32490,0.44780,0.38470,0.98290,0.18230,0.18620,0.17850,0.52740,0.28420,0.39810,0.24750,0.23190,0.23610,0.36420,0.34420,0.57800,0.16120,0.18330,0.17090,0.45520,0.13650,0.29060,0.14720,0.19340,0.14610,0.30810,0.15560,0.44580,0.15250,0.17560,0.15440,0.27180
8:00:34,0.37290,0.17280,0.48130,0.17390,1.15510,0.18560,0.20640,0.18080,0.19340,0.18810,0.45360,0.19690,0.28400,0.45850,0.38540,0.44240,1.20120,0.42070,0.18800,0.31520,0.18930,0.28200,0.35900,0.21960,0.23200,0.37180,0.28200,0.35170,0.75980,0.35750,0.18570,0.27430,0.18220,0.25030,0.27750,0.19190,0.15700,0.29380,0.14940,0.25950,0.17270,0.27070,0.17430,0.22100,0.16730,0.21670,0.17980,0.19450,0.53470,0.16320,0.44750,0.16420,0.37550,0.15760,0.49530,0.16520,0.19340,0.17380,0.18620,0.18180,0.42010,0.54330,0.35620,0.19490,0.32860,0.45340,0.38990,0.99090,0.18320,0.18730,0.17930,0.53480,0.28760,0.40340,0.25050,0.23250,0.23850,0.36870,0.34830,0.58670,0.16190,0.18420,0.17190,0.46110,0.13720,0.29410,0.14800,0.19450,0.14690,0.31200,0.15650,0.45310,0.15340,0.17640,0.15530,0.27480
8:10:34,0.37770,0.17370,0.48660,0.17510,1.15360,0.18690,0.20810,0.18210,0.19490,0.18940,0.45870,0.19840,0.28740,0.46440,0.39020,0.44850,1.20000,0.42590,0.18970,0.31860,0.19070,0.28490,0.36330,0.22100,0.23440,0.37650,0.28520,0.35600,0.77210,0.36180,0.18700,0.27720,0.18340,0.25280,0.28080,0.19320,0.15800,0.29730,0.15060,0.26260,0.17380,0.27390,0.17540,0.22320,0.16840,0.21870,0.18090,0.19570,0.54200,0.16440,0.45330,0.16520,0.38040,0.15900,0.50210,0.16640,0.19480,0.17490,0.18740,0.18310,0.42580,0.55050,0.36080,0.19630,0.33270,0.45870,0.39520,0.99870,0.18450,0.18850,0.18040,0.54230,0.29130,0.40910,0.25360,0.23380,0.24120,0.37270,0.35350,0.59560,0.16310,0.18550,0.17310,0.46730,0.13810,0.29780,0.14920,0.19590,0.14800,0.31600,0.15740,0.46010,0.15420,0.17760,0.15650,0.27830
8:20:34,0.38210,0.17460,0.49320,0.17610,1.15210,0.18800,0.20940,0.18310,0.19580,0.19030,0.46350,0.19960,0.29040,0.47030,0.39470,0.45420,1.19810,0.43110,0.19090,0.32200,0.19170,0.28750,0.36730,0.22200,0.23660,0.38140,0.28830,0.36040,0.78360,0.36620,0.18800,0.27970,0.18440,0.25500,0.28360,0.19420,0.15890,0.30040,0.15160,0.26530,0.17470,0.27670,0.17580,0.22510,0.16940,0.22030,0.18170,0.19660,0.54910,0.16540,0.45880,0.16600,0.38510,0.16000,0.50880,0.16730,0.19600,0.17580,0.18840,0.18390,0.43130,0.55750,0.36500,0.19740,0.33670,0.46420,0.40020,1.00630,0.18550,0.18940,0.18110,0.54960,0.29490,0.41430,0.25640,0.23450,0.24380,0.37730,0.35730,0.60430,0.16410,0.18660,0.17420,0.47340,0.13890,0.30120,0.14990,0.19710,0.14880,0.32000,0.15830,0.46710,0.15510,0.17840,0.15730,0.28160
8:30:34,0.38680,0.17580,0.49950,0.17730,1.15070,0.18940,0.21110,0.18440,0.19710,0.19160,0.46870,0.20100,0.29370,0.47660,0.39980,0.45980,1.19790,0.43670,0.19240,0.32560,0.19310,0.29040,0.37170,0.22320,0.23920,0.38610,0.29170,0.36480,0.79530,0.37050,0.18930,0.28260,0.18570,0.25750,0.28660,0.19540,0.16000,0.30390,0.15280,0.26840,0.17580,0.27980,0.17660,0.22720,0.17060,0.22230,0.18310,0.19780,0.55630,0.16650,0.46470,0.16710,0.39010,0.16120,0.51590,0.16850,0.19750,0.17670,0.18980,0.18490,0.43680,0.56470,0.36960,0.19900,0.34080,0.46930,0.40540,1.01350,0.18710,0.19090,0.18250,0.55690,0.29860,0.42000,0.25960,0.23540,0.24650,0.38140,0.36190,0.61270,0.16550,0.18800,0.17540,0.47950,0.14000,0.30510,0.15120,0.19850,0.15000,0.32400,0.15950,0.47410,0.15620,0.17970,0.15850,0.28530
8:40:34,0.39150,0.17680,0.50550,0.17840,1.14890,0.19080,0.21240,0.18550,0.19800,0.19250,0.47360,0.20210,0.29700,0.48260,0.40430,0.46510,1.19490,0.44190,0.19360,0.32890,0.19420,0.29300,0.37590,0.22410,0.24140,0.39070,0.29460,0.36900,0.80650,0.37500,0.19040,0.28530,0.18670,0.25970,0.28930,0.19650,0.16100,0.30710,0.15380,0.27100,0.17690,0.28260,0.17730,0.22930,0.17140,0.22400,0.18400,0.19880,0.56340,0.16750,0.47020,0.16780,0.39480,0.16230,0.52230,0.16920,0.19870,0.17750,0.19080,0.18620,0.44230,0.57160,0.37400,0.20020,0.34450,0.47450,0.41070,1.02070,0.18820,0.19190,0.18350,0.56400,0.30210,0.42530,0.26250,0.23660,0.24900,0.38590,0.36630,0.62160,0.16670,0.18900,0.17640,0.48560,0.14080,0.30860,0.15210,0.19980,0.15090,0.32770,0.16030,0.48120,0.15710,0.18060,0.15940,0.28870
8:50:34,0.39590,0.17780,0.51110,0.17950,1.14780,0.19210,0.21390,0.18630,0.19930,0.19340,0.47840,0.20320,0.30010,0.48800,0.40900,0.47140,1.19420,0.44690,0.19490,0.33260,0.19550,0.29580,0.38000,0.22540,0.24370,0.39520,0.29770,0.37340,0.81810,0.37900,0.19170,0.28800,0.18780,0.26200,0.29230,0.19750,0.16190,0.31050,0.15490,0.27390,0.17780,0.28550,0.17900,0.23130,0.17250,0.22580,0.18520,0.19990,0.57040,0.16850,0.47560,0.16880,0.39950,0.16310,0.52900,0.17030,0.20010,0.17870,0.19200,0.18730,0.44780,0.57830,0.37850,0.20160,0.34830,0.48010,0.41620,1.02700,0.18950,0.19290,0.18470,0.57120,0.30570,0.43070,0.26570,0.23760,0.25170,0.39040,0.37080,0.63010,0.16780,0.19010,0.17760,0.49170,0.14180,0.31230,0.15300,0.20110,0.15200,0.33170,0.16120,0.48820,0.15790,0.18170,0.16040,0.29220
9:00:34,0.40030,0.17890,0.51720,0.18060,1.14610,0.19310,0.21540,0.18730,0.20040,0.19450,0.48330,0.20450,0.30320,0.49410,0.41370,0.47660,1.19240,0.45190,0.19630,0.33580,0.19660,0.29850,0.38410,0.22670,0.24610,0.39980,0.30060,0.37750,0.82920,0.38350,0.19290,0.29070,0.18890,0.26410,0.29530,0.19850,0.16280,0.31360,0.15590,0.27690,0.17880,0.28840,0.18010,0.23330,0.17350,0.22760,0.18630,0.20080,0.57750,0.16950,0.48140,0.16980,0.40430,0.16410,0.53550,0.17120,0.20140,0.17960,0.19280,0.18830,0.45340,0.58510,0.38280,0.20290,0.35210,0.48540,0.42100,1.03350,0.19070,0.19400,0.18560,0.57830,0.30930,0.43600,0.26860,0.23860,0.25430,0.39460,0.37520,0.63850,0.16890,0.19110,0.17870,0.49750,0.14270,0.31590,0.15390,0.20230,0.15280,0.33550,0.16200,0.49530,0.15880,0.18260,0.16130,0.29580
9:10:34,0.40470,0.17980,0.52250,0.18180,1.14440,0.19430,0.21680,0.18850,0.20160,0.19540,0.48810,0.20550,0.30650,0.49940,0.41830,0.48200,1.19080,0.45690,0.19740,0.33920,0.19780,0.30120,0.38810,0.22770,0.24830,0.40440,0.30370,0.38170,0.84030,0.38780,0.19410,0.29350,0.19000,0.26650,0.29810,0.19950,0.16380,0.31700,0.15680,0.27960,0.17980,0.29130,0.18030,0.23540,0.17450,0.22930,0.18720,0.20170,0.58450,0.17050,0.48680,0.17070,0.40890,0.16560,0.54190,0.17220,0.20260,0.18060,0.19380,0.18930,0.45880,0.59180,0.38720,0.20420,0.35600,0.49010,0.42590,1.03920,0.19200,0.19510,0.18670,0.58510,0.31280,0.44140,0.27150,0.23970,0.25690,0.39890,0.37940,0.64670,0.17000,0.19220,0.17980,0.50350,0.14360,0.31950,0.15480,0.20360,0.15380,0.33930,0.16290,0.50190,0.15970,0.18370,0.16220,0.29940
9:20:34,0.40950,0.18050,0.52860,0.18270,1.14250,0.19540,0.21830,0.18940,0.20270,0.19640,0.49300,0.20660,0.30970,0.50530,0.42300,0.48750,1.18930,0.46170,0.19880,0.34220,0.19880,0.30390,0.39190,0.22860,0.25050,0.40860,0.30670,0.38570,0.85130,0.39170,0.19530,0.29620,0.19090,0.26850,0.30100,0.20050,0.16480,0.32030,0.15790,0.28220,0.18070,0.29400,0.18150,0.23730,0.17540,0.23110,0.18810,0.20260,0.59100,0.17150,0.49220,0.17150,0.41350,0.16660,0.54750,0.17320,0.20390,0.18130,0.19480,0.19020,0.46420,0.59840,0.39120,0.20560,0.35980,0.49510,0.43120,1.04510,0.19330,0.19620,0.18780,0.59180,0.31620,0.44650,0.27450,0.24070,0.25940,0.40340,0.38360,0.65510,0.17110,0.19340,0.18070,0.50920,0.14450,0.32290,0.15570,0.20480,0.15470,0.34310,0.16390,0.50880,0.16070,0.18540,0.16330,0.30270
9:30:34,0.41370,0.18150,0.53430,0.18350,1.14160,0.19650,0.21960,0.19040,0.20390,0.19740,0.49760,0.20720,0.31270,0.51070,0.42740,0.49290,1.18800,0.46670,0.20000,0.34550,0.20000,0.30660,0.39600,0.22950,0.25280,0.41320,0.30950,0.38960,0.86170,0.39590,0.19620,0.29880,0.19180,0.27090,0.30360,0.20160,0.16570,0.32340,0.15890,0.28500,0.18180,0.29670,0.18300,0.23930,0.17630,0.23290,0.18910,0.20360,0.59780,0.17240,0.49740,0.17240,0.41800,0.16730,0.55330,0.17400,0.20510,0.18210,0.19570,0.19100,0.46930,0.60460,0.39550,0.20680,0.36350,0.49980,0.43590,1.05020,0.19440,0.19720,0.18880,0.59840,0.31960,0.45170,0.27730,0.24150,0.26200,0.40740,0.38800,0.66320,0.17230,0.19420,0.18180,0.51500,0.14540,0.32630,0.15650,0.20590,0.15560,0.34670,0.16470,0.51550,0.16140,0.18550,0.16410,0.30620
9:40:34,0.41820,0.18250,0.53970,0.18470,1.14000,0.19780,0.22070,0.19150,0.20500,0.19840,0.50270,0.20830,0.31580,0.51630,0.43160,0.49820,1.18640,0.47180,0.20120,0.34880,0.20130,0.30940,0.39980,0.23070,0.25490,0.41780,0.31260,0.39430,0.87280,0.39960,0.19730,0.30140,0.19290,0.27300,0.30640,0.20260,0.16660,0.32660,0.15990,0.28780,0.18280,0.29940,0.18390,0.24130,0.17720,0.23450,0.19030,0.20430,0.60460,0.17350,0.50280,0.17320,0.42230,0.16850,0.55980,0.17500,0.20630,0.18290,0.19680,0.19210,0.47470,0.61120,0.39970,0.20820,0.36730,0.50470,0.44110,1.05520,0.19570,0.19820,0.18990,0.60530,0.32310,0.45680,0.28020,0.24260,0.26450,0.41120,0.39230,0.67120,0.17340,0.19520,0.18270,0.52080,0.14640,0.32980,0.15750,0.20720,0.15650,0.35050,0.16570,0.52220,0.16210,0.18650,0.16510,0.30960
9:50:34,0.42280,0.18330,0.54530,0.18580,1.13870,0.19910,0.22230,0.19290,0.20600,0.19960,0.50720,0.20950,0.31920,0.52200,0.43630,0.50410,1.18440,0.47670,0.20290,0.35220,0.20250,0.31220,0.40390,0.23190,0.25730,0.42220,0.31550,0.39820,0.88360,0.40380,0.19860,0.30420,0.19430,0.27530,0.30940,0.20380,0.16760,0.32980,0.16120,0.29060,0.18380,0.30230,0.18470,0.24330,0.17810,0.23640,0.19160,0.20500,0.61100,0.17460,0.50820,0.17440,0.42700,0.16960,0.56560,0.17600,0.20790,0.18400,0.19800,0.19330,0.48000,0.61780,0.40400,0.20970,0.37120,0.50990,0.44630,1.06020,0.19700,0.19910,0.19090,0.61200,0.32660,0.46220,0.28320,0.24390,0.26720,0.41570,0.39690,0.67970,0.17450,0.19630,0.18380,0.52660,0.14740,0.33340,0.15850,0.20830,0.15760,0.35440,0.16680,0.52920,0.16310,0.18770,0.16610,0.31330
10:00:34,0.42680,0.18410,0.55060,0.18670,1.13720,0.20040,0.22340,0.19380,0.20710,0.20050,0.51210,0.21040,0.32220,0.52730,0.44070,0.50920,1.18340,0.48170,0.20410,0.35520,0.20360,0.31480,0.40780,0.23270,0.25950,0.42690,0.31850,0.40230,0.89350,0.40800,0.19950,0.30690,0.19510,0.27750,0.31220,0.20480,0.16850,0.33300,0.16210,0.29320,0.18480,0.30500,0.18530,0.24510,0.17900,0.23800,0.19250,0.20610,0.61770,0.17540,0.51350,0.17520,0.43140,0.17080,0.57210,0.17680,0.20900,0.18500,0.19890,0.19410,0.48530,0.62390,0.40810,0.21080,0.37480,0.51440,0.45080,1.06470,0.19810,0.20030,0.19190,0.61880,0.33010,0.46730,0.28610,0.24480,0.26960,0.42020,0.40100,0.68730,0.17560,0.19730,0.18480,0.53210,0.14820,0.33690,0.15930,0.20940,0.15830,0.35790,0.16760,0.53570,0.16390,0.18850,0.16690,0.31690

