Corrected [600]
	1	2	3	4	5	6	7	8	9	10	11	12
A	0.35827	0.07544	0.26027	0.07673	0.33151	0.07551	0.34436	0.07613	0.38865	0.07535	0.35857	0.07578	Corrected [600]
B	0.27406	0.41587	0.23503	0.34159	0.28280	0.40159	0.28081	0.41073	0.30455	0.45793	0.29199	0.42130	Corrected [600]
C	0.15897	0.28087	0.14761	0.25420	0.16721	0.29732	0.17661	0.29278	0.19188	0.34767	0.18079	0.32470	Corrected [600]
D	0.07483	0.17741	0.07538	0.17423	0.07717	0.18539	0.07571	0.19005	0.07424	0.21155	0.07394	0.19731	Corrected [600]
E	0.34383	0.07567	0.38074	0.07701	0.37781	0.07972	0.43836	0.07598	0.40968	0.07509	0.44514	0.07475	Corrected [600]
F	0.25840	0.33818	0.27249	0.35084	0.27380	0.36985	0.32122	0.38713	0.29501	0.40946	0.30221	0.41384	Corrected [600]
G	0.16229	0.25729	0.16887	0.25855	0.16518	0.28133	0.19480	0.27452	0.17525	0.29711	0.18177	0.31152	Corrected [600]
H	0.07546	0.15588	0.07638	0.15394	0.08261	0.16343	0.07733	0.14368	0.07570	0.17784	0.07570	0.18040	Corrected [600]

