Corrected [600]
	1	2	3	4	5	6	7	8	9	10	11	12
A	0.25560	0.08243	0.21414	0.08141	0.21464	0.08099	0.23394	0.08276	0.24007	0.08098	0.25404	0.08128	Corrected [600]
B	0.19481	0.22118	0.17134	0.24517	0.18106	0.22982	0.17878	0.21263	0.18411	0.23062	0.18946	0.24317	Corrected [600]
C	0.13665	0.17625	0.12357	0.18166	0.12756	0.18144	0.13111	0.17957	0.13378	0.18966	0.13891	0.19289	Corrected [600]
D	0.07998	0.12813	0.07980	0.12940	0.07987	0.13301	0.07925	0.13076	0.07936	0.13664	0.07920	0.13627	Corrected [600]
E	0.21040	0.07975	0.21683	0.08637	0.22261	0.08051	0.21431	0.08213	0.23738	0.08529	0.25018	0.08047	Corrected [600]
F	0.15795	0.22489	0.16842	0.23532	0.17278	0.22474	0.16891	0.23514	0.17445	0.23207	0.19321	0.26478	Corrected [600]
G	0.12014	0.17364	0.11826	0.18187	0.12173	0.17649	0.11832	0.18485	0.12933	0.18491	0.14421	0.20479	Corrected [600]
H	0.07973	0.12610	0.07904	0.13223	0.07982	0.12904	0.08189	0.13147	0.08113	0.13677	0.08156	0.14085	Corrected [600]

