420

Time,A1,A2,A3,A4,A5,A6,A7,A8,A9,A10,A11,A12,B1,B2,B3,B4,B5,B6,B7,B8,B9,B10,B11,B12,C1,C2,C3,C4,C5,C6,C7,C8,C9,C10,C11,C12,D1,D2,D3,D4,D5,D6,D7,D8,D9,D10,D11,D12,E1,E2,E3,E4,E5,E6,E7,E8,E9,E10,E11,E12,F1,F2,F3,F4,F5,F6,F7,F8,F9,F10,F11,F12,G1,G2,G3,G4,G5,G6,G7,G8,G9,G10,G11,G12,H1,H2,H3,H4,H5,H6,H7,H8,H9,H10,H11,H12
0:00:34,0.11390,0.08960,0.10080,0.09440,0.10300,0.08420,0.09520,0.09050,0.09870,0.09300,0.09280,0.08290,0.09620,0.09520,0.09710,0.11010,0.09800,0.10450,0.09350,0.10460,0.09710,0.11590,0.08800,0.10740,0.09490,0.09810,0.09630,0.10390,0.10760,0.09900,0.09510,0.09970,0.08700,0.10990,0.08780,0.11550,0.07680,0.09490,0.09420,0.08890,0.08540,0.09760,0.08410,0.09660,0.09280,0.10940,0.08510,0.08560,0.08690,0.09410,0.10050,0.10800,0.08890,0.08840,0.10370,0.08680,0.09030,0.09220,0.09010,0.08790,0.09100,0.10910,0.09550,0.09620,0.09670,0.09740,0.09600,0.09640,0.09220,0.12510,0.09420,0.09800,0.09120,0.09410,0.08920,0.09730,0.11530,0.10580,0.09190,0.10170,0.08500,0.12080,0.08560,0.12350,0.09710,0.09770,0.08480,0.11860,0.08470,0.08550,0.08160,0.08820,0.09580,0.09840,0.08230,0.08390
0:10:34,0.11270,0.08870,0.10010,0.09360,0.09580,0.08290,0.09060,0.08940,0.09640,0.09200,0.08360,0.08180,0.09650,0.09280,0.09740,0.13160,0.09510,0.10100,0.09220,0.09730,0.09440,0.21060,0.08440,0.09780,0.09530,0.09550,0.09560,0.11590,0.10210,0.09690,0.09000,0.09740,0.08360,0.17320,0.08320,0.11110,0.07620,0.09310,0.09330,0.09560,0.08400,0.09540,0.08310,0.09520,0.08940,0.14420,0.08140,0.08420,0.08720,0.09300,0.09880,0.10250,0.08890,0.08700,0.09180,0.08610,0.08560,0.09010,0.08870,0.08630,0.08670,0.14450,0.09550,0.09300,0.09740,0.09530,0.09340,0.09400,0.08840,0.26250,0.09270,0.10110,0.09100,0.12050,0.08870,0.09500,0.11170,0.09950,0.09080,0.09630,0.08340,0.23980,0.08420,0.11460,0.09470,0.11000,0.08400,0.11400,0.08360,0.08450,0.08060,0.08580,0.09370,0.15760,0.08290,0.08530
0:20:34,0.11120,0.08840,0.10280,0.09340,0.09590,0.08250,0.09250,0.08900,0.09560,0.09170,0.08390,0.08160,0.09820,0.09330,0.09940,0.15650,0.09500,0.09950,0.09330,0.09690,0.09390,0.33590,0.08390,0.09450,0.09590,0.09540,0.09650,0.13580,0.09880,0.09720,0.08880,0.09710,0.08310,0.25050,0.08190,0.10840,0.07600,0.09180,0.09290,0.10510,0.08330,0.09430,0.08250,0.09460,0.08790,0.18610,0.08090,0.08400,0.08940,0.09260,0.10150,0.09900,0.09150,0.08630,0.09240,0.08550,0.08630,0.08880,0.08960,0.08530,0.08770,0.18660,0.09760,0.09270,0.09830,0.09850,0.09290,0.09300,0.08770,0.42490,0.09290,0.10760,0.09200,0.14690,0.08950,0.09490,0.10920,0.09990,0.09120,0.09460,0.08270,0.39250,0.08440,0.11150,0.09300,0.12400,0.08380,0.10920,0.08320,0.08530,0.08030,0.08550,0.09160,0.22330,0.08250,0.08810
0:30:34,0.11400,0.08860,0.10770,0.09360,0.09700,0.08280,0.09430,0.08910,0.09620,0.09210,0.08430,0.08220,0.10060,0.09390,0.10240,0.18750,0.09570,0.10060,0.09440,0.09770,0.09460,0.45040,0.08400,0.09300,0.09670,0.09580,0.09780,0.15730,0.09700,0.09820,0.08830,0.09750,0.08300,0.33960,0.08210,0.10660,0.07600,0.09190,0.09300,0.11630,0.08300,0.09390,0.08240,0.09490,0.08700,0.23040,0.08090,0.08440,0.09270,0.09270,0.10440,0.09660,0.09530,0.08610,0.09310,0.08570,0.08670,0.08730,0.09140,0.08480,0.08920,0.23150,0.09990,0.09340,0.10050,0.10170,0.09290,0.09310,0.08770,0.59880,0.09350,0.11600,0.09350,0.17820,0.09090,0.09540,0.10740,0.10140,0.09110,0.09370,0.08300,0.54560,0.08500,0.11140,0.09160,0.13930,0.08420,0.10580,0.08320,0.08640,0.08040,0.08550,0.09000,0.29110,0.08260,0.09150
0:40:34,0.11600,0.08900,0.11320,0.09450,0.09870,0.08420,0.09810,0.09020,0.09730,0.09320,0.08690,0.08440,0.10410,0.09570,0.10570,0.22080,0.09720,0.10210,0.09700,0.10030,0.09620,0.57820,0.08500,0.09430,0.09850,0.09690,0.09970,0.18070,0.09630,0.09980,0.08890,0.09910,0.08360,0.42340,0.08300,0.10570,0.07630,0.09230,0.09340,0.12790,0.08350,0.09450,0.08290,0.09570,0.08700,0.27460,0.08140,0.08530,0.09750,0.09330,0.10800,0.09490,0.09930,0.08670,0.09420,0.09540,0.08840,0.08680,0.09390,0.08460,0.09130,0.27780,0.10280,0.09410,0.10340,0.10670,0.09320,0.09440,0.08800,0.77730,0.09490,0.12420,0.09500,0.21160,0.09310,0.09640,0.10640,0.10690,0.09200,0.09380,0.08390,0.69150,0.08600,0.11200,0.09080,0.15520,0.08490,0.10190,0.08360,0.08750,0.08100,0.08610,0.08880,0.36180,0.08290,0.09480
0:50:34,0.12140,0.08960,0.11750,0.09560,0.10050,0.08630,0.10230,0.09200,0.09870,0.09520,0.08920,0.08700,0.10730,0.09710,0.10920,0.25430,0.09950,0.10480,0.10010,0.10330,0.09840,0.70680,0.08630,0.09610,0.10050,0.09750,0.10150,0.20410,0.09680,0.10230,0.09030,0.10150,0.08500,0.50350,0.08470,0.10580,0.07670,0.09280,0.09400,0.13350,0.08460,0.09620,0.08400,0.09760,0.08790,0.31860,0.08260,0.08650,0.10190,0.08980,0.11240,0.09440,0.10340,0.08790,0.09550,0.08350,0.09080,0.08650,0.09710,0.08470,0.09440,0.32420,0.10680,0.09590,0.10710,0.11260,0.09430,0.09660,0.08990,0.92630,0.09680,0.13310,0.09620,0.24570,0.09580,0.09770,0.10540,0.10870,0.09330,0.09460,0.08500,0.82380,0.08750,0.11570,0.09040,0.17410,0.08590,0.09900,0.08410,0.08940,0.08200,0.08720,0.08820,0.43500,0.08330,0.09880
1:00:34,0.12680,0.09040,0.12260,0.09740,0.10270,0.08910,0.10670,0.09450,0.10040,0.09770,0.09250,0.09040,0.11100,0.09910,0.11340,0.28670,0.10200,0.10770,0.10370,0.10610,0.10100,0.80980,0.08830,0.09870,0.10300,0.09890,0.10400,0.22680,0.09900,0.10530,0.09330,0.10500,0.08730,0.57750,0.08680,0.10650,0.07730,0.09380,0.09490,0.14570,0.08690,0.09890,0.08570,0.10030,0.09000,0.36100,0.08470,0.08780,0.10660,0.09110,0.11730,0.09490,0.10870,0.09010,0.09740,0.08530,0.09360,0.08720,0.10010,0.08510,0.09680,0.36930,0.11090,0.09830,0.11110,0.11850,0.09600,0.09910,0.09170,1.04390,0.09900,0.14190,0.09770,0.28260,0.09860,0.09920,0.10640,0.11190,0.09470,0.09600,0.08640,0.93290,0.08930,0.12110,0.08960,0.19410,0.08710,0.09700,0.08490,0.09190,0.08330,0.08870,0.08100,0.50490,0.08410,0.10300
1:10:34,0.12430,0.09120,0.12770,0.09890,0.10430,0.09080,0.11030,0.09970,0.10200,0.09920,0.09560,0.09350,0.11410,0.10060,0.11710,0.31660,0.10410,0.11020,0.10680,0.10870,0.10280,0.89980,0.08990,0.10080,0.10530,0.10020,0.10630,0.24950,0.10060,0.10810,0.09610,0.10770,0.08930,0.64550,0.08840,0.10730,0.07780,0.09480,0.09580,0.15950,0.08900,0.10150,0.08740,0.10270,0.09190,0.40080,0.08630,0.08910,0.11080,0.09230,0.12170,0.09570,0.11360,0.09200,0.09900,0.08700,0.09630,0.08780,0.10270,0.08550,0.09860,0.41210,0.11450,0.10040,0.11490,0.12510,0.09760,0.10130,0.09330,1.12820,0.10100,0.15050,0.09910,0.31640,0.10140,0.10050,0.10690,0.11550,0.09610,0.09700,0.08780,1.01960,0.09100,0.12680,0.08110,0.21160,0.08810,0.09570,0.08560,0.09390,0.08460,0.08980,0.08150,0.56780,0.08480,0.10670
1:20:34,0.12890,0.09220,0.13270,0.10140,0.10640,0.09320,0.11520,0.10310,0.10370,0.10220,0.09970,0.09870,0.11780,0.10240,0.12100,0.34580,0.10670,0.11390,0.11080,0.11220,0.10500,0.97580,0.09250,0.10460,0.10750,0.10160,0.10860,0.27180,0.10360,0.11160,0.09980,0.11110,0.09190,0.71050,0.09030,0.11040,0.07850,0.09590,0.09680,0.17060,0.09160,0.10470,0.08960,0.10560,0.09450,0.44020,0.08860,0.09030,0.11510,0.09370,0.12590,0.09680,0.11880,0.09420,0.10120,0.08910,0.09960,0.08880,0.10780,0.08590,0.10080,0.45290,0.11830,0.10250,0.11870,0.13140,0.09950,0.10390,0.09540,1.18550,0.10320,0.15860,0.10030,0.34760,0.10420,0.10170,0.10770,0.11940,0.09750,0.09860,0.08910,1.08760,0.09260,0.13240,0.08150,0.22860,0.08910,0.09430,0.08640,0.09600,0.08580,0.09120,0.08240,0.62490,0.08550,0.11010
1:30:34,0.13350,0.09300,0.13730,0.10220,0.10800,0.09450,0.11910,0.10500,0.10530,0.10370,0.10300,0.10270,0.12100,0.10370,0.12430,0.37350,0.10830,0.11690,0.11410,0.11460,0.10660,1.03590,0.09460,0.10670,0.10950,0.10250,0.11070,0.29310,0.10580,0.11450,0.10320,0.11370,0.09380,0.77050,0.09170,0.11250,0.07910,0.09700,0.09760,0.18280,0.09380,0.10750,0.09140,0.10790,0.09650,0.47870,0.09050,0.09130,0.11910,0.09480,0.13000,0.09810,0.12360,0.09610,0.10310,0.08800,0.10220,0.08970,0.10820,0.08610,0.10310,0.49070,0.12170,0.10440,0.12230,0.13710,0.10110,0.10610,0.09710,1.22370,0.10460,0.16660,0.10140,0.37770,0.10660,0.10280,0.10920,0.12290,0.09870,0.09990,0.09020,1.14000,0.09400,0.13790,0.08180,0.24430,0.09000,0.09350,0.08710,0.09670,0.08690,0.09240,0.08330,0.67760,0.08600,0.11340
1:40:34,0.13920,0.09400,0.14200,0.10360,0.11010,0.09710,0.12450,0.10830,0.10780,0.10660,0.10700,0.10750,0.12490,0.10530,0.12780,0.40100,0.11080,0.12110,0.11910,0.11800,0.10890,1.08650,0.09770,0.10990,0.11160,0.10370,0.11280,0.31480,0.10930,0.11840,0.10770,0.11730,0.09660,0.82430,0.09380,0.11620,0.07980,0.09820,0.09860,0.19520,0.09680,0.11110,0.09360,0.11100,0.09910,0.51650,0.09240,0.09250,0.12350,0.09610,0.13400,0.09980,0.12860,0.09840,0.10550,0.09010,0.10560,0.09080,0.11120,0.08650,0.10560,0.52720,0.12540,0.10640,0.12650,0.14290,0.10300,0.10870,0.09910,1.24760,0.10640,0.17450,0.10260,0.40610,0.10910,0.10390,0.11100,0.12690,0.09990,0.10150,0.09150,1.17860,0.09560,0.14340,0.08220,0.25980,0.09080,0.09240,0.08790,0.09890,0.08820,0.09390,0.08420,0.72710,0.08670,0.11680
1:50:34,0.14430,0.09460,0.14630,0.10430,0.11140,0.09890,0.12890,0.11070,0.10950,0.10880,0.11010,0.11120,0.12830,0.10630,0.13090,0.42690,0.11250,0.12440,0.12350,0.12070,0.11040,1.12600,0.09980,0.11260,0.11330,0.10430,0.11470,0.33530,0.11220,0.12160,0.11160,0.12030,0.09870,0.87200,0.09490,0.11840,0.08050,0.09910,0.09940,0.20720,0.09930,0.11410,0.09540,0.11350,0.10140,0.55230,0.09390,0.09330,0.12730,0.09710,0.13780,0.10130,0.13330,0.10040,0.10780,0.09200,0.10850,0.09190,0.11800,0.08680,0.10770,0.56160,0.12860,0.10810,0.13030,0.14840,0.10460,0.11110,0.10090,1.25990,0.10780,0.18220,0.10360,0.43350,0.11140,0.10480,0.11310,0.13050,0.10110,0.10300,0.09250,1.20490,0.09690,0.14860,0.08250,0.27430,0.09150,0.09170,0.08850,0.10070,0.08930,0.09500,0.08490,0.77230,0.08730,0.12000
2:00:34,0.15010,0.09550,0.15070,0.10590,0.11350,0.10110,0.13390,0.11390,0.11250,0.11160,0.11390,0.11530,0.13220,0.10780,0.13420,0.45280,0.11490,0.12820,0.12850,0.12420,0.11290,1.15670,0.10340,0.11620,0.11520,0.10540,0.11650,0.35610,0.11550,0.12540,0.11590,0.12400,0.10150,0.91530,0.09710,0.12130,0.08120,0.10020,0.10030,0.21830,0.10230,0.11780,0.09810,0.11670,0.10400,0.58730,0.09620,0.09430,0.13150,0.09840,0.14160,0.10340,0.13870,0.10280,0.11060,0.09430,0.11200,0.09310,0.11690,0.08710,0.10980,0.59500,0.13220,0.11020,0.13390,0.15420,0.10690,0.11400,0.10320,1.26420,0.10950,0.18970,0.10460,0.46040,0.11380,0.10590,0.11540,0.13440,0.10250,0.10480,0.09370,1.22220,0.09850,0.15380,0.08260,0.28890,0.09210,0.09120,0.08910,0.10260,0.09060,0.09650,0.08570,0.81410,0.08780,0.12310
2:10:34,0.15560,0.09620,0.15480,0.10690,0.11500,0.10310,0.13850,0.11640,0.11480,0.11400,0.11710,0.11880,0.13530,0.10880,0.13720,0.47740,0.11680,0.13140,0.13290,0.12700,0.11470,1.17810,0.10590,0.11920,0.11690,0.10600,0.11820,0.37590,0.11840,0.12860,0.11970,0.12690,0.10390,0.95330,0.09880,0.12390,0.08180,0.10110,0.10100,0.23010,0.10480,0.12080,0.10030,0.11900,0.10620,0.62020,0.09800,0.09510,0.13570,0.09960,0.14530,0.10510,0.14380,0.10480,0.11310,0.09640,0.11510,0.09430,0.12140,0.08730,0.11180,0.62690,0.13560,0.11190,0.13700,0.15970,0.10890,0.11640,0.10510,1.26290,0.11100,0.19690,0.10530,0.48640,0.11590,0.10660,0.11760,0.13820,0.10370,0.10640,0.09470,1.23230,0.09990,0.15880,0.08280,0.30360,0.09260,0.09120,0.08960,0.10430,0.09160,0.09770,0.08650,0.85260,0.08820,0.12610
2:20:34,0.16050,0.09640,0.15810,0.10730,0.11580,0.10430,0.14230,0.11820,0.11650,0.11550,0.11990,0.12190,0.13720,0.10960,0.13960,0.50100,0.11810,0.13410,0.13670,0.12940,0.11620,1.19360,0.10840,0.12210,0.11820,0.10640,0.11960,0.39500,0.12080,0.13140,0.12290,0.12960,0.10600,0.98600,0.10030,0.12610,0.08240,0.10170,0.10140,0.24150,0.10700,0.12340,0.10220,0.12130,0.10810,0.65130,0.09980,0.09560,0.13950,0.10040,0.14880,0.10660,0.14850,0.10650,0.11520,0.09820,0.11770,0.09510,0.12920,0.09830,0.11360,0.65720,0.13880,0.11350,0.14000,0.16490,0.11060,0.11850,0.10700,1.25780,0.11220,0.20390,0.10600,0.51100,0.11770,0.10720,0.11980,0.14180,0.10480,0.10780,0.09570,1.23620,0.10120,0.16360,0.08280,0.31710,0.09300,0.09120,0.11740,0.10590,0.09260,0.09860,0.08720,0.88690,0.08840,0.12890
2:30:34,0.16530,0.09690,0.16220,0.10780,0.11710,0.10570,0.14620,0.12010,0.11860,0.11730,0.12210,0.12470,0.13860,0.11020,0.14220,0.52380,0.11930,0.13650,0.14040,0.13140,0.11740,1.20350,0.11030,0.12460,0.11950,0.10660,0.12100,0.41290,0.12300,0.13370,0.12600,0.13180,0.10770,1.01450,0.10120,0.12790,0.08280,0.10220,0.10180,0.25280,0.10880,0.12560,0.10380,0.12310,0.10980,0.68070,0.10110,0.09600,0.14280,0.10100,0.15200,0.10770,0.15280,0.10800,0.11720,0.09980,0.12030,0.09600,0.13520,0.09630,0.11540,0.68580,0.14160,0.11490,0.14270,0.16950,0.11200,0.12010,0.10840,1.25050,0.11320,0.21070,0.10670,0.53530,0.11950,0.10750,0.12180,0.14500,0.10540,0.10880,0.09650,1.23630,0.10220,0.16830,0.08290,0.33040,0.09440,0.09130,0.11310,0.10730,0.09320,0.09930,0.08790,0.91790,0.08860,0.13170
2:40:34,0.16990,0.09690,0.16520,0.10780,0.11750,0.10640,0.14950,0.12130,0.12010,0.11840,0.12380,0.12710,0.13970,0.11040,0.14410,0.54560,0.11990,0.13860,0.14350,0.13320,0.11810,1.20840,0.11200,0.12670,0.12040,0.10670,0.12210,0.43060,0.12490,0.13590,0.12870,0.13370,0.10910,1.03870,0.10210,0.12940,0.08320,0.10250,0.10190,0.26390,0.11030,0.12740,0.10520,0.12460,0.11110,0.70820,0.10220,0.09600,0.14610,0.10150,0.15490,0.10850,0.15690,0.10920,0.11890,0.10120,0.12330,0.09680,0.13740,0.09440,0.11710,0.71310,0.14390,0.11610,0.14520,0.17380,0.11320,0.12140,0.10980,1.24210,0.11400,0.21720,0.10710,0.55880,0.12110,0.10780,0.12370,0.14810,0.10510,0.10970,0.09720,1.23340,0.10320,0.17290,0.08290,0.34330,0.09040,0.09140,0.10900,0.10870,0.09380,0.09990,0.08920,0.94570,0.08860,0.13430
2:50:34,0.17490,0.09760,0.16920,0.10840,0.11870,0.10800,0.15320,0.12310,0.12210,0.12000,0.12610,0.12970,0.14130,0.11120,0.14670,0.56700,0.12100,0.14080,0.14680,0.13520,0.11940,1.21070,0.11390,0.12940,0.12190,0.10720,0.12360,0.44770,0.12690,0.13810,0.13150,0.13570,0.11090,1.06010,0.10340,0.13110,0.08370,0.10320,0.10250,0.27520,0.11210,0.12940,0.10680,0.11120,0.11280,0.73500,0.10350,0.09660,0.14950,0.10220,0.15840,0.10950,0.16110,0.11060,0.12070,0.10280,0.12590,0.09770,0.13910,0.09280,0.11890,0.73960,0.14140,0.11750,0.14810,0.17850,0.11450,0.12300,0.11140,1.23320,0.11500,0.22380,0.10780,0.58130,0.12290,0.10820,0.12580,0.15150,0.10520,0.11080,0.09790,1.22870,0.10420,0.17820,0.08300,0.35610,0.08800,0.09180,0.10600,0.11020,0.09450,0.10050,0.09080,0.97070,0.08870,0.13690
3:00:34,0.17930,0.09800,0.17270,0.10860,0.11960,0.10900,0.15660,0.12430,0.12360,0.12100,0.12760,0.13180,0.14280,0.11150,0.14880,0.58720,0.12170,0.14290,0.14960,0.13680,0.12020,1.20990,0.11500,0.13150,0.12290,0.10720,0.12480,0.46420,0.12850,0.14000,0.13400,0.13730,0.11230,1.07740,0.10410,0.13200,0.08410,0.10350,0.10280,0.28620,0.11340,0.13090,0.10810,0.11280,0.11410,0.75940,0.10450,0.09670,0.15210,0.10260,0.16150,0.11040,0.16490,0.11160,0.12230,0.10420,0.12760,0.09860,0.14160,0.09160,0.12050,0.76410,0.14390,0.11860,0.15030,0.18250,0.11570,0.12400,0.11260,1.22430,0.11570,0.23010,0.10820,0.60320,0.11840,0.10220,0.12760,0.15430,0.10560,0.11150,0.09860,1.22270,0.10500,0.18280,0.08310,0.36820,0.08810,0.09200,0.10330,0.11150,0.09500,0.10100,0.09120,0.99290,0.08880,0.13960
3:10:34,0.18410,0.09930,0.17690,0.10940,0.12110,0.11080,0.16020,0.12590,0.12560,0.12250,0.12960,0.13430,0.14470,0.11260,0.15180,0.60700,0.12310,0.14520,0.15270,0.13890,0.12160,1.20760,0.11660,0.13420,0.12460,0.10800,0.12650,0.48090,0.13040,0.14230,0.13680,0.13930,0.11420,1.09250,0.10560,0.13330,0.08480,0.10450,0.10370,0.29770,0.11530,0.13300,0.11000,0.11470,0.11580,0.78340,0.10600,0.09750,0.15560,0.10350,0.16510,0.11170,0.16930,0.11300,0.12430,0.10590,0.13000,0.10000,0.14400,0.09090,0.12230,0.78820,0.14690,0.12030,0.15350,0.18720,0.11720,0.12550,0.11430,1.21560,0.11720,0.23660,0.10890,0.62450,0.12050,0.10310,0.13000,0.15780,0.10670,0.11290,0.09980,1.21590,0.10640,0.18730,0.08320,0.38080,0.08870,0.09270,0.10160,0.11340,0.09600,0.10210,0.09160,1.01260,0.08900,0.14220
3:20:34,0.18890,0.10060,0.18060,0.11030,0.12270,0.11240,0.16390,0.12740,0.12760,0.12400,0.13160,0.13660,0.14670,0.11350,0.15430,0.62650,0.12440,0.14730,0.15580,0.14050,0.12310,1.20420,0.11820,0.13690,0.12600,0.10860,0.12800,0.49710,0.13240,0.14430,0.13940,0.14120,0.11620,1.10470,0.10700,0.13470,0.08550,0.10550,0.10450,0.30900,0.11700,0.13490,0.11170,0.11660,0.11760,0.80610,0.10740,0.09790,0.15940,0.10460,0.16870,0.11310,0.17350,0.11430,0.12610,0.10760,0.13190,0.10110,0.14630,0.09040,0.12400,0.81090,0.14990,0.12190,0.15640,0.19180,0.11890,0.12720,0.11630,1.20740,0.11820,0.24290,0.10950,0.64510,0.12240,0.10390,0.13230,0.16130,0.10780,0.11420,0.10100,1.20890,0.10770,0.19190,0.08340,0.39280,0.08910,0.09320,0.10040,0.11520,0.09710,0.10300,0.09170,1.02980,0.08930,0.14490
3:30:34,0.19340,0.10160,0.18460,0.11110,0.12400,0.11410,0.16750,0.12880,0.12930,0.12550,0.13360,0.13900,0.14910,0.11460,0.15730,0.64490,0.12610,0.14950,0.15900,0.14250,0.12460,1.20080,0.11980,0.13970,0.12770,0.10960,0.12980,0.51320,0.13450,0.14650,0.14220,0.14300,0.11820,1.11490,0.10880,0.13600,0.08630,0.10660,0.10550,0.32040,0.11890,0.13660,0.11360,0.11860,0.11940,0.82770,0.10910,0.09880,0.16300,0.10560,0.17250,0.11450,0.17800,0.11600,0.12820,0.10940,0.13320,0.10290,0.14570,0.09020,0.12580,0.83320,0.15330,0.12360,0.15970,0.19650,0.12050,0.12890,0.11790,1.19940,0.11960,0.24930,0.10720,0.66560,0.12460,0.10500,0.13500,0.16500,0.10930,0.11570,0.10240,1.20180,0.10940,0.19630,0.08350,0.40500,0.08960,0.09410,0.09950,0.11720,0.09820,0.10430,0.09240,1.04500,0.08960,0.14750
3:40:34,0.19810,0.10300,0.18870,0.11230,0.12570,0.11600,0.17110,0.12140,0.13150,0.12720,0.13580,0.14130,0.15160,0.11590,0.16050,0.66310,0.12770,0.15180,0.16190,0.14450,0.12630,1.19650,0.12160,0.14260,0.12970,0.11060,0.13170,0.52880,0.13640,0.14870,0.14490,0.14520,0.12060,1.12260,0.11100,0.13770,0.08740,0.10790,0.10670,0.33210,0.11570,0.13870,0.11560,0.12060,0.12140,0.84830,0.11090,0.09990,0.16650,0.10690,0.17650,0.11610,0.18250,0.11760,0.13050,0.11140,0.13530,0.10440,0.14680,0.09050,0.12760,0.85350,0.15650,0.12550,0.16290,0.20120,0.12260,0.13080,0.12010,1.19200,0.12140,0.25570,0.10810,0.68540,0.12680,0.10630,0.13750,0.16880,0.11080,0.11740,0.10410,1.19480,0.11120,0.20080,0.08380,0.41700,0.09030,0.09500,0.09920,0.11930,0.09950,0.10560,0.09360,1.05780,0.09010,0.15060
3:50:34,0.20250,0.10360,0.19250,0.11290,0.12710,0.11740,0.17460,0.12300,0.13330,0.12840,0.13750,0.14330,0.15390,0.11670,0.16330,0.68050,0.12910,0.15350,0.16480,0.14600,0.12760,1.19090,0.12300,0.14510,0.13150,0.11140,0.13330,0.54390,0.13810,0.15060,0.14750,0.14660,0.12250,1.12820,0.11260,0.13920,0.08810,0.10890,0.10750,0.34310,0.11730,0.14020,0.11750,0.12250,0.12310,0.86760,0.11260,0.10060,0.16960,0.10790,0.18020,0.11750,0.18670,0.11910,0.13250,0.11320,0.13780,0.10600,0.15250,0.09050,0.12920,0.87310,0.15970,0.12720,0.16580,0.20580,0.12410,0.13230,0.12210,1.18500,0.12260,0.26180,0.10860,0.70410,0.12880,0.10760,0.14000,0.17230,0.11210,0.11920,0.10550,1.18810,0.11290,0.20510,0.08380,0.42850,0.09060,0.09550,0.09910,0.12110,0.10080,0.10680,0.09470,1.06870,0.09030,0.15340
4:00:34,0.20720,0.10460,0.19660,0.11390,0.13010,0.11920,0.17790,0.12510,0.13510,0.12990,0.13940,0.14550,0.15650,0.11770,0.16630,0.69730,0.13070,0.15560,0.16760,0.14810,0.12930,1.18560,0.12470,0.14800,0.13340,0.11240,0.13510,0.55870,0.13980,0.15280,0.15010,0.14860,0.12470,1.13260,0.11450,0.14090,0.08900,0.11020,0.10870,0.35420,0.11920,0.14200,0.13180,0.12440,0.12500,0.88570,0.11430,0.10160,0.17320,0.10900,0.18380,0.11880,0.19110,0.12070,0.13460,0.11510,0.14220,0.10760,0.15440,0.09090,0.13130,0.89080,0.16300,0.12900,0.16870,0.21030,0.12590,0.13400,0.12400,1.17810,0.12410,0.26810,0.10950,0.72260,0.13090,0.10880,0.14240,0.17590,0.11360,0.12150,0.10700,1.18100,0.11460,0.20950,0.08400,0.44000,0.09110,0.09630,0.09940,0.12310,0.10200,0.10800,0.09590,1.07760,0.09070,0.15640
4:10:34,0.21170,0.10500,0.20020,0.11450,0.12980,0.12050,0.18100,0.13120,0.13680,0.13100,0.14110,0.14740,0.15890,0.11840,0.16890,0.71310,0.13200,0.15730,0.17020,0.14950,0.13050,1.17940,0.12600,0.15030,0.13510,0.11300,0.13660,0.57310,0.14130,0.15430,0.15240,0.15000,0.12640,1.13510,0.11610,0.14230,0.08980,0.11120,0.10950,0.36490,0.12070,0.14340,0.13380,0.12590,0.12650,0.90240,0.11580,0.10220,0.17650,0.10990,0.18750,0.12000,0.19520,0.12200,0.13640,0.11670,0.14380,0.10890,0.15670,0.09080,0.13300,0.90810,0.16600,0.13030,0.17160,0.21450,0.12750,0.13540,0.12580,1.17120,0.12520,0.27380,0.11000,0.73990,0.13280,0.10990,0.14460,0.17920,0.11500,0.12230,0.10840,1.17420,0.11610,0.21340,0.08410,0.45120,0.09130,0.09690,0.09970,0.12480,0.10300,0.10910,0.09680,1.08480,0.09100,0.15900
4:20:34,0.21600,0.10570,0.20400,0.11530,0.13120,0.12220,0.18430,0.13360,0.13870,0.13240,0.14290,0.14950,0.16170,0.11930,0.17170,0.72880,0.13340,0.15910,0.17260,0.15190,0.13200,1.17370,0.12760,0.15260,0.13670,0.11380,0.13810,0.58670,0.14290,0.15630,0.15470,0.15160,0.12830,1.13660,0.11770,0.14380,0.09060,0.11230,0.11050,0.37600,0.12230,0.14490,0.13560,0.12770,0.12810,0.91820,0.11740,0.10310,0.17990,0.11090,0.19100,0.12120,0.19920,0.12340,0.13840,0.11830,0.14400,0.11040,0.15970,0.09100,0.13480,0.92400,0.16910,0.13180,0.17420,0.21870,0.12920,0.13690,0.12810,1.16480,0.12640,0.27990,0.11070,0.75690,0.13470,0.11120,0.14670,0.18250,0.11620,0.12380,0.10980,1.16750,0.11780,0.21770,0.08430,0.46200,0.09180,0.09760,0.10030,0.12670,0.10410,0.11020,0.09790,1.09080,0.09140,0.16170
4:30:34,0.22020,0.10610,0.20760,0.11590,0.13240,0.12340,0.18710,0.13860,0.14010,0.13340,0.14450,0.15120,0.16430,0.11980,0.17420,0.74360,0.13460,0.16090,0.17490,0.15300,0.13310,1.16750,0.12870,0.15480,0.13810,0.11420,0.13950,0.60000,0.14410,0.15780,0.15690,0.15290,0.12990,1.13730,0.11910,0.14510,0.09120,0.11320,0.11130,0.38660,0.12370,0.14620,0.13680,0.12910,0.12940,0.93250,0.11870,0.10330,0.18280,0.11170,0.19450,0.12220,0.20280,0.12460,0.14000,0.11980,0.14570,0.11160,0.16220,0.09050,0.13650,0.93870,0.17210,0.13310,0.17680,0.22250,0.13060,0.13810,0.12950,1.15820,0.12740,0.28530,0.11120,0.77270,0.13640,0.11220,0.14860,0.18560,0.11740,0.12670,0.11100,1.16100,0.11920,0.22150,0.08440,0.47240,0.09190,0.09810,0.10070,0.12840,0.10500,0.11110,0.09880,1.09520,0.09150,0.16400
4:40:34,0.22420,0.10670,0.21130,0.11660,0.13360,0.12480,0.19010,0.14470,0.14140,0.13460,0.14610,0.15310,0.16690,0.12050,0.17670,0.75740,0.13570,0.16240,0.17720,0.15570,0.13440,1.16240,0.13010,0.15700,0.13970,0.11500,0.14110,0.61280,0.14520,0.15930,0.15890,0.15410,0.13140,1.13640,0.12060,0.14650,0.09210,0.11430,0.11220,0.39710,0.12510,0.14730,0.13830,0.13070,0.13090,0.94600,0.12010,0.10410,0.18570,0.11260,0.19770,0.12340,0.20660,0.12590,0.14190,0.12140,0.14750,0.11290,0.16480,0.09020,0.13830,0.95290,0.17500,0.13450,0.17930,0.22640,0.13210,0.13940,0.13130,1.15210,0.12860,0.29120,0.11190,0.78860,0.13830,0.11340,0.15060,0.18890,0.11870,0.13050,0.11230,1.15440,0.12080,0.22570,0.08460,0.48260,0.09230,0.09890,0.10140,0.13010,0.10610,0.11220,0.09980,1.09850,0.09190,0.16640
4:50:34,0.22810,0.10690,0.21490,0.11710,0.13470,0.12590,0.19280,0.14530,0.14280,0.13560,0.14740,0.15460,0.16950,0.12110,0.17910,0.77080,0.13690,0.16400,0.17960,0.15630,0.13550,1.15680,0.13110,0.15910,0.14110,0.11560,0.14240,0.62490,0.14640,0.16070,0.16090,0.15530,0.13290,1.13560,0.12160,0.14750,0.09270,0.11510,0.11280,0.40720,0.12640,0.14850,0.13960,0.13210,0.13210,0.95860,0.12130,0.10430,0.18780,0.11330,0.20090,0.12420,0.21020,0.12700,0.14370,0.12260,0.14910,0.11410,0.16590,0.08990,0.14300,0.96580,0.17770,0.13580,0.18160,0.22990,0.13360,0.14040,0.13270,1.14640,0.12940,0.29660,0.11230,0.80340,0.13990,0.11450,0.15230,0.19170,0.11970,0.13230,0.11350,1.14840,0.12210,0.22950,0.08450,0.49300,0.09240,0.09940,0.10170,0.13170,0.10690,0.11310,0.10070,1.10070,0.09200,0.16860
5:00:34,0.23190,0.10730,0.21810,0.11770,0.13560,0.12710,0.19550,0.15110,0.14390,0.13650,0.14870,0.15610,0.17190,0.12170,0.18150,0.78360,0.13780,0.16540,0.18170,0.15870,0.13650,1.15100,0.13240,0.16120,0.14250,0.11630,0.14390,0.63750,0.14770,0.16210,0.16290,0.15640,0.13440,1.13380,0.12290,0.14870,0.09340,0.11610,0.11360,0.41740,0.12770,0.14950,0.13390,0.13350,0.13340,0.97010,0.12250,0.10480,0.18990,0.11410,0.20410,0.12520,0.21370,0.12810,0.14530,0.12400,0.15060,0.11540,0.16790,0.09030,0.14420,0.97780,0.18060,0.13710,0.18380,0.23350,0.13490,0.14160,0.13420,1.14100,0.13040,0.30210,0.11280,0.81730,0.14170,0.11550,0.15410,0.19480,0.12080,0.13310,0.11470,1.14230,0.12360,0.23340,0.08470,0.50300,0.09260,0.09990,0.10230,0.13330,0.10780,0.11400,0.10170,1.10220,0.09230,0.17090
5:10:34,0.23580,0.10760,0.22170,0.11800,0.13660,0.12830,0.19820,0.15120,0.14530,0.13750,0.14990,0.15760,0.17430,0.12010,0.18370,0.79580,0.13890,0.16680,0.18380,0.15930,0.13770,1.14490,0.13340,0.16320,0.14380,0.11670,0.14520,0.64920,0.14860,0.16330,0.16450,0.15740,0.13560,1.13120,0.12400,0.14990,0.09400,0.11680,0.11420,0.42720,0.12890,0.15030,0.13440,0.13470,0.13460,0.98050,0.12370,0.10500,0.19200,0.11470,0.20730,0.12580,0.21700,0.12930,0.14680,0.12520,0.15210,0.11650,0.16860,0.09070,0.14530,0.98900,0.18330,0.13820,0.18620,0.23690,0.13620,0.14250,0.13560,1.13490,0.13110,0.30730,0.11340,0.83020,0.14320,0.11650,0.15570,0.19770,0.12150,0.13370,0.11580,1.13620,0.12480,0.23720,0.08480,0.51210,0.09250,0.10050,0.10270,0.13490,0.10860,0.11480,0.10290,1.10250,0.09260,0.17310
5:20:34,0.23960,0.10810,0.22520,0.11880,0.13770,0.12950,0.20090,0.15330,0.14670,0.13860,0.15110,0.15910,0.17680,0.12100,0.18610,0.80770,0.13990,0.16830,0.18590,0.16140,0.13890,1.13990,0.13460,0.16530,0.14540,0.11760,0.14670,0.66070,0.14980,0.16460,0.16630,0.15860,0.13720,1.12840,0.12520,0.15110,0.09500,0.11780,0.11510,0.43730,0.13010,0.15120,0.13560,0.13610,0.13580,0.99060,0.12500,0.10560,0.19410,0.11550,0.21040,0.12690,0.22050,0.13030,0.14830,0.12660,0.15470,0.11770,0.16880,0.09080,0.14680,0.99920,0.18610,0.13940,0.18850,0.24040,0.13760,0.14360,0.13720,1.12960,0.13220,0.31300,0.11400,0.84340,0.14500,0.11770,0.15740,0.20070,0.12140,0.13450,0.11700,1.13050,0.12630,0.24120,0.08500,0.52050,0.09290,0.10110,0.10340,0.13650,0.10950,0.11590,0.10440,1.10230,0.09300,0.17550
5:30:34,0.24350,0.10850,0.22870,0.11930,0.13860,0.13050,0.20340,0.15480,0.14780,0.13960,0.15240,0.16050,0.17920,0.12170,0.18840,0.81880,0.14080,0.16980,0.18790,0.16220,0.13960,1.13470,0.13570,0.16740,0.14690,0.11810,0.14810,0.67190,0.15070,0.16580,0.16780,0.15950,0.13840,1.12510,0.12630,0.15210,0.09580,0.11850,0.11570,0.44680,0.13110,0.15210,0.13660,0.13740,0.13690,0.99950,0.12600,0.10590,0.19610,0.11610,0.21340,0.12760,0.22380,0.13130,0.14970,0.12790,0.15590,0.11890,0.16880,0.09060,0.14800,1.00870,0.18870,0.14040,0.19060,0.24380,0.13890,0.14460,0.13850,1.12400,0.13310,0.31810,0.11560,0.85560,0.14670,0.11860,0.15890,0.20350,0.12170,0.13650,0.11820,1.12480,0.12760,0.24480,0.08500,0.52920,0.09310,0.10160,0.10380,0.13800,0.11020,0.11660,0.10570,1.10140,0.09300,0.17750
5:40:34,0.24700,0.10860,0.23200,0.11950,0.13940,0.13130,0.20570,0.15570,0.14860,0.14020,0.15340,0.16160,0.18130,0.12210,0.19040,0.82970,0.14160,0.17110,0.18990,0.16380,0.14040,1.12970,0.13650,0.16900,0.14800,0.11850,0.14930,0.68220,0.15160,0.16690,0.16930,0.16030,0.13950,1.12240,0.12720,0.15290,0.09640,0.11910,0.11630,0.45650,0.13200,0.15260,0.13750,0.13850,0.13780,1.00740,0.12700,0.10600,0.19800,0.11650,0.21620,0.12830,0.22700,0.13230,0.15100,0.12900,0.15650,0.11990,0.16890,0.09030,0.14920,1.01720,0.19140,0.14130,0.19280,0.24720,0.14000,0.14530,0.13980,1.11880,0.13370,0.32310,0.11580,0.86730,0.14810,0.11940,0.16030,0.20630,0.12280,0.13780,0.11910,1.11970,0.12870,0.24830,0.08500,0.53730,0.09310,0.10200,0.10410,0.13940,0.11090,0.11730,0.10650,1.10030,0.09310,0.17950
5:50:34,0.25040,0.10860,0.23520,0.11990,0.14020,0.13230,0.20790,0.15690,0.14950,0.14110,0.15430,0.16290,0.18340,0.12260,0.19250,0.83970,0.14210,0.17230,0.19170,0.16470,0.14130,1.12460,0.13750,0.17070,0.14930,0.11880,0.15040,0.69290,0.15230,0.16790,0.17060,0.16110,0.14060,1.11850,0.12800,0.15390,0.09690,0.11970,0.11680,0.46570,0.13290,0.15320,0.13840,0.13970,0.13880,1.01460,0.12790,0.10610,0.19970,0.11690,0.21910,0.12900,0.23010,0.13330,0.15230,0.13010,0.15780,0.12080,0.17040,0.09000,0.15030,1.02550,0.19380,0.14230,0.19470,0.25050,0.14110,0.14610,0.14100,1.11340,0.13430,0.32800,0.11610,0.87870,0.14960,0.12040,0.16150,0.20910,0.12370,0.13940,0.12020,1.11380,0.12990,0.25190,0.08500,0.54580,0.09310,0.10230,0.10440,0.14070,0.11160,0.11790,0.10720,1.09820,0.09310,0.18150
6:00:34,0.25400,0.10850,0.23830,0.12020,0.14100,0.13310,0.21000,0.15760,0.15060,0.14180,0.15520,0.16410,0.18540,0.12310,0.19440,0.84920,0.14280,0.17340,0.19350,0.16570,0.14200,1.12010,0.13830,0.17230,0.15020,0.11910,0.15130,0.70340,0.15300,0.16870,0.17210,0.16170,0.14150,1.11460,0.12890,0.15470,0.09740,0.12020,0.11720,0.47470,0.13360,0.15370,0.13920,0.14070,0.13950,1.02130,0.12880,0.10640,0.20140,0.11720,0.22180,0.12950,0.23300,0.13400,0.15350,0.13110,0.15910,0.12180,0.17210,0.08990,0.15150,1.03280,0.19620,0.14310,0.19650,0.25380,0.14200,0.14670,0.14220,1.10840,0.13480,0.33270,0.11640,0.88930,0.15080,0.12120,0.16260,0.21140,0.12450,0.14020,0.12100,1.10840,0.13090,0.25550,0.08510,0.55350,0.09310,0.10250,0.10460,0.14190,0.11200,0.11850,0.10780,1.09600,0.09320,0.18350
6:10:34,0.25770,0.10890,0.24210,0.12090,0.14220,0.13410,0.21240,0.15880,0.15170,0.14290,0.15670,0.16540,0.18770,0.12390,0.19670,0.85900,0.14390,0.17480,0.19530,0.16710,0.14280,1.11490,0.13940,0.17420,0.15160,0.11970,0.15260,0.71360,0.15400,0.16960,0.17350,0.16270,0.14270,1.11070,0.12980,0.15570,0.09810,0.12080,0.11780,0.48400,0.13470,0.15430,0.14000,0.14190,0.14050,1.02740,0.12980,0.10710,0.20330,0.11770,0.22480,0.13010,0.23620,0.13510,0.15500,0.13230,0.16040,0.12280,0.17380,0.09000,0.15310,1.03940,0.19870,0.14410,0.19880,0.25730,0.14310,0.14750,0.14350,1.10380,0.13550,0.33790,0.11700,0.90010,0.15240,0.12200,0.16390,0.21590,0.12550,0.14090,0.12200,1.10370,0.13210,0.25940,0.08540,0.56190,0.09330,0.10290,0.10500,0.14320,0.11270,0.11910,0.10850,1.09340,0.09360,0.18580
6:20:34,0.25770,0.10940,0.24580,0.12150,0.14340,0.13530,0.21500,0.16010,0.15290,0.14400,0.15800,0.16670,0.19010,0.12510,0.19930,0.86820,0.14500,0.17640,0.19750,0.16770,0.14400,1.11170,0.14070,0.17610,0.15310,0.12060,0.15430,0.72310,0.15490,0.17080,0.17510,0.16370,0.14400,1.10700,0.13090,0.15690,0.09910,0.12160,0.11870,0.49330,0.13570,0.15520,0.14110,0.14320,0.14160,1.03310,0.13100,0.10850,0.20530,0.11830,0.22790,0.13080,0.23950,0.14010,0.15660,0.13340,0.16180,0.12400,0.17570,0.09030,0.15500,1.04650,0.20150,0.14540,0.20100,0.26090,0.14450,0.14840,0.14500,1.09940,0.13660,0.34360,0.11770,0.91000,0.15410,0.12310,0.16550,0.22040,0.12650,0.14170,0.12330,1.09900,0.13350,0.26350,0.08580,0.56990,0.09400,0.10360,0.10560,0.14480,0.11350,0.11990,0.10930,1.09100,0.09430,0.18830
6:30:34,0.26170,0.11010,0.24970,0.12230,0.14480,0.13640,0.21740,0.16090,0.15410,0.14500,0.15920,0.16800,0.19260,0.12630,0.20180,0.87640,0.14610,0.17810,0.19940,0.16980,0.14500,1.10720,0.14190,0.17810,0.15470,0.12160,0.15610,0.73270,0.15590,0.17180,0.17650,0.16460,0.14530,1.10350,0.13210,0.15810,0.10020,0.12250,0.11970,0.50260,0.13680,0.15610,0.14210,0.14440,0.14270,1.03780,0.13220,0.10970,0.20780,0.11900,0.23100,0.13160,0.24290,0.14070,0.15830,0.13460,0.16340,0.12530,0.17780,0.09040,0.15670,1.05250,0.20440,0.14660,0.20330,0.26460,0.14580,0.14950,0.14650,1.09520,0.13790,0.34900,0.11830,0.91990,0.15580,0.12440,0.16700,0.22090,0.12770,0.14330,0.12460,1.09520,0.13490,0.26750,0.08600,0.57790,0.09460,0.10450,0.10640,0.14640,0.11440,0.12080,0.11000,1.08780,0.09490,0.19050
6:40:34,0.26540,0.11050,0.25340,0.12290,0.14580,0.13730,0.21990,0.16160,0.15520,0.14570,0.16050,0.16910,0.19490,0.12760,0.20420,0.88480,0.14710,0.17970,0.20120,0.17020,0.14610,1.10310,0.14290,0.17980,0.15610,0.12240,0.15760,0.74210,0.15670,0.17260,0.17800,0.16550,0.14650,1.09970,0.13320,0.15920,0.10120,0.12330,0.12050,0.51160,0.13780,0.15670,0.14290,0.14560,0.14370,1.04250,0.13320,0.11070,0.20980,0.11960,0.23420,0.13230,0.24620,0.14120,0.16000,0.13570,0.16500,0.12640,0.17950,0.09030,0.15810,1.05860,0.20710,0.14780,0.20560,0.26830,0.14700,0.15060,0.14790,1.09110,0.13890,0.35410,0.11850,0.92920,0.15740,0.12550,0.16840,0.22260,0.12870,0.14440,0.12580,1.09070,0.13620,0.27110,0.08590,0.58600,0.09480,0.10500,0.10700,0.14790,0.11500,0.12150,0.11050,1.08500,0.09510,0.19260
6:50:34,0.26920,0.11150,0.25750,0.12360,0.14710,0.13810,0.22230,0.16260,0.15640,0.14680,0.16190,0.17040,0.19710,0.12910,0.20660,0.89290,0.14810,0.18140,0.20310,0.17210,0.14710,1.09880,0.14420,0.18160,0.15760,0.12330,0.15930,0.75110,0.15760,0.17350,0.17940,0.16640,0.14760,1.09660,0.13420,0.16040,0.10190,0.12400,0.12140,0.52030,0.13880,0.15760,0.14380,0.14680,0.14470,1.04630,0.13430,0.11180,0.21210,0.12020,0.23750,0.13290,0.24940,0.14180,0.16160,0.13680,0.16730,0.12750,0.18150,0.09020,0.15940,1.06350,0.20990,0.14920,0.20790,0.27200,0.14820,0.15170,0.14930,1.08730,0.13990,0.35900,0.11890,0.93830,0.15890,0.12660,0.16990,0.22570,0.12980,0.14520,0.12700,1.08690,0.13750,0.27470,0.08610,0.59400,0.09490,0.10570,0.10750,0.14940,0.11580,0.12230,0.11110,1.08180,0.09530,0.19480
7:00:34,0.27300,0.11180,0.26140,0.12410,0.14840,0.13890,0.22470,0.16200,0.15770,0.14760,0.16320,0.17140,0.19910,0.13060,0.20900,0.89990,0.14910,0.18300,0.20500,0.17240,0.14800,1.09510,0.14530,0.18340,0.15900,0.12410,0.16070,0.75980,0.15840,0.17410,0.18080,0.16730,0.14870,1.09290,0.13520,0.16140,0.10260,0.12470,0.12210,0.52880,0.13960,0.15810,0.14460,0.14780,0.14550,1.04980,0.13520,0.11260,0.21430,0.12070,0.24050,0.13340,0.25270,0.14220,0.16310,0.13780,0.16820,0.12860,0.18310,0.09010,0.16090,1.06860,0.21250,0.15040,0.21000,0.27540,0.14920,0.15290,0.15050,1.08380,0.14080,0.36400,0.11920,0.94670,0.16040,0.12760,0.17110,0.22870,0.13070,0.14560,0.12800,1.08260,0.13860,0.27820,0.08610,0.60160,0.09500,0.10600,0.10790,0.15090,0.11640,0.12280,0.11160,1.07870,0.09550,0.19670
7:10:34,0.27660,0.11220,0.26530,0.12470,0.14970,0.13970,0.22710,0.16240,0.15900,0.14860,0.16450,0.17250,0.20120,0.13210,0.21130,0.90760,0.15010,0.18450,0.20660,0.17420,0.14890,1.09250,0.14620,0.18540,0.16040,0.12490,0.16210,0.76840,0.15910,0.17480,0.18190,0.16800,0.14970,1.08960,0.13620,0.16240,0.10330,0.12530,0.12290,0.53720,0.14050,0.15870,0.14540,0.14880,0.14640,1.05240,0.13620,0.11410,0.21670,0.12120,0.24380,0.13400,0.25610,0.14260,0.16460,0.13880,0.16990,0.12960,0.18490,0.09010,0.16210,1.07250,0.21520,0.15200,0.21240,0.27890,0.15030,0.15420,0.15180,1.08020,0.14160,0.36890,0.11960,0.95480,0.16180,0.12880,0.17240,0.23090,0.13160,0.14600,0.12900,1.07870,0.13980,0.28180,0.08610,0.60890,0.09520,0.10650,0.10830,0.15220,0.11700,0.12340,0.11220,1.07510,0.09560,0.19860
7:20:34,0.28030,0.11260,0.26930,0.12530,0.15130,0.14050,0.22960,0.16170,0.16070,0.14920,0.16600,0.17360,0.20330,0.13360,0.21370,0.91420,0.15120,0.18610,0.20860,0.17510,0.15000,1.08850,0.14740,0.18740,0.16190,0.12570,0.16350,0.77700,0.16000,0.17560,0.18330,0.16880,0.15070,1.08590,0.13710,0.16350,0.10400,0.12590,0.12360,0.54570,0.14130,0.15930,0.14600,0.15000,0.14720,1.05520,0.13710,0.11490,0.21920,0.12160,0.24710,0.13450,0.25940,0.14300,0.16580,0.13970,0.17180,0.13060,0.18670,0.09010,0.16340,1.07590,0.21800,0.15340,0.21440,0.28210,0.15140,0.15540,0.15320,1.07670,0.14250,0.37400,0.12010,0.96270,0.16320,0.12990,0.17360,0.23300,0.13260,0.14720,0.13010,1.07430,0.14090,0.28540,0.08630,0.61620,0.09530,0.10700,0.10870,0.15370,0.11750,0.12410,0.11280,1.07170,0.09580,0.20050
7:30:34,0.28400,0.11300,0.27270,0.12590,0.15270,0.14130,0.23190,0.16180,0.16230,0.15020,0.16720,0.17470,0.20530,0.13480,0.21600,0.92110,0.15210,0.18750,0.21030,0.17710,0.15110,1.08620,0.14860,0.18940,0.16330,0.12650,0.16490,0.78530,0.16060,0.17660,0.18460,0.16980,0.15180,1.08220,0.13810,0.16460,0.10460,0.12650,0.12430,0.55390,0.14220,0.15990,0.14670,0.15090,0.14800,1.05730,0.13810,0.11580,0.22190,0.12210,0.25020,0.13490,0.26250,0.14340,0.16710,0.14070,0.17370,0.13150,0.18850,0.09010,0.16480,1.07900,0.22080,0.15500,0.21680,0.28540,0.15250,0.15650,0.15470,1.07320,0.14340,0.37900,0.12060,0.96960,0.16470,0.13110,0.17480,0.23550,0.13340,0.14870,0.13120,1.07080,0.14210,0.28920,0.08640,0.62350,0.09560,0.10740,0.10910,0.15510,0.11810,0.12460,0.11340,1.06820,0.09610,0.20260
7:40:34,0.28790,0.11350,0.27650,0.12650,0.15430,0.14210,0.23490,0.16290,0.16420,0.15110,0.16830,0.17570,0.20750,0.13600,0.21860,0.92740,0.15330,0.18890,0.21250,0.17830,0.15220,1.08220,0.14970,0.19150,0.16490,0.12740,0.16640,0.79250,0.16160,0.17750,0.18610,0.17080,0.15280,1.07870,0.13910,0.16570,0.10520,0.12720,0.12520,0.56230,0.14310,0.16050,0.14760,0.15210,0.14900,1.05940,0.13910,0.11660,0.22490,0.12270,0.25350,0.13550,0.26570,0.14390,0.16830,0.14170,0.17580,0.13260,0.19040,0.09010,0.16620,1.08130,0.22350,0.15640,0.21940,0.28880,0.15370,0.15760,0.15620,1.07000,0.14430,0.38420,0.12120,0.97680,0.16620,0.13240,0.17620,0.23830,0.13430,0.14980,0.13240,1.06700,0.14340,0.29310,0.08670,0.63070,0.09590,0.10800,0.10950,0.15660,0.11870,0.12530,0.11410,1.06480,0.09660,0.20470
7:50:34,0.29130,0.11360,0.27980,0.12700,0.15550,0.14300,0.23730,0.16220,0.16540,0.15190,0.16920,0.17660,0.20960,0.13690,0.22100,0.93300,0.15430,0.19000,0.21420,0.18040,0.15330,1.07870,0.15060,0.19330,0.16630,0.12800,0.16790,0.80100,0.16220,0.17830,0.18710,0.17190,0.15390,1.07530,0.14000,0.16650,0.10580,0.12780,0.12590,0.57010,0.14380,0.16130,0.14820,0.15300,0.14970,1.06080,0.14000,0.11730,0.22760,0.12310,0.25650,0.13590,0.26850,0.14420,0.16940,0.14260,0.17750,0.13350,0.19230,0.09000,0.16740,1.08320,0.22610,0.15750,0.22170,0.29190,0.15480,0.15820,0.15760,1.06630,0.14520,0.38930,0.12160,0.98250,0.16730,0.13350,0.17740,0.24070,0.13510,0.15090,0.13350,1.06420,0.14450,0.29690,0.08680,0.63810,0.09610,0.10840,0.10980,0.15800,0.11910,0.12580,0.11470,1.06140,0.09680,0.20680
8:00:34,0.29500,0.11440,0.28340,0.12770,0.15700,0.14380,0.23990,0.16540,0.16730,0.15280,0.17030,0.17770,0.21200,0.13820,0.22380,0.93890,0.15560,0.19140,0.21630,0.18160,0.15460,1.07560,0.15180,0.19520,0.16790,0.12900,0.16960,0.80820,0.16320,0.17940,0.18860,0.17300,0.15500,1.07240,0.14120,0.16780,0.10660,0.12860,0.12690,0.57830,0.14460,0.16200,0.14910,0.15410,0.15070,1.06200,0.14110,0.11840,0.23030,0.12380,0.25960,0.13650,0.27150,0.14460,0.17060,0.14370,0.17920,0.13460,0.19450,0.09030,0.16900,1.08560,0.22880,0.15870,0.22420,0.29520,0.15640,0.15900,0.15900,1.06290,0.14640,0.39450,0.12250,0.98880,0.16900,0.13480,0.17890,0.24330,0.13610,0.15200,0.13470,1.05980,0.14580,0.30090,0.08720,0.64500,0.09660,0.10920,0.11030,0.15950,0.11980,0.12660,0.11550,1.05780,0.09740,0.20910
8:10:34,0.29870,0.11520,0.28710,0.12850,0.15830,0.14500,0.24240,0.16400,0.16860,0.15380,0.17150,0.17880,0.21430,0.13940,0.22660,0.94430,0.15700,0.19300,0.21860,0.18360,0.15600,1.07240,0.15310,0.19700,0.16970,0.12990,0.17150,0.81500,0.16400,0.18050,0.18990,0.17420,0.15610,1.06900,0.14240,0.16900,0.10750,0.12950,0.12790,0.58640,0.14560,0.16310,0.14990,0.15540,0.15180,1.06300,0.14230,0.11950,0.23300,0.12450,0.26270,0.13720,0.27460,0.14530,0.17190,0.14470,0.18080,0.13580,0.19680,0.09060,0.17070,1.08700,0.23160,0.15990,0.22700,0.29840,0.15820,0.16000,0.16060,1.05950,0.14780,0.39960,0.12340,0.99460,0.17080,0.13610,0.18050,0.24590,0.13730,0.15330,0.13610,1.05690,0.14720,0.30490,0.08750,0.65240,0.09740,0.11010,0.11090,0.16110,0.12060,0.12740,0.11640,1.05450,0.09800,0.21150
8:20:34,0.30230,0.11580,0.29040,0.12920,0.15940,0.14570,0.24470,0.16700,0.16990,0.15460,0.17240,0.17990,0.21670,0.14040,0.22930,0.94910,0.15800,0.19420,0.22060,0.18420,0.15710,1.06910,0.15390,0.19860,0.17120,0.13060,0.17330,0.82190,0.16480,0.18150,0.19120,0.17520,0.15710,1.06590,0.14340,0.16990,0.10830,0.13030,0.12870,0.59410,0.14640,0.16390,0.15060,0.15620,0.15260,1.06340,0.14320,0.12060,0.23680,0.12510,0.26550,0.13780,0.27740,0.14580,0.17300,0.14560,0.18310,0.13680,0.19910,0.09050,0.17210,1.08850,0.23420,0.16090,0.22930,0.30170,0.15970,0.16070,0.16210,1.05630,0.14900,0.40430,0.12390,1.00000,0.17250,0.13710,0.18190,0.24820,0.13830,0.15430,0.13730,1.05320,0.14840,0.30860,0.08760,0.65940,0.09780,0.11070,0.11140,0.16260,0.12120,0.12810,0.11720,1.05130,0.09850,0.21370
8:30:34,0.30600,0.11660,0.29380,0.13000,0.16060,0.14670,0.24710,0.16250,0.17140,0.15560,0.17330,0.18130,0.21920,0.14160,0.23180,0.95370,0.15910,0.19550,0.22250,0.18590,0.15820,1.06590,0.15490,0.20030,0.17280,0.13140,0.17510,0.82880,0.16580,0.18290,0.19260,0.17640,0.15830,1.06230,0.14470,0.17120,0.10900,0.13110,0.12960,0.60180,0.14730,0.16470,0.15140,0.15730,0.15370,1.06430,0.14430,0.12160,0.24640,0.12590,0.26840,0.13850,0.28030,0.14640,0.17420,0.14660,0.18440,0.13800,0.20150,0.09070,0.17350,1.08950,0.23670,0.16190,0.23190,0.30500,0.16130,0.16160,0.16340,1.05330,0.15030,0.40900,0.12460,1.00510,0.17430,0.13820,0.18340,0.25090,0.13950,0.15590,0.13860,1.05030,0.14980,0.31230,0.08790,0.66630,0.09830,0.11150,0.11200,0.16420,0.12200,0.12880,0.11810,1.04800,0.09890,0.21590
8:40:34,0.30940,0.11720,0.29740,0.13060,0.16180,0.14750,0.24930,0.16690,0.17250,0.15630,0.17430,0.18260,0.22150,0.14260,0.23430,0.95770,0.16010,0.19690,0.22440,0.18680,0.15920,1.06310,0.15590,0.20180,0.17440,0.13210,0.17680,0.83530,0.16650,0.18400,0.19380,0.17730,0.15910,1.05970,0.14590,0.17210,0.10980,0.13180,0.13050,0.60930,0.14820,0.16540,0.15220,0.15830,0.15460,1.06440,0.14530,0.12260,0.24030,0.12650,0.27110,0.13900,0.28310,0.14660,0.17520,0.14740,0.18510,0.13900,0.20360,0.09060,0.17480,1.09040,0.23920,0.16290,0.23430,0.30820,0.16260,0.16220,0.16470,1.05020,0.15150,0.41350,0.12510,1.00970,0.17590,0.13920,0.18490,0.25370,0.14050,0.15700,0.13970,1.04690,0.15110,0.31590,0.08800,0.67300,0.09860,0.11210,0.11240,0.16570,0.12260,0.12940,0.11880,1.04460,0.09930,0.21770
8:50:34,0.31300,0.11780,0.30050,0.13120,0.16280,0.14810,0.25130,0.16440,0.17360,0.15710,0.17510,0.18340,0.22390,0.14360,0.23660,0.96170,0.16100,0.19820,0.22610,0.18820,0.16010,1.06050,0.15690,0.20340,0.17590,0.13280,0.17850,0.84100,0.16720,0.18520,0.19500,0.17810,0.16010,1.05710,0.14700,0.17300,0.11040,0.13250,0.13130,0.61670,0.14880,0.16620,0.15280,0.15930,0.15540,1.06440,0.14630,0.12350,0.24160,0.12710,0.27400,0.13950,0.28570,0.14700,0.17630,0.14830,0.18610,0.13990,0.20560,0.09070,0.17600,1.09110,0.24170,0.16380,0.23630,0.31140,0.16380,0.16290,0.16590,1.04710,0.15260,0.41790,0.12560,1.01420,0.17770,0.14010,0.18630,0.25600,0.14130,0.15800,0.14090,1.04400,0.15230,0.31960,0.08820,0.67980,0.09890,0.11270,0.11290,0.16700,0.12320,0.13000,0.11960,1.04170,0.09960,0.21970
9:00:34,0.31650,0.11830,0.30380,0.13180,0.16380,0.14880,0.25350,0.16780,0.17460,0.15780,0.17600,0.18420,0.22610,0.14450,0.23890,0.96540,0.16190,0.19930,0.22780,0.18910,0.16100,1.05770,0.15780,0.20490,0.17730,0.13340,0.18020,0.84790,0.16790,0.18620,0.19630,0.17900,0.16100,1.05380,0.14800,0.17390,0.11090,0.13320,0.13210,0.62380,0.14970,0.16690,0.15350,0.16030,0.15610,1.06450,0.14720,0.12430,0.24350,0.12760,0.27670,0.14000,0.28840,0.14750,0.17750,0.14910,0.18720,0.14080,0.20740,0.09060,0.17730,1.09120,0.24400,0.16470,0.23850,0.31450,0.16500,0.16360,0.16700,1.04440,0.15360,0.42230,0.12680,1.01790,0.17920,0.14100,0.18760,0.25840,0.14230,0.15870,0.14190,1.04090,0.15350,0.32310,0.08830,0.68630,0.09910,0.11320,0.11320,0.16830,0.12370,0.13050,0.12020,1.03810,0.09970,0.22170
9:10:34,0.32000,0.11880,0.30710,0.13240,0.16470,0.14980,0.25570,0.16340,0.17590,0.15860,0.17690,0.18510,0.22840,0.14540,0.24120,0.96890,0.16270,0.20060,0.22940,0.18990,0.16190,1.05530,0.15870,0.20630,0.17880,0.13400,0.18180,0.85370,0.16860,0.18740,0.19740,0.17980,0.16190,1.05040,0.14900,0.17480,0.11150,0.13390,0.13300,0.63100,0.15040,0.16760,0.15400,0.16120,0.15700,1.06400,0.14800,0.12510,0.24540,0.12820,0.27950,0.14060,0.29120,0.14800,0.17840,0.15000,0.18840,0.14180,0.20910,0.09060,0.17880,1.09250,0.24650,0.16560,0.24070,0.31760,0.16590,0.16430,0.16810,1.04160,0.15450,0.42650,0.12810,1.02190,0.18080,0.14190,0.18900,0.26090,0.14330,0.15950,0.14300,1.03820,0.15460,0.32630,0.08850,0.69270,0.09940,0.11370,0.11350,0.16960,0.12430,0.13110,0.12090,1.03470,0.09990,0.22370
9:20:34,0.32330,0.11950,0.31030,0.13300,0.16580,0.15040,0.25750,0.16460,0.17700,0.15930,0.17790,0.18610,0.23070,0.14640,0.24340,0.97190,0.16370,0.20170,0.23110,0.19120,0.16290,1.05220,0.15950,0.20790,0.18030,0.13470,0.18330,0.85890,0.16950,0.18840,0.19860,0.18060,0.16280,1.04830,0.15010,0.17580,0.11220,0.13460,0.13370,0.63810,0.15120,0.16830,0.15480,0.16220,0.15790,1.06360,0.14880,0.12600,0.24720,0.12870,0.28230,0.14120,0.29380,0.14850,0.17950,0.15080,0.18970,0.14260,0.21060,0.09060,0.18020,1.09210,0.24890,0.16660,0.24300,0.32070,0.16690,0.16490,0.16930,1.03880,0.15550,0.43080,0.12960,1.02560,0.18240,0.14280,0.19050,0.26340,0.14410,0.16010,0.14400,1.03520,0.15570,0.32970,0.08870,0.69860,0.09980,0.11430,0.11390,0.17100,0.12480,0.13160,0.12160,1.03190,0.10020,0.22580
9:30:34,0.32670,0.12010,0.31370,0.13370,0.16680,0.15130,0.25980,0.16330,0.17810,0.16010,0.17870,0.18690,0.23290,0.14750,0.24560,0.97540,0.16410,0.20290,0.23260,0.19230,0.16390,1.04980,0.16030,0.20920,0.18180,0.13540,0.18500,0.86460,0.17020,0.18970,0.19970,0.18140,0.16360,1.04490,0.15100,0.17680,0.11270,0.13530,0.13460,0.64530,0.15190,0.16910,0.15550,0.16310,0.15870,1.06310,0.14980,0.12690,0.24930,0.12940,0.28520,0.14160,0.29660,0.14890,0.18070,0.15160,0.19090,0.14360,0.21230,0.09080,0.18190,1.09200,0.25140,0.16760,0.24510,0.32370,0.16780,0.16550,0.17050,1.03650,0.15640,0.43520,0.13110,1.02880,0.18400,0.14370,0.19190,0.26580,0.14510,0.16100,0.14490,1.03250,0.15680,0.33320,0.08890,0.70480,0.10020,0.11470,0.11430,0.17230,0.12530,0.13220,0.12230,1.02910,0.10050,0.22790
9:40:34,0.33010,0.12110,0.31700,0.13450,0.16800,0.15220,0.26230,0.16420,0.17970,0.16110,0.17980,0.18800,0.23540,0.14860,0.24820,0.97810,0.16530,0.20440,0.23460,0.19350,0.16490,1.04740,0.16140,0.21090,0.18330,0.13640,0.18680,0.86980,0.17120,0.19070,0.20100,0.18250,0.16470,1.04290,0.15200,0.17790,0.11340,0.13630,0.13550,0.65210,0.15280,0.16990,0.15640,0.16420,0.15970,1.06240,0.15080,0.12800,0.25150,0.13010,0.28800,0.14230,0.29940,0.14960,0.18170,0.15250,0.19210,0.14460,0.21400,0.09120,0.18380,1.09200,0.25390,0.16870,0.24750,0.32670,0.16900,0.16620,0.17170,1.03410,0.15740,0.43970,0.13280,1.03200,0.18570,0.14470,0.19330,0.26830,0.14620,0.16180,0.14610,1.03000,0.15810,0.33690,0.08940,0.71120,0.10070,0.11540,0.11480,0.17370,0.12600,0.13280,0.12310,1.02590,0.10100,0.23010
9:50:34,0.33370,0.12220,0.32070,0.13540,0.16940,0.15310,0.26460,0.16620,0.18110,0.16220,0.18080,0.18910,0.23770,0.15000,0.25100,0.98080,0.16660,0.20600,0.23640,0.19480,0.16610,1.04500,0.16250,0.21280,0.18520,0.13740,0.18880,0.87620,0.17220,0.19190,0.20240,0.18360,0.16580,1.04040,0.15340,0.17910,0.11440,0.13740,0.13660,0.65930,0.15370,0.17070,0.15730,0.16540,0.16070,1.06160,0.15190,0.12930,0.25410,0.13110,0.29110,0.14320,0.30240,0.15040,0.18300,0.15340,0.19360,0.14590,0.21590,0.09200,0.18600,1.09180,0.25660,0.16990,0.24990,0.33010,0.17010,0.16720,0.17310,1.03160,0.15880,0.44460,0.13470,1.03520,0.18750,0.14600,0.19510,0.27100,0.14740,0.16260,0.14730,1.02750,0.15950,0.34090,0.09040,0.71760,0.10170,0.11630,0.11550,0.17540,0.12680,0.13360,0.12410,1.02310,0.10180,0.23260
10:00:34,0.33720,0.12310,0.32410,0.13610,0.17060,0.15390,0.26670,0.16540,0.18230,0.16320,0.18170,0.19000,0.24000,0.15120,0.25340,0.98340,0.16780,0.20740,0.23850,0.19600,0.16720,1.04300,0.16350,0.21430,0.18680,0.13840,0.19080,0.88110,0.17310,0.19290,0.20370,0.18460,0.16670,1.03730,0.15440,0.18010,0.11520,0.13830,0.13760,0.66600,0.15450,0.17160,0.15800,0.16640,0.16170,1.05960,0.15290,0.13050,0.25630,0.13190,0.29400,0.14380,0.30500,0.15110,0.18410,0.15430,0.19500,0.14690,0.21760,0.09220,0.18800,1.09160,0.25920,0.17040,0.25220,0.33330,0.17130,0.16810,0.17440,1.02930,0.16000,0.44940,0.13620,1.03810,0.18940,0.14700,0.19660,0.27350,0.14850,0.16360,0.14850,1.02510,0.16090,0.34470,0.09130,0.72380,0.10250,0.11710,0.11610,0.17680,0.12740,0.13420,0.12510,1.02020,0.10250,0.23470

