420

Time,A1,A2,A3,A4,A5,A6,A7,A8,A9,A10,A11,A12,B1,B2,B3,B4,B5,B6,B7,B8,B9,B10,B11,B12,C1,C2,C3,C4,C5,C6,C7,C8,C9,C10,C11,C12,D1,D2,D3,D4,D5,D6,D7,D8,D9,D10,D11,D12,E1,E2,E3,E4,E5,E6,E7,E8,E9,E10,E11,E12,F1,F2,F3,F4,F5,F6,F7,F8,F9,F10,F11,F12,G1,G2,G3,G4,G5,G6,G7,G8,G9,G10,G11,G12,H1,H2,H3,H4,H5,H6,H7,H8,H9,H10,H11,H12
0:00:09,0.10540,0.08200,0.08940,0.08720,0.09690,0.08950,0.14190,0.07670,0.23530,0.08350,0.10060,0.49560,0.08950,0.09590,0.09170,0.09540,0.09760,0.09640,0.12710,0.20580,0.19400,0.09800,0.09140,0.09640,0.08720,0.08860,0.09660,0.09470,0.08760,0.08640,0.09960,0.18860,0.14290,0.09180,0.08590,0.08670,0.08460,0.08950,0.08530,0.08910,0.07840,0.09010,0.08740,0.15220,0.08680,0.09120,0.08040,0.09960,0.09250,0.08520,0.09500,0.08470,0.09420,0.08500,0.36070,0.08310,0.09860,0.08320,0.15160,0.07920,0.09120,0.08970,0.08490,0.08710,0.08820,0.08920,0.30430,0.23270,0.09680,0.25230,0.14050,0.11010,0.08640,0.08550,0.08360,0.08600,0.14170,0.08410,0.20680,0.19820,0.09460,0.22320,0.11500,0.31920,0.08460,0.08250,0.08340,0.09550,0.08610,0.08260,0.08140,0.14680,0.09450,0.30100,0.08160,0.07770
0:01:49,0.09960,0.08100,0.08660,0.08570,0.09790,0.08830,0.15790,0.07650,0.30770,0.08320,0.10350,0.50340,0.08900,0.09530,0.09040,0.09720,0.09710,0.09670,0.13730,0.26920,0.24370,0.10120,0.09340,0.09830,0.08660,0.08860,0.09580,0.09580,0.08790,0.08630,0.10540,0.23280,0.16860,0.09380,0.08720,0.08780,0.08420,0.08910,0.08490,0.08890,0.07800,0.08980,0.08560,0.18110,0.08660,0.09210,0.08130,0.09930,0.08980,0.08480,0.09200,0.08450,0.09430,0.08470,0.47220,0.08260,0.10020,0.08290,0.19110,0.07890,0.09080,0.08800,0.08420,0.08620,0.08700,0.08670,0.37660,0.29100,0.09720,0.31870,0.18260,0.10650,0.08520,0.08400,0.08300,0.08520,0.14050,0.08370,0.25190,0.23490,0.11670,0.27120,0.12930,0.33200,0.08430,0.08250,0.08320,0.09370,0.08570,0.08210,0.08110,0.16910,0.09430,0.33300,0.08160,0.07760
0:03:29,0.09900,0.08060,0.08570,0.07710,0.09980,0.08770,0.17720,0.07640,0.37970,0.08640,0.10650,0.50780,0.08920,0.09390,0.09030,0.09810,0.09740,0.09610,0.15020,0.32830,0.29460,0.10360,0.09580,0.09930,0.08670,0.08880,0.09520,0.09450,0.08780,0.08650,0.11260,0.27870,0.19530,0.09560,0.08820,0.08910,0.08380,0.08880,0.08470,0.08850,0.07770,0.08990,0.08550,0.21440,0.08640,0.09260,0.08120,0.09980,0.08930,0.08460,0.08990,0.08420,0.09310,0.08450,0.57960,0.08380,0.10220,0.08270,0.23350,0.07880,0.09040,0.08750,0.08380,0.08610,0.08620,0.08670,0.45310,0.34640,0.09880,0.38060,0.21610,0.10570,0.08430,0.08430,0.08290,0.08460,0.13920,0.08370,0.30500,0.28160,0.11730,0.32030,0.14660,0.32160,0.08400,0.08260,0.08300,0.09310,0.08530,0.08200,0.08100,0.19680,0.09410,0.36350,0.08150,0.07760
0:05:09,0.09880,0.08030,0.08570,0.07690,0.10000,0.08740,0.19780,0.07630,0.44960,0.08610,0.11060,0.53110,0.08910,0.09310,0.09020,0.09710,0.09820,0.09650,0.16380,0.38840,0.34550,0.10670,0.09840,0.10160,0.08650,0.08870,0.09480,0.09430,0.08800,0.08670,0.12010,0.32610,0.22510,0.09680,0.08980,0.09070,0.08370,0.08850,0.08470,0.08840,0.07750,0.08990,0.08580,0.24800,0.08630,0.09340,0.08110,0.10060,0.08910,0.08170,0.08950,0.08410,0.09280,0.08420,0.68450,0.08150,0.10500,0.08300,0.27410,0.07870,0.09010,0.08710,0.08370,0.08600,0.08590,0.08640,0.53510,0.40560,0.09980,0.45310,0.24210,0.10530,0.08410,0.08400,0.08270,0.08410,0.13850,0.08350,0.35600,0.33330,0.11780,0.37310,0.16430,0.31780,0.08380,0.08200,0.08280,0.09280,0.08510,0.08180,0.08090,0.22630,0.09320,0.39490,0.08140,0.07770
0:06:49,0.09870,0.07990,0.08570,0.07670,0.10060,0.08710,0.21890,0.07620,0.51780,0.08590,0.11600,0.53590,0.08900,0.09260,0.08980,0.09600,0.09890,0.09680,0.17810,0.45040,0.39780,0.10990,0.10150,0.10370,0.08590,0.08850,0.09450,0.09400,0.08820,0.08680,0.12780,0.37730,0.25720,0.09840,0.09130,0.09250,0.08350,0.08820,0.08450,0.08820,0.07730,0.08990,0.08610,0.28220,0.08600,0.09460,0.08100,0.10070,0.08900,0.08160,0.08930,0.08380,0.09270,0.08400,0.78690,0.08020,0.10710,0.08230,0.31190,0.07850,0.08910,0.08650,0.08340,0.08580,0.08570,0.08580,0.61250,0.46550,0.10150,0.50830,0.27170,0.10620,0.08380,0.08390,0.08250,0.08410,0.13720,0.08350,0.40410,0.38640,0.11770,0.42370,0.18330,0.31890,0.08360,0.08180,0.08260,0.09240,0.08480,0.08170,0.08070,0.25650,0.09320,0.42470,0.08130,0.07770
0:08:29,0.09850,0.07960,0.08530,0.07660,0.10170,0.08690,0.24190,0.07610,0.58700,0.08580,0.12170,0.54050,0.08900,0.09250,0.08960,0.09540,0.09960,0.09710,0.19240,0.50920,0.45000,0.11300,0.10440,0.10630,0.08570,0.08820,0.09440,0.09370,0.08840,0.08690,0.13600,0.42650,0.29130,0.10020,0.09290,0.09480,0.08330,0.08800,0.08430,0.08800,0.07720,0.09000,0.08630,0.31600,0.08590,0.09590,0.08100,0.10180,0.08860,0.08140,0.08880,0.08370,0.09260,0.08390,0.87660,0.07860,0.10950,0.08220,0.34540,0.07850,0.08840,0.08620,0.08340,0.08570,0.08540,0.08530,0.68520,0.52820,0.10350,0.58690,0.30040,0.10580,0.08380,0.08380,0.08220,0.08400,0.13650,0.08340,0.44960,0.43770,0.11730,0.48160,0.20310,0.31770,0.08350,0.08180,0.08250,0.09210,0.08460,0.08160,0.08060,0.28380,0.09290,0.46030,0.08130,0.07790
0:10:09,0.09870,0.07780,0.08490,0.07650,0.10260,0.08680,0.26150,0.07610,0.64810,0.08560,0.12750,0.54500,0.08920,0.09210,0.08950,0.09490,0.10040,0.09770,0.20750,0.57380,0.50580,0.11680,0.10760,0.10910,0.08560,0.08840,0.09410,0.09380,0.08860,0.08720,0.14390,0.47720,0.31970,0.10250,0.09470,0.09630,0.08330,0.08790,0.08420,0.08790,0.07710,0.09020,0.08660,0.35080,0.08580,0.09900,0.08090,0.10230,0.08810,0.08140,0.08850,0.08360,0.09250,0.08380,0.96820,0.07850,0.11180,0.08210,0.37900,0.07840,0.08790,0.08580,0.08330,0.08560,0.08520,0.08500,0.75690,0.59020,0.10560,0.65910,0.33440,0.10670,0.08370,0.08370,0.08210,0.08400,0.13570,0.08320,0.49480,0.48750,0.11870,0.53800,0.22410,0.31590,0.08340,0.08170,0.08250,0.09180,0.08450,0.08170,0.08060,0.31280,0.09240,0.48190,0.08110,0.07810
0:11:49,0.09890,0.07630,0.08430,0.07640,0.10370,0.08660,0.28680,0.07610,0.70220,0.08560,0.13400,0.55130,0.08950,0.09210,0.08950,0.09440,0.10120,0.09790,0.22150,0.63200,0.55180,0.12070,0.11140,0.11140,0.08570,0.08840,0.09400,0.09360,0.08900,0.08750,0.15190,0.52230,0.34830,0.10480,0.09650,0.09830,0.08470,0.08780,0.08430,0.08800,0.07690,0.09040,0.08690,0.36490,0.08570,0.09720,0.08090,0.10400,0.08800,0.08130,0.08830,0.08350,0.09250,0.08370,1.04290,0.07840,0.11450,0.08200,0.41130,0.07840,0.08790,0.08570,0.08320,0.08560,0.08510,0.08510,0.83020,0.64920,0.10760,0.72260,0.36540,0.10660,0.08370,0.08350,0.08200,0.08410,0.13460,0.08320,0.54660,0.54200,0.11990,0.58580,0.24470,0.31510,0.08330,0.08160,0.08240,0.09150,0.08430,0.08160,0.08050,0.33710,0.09190,0.51540,0.08120,0.07830
0:13:29,0.09940,0.07620,0.08380,0.07630,0.10470,0.08640,0.31210,0.07590,0.76870,0.08540,0.14090,0.55460,0.08960,0.09190,0.08930,0.09400,0.10190,0.09810,0.23560,0.68770,0.60730,0.12370,0.11500,0.11430,0.08940,0.08800,0.09370,0.09360,0.08930,0.08770,0.15970,0.57990,0.37860,0.10730,0.09810,0.09990,0.08460,0.08750,0.08400,0.08790,0.07680,0.09050,0.08700,0.39460,0.08550,0.09810,0.08070,0.10470,0.08780,0.08110,0.08810,0.08340,0.09230,0.08350,1.12060,0.07830,0.11700,0.08190,0.44550,0.07840,0.08780,0.08550,0.08310,0.08570,0.08490,0.08510,0.90210,0.70470,0.10990,0.78700,0.40300,0.10700,0.08370,0.08330,0.08190,0.08400,0.13360,0.08310,0.59540,0.59680,0.12060,0.63980,0.26520,0.31290,0.08310,0.08140,0.08230,0.09120,0.08400,0.08150,0.08030,0.36720,0.09200,0.55270,0.08100,0.07850
0:15:09,0.09940,0.07620,0.08360,0.07630,0.10610,0.08630,0.33480,0.07590,0.83020,0.08530,0.14650,0.56040,0.08990,0.09170,0.08940,0.09390,0.10280,0.09890,0.25050,0.73780,0.64870,0.12760,0.11840,0.11800,0.08090,0.08800,0.09370,0.09340,0.08980,0.08800,0.16740,0.62810,0.41550,0.10990,0.10030,0.10290,0.08420,0.08750,0.08390,0.08790,0.07680,0.09080,0.08730,0.42680,0.08540,0.09950,0.08060,0.10580,0.08780,0.08100,0.08810,0.08330,0.09240,0.08330,1.18530,0.07810,0.11950,0.08180,0.48310,0.07830,0.08800,0.08560,0.08310,0.08580,0.08490,0.08500,0.96710,0.76170,0.11210,0.86800,0.44380,0.10810,0.08360,0.08340,0.08190,0.08410,0.13280,0.08320,0.65120,0.64770,0.12100,0.69040,0.28570,0.31430,0.08320,0.08140,0.08220,0.09110,0.08230,0.08160,0.08030,0.39590,0.09160,0.59780,0.08100,0.07870
0:16:49,0.09950,0.07610,0.08360,0.07620,0.10740,0.08610,0.36240,0.07580,0.88570,0.08530,0.15210,0.56490,0.08990,0.09160,0.08940,0.09380,0.10360,0.09950,0.26760,0.78490,0.70440,0.13180,0.12240,0.12120,0.08090,0.08800,0.09360,0.09340,0.09030,0.08850,0.17540,0.68250,0.44660,0.11240,0.10240,0.10420,0.08110,0.08730,0.08390,0.08780,0.07660,0.09090,0.08730,0.45880,0.08530,0.10100,0.08050,0.10700,0.08790,0.08090,0.08780,0.08330,0.09250,0.08320,1.23910,0.07800,0.12270,0.08170,0.52240,0.07820,0.08850,0.08540,0.08290,0.08600,0.08480,0.08500,1.02980,0.81650,0.11410,0.93710,0.47820,0.10870,0.08350,0.08350,0.08180,0.08420,0.13210,0.08300,0.70020,0.69590,0.12240,0.74230,0.30760,0.30810,0.08300,0.08140,0.08210,0.09080,0.07810,0.08150,0.07940,0.42610,0.09120,0.64000,0.08080,0.07890
0:18:29,0.09590,0.07610,0.08360,0.07610,0.10870,0.08590,0.38760,0.07580,0.93520,0.08520,0.15890,0.56770,0.09020,0.09140,0.08950,0.09370,0.10430,0.09980,0.28180,0.83240,0.74900,0.13680,0.12710,0.12470,0.08100,0.08790,0.09340,0.09340,0.09070,0.08920,0.18390,0.72350,0.47500,0.11540,0.10430,0.10700,0.07610,0.08720,0.08380,0.08780,0.07650,0.09130,0.08730,0.49070,0.08520,0.10280,0.08050,0.10760,0.08770,0.08080,0.08770,0.08320,0.09250,0.08320,1.28730,0.07790,0.12540,0.08160,0.56290,0.07820,0.08880,0.08530,0.08300,0.08620,0.08460,0.08470,1.08430,0.86290,0.11640,1.00340,0.50980,0.10930,0.08350,0.08340,0.08190,0.08440,0.13090,0.08300,0.74780,0.74200,0.12380,0.79580,0.32810,0.30480,0.08100,0.08150,0.08200,0.09050,0.07680,0.08150,0.07940,0.45810,0.09090,0.67490,0.08080,0.07910
0:20:09,0.09610,0.07620,0.08370,0.07620,0.11030,0.08590,0.40650,0.07580,0.98640,0.08520,0.16490,0.57220,0.09060,0.09140,0.08960,0.09370,0.10530,0.10040,0.29510,0.87450,0.78640,0.14040,0.13210,0.12830,0.08100,0.08800,0.09340,0.09340,0.09130,0.08980,0.19320,0.77420,0.50560,0.11860,0.10660,0.11070,0.07620,0.08710,0.08380,0.08780,0.07650,0.09180,0.08250,0.52050,0.08520,0.10410,0.08060,0.10900,0.08780,0.08080,0.08760,0.08320,0.09250,0.08310,1.32920,0.07790,0.12860,0.08170,0.60220,0.07820,0.08910,0.08540,0.08300,0.08660,0.08480,0.08470,1.13510,0.90460,0.11860,1.05280,0.54580,0.10980,0.08350,0.08340,0.08190,0.08470,0.13030,0.08300,0.79400,0.78000,0.12450,0.84500,0.34680,0.30090,0.08110,0.08170,0.08210,0.09050,0.07690,0.08150,0.07950,0.48980,0.09080,0.71080,0.08090,0.07940
0:21:49,0.09640,0.07620,0.08370,0.07610,0.11240,0.08590,0.43380,0.07590,1.04370,0.08520,0.17250,0.57650,0.09100,0.09160,0.08970,0.09360,0.10630,0.10130,0.30930,0.91230,0.82460,0.14460,0.13680,0.13170,0.08110,0.08790,0.09340,0.09320,0.09190,0.09020,0.20270,0.79970,0.54010,0.12140,0.10930,0.11210,0.07630,0.08710,0.08390,0.08790,0.07660,0.09210,0.07890,0.55250,0.08510,0.10540,0.08070,0.11030,0.08800,0.08080,0.08760,0.08320,0.09250,0.08320,1.36410,0.07790,0.13200,0.08180,0.64350,0.07810,0.08890,0.08560,0.08310,0.08690,0.08480,0.08490,1.18000,0.94570,0.12100,1.10280,0.58050,0.11060,0.08350,0.08370,0.08190,0.08480,0.12910,0.08320,0.84030,0.81800,0.12570,0.89050,0.36870,0.29690,0.07710,0.08160,0.08210,0.09030,0.07690,0.08150,0.07950,0.52100,0.09050,0.74560,0.08100,0.07970
0:23:29,0.09660,0.07620,0.08370,0.07620,0.11370,0.08590,0.45000,0.07600,1.08840,0.08910,0.18040,0.58150,0.09140,0.09170,0.08970,0.09400,0.10720,0.10180,0.32490,0.94680,0.87830,0.14990,0.14150,0.13570,0.08120,0.08790,0.09320,0.09350,0.09250,0.09080,0.21160,0.84350,0.58060,0.12470,0.11180,0.11580,0.07630,0.08710,0.08400,0.08790,0.07650,0.09230,0.07700,0.58300,0.08520,0.10730,0.08100,0.11170,0.08830,0.07740,0.08750,0.08300,0.09250,0.08310,1.38480,0.07780,0.13480,0.08180,0.68460,0.07810,0.08830,0.08560,0.08310,0.08710,0.08470,0.08470,1.21920,0.98950,0.12300,1.15300,0.61050,0.11130,0.08340,0.08370,0.08190,0.08490,0.12860,0.08320,0.88360,0.85380,0.12520,0.93700,0.38870,0.29500,0.07710,0.08150,0.08200,0.09010,0.07690,0.08150,0.07940,0.54990,0.09020,0.77650,0.08100,0.08000
0:25:09,0.09700,0.07630,0.08390,0.07620,0.11510,0.08590,0.47950,0.07620,1.11520,0.08990,0.18650,0.58710,0.09200,0.09160,0.08990,0.09400,0.10830,0.10270,0.34020,0.97930,0.91600,0.15440,0.14630,0.14030,0.08140,0.08790,0.09320,0.09350,0.09300,0.09140,0.21960,0.89020,0.61210,0.12790,0.11350,0.11940,0.07650,0.08710,0.08400,0.08800,0.07660,0.09250,0.07680,0.61290,0.08530,0.10950,0.08180,0.11340,0.08890,0.07670,0.08740,0.08300,0.09260,0.08310,1.41170,0.07780,0.13830,0.08200,0.72370,0.07800,0.08810,0.08570,0.08310,0.08730,0.08480,0.08480,1.25190,0.95590,0.12540,1.19370,0.64280,0.11240,0.08340,0.08350,0.08190,0.08530,0.12750,0.08330,0.93120,0.89060,0.12700,0.97920,0.40920,0.29180,0.07710,0.08150,0.08190,0.09000,0.07690,0.08150,0.07780,0.58050,0.09000,0.80860,0.08120,0.08030
0:26:49,0.09740,0.07650,0.08410,0.07630,0.11710,0.08610,0.49870,0.07660,1.15390,0.09120,0.19430,0.59120,0.09270,0.09170,0.09020,0.09430,0.10940,0.10380,0.35560,1.00810,0.95250,0.15990,0.15110,0.14550,0.08150,0.08800,0.09340,0.09360,0.09350,0.09200,0.22760,0.84480,0.63910,0.13180,0.11600,0.12310,0.07670,0.08740,0.08410,0.08810,0.07680,0.09290,0.07690,0.64180,0.08560,0.11210,0.08300,0.11620,0.08970,0.07690,0.08740,0.08300,0.09260,0.08300,1.42020,0.07790,0.14140,0.08240,0.76090,0.07810,0.08790,0.08580,0.08330,0.08750,0.08490,0.08470,1.28310,0.98350,0.12820,1.23170,0.67250,0.11350,0.08340,0.08360,0.08200,0.08550,0.12670,0.08330,0.96980,0.92400,0.12740,1.01980,0.42900,0.29200,0.07670,0.08150,0.08200,0.08990,0.07690,0.08150,0.07780,0.61040,0.08980,0.83860,0.08150,0.08050
0:28:29,0.09830,0.07680,0.08440,0.07650,0.11980,0.08650,0.51680,0.07740,1.18800,0.09400,0.20530,0.59720,0.09370,0.09200,0.09070,0.09480,0.11090,0.10480,0.37250,1.03630,0.99270,0.16730,0.15670,0.14980,0.07930,0.08810,0.09380,0.09390,0.09440,0.09280,0.23600,0.88090,0.67290,0.13620,0.11970,0.12730,0.07730,0.08790,0.08440,0.08850,0.07710,0.09360,0.07730,0.66990,0.08630,0.11520,0.08500,0.11980,0.09060,0.07720,0.08760,0.08330,0.09310,0.08310,1.42500,0.07820,0.14540,0.08320,0.79520,0.07820,0.08800,0.08620,0.08370,0.08810,0.08500,0.08480,1.31130,1.01840,0.13010,1.26450,0.69980,0.11520,0.08340,0.08370,0.08210,0.08580,0.12590,0.08360,1.00760,0.96780,0.12880,1.05870,0.44730,0.29080,0.07680,0.08160,0.08020,0.09010,0.07690,0.08160,0.07800,0.64190,0.08970,0.86630,0.08200,0.08110
0:30:09,0.09890,0.07720,0.08470,0.07630,0.12280,0.08690,0.54420,0.07870,1.22490,0.09750,0.21350,0.60140,0.09500,0.09220,0.09120,0.09540,0.11250,0.10650,0.38650,1.03420,1.03380,0.17290,0.16290,0.15600,0.07980,0.08830,0.09440,0.09430,0.09540,0.09360,0.24620,0.88060,0.69900,0.14190,0.12430,0.13200,0.07800,0.08860,0.08490,0.08900,0.07760,0.09460,0.07800,0.69670,0.08720,0.11870,0.08790,0.12320,0.09150,0.07760,0.08770,0.08360,0.09340,0.08310,1.42730,0.07890,0.15010,0.08440,0.83510,0.07830,0.08810,0.08660,0.08410,0.08870,0.08540,0.08530,1.33190,1.04920,0.13310,1.29330,0.72840,0.11650,0.08340,0.08380,0.08230,0.08630,0.12570,0.08390,1.04410,0.99960,0.12990,1.09700,0.46900,0.28910,0.07680,0.08160,0.08040,0.09010,0.07700,0.08180,0.07810,0.67100,0.08940,0.89430,0.08280,0.08160
0:31:49,0.09970,0.07770,0.08520,0.07670,0.12590,0.08760,0.56130,0.08020,1.25530,0.10120,0.22270,0.60430,0.09640,0.09290,0.09200,0.09630,0.11410,0.10810,0.40290,1.05650,1.07490,0.18060,0.16960,0.16170,0.08010,0.08860,0.09520,0.09480,0.09670,0.09460,0.25750,0.90420,0.73020,0.14790,0.12850,0.13660,0.07880,0.08930,0.08550,0.08960,0.07820,0.09580,0.07890,0.72930,0.08860,0.12260,0.10160,0.12660,0.09250,0.07810,0.08800,0.08400,0.09390,0.08330,1.43730,0.07980,0.15470,0.08580,0.87650,0.07840,0.08830,0.08710,0.08430,0.08940,0.08580,0.08550,1.34990,1.07570,0.13680,1.31480,0.76020,0.11850,0.08340,0.08380,0.08250,0.08670,0.12510,0.08410,1.07840,1.03370,0.13200,1.13220,0.49440,0.28950,0.07690,0.08170,0.07740,0.09030,0.07700,0.08180,0.07820,0.70070,0.08970,0.92140,0.08380,0.08210
0:33:29,0.10060,0.07830,0.08590,0.07730,0.12980,0.08880,0.58180,0.08190,1.28350,0.10490,0.23120,0.60610,0.09800,0.09370,0.09300,0.09770,0.11600,0.11030,0.41880,1.07410,1.10920,0.18680,0.17730,0.16860,0.08070,0.08900,0.09600,0.09550,0.09830,0.09590,0.26910,0.92670,0.75870,0.15400,0.13230,0.14120,0.07990,0.09040,0.08630,0.09080,0.07920,0.09730,0.08030,0.76480,0.09020,0.12670,0.10430,0.12980,0.09390,0.07870,0.08830,0.08480,0.09450,0.08360,1.44310,0.08110,0.15940,0.08770,0.91520,0.07870,0.08840,0.08760,0.08500,0.09030,0.08630,0.08600,1.36450,1.09860,0.13930,1.33700,0.79140,0.12030,0.08350,0.08390,0.08290,0.08720,0.12490,0.08470,1.10950,1.06680,0.13340,1.16500,0.51860,0.28720,0.07700,0.08180,0.07770,0.09060,0.07700,0.08210,0.07860,0.72980,0.08970,0.95100,0.08510,0.08280
0:35:09,0.10190,0.07910,0.08690,0.07830,0.13510,0.09050,0.60010,0.08360,1.30430,0.10820,0.24050,0.61150,0.09990,0.09590,0.09410,0.09920,0.11860,0.11280,0.43710,1.08890,1.14190,0.19380,0.18520,0.17510,0.08140,0.08960,0.09720,0.09650,0.10030,0.09780,0.28160,0.95320,0.79060,0.15980,0.13660,0.14550,0.08130,0.09170,0.08750,0.09230,0.08050,0.09940,0.08200,0.76150,0.09220,0.13090,0.10410,0.13330,0.09550,0.07950,0.08880,0.08580,0.09550,0.08400,1.43850,0.08260,0.16450,0.08980,0.95320,0.07920,0.08860,0.08850,0.08580,0.09140,0.08720,0.08670,1.37490,1.11820,0.14230,1.35420,0.82010,0.12250,0.08350,0.08400,0.08340,0.08780,0.12510,0.08530,1.13880,1.09670,0.13560,1.19470,0.54170,0.28900,0.07720,0.08200,0.07810,0.09110,0.07710,0.08240,0.07890,0.75710,0.08980,0.97780,0.08640,0.08370
0:36:49,0.10330,0.07980,0.08780,0.07930,0.13800,0.09200,0.62010,0.08520,1.32110,0.11150,0.24900,0.61130,0.10190,0.09670,0.09550,0.10060,0.12110,0.11530,0.45360,1.10070,1.17160,0.20020,0.19280,0.18180,0.08210,0.09020,0.09850,0.09780,0.10240,0.09990,0.29350,0.97350,0.82030,0.16550,0.14210,0.14990,0.08250,0.09290,0.08870,0.09380,0.08200,0.10150,0.08360,0.71530,0.09400,0.13490,0.10010,0.13670,0.09720,0.08050,0.08940,0.08700,0.09670,0.08450,1.43570,0.08430,0.16980,0.09190,0.98870,0.07970,0.08890,0.08930,0.08650,0.09280,0.08820,0.08760,1.38270,1.13730,0.14590,1.37070,0.84700,0.12470,0.08360,0.08420,0.08410,0.08870,0.12560,0.08620,1.16530,1.12500,0.13720,1.22170,0.56280,0.28890,0.07740,0.08240,0.07860,0.09160,0.07730,0.08290,0.07940,0.78380,0.09000,1.00380,0.08790,0.08450
0:38:29,0.10490,0.08060,0.08880,0.08060,0.14210,0.09370,0.63910,0.08690,1.33050,0.11440,0.25720,0.61400,0.10410,0.09770,0.09680,0.10230,0.12390,0.11780,0.47050,1.11200,1.19870,0.20810,0.19980,0.18820,0.08320,0.09100,0.09970,0.09930,0.10430,0.10190,0.30440,0.99540,0.84860,0.17090,0.14780,0.15430,0.08410,0.09430,0.09000,0.09560,0.08350,0.10370,0.08520,0.74980,0.09570,0.13890,0.10030,0.14030,0.09900,0.08150,0.09000,0.08840,0.09810,0.08520,1.43590,0.08590,0.17510,0.09380,1.02080,0.08050,0.08920,0.09030,0.08750,0.09430,0.08940,0.08840,1.38670,1.15360,0.14980,1.38430,0.87370,0.12710,0.08370,0.08460,0.08490,0.08990,0.12560,0.08710,1.18940,1.15360,0.14040,1.24670,0.58410,0.28660,0.07750,0.08280,0.07920,0.09240,0.07750,0.08340,0.08000,0.80970,0.09060,1.02360,0.08960,0.08560
0:40:09,0.10660,0.08140,0.08990,0.08190,0.14640,0.09530,0.65850,0.08870,1.34170,0.11720,0.26810,0.61490,0.10590,0.09860,0.09810,0.10410,0.12680,0.12020,0.48740,1.12030,1.22130,0.21610,0.21550,0.19450,0.08420,0.09200,0.10080,0.10090,0.10630,0.10390,0.31460,1.01970,0.87360,0.17650,0.15380,0.15900,0.08570,0.09570,0.09120,0.09740,0.08510,0.10580,0.08680,0.79220,0.09760,0.14310,0.10220,0.14450,0.10080,0.08260,0.09090,0.09000,0.09970,0.08600,1.43280,0.08750,0.18020,0.09570,1.04980,0.08120,0.08950,0.09120,0.08850,0.09570,0.09060,0.08940,1.38970,1.16510,0.15360,1.39470,0.89910,0.12920,0.08370,0.08490,0.08560,0.09110,0.12580,0.08810,1.21170,1.17840,0.14320,1.26900,0.60460,0.28890,0.07780,0.08330,0.07980,0.09300,0.07770,0.08400,0.08080,0.83460,0.09130,1.04840,0.09110,0.08670
0:41:48,0.10840,0.08220,0.09080,0.08300,0.15040,0.09680,0.67870,0.09030,1.34970,0.11990,0.28320,0.61650,0.10780,0.09960,0.09940,0.10580,0.12950,0.12250,0.50300,1.12480,1.24110,0.22400,0.21770,0.20040,0.08550,0.09280,0.10200,0.10250,0.10810,0.10570,0.32470,1.03910,0.89810,0.18210,0.15910,0.16370,0.08710,0.09690,0.09240,0.09900,0.08640,0.10770,0.08830,0.81780,0.09940,0.14740,0.10470,0.14780,0.10250,0.08360,0.09160,0.09140,0.10110,0.08670,1.43020,0.08900,0.18500,0.09750,1.07730,0.08180,0.08980,0.09220,0.08950,0.09720,0.09180,0.09040,1.39170,1.17720,0.15740,1.40150,0.92400,0.13140,0.08370,0.08530,0.08630,0.09240,0.12620,0.08910,1.23050,1.19910,0.14420,1.28800,0.62480,0.28710,0.07810,0.08370,0.08030,0.09380,0.07780,0.08460,0.08140,0.85910,0.09170,1.07270,0.09270,0.08770
0:43:29,0.10980,0.08300,0.09190,0.08430,0.15450,0.09820,0.70060,0.09230,1.35460,0.12260,0.29250,0.61690,0.10940,0.10070,0.10030,0.10710,0.13200,0.12490,0.51850,1.12660,1.25900,0.23070,0.22520,0.20640,0.08670,0.09370,0.10330,0.10380,0.11000,0.10750,0.33510,1.05520,0.92170,0.18770,0.16420,0.16840,0.08860,0.09800,0.09360,0.10050,0.08780,0.10960,0.08980,0.84160,0.10120,0.15150,0.10740,0.15200,0.10420,0.08460,0.09280,0.09290,0.10250,0.08780,1.42410,0.09040,0.19010,0.09960,1.10380,0.08290,0.09030,0.09340,0.09070,0.09890,0.09320,0.09150,1.39230,1.18680,0.16140,1.40900,0.94880,0.13360,0.08380,0.08590,0.08730,0.09380,0.12640,0.09010,1.24840,1.21840,0.14710,1.30710,0.64480,0.28810,0.07840,0.08420,0.08110,0.09480,0.07810,0.08530,0.08230,0.88250,0.09270,1.09480,0.09430,0.08890
0:45:09,0.11100,0.08380,0.09280,0.08530,0.15830,0.09960,0.72210,0.09400,1.35860,0.12550,0.30120,0.61500,0.11090,0.10150,0.10150,0.10830,0.13440,0.12730,0.53340,1.12810,1.27570,0.23780,0.23190,0.21200,0.08790,0.09450,0.10450,0.10520,0.11180,0.10930,0.34540,1.06910,0.94420,0.19340,0.16910,0.17290,0.09010,0.09920,0.09470,0.10180,0.08920,0.11130,0.09150,0.86200,0.10340,0.15590,0.11010,0.15560,0.10580,0.08560,0.09370,0.09410,0.10390,0.08890,1.41520,0.09200,0.19510,0.10190,1.12800,0.08390,0.09070,0.09430,0.09170,0.10040,0.09440,0.09250,1.39300,1.19400,0.16530,1.41340,0.97220,0.13590,0.08390,0.08620,0.08820,0.09500,0.12670,0.09100,1.26450,1.23440,0.14890,1.32240,0.66430,0.28670,0.07880,0.08460,0.08170,0.09570,0.07850,0.08610,0.08310,0.90510,0.09340,1.11490,0.09570,0.08990
0:46:49,0.11260,0.08480,0.09380,0.08670,0.16240,0.10130,0.74220,0.09600,1.36310,0.12830,0.31030,0.61560,0.11240,0.10250,0.10280,0.10990,0.13710,0.12970,0.54900,1.13030,1.29030,0.24410,0.23890,0.21780,0.08930,0.09550,0.10600,0.10670,0.11410,0.11140,0.35600,1.08230,0.96710,0.19920,0.17410,0.17740,0.09150,0.10070,0.09610,0.10350,0.09090,0.11340,0.09340,0.88210,0.10540,0.16030,0.11290,0.15890,0.10750,0.08660,0.09490,0.09560,0.10530,0.09020,1.41080,0.09390,0.20040,0.10430,1.15190,0.08490,0.09130,0.09540,0.09280,0.10210,0.09570,0.09380,1.39320,1.20060,0.16940,1.41730,0.99500,0.13860,0.08410,0.08690,0.08920,0.09640,0.12780,0.09210,1.27880,1.24930,0.15100,1.33740,0.68340,0.28900,0.07930,0.08520,0.08260,0.09670,0.07890,0.08710,0.08410,0.92710,0.09430,1.13550,0.09750,0.09130
0:48:29,0.11390,0.08580,0.09480,0.08790,0.16630,0.10300,0.76240,0.09770,1.36690,0.13110,0.31940,0.61580,0.11390,0.10320,0.10410,0.11140,0.13970,0.13230,0.56400,1.13230,1.30130,0.25080,0.24580,0.22330,0.09060,0.09620,0.10760,0.10790,0.11620,0.11360,0.36650,1.09280,0.98840,0.20480,0.17870,0.18180,0.09280,0.10190,0.09730,0.10480,0.09250,0.11540,0.09520,0.90060,0.10760,0.16480,0.11540,0.16270,0.10880,0.08760,0.09590,0.09690,0.10680,0.09140,1.40840,0.09570,0.20560,0.10660,1.17380,0.08620,0.09180,0.09630,0.09380,0.10350,0.09690,0.09500,1.39200,1.20260,0.17360,1.42050,1.01700,0.14140,0.08410,0.08740,0.09000,0.09770,0.12840,0.09320,1.29170,1.26350,0.15430,1.34970,0.70270,0.28830,0.07980,0.08570,0.08330,0.09770,0.07930,0.08790,0.08490,0.94810,0.09500,1.15250,0.09920,0.09260
0:50:09,0.11540,0.08680,0.09570,0.08900,0.16970,0.10480,0.78200,0.09940,1.37030,0.13370,0.31410,0.61240,0.11520,0.10410,0.10530,0.11280,0.14240,0.13490,0.57890,1.13350,1.31380,0.25700,0.25260,0.22880,0.09180,0.09710,0.10890,0.10930,0.11830,0.11570,0.37690,1.10260,1.00950,0.21010,0.18340,0.18630,0.09400,0.10330,0.09860,0.10630,0.09410,0.11740,0.09710,0.91950,0.10950,0.16890,0.11790,0.16640,0.11030,0.08860,0.09680,0.09820,0.10820,0.09250,1.40660,0.09750,0.21070,0.10890,1.19340,0.08710,0.09240,0.09730,0.09490,0.10500,0.09810,0.09600,1.39070,1.20390,0.17760,1.42310,1.03760,0.14380,0.08420,0.08790,0.09090,0.09880,0.12880,0.09420,1.30300,1.27580,0.15670,1.36120,0.72130,0.28880,0.08020,0.08610,0.08400,0.09860,0.07970,0.08900,0.08570,0.96820,0.09580,1.17020,0.10080,0.09360
0:51:49,0.11660,0.08790,0.09680,0.09020,0.17320,0.10680,0.80080,0.10100,1.37130,0.13620,0.32260,0.61140,0.11670,0.10510,0.10670,0.11440,0.14510,0.13770,0.59330,1.13490,1.32270,0.26330,0.25920,0.23420,0.09290,0.09800,0.11050,0.11070,0.12050,0.11800,0.38730,1.11180,1.02930,0.21550,0.18790,0.19060,0.09530,0.10490,0.10000,0.10800,0.09570,0.11970,0.09880,0.93710,0.11140,0.17310,0.12070,0.16940,0.11160,0.08970,0.09790,0.09950,0.10980,0.09360,1.40240,0.09920,0.21580,0.11120,1.21080,0.08800,0.09300,0.09840,0.09600,0.10650,0.09940,0.09740,1.38900,1.20590,0.18210,1.42370,1.05800,0.14650,0.08430,0.08860,0.09180,0.10010,0.12950,0.09540,1.31340,1.28640,0.15930,1.37030,0.74020,0.28730,0.08080,0.08680,0.08480,0.09960,0.08030,0.09010,0.08660,0.98800,0.09690,1.18800,0.10250,0.09480
0:53:29,0.11800,0.08900,0.09810,0.09140,0.17660,0.10870,0.81950,0.10260,1.37220,0.13900,0.33110,0.60760,0.11800,0.10590,0.10820,0.11610,0.14810,0.14050,0.60750,1.13550,1.33020,0.26870,0.26590,0.23940,0.09430,0.09890,0.11200,0.11210,0.12270,0.12030,0.39750,1.11860,1.04810,0.22080,0.19230,0.19500,0.09650,0.10650,0.10140,0.10970,0.09740,0.12210,0.10050,0.95420,0.11330,0.17700,0.12450,0.17300,0.11310,0.09090,0.09900,0.10100,0.11150,0.09480,1.40170,0.10090,0.22100,0.11340,1.22730,0.08910,0.09360,0.09950,0.09710,0.10800,0.10070,0.09870,1.38710,1.20900,0.18620,1.42590,1.07740,0.14920,0.08460,0.08920,0.09270,0.10120,0.13050,0.09660,1.32200,1.29600,0.16090,1.37940,0.75810,0.28900,0.08120,0.08720,0.08550,0.10060,0.08070,0.09100,0.08750,1.00680,0.09780,1.20670,0.10430,0.09620
0:55:09,0.11920,0.09000,0.09920,0.09260,0.18000,0.11060,0.83700,0.10420,1.37190,0.14140,0.33920,0.60550,0.11930,0.10780,0.10940,0.11780,0.15070,0.14330,0.62220,1.13610,1.33690,0.27430,0.27250,0.24480,0.09540,0.09990,0.11350,0.11370,0.12480,0.12230,0.40760,1.12470,1.06600,0.22590,0.19680,0.19940,0.09770,0.10790,0.10280,0.11130,0.09900,0.12440,0.10220,0.96980,0.11510,0.18100,0.12670,0.17630,0.11440,0.09210,0.10010,0.10240,0.11300,0.09590,1.39890,0.10260,0.22590,0.11550,1.24130,0.09010,0.09470,0.10060,0.09820,0.10940,0.10210,0.10020,1.38470,1.21090,0.19070,1.42520,1.09620,0.15170,0.08460,0.08980,0.09370,0.10240,0.13100,0.09780,1.32970,1.30390,0.16380,1.38700,0.77570,0.28860,0.08190,0.08770,0.08630,0.10150,0.08130,0.09180,0.08840,1.02470,0.09890,1.21860,0.10620,0.09760
0:56:49,0.12050,0.09110,0.10060,0.09390,0.18340,0.11230,0.85390,0.10570,1.37090,0.14390,0.34760,0.60190,0.12060,0.10950,0.11090,0.11960,0.15350,0.14590,0.63660,1.13670,1.34330,0.27990,0.27900,0.25010,0.09660,0.10090,0.11500,0.11530,0.12690,0.12450,0.41760,1.13150,1.08400,0.23100,0.20110,0.20370,0.09890,0.10960,0.10420,0.11320,0.10050,0.12680,0.10380,0.98480,0.11300,0.18510,0.12890,0.17990,0.11580,0.09320,0.10120,0.10390,0.11490,0.09720,1.39750,0.10410,0.23070,0.11750,1.25490,0.09120,0.09550,0.10180,0.09940,0.11110,0.10360,0.10170,1.38280,1.21280,0.19480,1.42630,1.11440,0.15430,0.08490,0.09040,0.09460,0.10360,0.13200,0.09910,1.33650,1.31140,0.16630,1.39320,0.79310,0.28990,0.08230,0.08830,0.08720,0.10260,0.08180,0.09280,0.08940,1.04230,0.09980,1.23520,0.10810,0.09920
0:58:29,0.12190,0.09210,0.10180,0.09520,0.18680,0.11410,0.87070,0.10730,1.36980,0.14620,0.35570,0.59850,0.12190,0.11070,0.11230,0.12130,0.15600,0.14860,0.65000,1.13710,1.34780,0.28700,0.28550,0.25540,0.09760,0.10200,0.11650,0.11700,0.12900,0.12660,0.42740,1.13650,1.10060,0.23610,0.20550,0.20800,0.10020,0.11110,0.10550,0.11490,0.10200,0.12910,0.10540,0.99880,0.11470,0.18860,0.13110,0.18340,0.11720,0.09450,0.10250,0.10550,0.11660,0.09850,1.39430,0.10570,0.23560,0.11950,1.26660,0.09250,0.09620,0.10310,0.10080,0.11280,0.10510,0.10320,1.38080,1.21360,0.19900,1.42590,1.13170,0.15690,0.08500,0.09100,0.09570,0.10480,0.13250,0.10040,1.34240,1.31730,0.16930,1.39850,0.81020,0.29040,0.08300,0.08890,0.08800,0.10360,0.08230,0.09380,0.09040,1.05870,0.10100,1.24590,0.10990,0.10060
1:00:09,0.12300,0.09310,0.10290,0.09640,0.19020,0.11570,0.88690,0.10870,1.36850,0.14850,0.36370,0.59500,0.12320,0.11140,0.11370,0.12290,0.15860,0.15100,0.66400,1.13650,1.35210,0.29300,0.29170,0.26040,0.09870,0.10300,0.11790,0.11860,0.13220,0.12860,0.43690,1.14030,1.11580,0.24080,0.20960,0.21210,0.10150,0.11250,0.10670,0.11660,0.10350,0.13120,0.10690,1.01160,0.11640,0.19240,0.13320,0.18640,0.11860,0.09560,0.10370,0.10710,0.11830,0.09980,1.39200,0.10710,0.24030,0.12140,1.27690,0.09370,0.09680,0.10420,0.10190,0.11440,0.10660,0.10460,1.37850,1.21450,0.20310,1.42490,1.14800,0.15940,0.08530,0.09170,0.09670,0.10610,0.13380,0.10160,1.34680,1.32210,0.17110,1.40270,0.82610,0.29030,0.08350,0.08940,0.08890,0.10470,0.08290,0.09470,0.09140,1.07470,0.10190,1.25810,0.11170,0.10210

