Corrected [600]
	1	2	3	4	5	6	7	8	9	10	11	12
A	0.35959	0.07799	0.28332	0.06531	0.30124	0.07603	0.27167	0.07670	0.27679	0.07683	0.28141	0.07765	Corrected [600]
B	0.26732	0.34292	0.23184	0.32568	0.24753	0.34230	0.22346	0.32626	0.22011	0.30121	0.21476	0.29207	Corrected [600]
C	0.17379	0.26339	0.15646	0.24962	0.15697	0.26583	0.15472	0.25149	0.15269	0.23002	0.14809	0.22113	Corrected [600]
D	0.07819	0.16283	0.07884	0.17007	0.07793	0.17432	0.07648	0.16262	0.07603	0.15262	0.07703	0.14689	Corrected [600]
E	0.33316	0.07574	0.34716	0.07810	0.41407	0.07648	0.34304	0.07810	0.34362	0.07665	0.31661	0.07653	Corrected [600]
F	0.23638	0.36000	0.25648	0.34948	0.25993	0.33801	0.24747	0.33816	0.25065	0.32336	0.24187	0.33155	Corrected [600]
G	0.15344	0.27096	0.16466	0.26492	0.16319	0.25200	0.16483	0.25234	0.16319	0.23613	0.15068	0.24650	Corrected [600]
H	0.07866	0.17979	0.07737	0.15469	0.07603	0.15440	0.07875	0.15239	0.07771	0.15024	0.07776	0.15984	Corrected [600]

