420

Time,A1,A2,A3,A4,A5,A6,A7,A8,A9,A10,A11,A12,B1,B2,B3,B4,B5,B6,B7,B8,B9,B10,B11,B12,C1,C2,C3,C4,C5,C6,C7,C8,C9,C10,C11,C12,D1,D2,D3,D4,D5,D6,D7,D8,D9,D10,D11,D12,E1,E2,E3,E4,E5,E6,E7,E8,E9,E10,E11,E12,F1,F2,F3,F4,F5,F6,F7,F8,F9,F10,F11,F12,G1,G2,G3,G4,G5,G6,G7,G8,G9,G10,G11,G12,H1,H2,H3,H4,H5,H6,H7,H8,H9,H10,H11,H12
0:00:34,0.12140,0.08410,0.13180,0.09090,0.10310,0.08570,0.11920,0.08280,0.10500,0.08350,0.10030,0.09250,0.10080,0.16230,0.11230,0.10210,0.09630,0.11060,0.10110,0.10310,0.09810,0.09840,0.11120,0.10780,0.09240,0.14630,0.09430,0.12040,0.10330,0.09810,0.11420,0.09250,0.09220,0.09120,0.10300,0.09780,0.08210,0.11890,0.08530,0.09570,0.08400,0.09820,0.07600,0.09210,0.07570,0.09010,0.08780,0.09650,0.10670,0.08940,0.12500,0.08450,0.11700,0.07490,0.18650,0.08960,0.13550,0.08390,0.10020,0.07670,0.08680,0.11140,0.11990,0.15940,0.10230,0.10270,0.09940,0.15240,0.11150,0.10810,0.12250,0.10480,0.09810,0.09590,0.08850,0.14010,0.09020,0.10300,0.09380,0.10250,0.09830,0.08800,0.08600,0.09450,0.08470,0.08940,0.08130,0.10790,0.08240,0.09280,0.08190,0.09070,0.07680,0.09030,0.07650,0.08610
0:10:34,0.12010,0.07950,0.12430,0.08750,0.10820,0.08490,0.11510,0.08380,0.10220,0.08110,0.09740,0.08520,0.09890,0.31260,0.11370,0.10650,0.09770,0.11170,0.09760,0.10620,0.09680,0.09670,0.10650,0.10790,0.09210,0.25750,0.09310,0.11810,0.10280,0.10210,0.10880,0.09400,0.09290,0.09150,0.10010,0.09630,0.08140,0.18890,0.08320,0.09450,0.08240,0.09730,0.07490,0.09100,0.07480,0.09050,0.07620,0.09570,0.10010,0.08940,0.12820,0.08250,0.12180,0.07410,0.17460,0.08870,0.12910,0.07870,0.09870,0.07530,0.08510,0.10540,0.11910,0.15790,0.10420,0.10690,0.09510,0.14400,0.10720,0.08990,0.11360,0.10430,0.09470,0.09480,0.09010,0.13850,0.09250,0.10420,0.09460,0.08760,0.09880,0.08890,0.08820,0.09510,0.08390,0.08670,0.07980,0.12070,0.08120,0.09160,0.08100,0.09140,0.07620,0.08570,0.07570,0.08800
0:20:34,0.12390,0.07930,0.12670,0.08700,0.11490,0.08470,0.11360,0.08330,0.10550,0.08080,0.09790,0.08370,0.09690,0.49570,0.11290,0.11360,0.10310,0.11310,0.09820,0.11040,0.09860,0.09840,0.10700,0.11050,0.09150,0.39540,0.08930,0.12050,0.10350,0.10550,0.10730,0.09590,0.09440,0.09260,0.10100,0.09710,0.07600,0.26420,0.08290,0.09630,0.08140,0.10030,0.07470,0.09150,0.07480,0.09050,0.07620,0.09600,0.09960,0.08920,0.13000,0.08220,0.12700,0.07400,0.17010,0.08920,0.12970,0.07860,0.10240,0.07540,0.08660,0.10410,0.12610,0.15620,0.10940,0.10850,0.09990,0.14080,0.10920,0.09370,0.11550,0.11320,0.09380,0.09520,0.09360,0.13800,0.09540,0.10180,0.09630,0.09190,0.09870,0.09320,0.08930,0.10180,0.08390,0.08660,0.07950,0.11870,0.08080,0.09290,0.08090,0.09300,0.07610,0.08670,0.07590,0.09100
0:30:34,0.12610,0.07950,0.13170,0.08730,0.12870,0.08530,0.11550,0.08010,0.11560,0.08140,0.10120,0.08040,0.10020,0.70310,0.11610,0.12310,0.11210,0.12070,0.10070,0.11800,0.10460,0.10370,0.10870,0.11440,0.09340,0.53040,0.09190,0.12220,0.10530,0.11010,0.10660,0.10110,0.09740,0.09650,0.10030,0.09090,0.07640,0.34160,0.08320,0.09940,0.08150,0.10190,0.07490,0.09390,0.07510,0.09240,0.07670,0.09910,0.09800,0.08930,0.14190,0.08220,0.13370,0.07440,0.17910,0.08830,0.13620,0.07900,0.10860,0.07620,0.08720,0.10640,0.13260,0.16280,0.11700,0.11500,0.10750,0.14360,0.11360,0.10010,0.12030,0.10940,0.09310,0.09510,0.09890,0.14330,0.09970,0.10550,0.09970,0.09650,0.10070,0.09840,0.09170,0.10570,0.08430,0.08810,0.07970,0.11890,0.08110,0.09550,0.08130,0.09470,0.07640,0.08920,0.07660,0.09430
0:40:34,0.13020,0.08020,0.14340,0.08810,0.14360,0.08650,0.12300,0.08130,0.12780,0.08030,0.10830,0.08150,0.10540,0.88610,0.12140,0.13320,0.12230,0.13190,0.10450,0.12740,0.11050,0.11040,0.11500,0.12340,0.09590,0.68450,0.08990,0.12740,0.11070,0.11790,0.10610,0.10620,0.10080,0.10150,0.10460,0.09540,0.07720,0.42000,0.08430,0.10400,0.08210,0.10560,0.07570,0.09700,0.07610,0.09500,0.07810,0.09830,0.09880,0.08990,0.15740,0.08240,0.14900,0.07530,0.18970,0.08760,0.14620,0.08010,0.11840,0.07730,0.08900,0.10930,0.14510,0.17500,0.12780,0.12380,0.11680,0.14990,0.12080,0.10740,0.10790,0.12110,0.09410,0.09620,0.10510,0.14850,0.10450,0.11060,0.10310,0.10320,0.10370,0.10380,0.09620,0.10770,0.08480,0.08850,0.08030,0.12040,0.08250,0.09900,0.08200,0.09830,0.07690,0.09350,0.07780,0.09910
0:50:34,0.10920,0.08140,0.15460,0.08130,0.15980,0.08540,0.13040,0.08580,0.14140,0.08350,0.11700,0.08190,0.11040,1.06520,0.10910,0.14850,0.13280,0.14350,0.11180,0.13890,0.11930,0.12010,0.12170,0.13250,0.09940,0.83190,0.09610,0.13850,0.11880,0.12780,0.10970,0.11340,0.10630,0.10900,0.10980,0.10190,0.07880,0.52800,0.08650,0.10940,0.08310,0.10950,0.07790,0.10180,0.07860,0.09940,0.08080,0.10270,0.10080,0.09110,0.17810,0.08310,0.16480,0.07750,0.18840,0.08780,0.13500,0.08230,0.12940,0.07940,0.09070,0.11190,0.15770,0.18680,0.14060,0.13630,0.12620,0.15540,0.13090,0.11690,0.11690,0.13750,0.09500,0.09680,0.11270,0.15610,0.11110,0.11840,0.10880,0.11110,0.10800,0.11230,0.10200,0.11820,0.08310,0.09050,0.08140,0.12470,0.08450,0.10460,0.08280,0.10270,0.07800,0.09880,0.07980,0.10000
1:00:34,0.11660,0.08190,0.16930,0.08430,0.17650,0.08710,0.13770,0.08970,0.15820,0.08670,0.12820,0.08390,0.11570,1.19640,0.11730,0.16320,0.14460,0.15580,0.12020,0.15120,0.12250,0.12910,0.12810,0.14170,0.10350,0.96690,0.10200,0.15090,0.12700,0.13730,0.11550,0.12180,0.11040,0.11630,0.11510,0.10710,0.08110,0.66110,0.08230,0.11610,0.08540,0.11550,0.08120,0.10620,0.08220,0.10460,0.08450,0.09690,0.10300,0.09310,0.19920,0.08400,0.18180,0.08090,0.17800,0.08310,0.14380,0.08560,0.13750,0.08140,0.09270,0.11540,0.17240,0.20090,0.15420,0.14680,0.13650,0.16770,0.14150,0.12680,0.12410,0.15160,0.09550,0.10020,0.12060,0.16560,0.11790,0.12980,0.11440,0.11960,0.11420,0.12140,0.10820,0.12840,0.08450,0.09280,0.08300,0.12810,0.08030,0.10900,0.08440,0.10770,0.07940,0.10470,0.08230,0.10340
1:10:34,0.12400,0.08480,0.18330,0.08750,0.19310,0.09090,0.14620,0.09400,0.17520,0.09150,0.14100,0.08630,0.12190,1.27820,0.12700,0.17770,0.15630,0.16820,0.12850,0.16350,0.13180,0.13920,0.13730,0.15020,0.10760,1.08090,0.10840,0.23950,0.13560,0.14650,0.12110,0.13020,0.11870,0.12460,0.12120,0.11390,0.08330,0.72400,0.08480,0.12260,0.08470,0.12230,0.08480,0.11150,0.08620,0.10970,0.08820,0.10080,0.10580,0.09510,0.22000,0.08900,0.16860,0.08410,0.18860,0.08550,0.15310,0.08890,0.14770,0.08320,0.09470,0.11840,0.18550,0.21510,0.16660,0.16020,0.14700,0.16380,0.15240,0.13670,0.13170,0.16470,0.09650,0.10330,0.12880,0.17520,0.12480,0.13260,0.12050,0.12590,0.11090,0.13050,0.11450,0.13880,0.08580,0.09470,0.08170,0.13390,0.08200,0.11480,0.08730,0.11350,0.08100,0.10900,0.08410,0.10950
1:20:34,0.13210,0.08790,0.19700,0.09090,0.20970,0.09460,0.15520,0.09870,0.19150,0.09610,0.15230,0.08940,0.12780,1.32330,0.13630,0.19190,0.16810,0.18060,0.13760,0.17610,0.14180,0.15030,0.14350,0.16100,0.11150,1.16660,0.11400,0.22530,0.14390,0.15560,0.12640,0.13820,0.12680,0.13310,0.12070,0.11860,0.08550,0.80530,0.08750,0.12460,0.08640,0.12940,0.08860,0.11610,0.09030,0.10990,0.09230,0.10430,0.10230,0.09700,0.24020,0.09030,0.18550,0.08750,0.19580,0.08550,0.16210,0.09230,0.15770,0.08480,0.09640,0.12140,0.19890,0.22870,0.17800,0.17230,0.15680,0.17090,0.16200,0.14650,0.13900,0.17790,0.09060,0.10600,0.13640,0.18580,0.13150,0.14050,0.12630,0.13160,0.11150,0.13880,0.12050,0.14700,0.08700,0.09500,0.08350,0.14010,0.08380,0.11630,0.08730,0.11880,0.08220,0.11340,0.08610,0.11450
1:30:34,0.14020,0.09110,0.21060,0.09400,0.22610,0.09710,0.16470,0.10320,0.20730,0.10060,0.16290,0.09430,0.13390,1.34590,0.14550,0.20590,0.17990,0.19290,0.14660,0.16900,0.15230,0.16080,0.14580,0.17000,0.11560,1.22980,0.12050,0.15560,0.15220,0.16520,0.13220,0.14600,0.13300,0.14140,0.12580,0.12470,0.08780,0.87740,0.09040,0.12150,0.08900,0.13600,0.09230,0.12110,0.09410,0.11150,0.09610,0.10810,0.10490,0.09280,0.25950,0.09150,0.20130,0.09090,0.20390,0.08830,0.17110,0.09550,0.16830,0.08670,0.09850,0.12470,0.21260,0.24360,0.18940,0.18410,0.16700,0.17790,0.17150,0.15670,0.14670,0.19180,0.08950,0.10900,0.16220,0.19700,0.13810,0.14830,0.13230,0.13880,0.11690,0.14700,0.12640,0.15590,0.08720,0.09700,0.08550,0.14660,0.08570,0.12140,0.08880,0.12380,0.08360,0.11840,0.08830,0.12000
1:40:34,0.14830,0.09430,0.22410,0.09730,0.24250,0.10110,0.17410,0.10770,0.22250,0.10520,0.17360,0.09930,0.14010,1.35220,0.15470,0.22010,0.19150,0.20520,0.15540,0.18030,0.16250,0.17150,0.15320,0.15990,0.11960,1.19380,0.12740,0.16740,0.15150,0.17540,0.12210,0.15350,0.13830,0.14980,0.13140,0.13070,0.09030,0.94220,0.09300,0.12870,0.09190,0.14300,0.09600,0.12570,0.09790,0.11790,0.10010,0.11160,0.10790,0.09480,0.27830,0.09280,0.21700,0.09440,0.21420,0.09150,0.18130,0.09890,0.18080,0.08900,0.10080,0.12810,0.22590,0.25850,0.20060,0.19610,0.17850,0.18640,0.18010,0.16790,0.15580,0.20630,0.09140,0.11210,0.16390,0.20850,0.14470,0.15540,0.13840,0.14650,0.12270,0.15540,0.13240,0.16480,0.08780,0.09930,0.08770,0.15340,0.08770,0.12570,0.09070,0.12870,0.08530,0.12400,0.09070,0.12510
1:50:34,0.15620,0.09730,0.23710,0.10050,0.25830,0.10480,0.18380,0.11190,0.23680,0.10980,0.18360,0.10400,0.14590,1.34760,0.16370,0.23370,0.20270,0.21690,0.16350,0.19140,0.17210,0.18150,0.16080,0.16100,0.12330,1.22580,0.13370,0.17810,0.15910,0.18510,0.12710,0.16060,0.14280,0.15780,0.13660,0.13660,0.09240,0.90560,0.09590,0.13550,0.09460,0.14960,0.09940,0.13030,0.10180,0.12360,0.10390,0.11520,0.11060,0.09350,0.29610,0.09380,0.23220,0.09760,0.22640,0.09420,0.19200,0.10220,0.19260,0.09100,0.10270,0.13130,0.23810,0.27370,0.21140,0.20750,0.18990,0.19560,0.18860,0.17880,0.16470,0.22010,0.09310,0.11480,0.14340,0.21950,0.15090,0.15720,0.14410,0.15400,0.12830,0.16340,0.13820,0.17360,0.08910,0.10110,0.08970,0.15990,0.08960,0.12980,0.09030,0.13320,0.08670,0.12930,0.09300,0.13020
2:00:34,0.16470,0.10080,0.24400,0.10400,0.27430,0.10890,0.19290,0.11650,0.25120,0.11600,0.19380,0.10940,0.15230,1.34040,0.17300,0.24740,0.21450,0.23260,0.17220,0.19660,0.18230,0.19180,0.16120,0.17230,0.12750,1.24790,0.14040,0.18860,0.16690,0.19480,0.13250,0.16800,0.14850,0.15930,0.14220,0.14260,0.09500,0.94930,0.09900,0.14230,0.09740,0.15630,0.10300,0.13510,0.10560,0.12980,0.10780,0.11930,0.11360,0.09610,0.31370,0.08790,0.24780,0.10080,0.24060,0.09730,0.20340,0.10570,0.20460,0.09360,0.10500,0.13230,0.25040,0.28920,0.22220,0.21910,0.20060,0.20580,0.18390,0.18980,0.17370,0.23450,0.09530,0.12200,0.15070,0.23100,0.15730,0.16520,0.15010,0.16170,0.13410,0.17140,0.14410,0.18270,0.09080,0.09780,0.09180,0.16670,0.09170,0.13410,0.09240,0.13800,0.08840,0.13480,0.09590,0.13520
2:10:34,0.17280,0.10400,0.25630,0.10740,0.28930,0.11250,0.20210,0.12070,0.25010,0.11930,0.20300,0.11440,0.15820,1.24810,0.18190,0.26080,0.22590,0.24370,0.18020,0.20780,0.19200,0.20170,0.16930,0.18230,0.13150,1.25990,0.14690,0.19900,0.17460,0.20430,0.13800,0.17480,0.15420,0.15830,0.14800,0.14780,0.09740,0.98850,0.10210,0.14910,0.10040,0.16290,0.10670,0.13950,0.10940,0.13590,0.11180,0.12260,0.11660,0.09880,0.31800,0.08970,0.26280,0.10410,0.25270,0.10060,0.21400,0.10920,0.21620,0.09610,0.10700,0.12910,0.26220,0.30450,0.23300,0.23040,0.21130,0.21620,0.19340,0.20040,0.18270,0.24830,0.09710,0.12500,0.15750,0.27570,0.16360,0.17290,0.15620,0.16920,0.14010,0.17940,0.15000,0.19130,0.09240,0.09900,0.09410,0.16860,0.09390,0.13450,0.09450,0.14270,0.09030,0.14060,0.09830,0.14000
2:20:34,0.18060,0.10720,0.23620,0.11040,0.30410,0.11620,0.21090,0.12460,0.26360,0.12230,0.21210,0.11940,0.16390,1.24190,0.19070,0.27370,0.23710,0.25440,0.18780,0.21900,0.20150,0.21120,0.17690,0.19210,0.13520,1.26650,0.15320,0.20930,0.18200,0.21320,0.14330,0.17420,0.15960,0.16610,0.15340,0.15390,0.09960,1.02360,0.10490,0.15560,0.10320,0.16210,0.11010,0.14430,0.11300,0.14190,0.11540,0.12700,0.11940,0.10120,0.29860,0.09140,0.27770,0.10720,0.26440,0.10360,0.22500,0.11240,0.22790,0.09840,0.10900,0.13240,0.27340,0.31930,0.24320,0.24110,0.22160,0.22600,0.20250,0.21080,0.19150,0.26230,0.09890,0.12760,0.16440,0.27900,0.16970,0.18060,0.16190,0.17690,0.14600,0.18700,0.15570,0.20040,0.09380,0.10110,0.09610,0.16120,0.09590,0.13890,0.09640,0.14730,0.09190,0.14620,0.10070,0.14490
2:30:34,0.18890,0.11070,0.24770,0.11380,0.31880,0.12000,0.21970,0.12850,0.27660,0.12560,0.22090,0.12420,0.17040,1.23540,0.20000,0.28680,0.24850,0.26530,0.19560,0.23040,0.21090,0.22080,0.18450,0.20270,0.13950,1.26850,0.15990,0.22000,0.18970,0.20700,0.14880,0.18230,0.16470,0.17400,0.15890,0.15960,0.10240,1.05420,0.10830,0.16250,0.10650,0.16850,0.11360,0.14980,0.11660,0.14810,0.11930,0.13200,0.12260,0.10410,0.31490,0.09360,0.29280,0.11050,0.27490,0.10710,0.23590,0.11590,0.23970,0.10140,0.11140,0.13610,0.28480,0.33450,0.25350,0.25200,0.22760,0.23640,0.21190,0.22140,0.20080,0.27670,0.10120,0.11840,0.17180,0.28410,0.17550,0.18860,0.16820,0.18500,0.15220,0.19490,0.16160,0.20950,0.09570,0.10370,0.09850,0.16810,0.09830,0.14360,0.09880,0.15220,0.09410,0.15210,0.10350,0.14970
2:40:33,0.19720,0.11430,0.25980,0.11730,0.33340,0.12380,0.22420,0.13270,0.28930,0.12920,0.22970,0.12900,0.17710,1.22920,0.20930,0.29990,0.26010,0.27600,0.20340,0.24200,0.22050,0.23010,0.19210,0.21370,0.14410,1.26770,0.16690,0.23080,0.19740,0.21590,0.15460,0.19070,0.17050,0.18210,0.16460,0.16580,0.10530,1.08000,0.11190,0.16970,0.10980,0.16660,0.11730,0.15550,0.12040,0.15440,0.12330,0.13760,0.12620,0.10710,0.33120,0.09620,0.30810,0.11410,0.28650,0.11050,0.24720,0.11950,0.25120,0.10460,0.11430,0.14020,0.29640,0.34970,0.26440,0.26310,0.23880,0.24760,0.22150,0.23190,0.21000,0.29100,0.10390,0.12230,0.17950,0.29130,0.18210,0.19670,0.17480,0.19310,0.15870,0.20290,0.16660,0.21890,0.09800,0.10660,0.10130,0.17540,0.10110,0.14850,0.10150,0.15400,0.09670,0.15820,0.10670,0.15460
2:50:34,0.20500,0.11740,0.27120,0.12020,0.34680,0.12700,0.23260,0.13600,0.30090,0.13260,0.23770,0.13330,0.18320,1.22310,0.21800,0.31220,0.27060,0.28590,0.21040,0.25290,0.22910,0.23870,0.19900,0.22390,0.14830,1.26470,0.17330,0.24090,0.20450,0.22440,0.15990,0.19840,0.17560,0.18960,0.16970,0.17130,0.10810,1.10120,0.11510,0.17640,0.11280,0.17340,0.12060,0.16060,0.12370,0.16020,0.12670,0.14180,0.12940,0.11000,0.34740,0.09840,0.32250,0.11730,0.29700,0.11330,0.25760,0.12260,0.26240,0.10740,0.11670,0.14390,0.28520,0.36440,0.27430,0.25940,0.24940,0.25820,0.23070,0.24210,0.21870,0.30500,0.10600,0.12540,0.18660,0.25590,0.18830,0.20430,0.18090,0.20080,0.16470,0.21040,0.17230,0.22750,0.09990,0.10910,0.10380,0.18230,0.10350,0.15250,0.10380,0.15890,0.09880,0.16390,0.10940,0.15920
3:00:34,0.21250,0.12040,0.28260,0.12310,0.36030,0.13010,0.24070,0.13940,0.31230,0.13590,0.24530,0.13740,0.18900,1.21770,0.22640,0.32420,0.28110,0.29500,0.21700,0.26350,0.23770,0.24690,0.20560,0.23390,0.15230,1.25980,0.17950,0.25090,0.21150,0.23260,0.16520,0.20580,0.18120,0.19670,0.17480,0.17750,0.11050,1.11890,0.11800,0.18290,0.11560,0.17990,0.12360,0.16540,0.12680,0.16570,0.13000,0.14600,0.13240,0.11260,0.36340,0.10050,0.33680,0.12020,0.30730,0.11640,0.26810,0.12560,0.27300,0.11020,0.11890,0.14740,0.29580,0.37840,0.28420,0.27000,0.25980,0.26880,0.23930,0.25200,0.22700,0.31850,0.10800,0.12860,0.19350,0.26640,0.19430,0.21160,0.18700,0.20850,0.17060,0.21770,0.17790,0.23640,0.10160,0.11150,0.10610,0.18920,0.10570,0.15650,0.10600,0.16380,0.10090,0.16950,0.11200,0.16390
3:10:34,0.22000,0.12330,0.29360,0.12610,0.37280,0.13300,0.24790,0.14260,0.32330,0.13890,0.25290,0.14110,0.19480,1.21260,0.23490,0.33570,0.29130,0.30440,0.22350,0.27390,0.24600,0.25480,0.21220,0.24380,0.15620,1.25520,0.18570,0.26060,0.21840,0.24080,0.17020,0.21340,0.18650,0.20370,0.17980,0.18400,0.11310,1.13270,0.12090,0.18940,0.11840,0.18630,0.12650,0.17060,0.12980,0.17120,0.13310,0.15060,0.13550,0.11520,0.37940,0.10270,0.35120,0.12310,0.31730,0.11960,0.27830,0.12840,0.28340,0.11290,0.12130,0.15080,0.30650,0.39210,0.29390,0.28040,0.27000,0.27940,0.24810,0.26170,0.23530,0.33200,0.11020,0.13180,0.20070,0.27710,0.20050,0.21910,0.19290,0.21630,0.17650,0.22500,0.18330,0.24540,0.10340,0.11400,0.10840,0.19610,0.10800,0.16070,0.10830,0.16890,0.10310,0.17500,0.11460,0.16840
3:20:34,0.22730,0.12590,0.30450,0.12850,0.38540,0.13580,0.24810,0.14550,0.33410,0.14170,0.26010,0.14470,0.20020,1.20750,0.24300,0.34680,0.30120,0.31300,0.22940,0.28390,0.25380,0.26220,0.21840,0.25350,0.16010,1.25010,0.19170,0.27030,0.22490,0.24850,0.17500,0.22060,0.19170,0.21030,0.18430,0.19040,0.11540,1.14470,0.12360,0.19560,0.12100,0.19240,0.12930,0.17530,0.13240,0.17630,0.13600,0.15460,0.13850,0.11770,0.39480,0.10490,0.36510,0.12570,0.32780,0.12220,0.28840,0.13100,0.29370,0.11540,0.12360,0.15420,0.30870,0.40550,0.30300,0.29060,0.28010,0.28990,0.25660,0.27130,0.24340,0.34530,0.11220,0.13490,0.20780,0.28770,0.20670,0.22640,0.19870,0.22380,0.18210,0.23190,0.18850,0.25400,0.10510,0.11630,0.11060,0.20300,0.11020,0.16480,0.11050,0.17380,0.10500,0.18040,0.11710,0.17300
3:30:34,0.23430,0.12850,0.31510,0.13100,0.39730,0.13850,0.25540,0.14810,0.34470,0.14470,0.26710,0.14800,0.20570,1.20270,0.25110,0.35770,0.31060,0.32170,0.23520,0.29390,0.26150,0.26970,0.22430,0.26300,0.16380,1.24530,0.19760,0.27980,0.23150,0.25630,0.17970,0.22800,0.19690,0.21690,0.18880,0.19710,0.11790,1.15300,0.12630,0.20180,0.12370,0.19860,0.13220,0.18050,0.13510,0.18150,0.13880,0.15900,0.14150,0.12020,0.41000,0.10710,0.37880,0.12850,0.33790,0.12500,0.29810,0.13370,0.30380,0.11810,0.12590,0.15770,0.31920,0.41880,0.31230,0.30080,0.28990,0.30060,0.26490,0.28070,0.25130,0.35840,0.11450,0.13800,0.21490,0.29840,0.21290,0.23370,0.20450,0.23160,0.18780,0.23880,0.19360,0.26280,0.10700,0.11880,0.11290,0.20960,0.11240,0.16890,0.11260,0.17890,0.10710,0.18570,0.11960,0.17730
3:40:34,0.24090,0.13060,0.32530,0.13300,0.40870,0.14090,0.26250,0.15050,0.35490,0.14840,0.27370,0.15100,0.21070,1.19830,0.25880,0.36830,0.31950,0.32980,0.24060,0.30340,0.26880,0.27670,0.23000,0.27190,0.16710,1.24040,0.20310,0.28860,0.23760,0.26350,0.18130,0.23490,0.20170,0.22300,0.19290,0.20250,0.11990,1.15980,0.12840,0.20750,0.12600,0.20410,0.13450,0.18500,0.13740,0.18620,0.14120,0.16260,0.14400,0.12210,0.42460,0.10880,0.39170,0.13070,0.34720,0.12730,0.30730,0.13600,0.31330,0.12020,0.12780,0.15530,0.32960,0.43130,0.32100,0.31040,0.29920,0.31040,0.27270,0.28940,0.25880,0.37060,0.11610,0.14070,0.22140,0.30850,0.21850,0.24060,0.20980,0.23880,0.19290,0.24520,0.19830,0.27070,0.10830,0.12080,0.11470,0.21590,0.11410,0.17230,0.11450,0.18340,0.10880,0.19060,0.12150,0.18180
3:50:34,0.24740,0.13280,0.33520,0.13510,0.42000,0.14310,0.26950,0.15280,0.36470,0.15250,0.28020,0.15350,0.21520,1.19340,0.26620,0.37840,0.32840,0.33780,0.24550,0.31270,0.27590,0.28340,0.23540,0.28070,0.17020,1.23470,0.20840,0.29740,0.24370,0.27080,0.18570,0.24170,0.20630,0.22910,0.19680,0.20840,0.12170,1.16470,0.13060,0.21310,0.12810,0.20940,0.13670,0.18950,0.13950,0.19080,0.14350,0.16630,0.14640,0.12400,0.43890,0.11050,0.40440,0.13280,0.35660,0.12940,0.31620,0.13810,0.32270,0.12220,0.12950,0.15830,0.34000,0.44360,0.32920,0.31980,0.30840,0.31990,0.28040,0.29820,0.26610,0.38300,0.11770,0.14330,0.22790,0.31860,0.22410,0.24740,0.21490,0.24570,0.19810,0.25150,0.20290,0.27890,0.10960,0.12270,0.11650,0.22210,0.11580,0.17570,0.11630,0.18790,0.11040,0.19540,0.12340,0.18590
4:00:34,0.25370,0.13470,0.34500,0.13700,0.43090,0.14510,0.27660,0.15500,0.37420,0.15460,0.28640,0.15600,0.21990,1.18910,0.27330,0.38810,0.33670,0.34570,0.25040,0.32160,0.28280,0.28980,0.24080,0.28910,0.17320,1.22900,0.21340,0.30590,0.24940,0.27740,0.19020,0.24820,0.21080,0.23480,0.20070,0.21390,0.12340,1.16800,0.13250,0.21840,0.12990,0.21470,0.13870,0.19370,0.14150,0.19510,0.14550,0.16960,0.14860,0.12580,0.45270,0.11190,0.41690,0.13490,0.36580,0.13150,0.32520,0.14010,0.33200,0.12370,0.13100,0.16090,0.35010,0.45530,0.33720,0.32890,0.31720,0.32930,0.28790,0.30660,0.27320,0.39510,0.11890,0.14560,0.23410,0.32820,0.22920,0.25390,0.21970,0.25250,0.20300,0.25740,0.20300,0.28660,0.11060,0.12430,0.11800,0.22800,0.11730,0.17880,0.11780,0.19220,0.11190,0.20000,0.12510,0.19030
4:10:34,0.25990,0.13660,0.35450,0.13870,0.44150,0.14690,0.28330,0.15680,0.38370,0.15640,0.29240,0.15820,0.22410,1.18470,0.28040,0.39740,0.34480,0.35300,0.25500,0.33030,0.28950,0.29620,0.24590,0.29730,0.17600,1.22410,0.21850,0.31420,0.25500,0.28440,0.19420,0.25440,0.21520,0.24020,0.20430,0.21940,0.12500,1.17010,0.13430,0.22360,0.13170,0.21970,0.14050,0.19760,0.14330,0.19920,0.14750,0.17290,0.15070,0.12740,0.46640,0.11320,0.42910,0.13660,0.37520,0.13310,0.33390,0.14190,0.34090,0.12540,0.13240,0.16360,0.36000,0.46690,0.34520,0.33780,0.32600,0.33880,0.29530,0.31480,0.28000,0.40660,0.12020,0.14790,0.24020,0.33780,0.23440,0.26020,0.22450,0.25910,0.20770,0.26320,0.20740,0.29420,0.11160,0.12590,0.11930,0.23370,0.11860,0.18180,0.11920,0.19640,0.11320,0.20440,0.12660,0.19410
4:20:34,0.26580,0.13830,0.36390,0.14030,0.45180,0.14880,0.28980,0.15870,0.39280,0.15800,0.29830,0.16020,0.22830,1.18050,0.28720,0.40670,0.35260,0.36020,0.25920,0.33880,0.29580,0.30190,0.25080,0.30500,0.17860,1.21840,0.22320,0.32230,0.26040,0.29060,0.19810,0.26040,0.21920,0.24550,0.20780,0.22430,0.12630,1.17210,0.13590,0.22860,0.13320,0.22430,0.14220,0.20130,0.14490,0.20290,0.14920,0.17570,0.15250,0.12870,0.47950,0.11420,0.44080,0.13820,0.38400,0.13480,0.34210,0.14350,0.34960,0.12690,0.13360,0.16590,0.36950,0.47810,0.35270,0.34640,0.33430,0.34740,0.30250,0.32290,0.28660,0.41790,0.12120,0.14990,0.24590,0.34700,0.23930,0.26630,0.22890,0.26560,0.21240,0.26880,0.21160,0.30170,0.11240,0.12720,0.12060,0.23920,0.11970,0.18460,0.12050,0.20030,0.11430,0.20870,0.12800,0.19860
4:30:34,0.27160,0.14010,0.37310,0.14180,0.46200,0.15050,0.29650,0.16060,0.40200,0.15980,0.30410,0.16230,0.23250,1.17690,0.29410,0.41610,0.36060,0.36740,0.26370,0.34750,0.30240,0.30790,0.25590,0.31310,0.18130,1.21260,0.22800,0.33050,0.26600,0.29740,0.20210,0.26680,0.22370,0.25080,0.21140,0.23050,0.12780,1.17320,0.13750,0.23370,0.13480,0.22920,0.14390,0.20540,0.14680,0.20700,0.15100,0.17940,0.15470,0.13030,0.49260,0.11560,0.45260,0.13990,0.39300,0.13670,0.35080,0.14520,0.35840,0.12880,0.13490,0.16850,0.37920,0.48900,0.36030,0.35510,0.34270,0.35670,0.30980,0.33100,0.29340,0.42940,0.12240,0.15210,0.25200,0.35630,0.24440,0.27260,0.23350,0.27220,0.21700,0.27440,0.21590,0.30960,0.11320,0.12870,0.12190,0.24490,0.12100,0.18810,0.12190,0.20460,0.11560,0.21290,0.12940,0.20270
4:40:34,0.27760,0.14170,0.38220,0.14330,0.47220,0.15210,0.30300,0.16220,0.41070,0.16130,0.30980,0.16420,0.23660,1.17300,0.30090,0.42520,0.36840,0.37460,0.26810,0.35580,0.30850,0.31380,0.26080,0.32100,0.18390,1.20850,0.23280,0.33840,0.27150,0.30400,0.20580,0.27290,0.22790,0.25610,0.21480,0.23610,0.12910,1.17350,0.13910,0.23870,0.13640,0.23390,0.14550,0.20910,0.14840,0.21080,0.15270,0.18250,0.15650,0.13170,0.50550,0.11680,0.46410,0.14150,0.40190,0.13830,0.35870,0.14680,0.36670,0.13040,0.13600,0.17090,0.38860,0.49990,0.36770,0.36370,0.35090,0.36550,0.31670,0.33880,0.30000,0.44050,0.12350,0.15400,0.25770,0.36540,0.24930,0.27860,0.23800,0.27870,0.22160,0.28000,0.22020,0.31720,0.11410,0.13010,0.12310,0.25040,0.12220,0.19120,0.12320,0.20870,0.11680,0.21720,0.13080,0.20700
4:50:34,0.28380,0.14370,0.39200,0.14530,0.48270,0.15410,0.30990,0.16440,0.42010,0.16340,0.31570,0.16670,0.24110,1.16910,0.30790,0.43460,0.37670,0.38190,0.27290,0.36450,0.31540,0.32000,0.26590,0.32900,0.18700,1.20420,0.23790,0.34660,0.27700,0.31080,0.21010,0.27960,0.23250,0.26150,0.21870,0.24290,0.13080,1.17370,0.14100,0.24390,0.13820,0.23900,0.14730,0.21350,0.15040,0.21500,0.15470,0.18670,0.15880,0.13350,0.51830,0.11840,0.47590,0.14350,0.41120,0.14000,0.36740,0.14870,0.37570,0.13250,0.13780,0.17370,0.39840,0.51080,0.37560,0.37240,0.35970,0.37470,0.32420,0.34710,0.30690,0.45220,0.12510,0.15650,0.26410,0.37480,0.25480,0.28540,0.24270,0.28580,0.22640,0.28580,0.22480,0.32560,0.11530,0.13190,0.12470,0.25620,0.12370,0.19560,0.12490,0.21320,0.11840,0.22160,0.13260,0.21150
5:00:34,0.28990,0.14560,0.40110,0.14710,0.49280,0.15610,0.31650,0.16620,0.42890,0.16560,0.32150,0.16880,0.24550,1.16610,0.31490,0.44370,0.38460,0.38920,0.27750,0.37320,0.32210,0.32600,0.27100,0.33710,0.19000,1.20020,0.24290,0.35470,0.28270,0.31750,0.21410,0.28630,0.23700,0.26690,0.22240,0.24970,0.13270,1.17350,0.14300,0.24910,0.14000,0.24390,0.14910,0.21790,0.15230,0.21910,0.15660,0.19100,0.16120,0.13530,0.53120,0.12010,0.48760,0.14530,0.42030,0.14190,0.37590,0.15060,0.38430,0.13450,0.13960,0.17670,0.40800,0.52190,0.38330,0.38120,0.36810,0.38380,0.33150,0.35510,0.31360,0.46340,0.12690,0.15910,0.27060,0.38430,0.26020,0.29190,0.24750,0.29320,0.23130,0.29160,0.22930,0.33400,0.11670,0.13370,0.12630,0.26220,0.12530,0.19970,0.12680,0.21780,0.12000,0.22620,0.13430,0.21580
5:10:34,0.29600,0.14760,0.41020,0.14890,0.50300,0.15800,0.32310,0.16840,0.43780,0.16750,0.32720,0.17090,0.25000,1.16290,0.32200,0.45280,0.39240,0.39630,0.28240,0.38160,0.32860,0.33210,0.27590,0.34490,0.19320,1.19640,0.24790,0.36270,0.28840,0.32430,0.21830,0.29310,0.24170,0.27220,0.22610,0.25670,0.13450,1.17270,0.14480,0.25440,0.14180,0.24890,0.15100,0.22230,0.15420,0.22330,0.15850,0.19560,0.16340,0.13710,0.54370,0.12200,0.49920,0.14700,0.42960,0.14360,0.38440,0.15250,0.39280,0.13660,0.14140,0.17960,0.41760,0.53260,0.39090,0.38990,0.37650,0.39300,0.33890,0.36310,0.32050,0.47490,0.12880,0.16150,0.27700,0.39350,0.26580,0.29860,0.25230,0.30010,0.23620,0.29740,0.23380,0.34230,0.11800,0.13570,0.12800,0.26810,0.12690,0.20370,0.12830,0.22250,0.12160,0.23080,0.13600,0.22000
5:20:34,0.30190,0.14930,0.41920,0.15040,0.51240,0.15950,0.32940,0.17020,0.44650,0.16830,0.33270,0.17260,0.25410,1.16000,0.32850,0.46160,0.40010,0.40330,0.28660,0.38970,0.33490,0.33770,0.28060,0.35230,0.19610,1.19420,0.25270,0.37070,0.29390,0.33080,0.22190,0.29940,0.24610,0.27730,0.22950,0.26280,0.13620,1.17210,0.14660,0.25940,0.14350,0.25360,0.15280,0.22650,0.15590,0.22730,0.16040,0.19950,0.16560,0.13880,0.55580,0.12350,0.51020,0.14870,0.43800,0.14530,0.39220,0.15420,0.40100,0.13840,0.14310,0.18230,0.42690,0.54310,0.39840,0.39820,0.38460,0.40180,0.34590,0.37090,0.32700,0.48560,0.13040,0.16380,0.28320,0.40260,0.27110,0.30500,0.25690,0.30680,0.24070,0.30290,0.23810,0.35000,0.11930,0.13730,0.12950,0.27380,0.12840,0.20720,0.12980,0.22690,0.12300,0.23500,0.13750,0.22380
5:30:34,0.30770,0.15110,0.42790,0.15200,0.52190,0.16110,0.33570,0.17220,0.45500,0.16860,0.33830,0.17460,0.25810,1.15710,0.33520,0.47030,0.40770,0.41030,0.29110,0.39790,0.34120,0.34340,0.28540,0.35990,0.19890,1.19030,0.25740,0.37830,0.29920,0.33710,0.22600,0.30580,0.25020,0.28250,0.23280,0.26910,0.13760,1.17210,0.14840,0.26430,0.14510,0.25820,0.15430,0.23050,0.15760,0.23110,0.16200,0.20350,0.16770,0.14030,0.56790,0.12510,0.52130,0.15030,0.44680,0.14710,0.40040,0.15590,0.40930,0.14030,0.14470,0.18480,0.43610,0.55320,0.40570,0.40670,0.39270,0.41060,0.35280,0.37860,0.33350,0.49650,0.13200,0.16610,0.28930,0.41150,0.27610,0.31140,0.26130,0.31350,0.24530,0.30830,0.24230,0.35780,0.12040,0.13900,0.13090,0.27940,0.12970,0.21070,0.13120,0.23140,0.12430,0.23930,0.13900,0.22800
5:40:34,0.31330,0.15270,0.43670,0.15340,0.53120,0.16270,0.34180,0.17370,0.46350,0.17010,0.34390,0.17650,0.26230,1.15410,0.34180,0.47870,0.41510,0.41710,0.29540,0.40590,0.34730,0.34920,0.28990,0.36710,0.20180,1.18650,0.26210,0.38600,0.30450,0.34350,0.22960,0.31210,0.25450,0.28750,0.23620,0.27520,0.13910,1.17000,0.15000,0.26920,0.14670,0.26270,0.15600,0.23470,0.15890,0.23490,0.16360,0.20730,0.16980,0.14190,0.57960,0.12660,0.53200,0.15190,0.45550,0.14840,0.40800,0.15740,0.41730,0.14210,0.14630,0.18740,0.44530,0.56330,0.41310,0.41490,0.40070,0.41920,0.35960,0.38610,0.33980,0.50680,0.13360,0.16830,0.29530,0.42030,0.28120,0.31750,0.26570,0.32020,0.24970,0.31360,0.24650,0.36560,0.12160,0.14060,0.13230,0.28490,0.13120,0.21410,0.13260,0.23570,0.12580,0.24340,0.14050,0.23200
5:50:34,0.31910,0.15430,0.44530,0.15490,0.54040,0.16430,0.34770,0.17550,0.47200,0.17310,0.34970,0.17830,0.26630,1.15070,0.34810,0.48730,0.42260,0.42400,0.29980,0.41370,0.35350,0.35460,0.29450,0.37420,0.20450,1.18460,0.26670,0.39360,0.30990,0.34970,0.23310,0.31850,0.25890,0.29230,0.23940,0.28120,0.14060,1.16930,0.15160,0.27390,0.14820,0.26720,0.15760,0.23860,0.16050,0.23860,0.16510,0.21050,0.17190,0.14330,0.59130,0.12810,0.54250,0.15350,0.46400,0.15010,0.41590,0.15920,0.42530,0.14370,0.14780,0.19010,0.45420,0.57330,0.42020,0.42290,0.40830,0.42760,0.36630,0.39350,0.34610,0.51740,0.13510,0.17050,0.30130,0.42900,0.28630,0.32370,0.27010,0.32680,0.25420,0.31890,0.25050,0.37320,0.12270,0.14230,0.13370,0.29030,0.13240,0.21750,0.13410,0.24010,0.12710,0.24750,0.14180,0.23600
6:00:34,0.32440,0.15570,0.45360,0.15620,0.54910,0.16580,0.35360,0.17680,0.47980,0.17530,0.35500,0.17990,0.27020,1.14750,0.35460,0.49550,0.42980,0.43050,0.30390,0.42130,0.35940,0.36000,0.29890,0.38130,0.20710,1.18090,0.27100,0.40080,0.31490,0.35570,0.23660,0.32440,0.26310,0.29710,0.24250,0.28690,0.14190,1.16890,0.15310,0.27840,0.14960,0.27140,0.15890,0.24240,0.16190,0.24210,0.16670,0.21370,0.17370,0.14470,0.60260,0.12940,0.55290,0.15480,0.47220,0.15170,0.42360,0.16050,0.43290,0.14520,0.14930,0.19230,0.46300,0.58290,0.42530,0.43080,0.41620,0.43600,0.37290,0.40090,0.35230,0.52740,0.13630,0.17250,0.30710,0.43750,0.29110,0.32980,0.27420,0.33330,0.25860,0.32410,0.25460,0.38080,0.12370,0.14370,0.13490,0.29570,0.13360,0.22080,0.13520,0.24430,0.12830,0.25150,0.14310,0.24020
6:10:34,0.33000,0.15720,0.46190,0.15770,0.55840,0.16710,0.35960,0.17850,0.48800,0.17700,0.36070,0.18160,0.27400,1.14530,0.36110,0.50360,0.43710,0.43730,0.30830,0.42900,0.36560,0.36540,0.30330,0.38840,0.20990,1.17860,0.27560,0.40820,0.32030,0.36190,0.24050,0.33060,0.26760,0.30200,0.24590,0.29330,0.14350,1.16730,0.15470,0.28320,0.15100,0.27610,0.16030,0.24640,0.16350,0.24580,0.16840,0.21810,0.17570,0.14630,0.61390,0.13100,0.56320,0.15630,0.48090,0.15310,0.43120,0.16220,0.44090,0.14680,0.15090,0.19490,0.47180,0.59260,0.43300,0.43890,0.42390,0.44440,0.37980,0.40830,0.35850,0.53800,0.13800,0.17480,0.31310,0.44600,0.29610,0.33600,0.27870,0.34000,0.26300,0.32940,0.25880,0.38850,0.12490,0.14540,0.13630,0.30120,0.13500,0.22450,0.13660,0.24870,0.12960,0.25570,0.14450,0.24410
6:20:34,0.33540,0.15870,0.47020,0.15900,0.56700,0.16860,0.36540,0.18010,0.49620,0.17870,0.36610,0.18330,0.27810,1.14310,0.36740,0.51180,0.44450,0.44410,0.31250,0.43650,0.37170,0.36680,0.30770,0.39530,0.21270,1.17660,0.28010,0.41540,0.32550,0.36800,0.24390,0.33670,0.27170,0.30680,0.24900,0.29910,0.14490,1.16570,0.15630,0.28760,0.15250,0.28060,0.16160,0.25030,0.16490,0.24930,0.16980,0.22210,0.17770,0.14770,0.62490,0.13240,0.57330,0.15780,0.48900,0.15450,0.43870,0.16360,0.44830,0.14850,0.15230,0.19740,0.48040,0.60200,0.44010,0.44660,0.43150,0.45270,0.38620,0.41530,0.36450,0.54740,0.13950,0.17690,0.31880,0.45440,0.30100,0.34190,0.28310,0.34640,0.26740,0.33460,0.26270,0.39580,0.12600,0.14690,0.13760,0.30640,0.13620,0.22770,0.13800,0.25290,0.13080,0.25970,0.14580,0.24800
6:30:34,0.34050,0.16000,0.47830,0.16020,0.57560,0.16980,0.37110,0.18180,0.50360,0.17960,0.37120,0.18470,0.28170,1.14010,0.37330,0.51970,0.45150,0.45050,0.31600,0.44360,0.37740,0.37240,0.31190,0.40180,0.21510,1.17340,0.28430,0.42240,0.33040,0.37360,0.24720,0.34250,0.27570,0.31110,0.25200,0.30480,0.14620,1.16470,0.15750,0.29210,0.15360,0.28480,0.16290,0.25400,0.16600,0.25250,0.17110,0.22630,0.17940,0.14890,0.63570,0.13360,0.58320,0.15900,0.49740,0.15560,0.44610,0.16490,0.45590,0.14990,0.15350,0.19970,0.48860,0.61110,0.44690,0.45420,0.43870,0.46090,0.39250,0.42240,0.37030,0.55730,0.14080,0.17870,0.32430,0.46250,0.30570,0.34770,0.28710,0.35270,0.27150,0.33950,0.26640,0.40310,0.12690,0.14820,0.13860,0.31150,0.13730,0.23080,0.13910,0.25700,0.13190,0.26340,0.14700,0.25170
6:40:34,0.34560,0.16120,0.48610,0.16140,0.58340,0.17110,0.37670,0.18290,0.51150,0.17990,0.37630,0.18600,0.28530,1.13700,0.37940,0.52750,0.45830,0.45680,0.32000,0.45080,0.38290,0.37780,0.31580,0.40840,0.21750,1.17120,0.28840,0.42910,0.33520,0.37940,0.25050,0.34820,0.27980,0.31550,0.25480,0.31030,0.14750,1.16350,0.15890,0.29650,0.15490,0.28880,0.16410,0.25760,0.16740,0.25580,0.17240,0.23030,0.18110,0.15010,0.64600,0.13490,0.59280,0.16020,0.50530,0.15700,0.45300,0.16600,0.46330,0.15130,0.15480,0.20190,0.49690,0.62010,0.45360,0.46150,0.44600,0.46860,0.39890,0.42930,0.37600,0.56650,0.14190,0.18060,0.32980,0.47050,0.31040,0.35340,0.29110,0.35890,0.27530,0.34440,0.27000,0.41020,0.12780,0.14950,0.13960,0.31650,0.13840,0.23370,0.14020,0.26090,0.13290,0.26710,0.14810,0.25530
6:50:34,0.35080,0.16250,0.49380,0.16280,0.59210,0.17240,0.38250,0.18440,0.51950,0.17990,0.38160,0.18770,0.28910,1.13530,0.38550,0.53550,0.46550,0.46370,0.32420,0.45810,0.38870,0.38330,0.32020,0.41490,0.22010,1.16890,0.29260,0.43630,0.34020,0.38520,0.25390,0.35410,0.28360,0.32000,0.25800,0.31630,0.14890,1.16130,0.16030,0.30100,0.15620,0.29300,0.16550,0.26140,0.16860,0.25920,0.17390,0.23440,0.18280,0.15140,0.65640,0.13610,0.60220,0.16140,0.51320,0.15820,0.46020,0.16730,0.47080,0.15290,0.15620,0.20420,0.50510,0.62900,0.46060,0.46890,0.45350,0.47650,0.40510,0.43640,0.38190,0.57610,0.14330,0.18260,0.33540,0.47850,0.31530,0.35920,0.29520,0.36500,0.27960,0.34930,0.27390,0.41740,0.12870,0.15090,0.14080,0.32170,0.13960,0.23690,0.14140,0.26510,0.13410,0.27100,0.14940,0.25940
7:00:34,0.35580,0.16380,0.50190,0.16370,0.59980,0.17370,0.38810,0.18580,0.52680,0.18080,0.38670,0.18900,0.29280,1.13340,0.39140,0.54320,0.47250,0.47020,0.32820,0.46540,0.39420,0.38860,0.32410,0.42150,0.22250,1.16730,0.29680,0.44300,0.34500,0.39110,0.25720,0.35970,0.28770,0.32450,0.26100,0.32200,0.15020,1.16060,0.16160,0.30530,0.15730,0.29710,0.16670,0.26510,0.16970,0.26250,0.17510,0.23860,0.18460,0.15260,0.66680,0.13740,0.61180,0.16250,0.52150,0.15970,0.46730,0.16860,0.47770,0.15450,0.15750,0.20650,0.51330,0.63780,0.46730,0.47650,0.46040,0.48450,0.41140,0.44320,0.38730,0.58510,0.14450,0.18440,0.34080,0.48640,0.31990,0.36500,0.29930,0.37140,0.28350,0.35410,0.27750,0.42450,0.12960,0.15220,0.14200,0.32670,0.14070,0.24000,0.14250,0.26910,0.13510,0.27480,0.15040,0.26300
7:10:34,0.36090,0.16510,0.50960,0.16490,0.60830,0.17480,0.39350,0.18710,0.53420,0.18260,0.39170,0.19020,0.29660,1.13030,0.39730,0.55100,0.47940,0.47650,0.33190,0.47250,0.39960,0.39390,0.32790,0.42770,0.22520,1.16370,0.30080,0.45020,0.34980,0.39680,0.26040,0.36540,0.29160,0.32900,0.26380,0.32760,0.15140,1.15870,0.16300,0.30970,0.15850,0.30110,0.16800,0.26900,0.17110,0.26570,0.17640,0.24260,0.18630,0.15390,0.67680,0.13860,0.62110,0.16380,0.52950,0.16100,0.47440,0.16970,0.48530,0.15590,0.15880,0.20880,0.52120,0.64640,0.47400,0.48390,0.46750,0.49200,0.41780,0.45020,0.39320,0.59470,0.14580,0.18630,0.34630,0.49430,0.32470,0.37070,0.30340,0.37760,0.28770,0.35920,0.28130,0.43160,0.13050,0.15360,0.14310,0.33180,0.14180,0.24330,0.14370,0.27300,0.13640,0.27860,0.15170,0.26690
7:20:34,0.36550,0.16620,0.51710,0.16590,0.61640,0.17580,0.39890,0.18820,0.54170,0.18440,0.39620,0.19140,0.29990,1.12830,0.40280,0.55810,0.48610,0.48230,0.33580,0.47910,0.40510,0.39900,0.33180,0.43370,0.22740,1.16210,0.30470,0.45660,0.35440,0.40230,0.26340,0.37060,0.29530,0.33330,0.26660,0.33300,0.15260,1.15690,0.16400,0.31380,0.15960,0.30480,0.16910,0.27230,0.17220,0.26860,0.17750,0.24630,0.18770,0.15500,0.68640,0.13960,0.63030,0.16480,0.53690,0.16200,0.48130,0.17070,0.49210,0.15700,0.15990,0.21080,0.52910,0.65470,0.48050,0.49080,0.47440,0.49960,0.42350,0.45660,0.39870,0.60360,0.14680,0.18800,0.35150,0.50200,0.32910,0.37610,0.30730,0.38310,0.29130,0.36380,0.28480,0.43810,0.13120,0.15470,0.14400,0.33660,0.14260,0.24590,0.14460,0.27680,0.13730,0.28200,0.15250,0.27010
7:30:34,0.37050,0.16740,0.52460,0.16690,0.62380,0.17680,0.40400,0.18940,0.54890,0.18650,0.40100,0.19270,0.30360,1.12610,0.40860,0.56580,0.49270,0.48880,0.33980,0.48600,0.41040,0.40430,0.33570,0.44020,0.22970,1.15980,0.30870,0.46300,0.35910,0.40780,0.26630,0.37610,0.29900,0.33760,0.26930,0.33840,0.15350,1.15590,0.16510,0.31800,0.16070,0.30870,0.17000,0.27590,0.17320,0.27160,0.17850,0.25000,0.18930,0.15590,0.69600,0.14060,0.63930,0.16590,0.54440,0.16290,0.48800,0.17180,0.49900,0.15800,0.16100,0.21290,0.53690,0.66300,0.48700,0.49800,0.48100,0.50710,0.42950,0.46310,0.40420,0.61250,0.14770,0.18960,0.35660,0.50940,0.33360,0.38160,0.31120,0.38890,0.29510,0.36840,0.28830,0.44490,0.13190,0.15570,0.14490,0.34130,0.14350,0.24860,0.14560,0.28060,0.13820,0.28570,0.15350,0.27390
7:40:34,0.37540,0.16860,0.53200,0.16800,0.63230,0.17790,0.40940,0.19050,0.55660,0.18830,0.40590,0.19410,0.30730,1.12380,0.41420,0.57330,0.49940,0.49550,0.34370,0.49280,0.41600,0.40950,0.33970,0.44640,0.23210,1.15750,0.31270,0.46990,0.36380,0.41330,0.26960,0.38170,0.30290,0.34200,0.27230,0.34390,0.15470,1.15390,0.16640,0.32220,0.16180,0.31260,0.17120,0.27940,0.17430,0.27480,0.17960,0.25370,0.19090,0.15710,0.70540,0.14170,0.64850,0.16710,0.55250,0.16440,0.49490,0.17310,0.50600,0.15930,0.16220,0.21500,0.54450,0.67130,0.49350,0.50490,0.48800,0.51460,0.43540,0.46960,0.40960,0.62120,0.14880,0.19140,0.36190,0.51680,0.33820,0.38710,0.31520,0.39520,0.29900,0.37310,0.29190,0.45160,0.13260,0.15690,0.14580,0.34610,0.14440,0.25160,0.14650,0.28450,0.13920,0.28920,0.15450,0.27770
7:50:34,0.38020,0.16980,0.53920,0.16890,0.63920,0.17920,0.41470,0.19170,0.56370,0.18880,0.41070,0.19530,0.31090,1.12190,0.41990,0.58070,0.50590,0.50120,0.34750,0.49960,0.42130,0.41460,0.34340,0.45260,0.23460,1.15620,0.31680,0.47630,0.36850,0.41880,0.27250,0.38720,0.30680,0.34640,0.27500,0.34950,0.15580,1.15260,0.16760,0.32640,0.16300,0.31650,0.17240,0.28300,0.17540,0.27780,0.18070,0.25750,0.19250,0.15810,0.71500,0.14290,0.65700,0.16810,0.55970,0.16540,0.50140,0.17420,0.51280,0.16060,0.16340,0.21710,0.55220,0.67910,0.49990,0.51180,0.49460,0.52200,0.44140,0.47620,0.41510,0.62970,0.15000,0.19310,0.36720,0.52440,0.34280,0.39270,0.31910,0.40080,0.30300,0.37770,0.29550,0.45850,0.13340,0.15810,0.14690,0.35090,0.14550,0.25480,0.14770,0.28820,0.14020,0.29280,0.15560,0.28140
8:00:34,0.38510,0.17090,0.54640,0.16990,0.64730,0.18040,0.41990,0.19290,0.57110,0.18810,0.41530,0.19670,0.31440,1.12030,0.42550,0.58820,0.51260,0.50750,0.35160,0.50600,0.42640,0.41960,0.34690,0.45860,0.23700,1.15410,0.32080,0.48290,0.37320,0.42440,0.27550,0.39260,0.31060,0.35060,0.27760,0.35500,0.15690,1.15090,0.16870,0.33050,0.16410,0.32030,0.17350,0.28650,0.17660,0.28090,0.18170,0.26110,0.19410,0.15930,0.72400,0.14400,0.66550,0.16920,0.56690,0.16650,0.50800,0.17500,0.51960,0.16210,0.16470,0.21940,0.55950,0.68720,0.50640,0.51880,0.50120,0.52900,0.44730,0.48260,0.42050,0.63810,0.15110,0.19490,0.37250,0.53170,0.34730,0.39820,0.32300,0.40660,0.30690,0.38250,0.29910,0.46520,0.13430,0.15940,0.14790,0.35560,0.14650,0.25800,0.14870,0.29220,0.14120,0.29640,0.15660,0.28470
8:10:34,0.38960,0.17200,0.55350,0.17090,0.65460,0.18190,0.42520,0.19370,0.57810,0.18810,0.42000,0.19780,0.31800,1.11820,0.43110,0.59560,0.51940,0.51370,0.35560,0.51250,0.43160,0.42440,0.35060,0.46460,0.23950,1.15290,0.32460,0.48920,0.37760,0.42960,0.27830,0.39770,0.31430,0.35500,0.28010,0.36020,0.15800,1.14930,0.16980,0.33470,0.16500,0.32410,0.17470,0.29010,0.17760,0.28390,0.18270,0.26450,0.19560,0.16040,0.73310,0.14510,0.67430,0.17030,0.57440,0.16760,0.51460,0.17610,0.52640,0.16330,0.16580,0.22150,0.56680,0.69490,0.51270,0.52540,0.50780,0.53650,0.45310,0.48890,0.42580,0.64630,0.15220,0.19670,0.37750,0.53900,0.35170,0.40350,0.32690,0.41230,0.31050,0.38700,0.30250,0.47150,0.13490,0.16050,0.14880,0.36020,0.14750,0.26080,0.14950,0.29580,0.14210,0.29980,0.15760,0.28790
8:20:34,0.39430,0.17300,0.56050,0.17170,0.66190,0.18310,0.43010,0.19470,0.58450,0.18890,0.42440,0.19870,0.32130,1.11640,0.43650,0.60250,0.52570,0.51960,0.35920,0.51890,0.43700,0.42940,0.35430,0.47040,0.24180,1.14990,0.32830,0.49550,0.38200,0.43480,0.28120,0.40290,0.31800,0.35920,0.28250,0.36530,0.15880,1.14810,0.17080,0.33850,0.16600,0.32760,0.17560,0.29340,0.17860,0.28670,0.18360,0.26780,0.19700,0.16130,0.74180,0.14600,0.68250,0.17130,0.58140,0.16860,0.52100,0.17710,0.53280,0.16440,0.16670,0.22320,0.57410,0.70260,0.51890,0.53210,0.51420,0.54340,0.45870,0.49510,0.43100,0.65450,0.15310,0.19820,0.38240,0.54590,0.35610,0.40870,0.33060,0.41800,0.31410,0.39160,0.30590,0.47800,0.13550,0.16140,0.14960,0.36480,0.14820,0.26310,0.15040,0.29940,0.14280,0.30320,0.15850,0.29160
8:30:34,0.39880,0.17410,0.56750,0.17280,0.66940,0.18430,0.43530,0.19550,0.59180,0.19000,0.42890,0.20000,0.32480,1.11430,0.44210,0.60970,0.53200,0.52570,0.36290,0.52530,0.44240,0.43440,0.35810,0.47660,0.24430,1.14880,0.33220,0.50190,0.38660,0.44030,0.28420,0.40810,0.32170,0.36330,0.28500,0.37060,0.15990,1.14600,0.17200,0.34280,0.16700,0.33130,0.17660,0.29700,0.17960,0.28980,0.18480,0.27140,0.19850,0.16240,0.75060,0.14700,0.69110,0.17230,0.58870,0.16970,0.52740,0.17810,0.53950,0.16550,0.16800,0.22520,0.58130,0.71000,0.52530,0.53890,0.52080,0.55060,0.46450,0.50140,0.43630,0.66240,0.15410,0.19980,0.38750,0.55310,0.36050,0.41390,0.33450,0.42350,0.31780,0.39620,0.30930,0.48440,0.13620,0.16250,0.15050,0.36950,0.14910,0.26620,0.15150,0.30310,0.14380,0.30650,0.15950,0.29520
8:40:34,0.40360,0.17500,0.57440,0.17370,0.67670,0.18540,0.44020,0.19630,0.59830,0.19110,0.43340,0.20120,0.32830,1.11260,0.44740,0.61700,0.53860,0.53180,0.36660,0.53160,0.44740,0.43930,0.36170,0.48240,0.24660,1.14750,0.33620,0.50810,0.39100,0.44560,0.28730,0.41330,0.32560,0.36720,0.28750,0.37580,0.16090,1.14470,0.17300,0.34660,0.16790,0.33500,0.17750,0.30030,0.18050,0.29270,0.18570,0.27490,0.19990,0.16350,0.75920,0.14800,0.69920,0.17330,0.59610,0.17090,0.53400,0.17930,0.54600,0.16670,0.16900,0.22720,0.58850,0.71750,0.53120,0.54540,0.52740,0.55760,0.47020,0.50770,0.44160,0.67070,0.15520,0.20140,0.39240,0.56020,0.36490,0.41930,0.33810,0.42920,0.32160,0.40070,0.31270,0.49100,0.13680,0.16360,0.15120,0.37400,0.14990,0.26910,0.15240,0.30680,0.14460,0.31000,0.16020,0.29880
8:50:34,0.40800,0.17620,0.58090,0.17460,0.68360,0.18640,0.44550,0.19760,0.60470,0.19270,0.43820,0.20230,0.33190,1.11090,0.45300,0.62430,0.54500,0.53770,0.37050,0.53830,0.45230,0.44440,0.36520,0.48830,0.24910,1.14470,0.33990,0.51440,0.39540,0.45080,0.29030,0.41860,0.32900,0.37130,0.29020,0.38100,0.16180,1.14300,0.17400,0.35050,0.16900,0.33870,0.17850,0.30380,0.18170,0.29560,0.18680,0.27830,0.20160,0.16450,0.76760,0.14910,0.70690,0.17440,0.60310,0.17200,0.54010,0.18040,0.55250,0.16790,0.17020,0.22920,0.59560,0.72520,0.53750,0.55190,0.53360,0.56430,0.47570,0.51380,0.44670,0.67850,0.15620,0.20300,0.39740,0.56710,0.36930,0.42440,0.34190,0.43490,0.32520,0.40530,0.31630,0.49740,0.13750,0.16490,0.15210,0.37850,0.15080,0.27230,0.15330,0.31050,0.14550,0.31340,0.16130,0.30260
9:00:34,0.41260,0.17710,0.58790,0.17560,0.69070,0.18740,0.45040,0.19820,0.61170,0.19490,0.44250,0.20320,0.33530,1.10930,0.45840,0.63090,0.55130,0.54340,0.37420,0.54430,0.45740,0.44920,0.36880,0.49400,0.25160,1.14390,0.34380,0.52070,0.39980,0.45620,0.29330,0.42350,0.33250,0.37520,0.29270,0.38610,0.16280,1.14150,0.17520,0.35470,0.16990,0.34230,0.17960,0.30730,0.18260,0.29860,0.18810,0.28170,0.20300,0.16550,0.77510,0.15020,0.71500,0.17530,0.60970,0.17310,0.54590,0.18140,0.55870,0.16900,0.17140,0.23140,0.60240,0.73250,0.54360,0.55840,0.54000,0.57110,0.48120,0.51970,0.45180,0.68620,0.15730,0.20470,0.40240,0.57420,0.37360,0.42970,0.34580,0.44050,0.32880,0.41000,0.31960,0.50370,0.13820,0.16600,0.15320,0.38310,0.15160,0.27540,0.15420,0.31410,0.14630,0.31670,0.16240,0.30590
9:10:34,0.41710,0.17840,0.59440,0.17670,0.69780,0.18850,0.45540,0.19930,0.61840,0.19620,0.44720,0.20430,0.33870,1.10750,0.46360,0.63780,0.55740,0.54940,0.37810,0.55050,0.46230,0.45400,0.37240,0.49970,0.25420,1.14050,0.34780,0.52670,0.40430,0.46130,0.29620,0.42880,0.33640,0.37920,0.29530,0.39130,0.16400,1.13970,0.17640,0.35850,0.17110,0.34600,0.18080,0.31090,0.18370,0.30150,0.18910,0.28520,0.20470,0.16670,0.78380,0.15130,0.72280,0.17650,0.61680,0.17400,0.55240,0.18230,0.56510,0.17030,0.17270,0.23360,0.60950,0.73970,0.55000,0.56490,0.54640,0.57810,0.48680,0.52590,0.45710,0.69370,0.15850,0.20650,0.40740,0.58100,0.37830,0.43500,0.34960,0.44610,0.33260,0.41470,0.32310,0.51030,0.13910,0.16720,0.15420,0.38770,0.15260,0.27880,0.15520,0.31800,0.14740,0.32030,0.16340,0.30970
9:20:34,0.42160,0.17940,0.60110,0.17770,0.70450,0.18950,0.46030,0.20040,0.62480,0.19610,0.45150,0.20570,0.34230,1.10580,0.46880,0.64470,0.56360,0.55520,0.38190,0.55670,0.46740,0.45880,0.37620,0.50560,0.25670,1.14000,0.35150,0.53290,0.40890,0.46650,0.29920,0.43400,0.34000,0.38310,0.29780,0.39650,0.16520,1.13820,0.17760,0.36240,0.17230,0.34970,0.18180,0.31430,0.18480,0.30430,0.19020,0.28850,0.20620,0.16780,0.79190,0.15250,0.73050,0.17760,0.62350,0.17520,0.55850,0.18330,0.57150,0.17160,0.17390,0.23560,0.61630,0.74680,0.55620,0.57140,0.55280,0.58460,0.49220,0.53190,0.46210,0.70130,0.15960,0.20800,0.41240,0.58770,0.38280,0.44020,0.35340,0.45160,0.33640,0.41920,0.32650,0.51660,0.13980,0.16840,0.15510,0.39230,0.15340,0.28200,0.15620,0.32160,0.14840,0.32370,0.16450,0.31270
9:30:34,0.42600,0.18060,0.60770,0.17880,0.71190,0.19040,0.46510,0.20150,0.63140,0.19650,0.45580,0.20690,0.34560,1.10450,0.47420,0.65130,0.56990,0.56120,0.38570,0.56310,0.47240,0.46370,0.37970,0.51070,0.25910,1.13810,0.35530,0.53890,0.41320,0.47150,0.30200,0.43890,0.34360,0.38690,0.30050,0.40160,0.16610,1.13630,0.17860,0.36630,0.17320,0.35330,0.18260,0.31760,0.18590,0.30730,0.19110,0.29170,0.20770,0.16880,0.79900,0.15350,0.73800,0.17890,0.63040,0.17630,0.56470,0.18430,0.57770,0.17280,0.17510,0.23760,0.62300,0.75390,0.56190,0.57770,0.55900,0.59120,0.49770,0.53780,0.46720,0.70870,0.16060,0.20970,0.41720,0.59460,0.38710,0.44530,0.35710,0.45690,0.34000,0.42360,0.32980,0.52300,0.14050,0.16950,0.15600,0.39660,0.15430,0.28490,0.15710,0.32510,0.14920,0.32680,0.16530,0.31610
9:40:34,0.43050,0.18170,0.61420,0.17970,0.71850,0.19130,0.46970,0.20260,0.63770,0.19760,0.46020,0.20790,0.34910,1.10310,0.47940,0.65800,0.57600,0.56670,0.38930,0.56920,0.47720,0.46840,0.38340,0.51670,0.26180,1.13610,0.35910,0.54470,0.41760,0.47650,0.30490,0.44410,0.34710,0.39090,0.30270,0.40690,0.16730,1.13510,0.17960,0.37020,0.17420,0.35690,0.18350,0.32120,0.18680,0.31020,0.19190,0.29520,0.20940,0.16990,0.80720,0.15460,0.74560,0.17980,0.63730,0.17730,0.57070,0.18530,0.58370,0.17370,0.17630,0.23960,0.62990,0.76090,0.56790,0.58420,0.56510,0.59790,0.50320,0.54350,0.47220,0.71610,0.16170,0.21140,0.42210,0.60140,0.39160,0.45050,0.36100,0.46260,0.34370,0.42830,0.33310,0.52910,0.14120,0.17060,0.15690,0.40130,0.15520,0.28800,0.15800,0.32880,0.15020,0.33040,0.16620,0.31960
9:50:34,0.43530,0.18270,0.62040,0.18080,0.72530,0.19230,0.47450,0.20370,0.64430,0.19860,0.46470,0.20920,0.35270,1.10160,0.48470,0.66470,0.58240,0.57230,0.39310,0.57530,0.48230,0.47280,0.38690,0.52230,0.26430,1.13450,0.36290,0.55060,0.42200,0.48160,0.30760,0.44910,0.35090,0.39470,0.30550,0.41200,0.16830,1.13380,0.18070,0.37420,0.17530,0.36060,0.18430,0.32470,0.18780,0.31300,0.19280,0.29840,0.21090,0.17110,0.81470,0.15570,0.75290,0.18080,0.64410,0.17850,0.57670,0.18590,0.59000,0.17480,0.17750,0.24170,0.63650,0.76780,0.57380,0.59020,0.57130,0.60450,0.50850,0.54940,0.47710,0.72330,0.16280,0.21310,0.42710,0.60790,0.39590,0.45560,0.36490,0.46790,0.34740,0.43260,0.33640,0.53530,0.14200,0.17180,0.15770,0.40560,0.15610,0.29130,0.15910,0.33260,0.15110,0.33370,0.16710,0.32310
10:00:34,0.43960,0.18370,0.62670,0.18180,0.73190,0.19290,0.47920,0.20460,0.65070,0.19920,0.46910,0.21050,0.35590,1.10000,0.48970,0.67150,0.58820,0.57810,0.39690,0.58140,0.48730,0.47770,0.39040,0.52770,0.26680,1.13420,0.36650,0.55660,0.42630,0.48650,0.31050,0.45420,0.35430,0.39850,0.30790,0.41710,0.16940,1.13250,0.18180,0.37800,0.17620,0.36390,0.18530,0.32820,0.18890,0.31570,0.19390,0.30180,0.21240,0.17210,0.82240,0.15690,0.76000,0.18190,0.65060,0.17930,0.58270,0.18690,0.59600,0.17570,0.17880,0.24380,0.64320,0.77450,0.57980,0.59660,0.57730,0.61100,0.51400,0.55550,0.48210,0.73040,0.16390,0.21470,0.43190,0.61450,0.40030,0.46080,0.36860,0.47350,0.35120,0.43710,0.33970,0.54150,0.14280,0.17290,0.15860,0.41010,0.15710,0.29430,0.16010,0.33610,0.15200,0.33690,0.16800,0.32610

