420

Time,A1,A2,A3,A4,A5,A6,A7,A8,A9,A10,A11,A12,B1,B2,B3,B4,B5,B6,B7,B8,B9,B10,B11,B12,C1,C2,C3,C4,C5,C6,C7,C8,C9,C10,C11,C12,D1,D2,D3,D4,D5,D6,D7,D8,D9,D10,D11,D12,E1,E2,E3,E4,E5,E6,E7,E8,E9,E10,E11,E12,F1,F2,F3,F4,F5,F6,F7,F8,F9,F10,F11,F12,G1,G2,G3,G4,G5,G6,G7,G8,G9,G10,G11,G12,H1,H2,H3,H4,H5,H6,H7,H8,H9,H10,H11,H12
0:00:34,0.08010,0.07750,0.07940,0.07750,0.08130,0.07750,0.07920,0.07720,0.08380,0.07820,0.07920,0.07840,0.07900,0.08070,0.07900,0.08010,0.08190,0.08070,0.07900,0.07950,0.08400,0.10990,0.08050,0.07900,0.08430,0.07900,0.07860,0.07950,0.08110,0.07950,0.07930,0.07900,0.08060,0.10170,0.07890,0.07960,0.07840,0.07800,0.07750,0.07870,0.07780,0.07930,0.07850,0.07810,0.07800,0.09170,0.07810,0.07860,0.08250,0.08080,0.07880,0.07740,0.07970,0.07830,0.07930,0.07810,0.08000,0.07770,0.08470,0.07810,0.08000,0.08730,0.07900,0.08040,0.07940,0.08500,0.07910,0.07970,0.08000,0.07990,0.08530,0.08070,0.07960,0.08610,0.07790,0.08000,0.07860,0.08350,0.08090,0.07940,0.07930,0.07870,0.08370,0.08160,0.07740,0.08210,0.07900,0.07810,0.07730,0.08140,0.07980,0.07810,0.07840,0.07870,0.07820,0.08120
0:10:34,0.08310,0.07680,0.08110,0.07690,0.08820,0.07690,0.08030,0.07660,0.10890,0.07760,0.08090,0.07760,0.08020,0.08510,0.07960,0.08350,0.08660,0.08580,0.07920,0.08090,0.10010,0.24990,0.08130,0.08060,0.07930,0.08260,0.07840,0.08110,0.08310,0.08310,0.07880,0.07950,0.08820,0.20410,0.07880,0.08010,0.07780,0.08000,0.07690,0.08050,0.07720,0.08090,0.07790,0.07820,0.07700,0.14540,0.07730,0.07880,0.09070,0.07750,0.08070,0.07690,0.08240,0.07740,0.08010,0.07750,0.08010,0.07720,0.12740,0.07730,0.08470,0.11630,0.08000,0.08440,0.08110,0.11880,0.07980,0.08350,0.07960,0.08150,0.11590,0.08090,0.08200,0.10720,0.07840,0.08240,0.07920,0.09810,0.08070,0.08160,0.08310,0.07980,0.10070,0.08060,0.07680,0.09260,0.07870,0.07960,0.07680,0.08840,0.07830,0.07940,0.07760,0.07890,0.07720,0.08040
0:20:34,0.08800,0.07690,0.08400,0.07690,0.09790,0.07690,0.08230,0.07670,0.14070,0.07750,0.08420,0.07760,0.08300,0.09310,0.08150,0.08900,0.09330,0.09290,0.08040,0.08380,0.12180,0.41070,0.08330,0.08420,0.08080,0.08830,0.07920,0.08440,0.08640,0.08850,0.07940,0.08120,0.09910,0.32860,0.07980,0.08240,0.07770,0.08290,0.07700,0.08240,0.07720,0.08330,0.07770,0.07920,0.07700,0.20720,0.07710,0.08010,0.10070,0.07630,0.08390,0.07680,0.08680,0.07730,0.08210,0.07740,0.08170,0.07690,0.18150,0.07700,0.09070,0.15530,0.08250,0.09020,0.08420,0.14610,0.08110,0.08870,0.08070,0.08490,0.15430,0.08350,0.08560,0.13250,0.07960,0.08620,0.08080,0.11680,0.08090,0.08550,0.08190,0.08230,0.12270,0.08200,0.07650,0.10660,0.07860,0.08220,0.07680,0.09760,0.07810,0.08170,0.07740,0.08010,0.07700,0.08040
0:30:34,0.09240,0.07730,0.08680,0.07690,0.10830,0.07700,0.08480,0.07700,0.17330,0.07800,0.08810,0.07750,0.08590,0.10140,0.08360,0.09450,0.10130,0.10070,0.08220,0.08690,0.14440,0.56700,0.08550,0.08780,0.08250,0.09470,0.08030,0.08820,0.09010,0.09380,0.08030,0.08350,0.11080,0.44370,0.08120,0.08480,0.07800,0.08620,0.07720,0.08440,0.07720,0.08620,0.07760,0.08050,0.07700,0.27810,0.07730,0.08170,0.11050,0.07650,0.08740,0.07680,0.09140,0.07720,0.08490,0.07750,0.08390,0.07710,0.23840,0.07700,0.09700,0.19430,0.08530,0.09640,0.08760,0.17350,0.08280,0.09430,0.08190,0.08870,0.19500,0.08610,0.08920,0.15950,0.08110,0.09060,0.08270,0.13600,0.08130,0.08990,0.07980,0.08520,0.14620,0.08380,0.07620,0.12110,0.07860,0.08490,0.07680,0.10740,0.07790,0.08390,0.07740,0.08190,0.07690,0.08110
0:40:34,0.09710,0.07810,0.09030,0.07740,0.11940,0.07750,0.08810,0.07790,0.20630,0.07910,0.09280,0.07760,0.08910,0.11010,0.08620,0.10060,0.10960,0.10940,0.08470,0.09060,0.16730,0.69750,0.08820,0.09170,0.08440,0.10140,0.08170,0.09230,0.09430,0.09960,0.08150,0.08620,0.12290,0.55320,0.08330,0.08730,0.07870,0.09010,0.07770,0.08670,0.07750,0.08960,0.07810,0.08220,0.07750,0.34710,0.07830,0.08350,0.12120,0.07700,0.09140,0.07720,0.09650,0.07750,0.08790,0.07810,0.08650,0.07750,0.29450,0.07740,0.10420,0.23320,0.08840,0.10310,0.09140,0.20100,0.08510,0.10040,0.08370,0.09300,0.23510,0.08920,0.09300,0.18650,0.08300,0.09560,0.08510,0.15590,0.08220,0.09470,0.08120,0.08830,0.16970,0.08570,0.07640,0.13600,0.07870,0.08790,0.07710,0.11770,0.07780,0.08670,0.07780,0.08410,0.07690,0.08190
0:50:34,0.10170,0.07930,0.09400,0.07800,0.13150,0.07840,0.09110,0.07950,0.23980,0.08090,0.09800,0.07760,0.09230,0.11940,0.08890,0.10770,0.11830,0.11890,0.08820,0.09500,0.19040,0.80380,0.09160,0.09560,0.08630,0.10890,0.08340,0.09680,0.09870,0.10600,0.08300,0.08960,0.13590,0.65300,0.08590,0.08980,0.07970,0.09410,0.07860,0.08910,0.07790,0.09330,0.07870,0.08400,0.07810,0.40970,0.08030,0.08580,0.13260,0.07770,0.09550,0.07770,0.10180,0.07810,0.09160,0.07930,0.08970,0.07810,0.35010,0.07770,0.11180,0.27170,0.09170,0.11020,0.09520,0.22850,0.08800,0.10670,0.08630,0.09750,0.27510,0.09240,0.09700,0.21390,0.08500,0.10080,0.08800,0.17600,0.08400,0.10010,0.08290,0.09180,0.19330,0.08760,0.07640,0.15060,0.07880,0.09100,0.07750,0.12780,0.07760,0.08970,0.07830,0.08620,0.07690,0.08290
1:00:34,0.10630,0.08110,0.09800,0.07880,0.14340,0.07960,0.09480,0.08170,0.27220,0.08330,0.10350,0.07760,0.09540,0.12870,0.09180,0.11610,0.12720,0.12920,0.09260,0.10000,0.21360,0.88550,0.09510,0.09960,0.08820,0.11660,0.08510,0.10160,0.10340,0.11320,0.08490,0.09360,0.14930,0.74110,0.08880,0.09240,0.08080,0.09810,0.07970,0.09170,0.07840,0.09750,0.07980,0.08590,0.07900,0.46940,0.08230,0.08780,0.14390,0.07870,0.09990,0.07820,0.10720,0.07880,0.09550,0.08090,0.09310,0.07890,0.40150,0.07810,0.11960,0.30900,0.09510,0.11750,0.09920,0.25700,0.09130,0.11300,0.08910,0.10220,0.31460,0.09560,0.10110,0.24040,0.08720,0.10610,0.09100,0.19570,0.08610,0.10560,0.08470,0.09520,0.21620,0.08920,0.07640,0.16510,0.07900,0.09410,0.07790,0.13770,0.07780,0.09290,0.07880,0.08840,0.07700,0.08380
1:10:34,0.11090,0.08310,0.10200,0.07980,0.15550,0.08120,0.09870,0.08430,0.30370,0.08710,0.11060,0.07770,0.09860,0.13800,0.09500,0.12510,0.13610,0.13980,0.09800,0.10540,0.23780,0.94380,0.09850,0.10380,0.09020,0.12420,0.08710,0.10650,0.10820,0.12080,0.08730,0.09810,0.16280,0.81240,0.09150,0.09500,0.08220,0.10220,0.08130,0.09450,0.07910,0.10210,0.08130,0.08820,0.08020,0.52580,0.08460,0.08990,0.15490,0.07990,0.10430,0.07900,0.11280,0.07970,0.09980,0.08290,0.09690,0.07990,0.45000,0.07850,0.12720,0.34460,0.09880,0.12470,0.10330,0.28420,0.09470,0.11960,0.09200,0.10680,0.35220,0.09870,0.10510,0.26560,0.08940,0.11130,0.09420,0.21460,0.08840,0.11100,0.08630,0.09860,0.23870,0.09090,0.07650,0.17900,0.07930,0.09740,0.07850,0.14740,0.07810,0.09600,0.07950,0.09070,0.07710,0.08490
1:20:34,0.11530,0.08530,0.10570,0.08070,0.16730,0.08250,0.10220,0.08700,0.33460,0.09050,0.11780,0.07770,0.10160,0.14670,0.09790,0.13390,0.14450,0.15020,0.10320,0.11080,0.26130,0.98590,0.10180,0.10790,0.09210,0.13130,0.08890,0.11130,0.11280,0.12820,0.08930,0.10250,0.17620,0.87250,0.09390,0.09740,0.08350,0.10600,0.08270,0.09730,0.07970,0.10650,0.08270,0.09040,0.08140,0.57790,0.08750,0.09180,0.16540,0.08110,0.10850,0.07960,0.11810,0.08060,0.10380,0.08470,0.10030,0.08070,0.49440,0.07870,0.13450,0.37850,0.10220,0.13150,0.10720,0.31060,0.09800,0.12580,0.09490,0.11130,0.38760,0.10140,0.10880,0.28990,0.09150,0.11650,0.09730,0.23280,0.09040,0.11620,0.08770,0.10190,0.26070,0.09250,0.07630,0.19250,0.07940,0.10040,0.07890,0.15660,0.07830,0.09890,0.07990,0.09290,0.07700,0.08560
1:30:34,0.11970,0.08680,0.10920,0.08130,0.17850,0.08330,0.10520,0.08850,0.36380,0.09360,0.12420,0.07760,0.10450,0.15480,0.10050,0.14240,0.15250,0.15990,0.10770,0.11590,0.28430,1.01390,0.10470,0.11150,0.09400,0.13800,0.09060,0.11580,0.11720,0.13570,0.09110,0.10670,0.18930,0.92100,0.09640,0.10010,0.08450,0.10970,0.08400,0.09980,0.08030,0.11050,0.08380,0.09230,0.08230,0.62680,0.09030,0.09330,0.17550,0.08210,0.11270,0.08020,0.12330,0.08140,0.10770,0.08630,0.10350,0.08150,0.53550,0.07880,0.14160,0.41090,0.10550,0.13810,0.11090,0.33560,0.10110,0.13180,0.09750,0.11550,0.42060,0.10390,0.11260,0.31380,0.09350,0.12150,0.10010,0.25040,0.09250,0.12110,0.08890,0.10490,0.28150,0.09410,0.07640,0.20550,0.07950,0.10330,0.07920,0.16580,0.07840,0.10170,0.08030,0.09480,0.07690,0.08650
1:40:34,0.12400,0.08880,0.11290,0.08220,0.18980,0.08470,0.10880,0.09020,0.39230,0.09660,0.13030,0.07760,0.10740,0.16290,0.10330,0.15100,0.16070,0.16950,0.11220,0.12080,0.30660,1.03070,0.10800,0.11640,0.09600,0.14420,0.09240,0.12040,0.12160,0.14280,0.09330,0.11070,0.20210,0.95880,0.09890,0.10260,0.08570,0.11360,0.08550,0.10240,0.08090,0.11590,0.08520,0.09430,0.08330,0.67190,0.09270,0.09500,0.18570,0.08310,0.11680,0.08090,0.12860,0.08240,0.11160,0.08800,0.10690,0.08210,0.57420,0.07900,0.14860,0.44230,0.10890,0.14470,0.11470,0.36050,0.10400,0.13790,0.10010,0.11950,0.45270,0.10630,0.11640,0.33700,0.09550,0.12650,0.10290,0.26780,0.09430,0.12600,0.09010,0.10780,0.30170,0.09580,0.07630,0.21840,0.07970,0.10640,0.07960,0.17490,0.07860,0.10440,0.08060,0.09670,0.07700,0.08730
1:50:34,0.12830,0.09110,0.11660,0.08310,0.20140,0.08610,0.11250,0.09270,0.42050,0.09960,0.13640,0.07780,0.11030,0.17100,0.10610,0.15940,0.16880,0.17960,0.11700,0.12640,0.32820,1.04020,0.11140,0.12080,0.09800,0.15080,0.09420,0.12490,0.12600,0.15050,0.09550,0.11510,0.21530,0.98760,0.10200,0.10510,0.08620,0.11730,0.08720,0.10500,0.08150,0.12060,0.08650,0.09630,0.08440,0.71320,0.09550,0.09650,0.19570,0.08410,0.12080,0.08140,0.13370,0.08320,0.11550,0.08970,0.11030,0.08280,0.61060,0.07930,0.15540,0.47230,0.11210,0.15120,0.11840,0.38420,0.10720,0.14390,0.10280,0.12370,0.48330,0.10890,0.12010,0.35960,0.09750,0.13130,0.10580,0.28490,0.09630,0.13090,0.09130,0.11090,0.32160,0.09750,0.07640,0.23120,0.07990,0.10920,0.08010,0.18390,0.07890,0.10720,0.08110,0.09870,0.07700,0.08830
2:00:34,0.13250,0.09370,0.12020,0.08400,0.21300,0.08790,0.11670,0.09580,0.44870,0.10270,0.14260,0.07770,0.11310,0.17920,0.10880,0.16780,0.17700,0.19010,0.12190,0.13240,0.35020,1.04640,0.11540,0.12450,0.09990,0.15770,0.09590,0.12950,0.13040,0.15850,0.09800,0.12000,0.22860,1.01060,0.10490,0.10740,0.08660,0.12080,0.08920,0.10760,0.08200,0.12460,0.08820,0.09820,0.08550,0.75270,0.09840,0.09790,0.20550,0.08500,0.12470,0.08190,0.13870,0.08400,0.11970,0.09180,0.11390,0.08340,0.64660,0.07950,0.16210,0.50160,0.11520,0.15760,0.12200,0.40780,0.11040,0.14970,0.10590,0.12770,0.51320,0.11130,0.12370,0.38170,0.09930,0.13610,0.10870,0.30160,0.09820,0.13570,0.09250,0.11370,0.34100,0.09910,0.07630,0.24370,0.07990,0.11180,0.08030,0.19270,0.07900,0.10990,0.08140,0.10050,0.07700,0.08900
2:10:34,0.13680,0.09600,0.12370,0.08460,0.22430,0.08940,0.12040,0.09860,0.47550,0.10560,0.14850,0.07780,0.11600,0.18700,0.11120,0.17590,0.18480,0.19980,0.12650,0.13800,0.37080,1.04860,0.11880,0.12800,0.10190,0.16380,0.09750,0.13390,0.13470,0.16620,0.10030,0.12450,0.24150,1.02510,0.10770,0.10980,0.08650,0.12440,0.09110,0.11020,0.08260,0.13120,0.08960,0.10010,0.08670,0.78720,0.10110,0.09930,0.21520,0.08580,0.12870,0.08250,0.14370,0.08500,0.12400,0.09400,0.11760,0.08400,0.67800,0.07960,0.16870,0.52950,0.11840,0.16390,0.12560,0.42970,0.11360,0.15570,0.10880,0.13170,0.54140,0.11370,0.12730,0.40300,0.10110,0.14080,0.11140,0.31780,0.10030,0.14050,0.09360,0.11650,0.35980,0.10080,0.07640,0.25610,0.08010,0.11470,0.08070,0.20150,0.07920,0.11250,0.08180,0.10240,0.07690,0.08990
2:20:34,0.14090,0.09830,0.12730,0.08550,0.23530,0.09090,0.12410,0.10120,0.50110,0.10820,0.15430,0.07800,0.11880,0.19490,0.11380,0.18360,0.19290,0.20950,0.13090,0.14340,0.39120,1.04840,0.12220,0.13200,0.10380,0.17010,0.09920,0.13840,0.13900,0.17360,0.10270,0.12890,0.25410,1.03690,0.11050,0.11220,0.08710,0.12790,0.09300,0.11280,0.08320,0.13370,0.09130,0.10220,0.08790,0.81890,0.10360,0.10050,0.22470,0.08670,0.13250,0.08310,0.14870,0.08590,0.12810,0.09610,0.12110,0.08460,0.70830,0.07980,0.17510,0.55630,0.12150,0.17010,0.12900,0.45130,0.11690,0.16140,0.11170,0.13550,0.56840,0.11600,0.13090,0.42390,0.10300,0.14750,0.11430,0.33370,0.10230,0.14510,0.09450,0.11930,0.37800,0.10240,0.07630,0.26830,0.08030,0.11740,0.08110,0.21000,0.07940,0.11500,0.08210,0.10410,0.07700,0.09070
2:30:34,0.14520,0.10040,0.13070,0.08610,0.24600,0.09230,0.12770,0.10340,0.52580,0.11050,0.15980,0.07800,0.12160,0.20240,0.11620,0.19120,0.20090,0.21880,0.13490,0.14840,0.41110,1.04610,0.12570,0.13560,0.10550,0.17630,0.10070,0.14270,0.14300,0.18080,0.10510,0.13300,0.26630,1.04500,0.11350,0.11440,0.08750,0.13130,0.09480,0.11530,0.08360,0.13810,0.09300,0.10410,0.08910,0.84770,0.10590,0.10190,0.23420,0.08760,0.13620,0.08350,0.15350,0.08670,0.13210,0.09820,0.12480,0.08520,0.73670,0.07990,0.18150,0.58200,0.12470,0.17620,0.13250,0.47250,0.12010,0.16710,0.11450,0.13930,0.59470,0.11820,0.13450,0.44430,0.10490,0.15250,0.11710,0.34940,0.10450,0.14990,0.09560,0.12200,0.39600,0.10400,0.07640,0.28010,0.08040,0.12000,0.08130,0.21850,0.07950,0.11760,0.08240,0.10580,0.07700,0.09150
2:40:34,0.14920,0.10220,0.13400,0.08660,0.25660,0.09370,0.13110,0.10540,0.54950,0.11270,0.16510,0.07790,0.12430,0.20980,0.11850,0.19850,0.20880,0.22770,0.13860,0.15320,0.43030,1.04420,0.12920,0.13930,0.10720,0.18230,0.10220,0.14690,0.14700,0.18770,0.10750,0.13680,0.27820,1.04940,0.11620,0.11680,0.08820,0.13460,0.09630,0.11750,0.08400,0.14460,0.09450,0.10580,0.09030,0.87300,0.10800,0.10310,0.24350,0.08830,0.13980,0.08380,0.15820,0.08740,0.13590,0.10000,0.12810,0.08580,0.76290,0.07990,0.18780,0.60650,0.12760,0.18220,0.13580,0.49360,0.12300,0.17260,0.11720,0.14300,0.61950,0.12050,0.13800,0.46400,0.10660,0.15630,0.11980,0.36460,0.10790,0.15450,0.09640,0.12460,0.41340,0.10560,0.07640,0.29190,0.08050,0.12250,0.08150,0.22680,0.07980,0.12000,0.08260,0.10750,0.07700,0.09230
2:50:34,0.15330,0.10400,0.13720,0.08690,0.26650,0.09430,0.13370,0.10680,0.57180,0.11460,0.17010,0.07810,0.12700,0.21690,0.12060,0.20550,0.21610,0.23630,0.14210,0.15760,0.44850,1.04310,0.13240,0.14280,0.10880,0.18830,0.10360,0.15110,0.15090,0.19420,0.10950,0.14050,0.28960,1.05110,0.11890,0.11900,0.08850,0.13790,0.09780,0.11990,0.08440,0.14740,0.09580,0.10750,0.09120,0.89580,0.11010,0.10440,0.25270,0.08920,0.14340,0.08420,0.16280,0.08800,0.13960,0.10170,0.13130,0.08630,0.78600,0.08000,0.19400,0.62990,0.13070,0.18820,0.13910,0.51400,0.12590,0.17800,0.11970,0.14660,0.64280,0.12260,0.14160,0.48320,0.10830,0.16110,0.12240,0.37960,0.10980,0.15900,0.09730,0.12730,0.43050,0.10720,0.07650,0.30340,0.08070,0.12520,0.08180,0.23510,0.08010,0.12250,0.08280,0.10920,0.07690,0.09310
3:00:34,0.15740,0.10610,0.14090,0.08780,0.27680,0.09580,0.13720,0.10880,0.59410,0.11660,0.17540,0.07810,0.12980,0.22430,0.12310,0.21250,0.22400,0.24500,0.14560,0.16220,0.46700,1.03990,0.13590,0.14670,0.11060,0.19430,0.10520,0.15560,0.15510,0.20090,0.11190,0.14430,0.30110,1.05350,0.12170,0.12130,0.08900,0.14120,0.09930,0.12240,0.08480,0.15070,0.09740,0.10940,0.09260,0.91590,0.11200,0.10580,0.26190,0.09010,0.14700,0.08460,0.16750,0.08890,0.14330,0.10340,0.13460,0.08700,0.80890,0.08020,0.20010,0.65250,0.13380,0.19410,0.14240,0.53400,0.12880,0.18350,0.12230,0.15040,0.66590,0.12490,0.14500,0.50200,0.11000,0.16520,0.12510,0.39440,0.11170,0.16360,0.09820,0.12980,0.44730,0.10880,0.07640,0.31470,0.08080,0.12770,0.08190,0.24320,0.08040,0.12500,0.08310,0.11080,0.07700,0.09390
3:10:34,0.16130,0.10780,0.14400,0.08810,0.28660,0.09700,0.14030,0.11040,0.61500,0.11850,0.18010,0.07810,0.13240,0.23120,0.12530,0.21920,0.23150,0.25330,0.14890,0.16650,0.48460,1.03810,0.13910,0.15010,0.11220,0.19990,0.10660,0.15980,0.15910,0.20710,0.11410,0.14770,0.31230,1.05440,0.12420,0.12340,0.08920,0.14440,0.10070,0.12460,0.08500,0.15590,0.09880,0.11120,0.09370,0.93340,0.11380,0.10700,0.27070,0.09070,0.15050,0.08490,0.17210,0.08970,0.14680,0.10490,0.13780,0.08750,0.82840,0.08020,0.20540,0.67400,0.13680,0.19980,0.14560,0.55340,0.13160,0.18880,0.12460,0.15390,0.68710,0.12700,0.14850,0.52010,0.11170,0.16990,0.12760,0.40860,0.11280,0.16800,0.09900,0.13240,0.46340,0.11030,0.07650,0.32580,0.08080,0.13020,0.08210,0.25130,0.08060,0.12740,0.08320,0.11240,0.07700,0.09460
3:20:34,0.16530,0.10980,0.14770,0.08910,0.29670,0.09870,0.14400,0.11240,0.63510,0.12040,0.18490,0.07830,0.13500,0.23850,0.12780,0.22610,0.23920,0.26170,0.15230,0.17110,0.50160,1.03490,0.14270,0.15420,0.11390,0.20570,0.10820,0.16440,0.16340,0.21360,0.11660,0.15140,0.32330,1.05410,0.12700,0.12570,0.08960,0.14770,0.10210,0.12720,0.08550,0.16110,0.10040,0.11330,0.09520,0.94860,0.11570,0.10840,0.27960,0.09160,0.15400,0.08540,0.17670,0.09060,0.15050,0.10660,0.14100,0.08830,0.84510,0.08050,0.21110,0.69420,0.13980,0.20570,0.14890,0.57130,0.13440,0.19420,0.12710,0.15760,0.70740,0.12920,0.15190,0.53750,0.11340,0.17490,0.13020,0.42280,0.11420,0.17240,0.09990,0.13500,0.47940,0.11180,0.07650,0.33680,0.08110,0.13280,0.08240,0.25920,0.08040,0.13000,0.08350,0.11420,0.07700,0.09540
3:30:34,0.16920,0.11150,0.15130,0.08970,0.30630,0.10040,0.14750,0.11410,0.65490,0.12230,0.18990,0.07840,0.13770,0.24550,0.13010,0.23270,0.24680,0.27000,0.15560,0.17550,0.51810,1.03320,0.14610,0.15790,0.11550,0.21120,0.10970,0.16890,0.16760,0.21990,0.11900,0.15480,0.33420,1.05290,0.12960,0.12780,0.08990,0.15090,0.10340,0.12970,0.08590,0.16440,0.10180,0.11530,0.09660,0.96240,0.11720,0.10960,0.28830,0.09230,0.15760,0.08570,0.18130,0.09150,0.15400,0.10810,0.14420,0.08880,0.86170,0.08040,0.21670,0.71350,0.14270,0.21140,0.15210,0.59020,0.13720,0.19960,0.12950,0.16110,0.72690,0.13120,0.15540,0.55470,0.11500,0.17890,0.13260,0.43680,0.11580,0.17680,0.10070,0.13750,0.49490,0.11340,0.07650,0.34730,0.08100,0.13510,0.08250,0.26710,0.08060,0.13230,0.08360,0.11570,0.07690,0.09610
3:40:34,0.17310,0.11300,0.15460,0.09040,0.31600,0.10200,0.15090,0.11580,0.67360,0.12420,0.19450,0.07850,0.14030,0.25250,0.13240,0.23910,0.25460,0.27810,0.15880,0.17980,0.53460,1.03130,0.14940,0.16160,0.11730,0.21690,0.11130,0.17330,0.17170,0.22600,0.12130,0.15830,0.34490,1.05260,0.13220,0.13000,0.09010,0.15470,0.10470,0.13220,0.08630,0.16700,0.10340,0.11730,0.09810,0.97420,0.11880,0.11090,0.29700,0.09310,0.16120,0.08610,0.18590,0.09250,0.15750,0.10960,0.14730,0.08950,0.87610,0.08060,0.22250,0.73190,0.14570,0.21710,0.15530,0.60730,0.14000,0.20490,0.13190,0.16460,0.74530,0.13340,0.15880,0.57120,0.11670,0.18310,0.13510,0.45020,0.11770,0.18110,0.10160,0.14010,0.51000,0.11500,0.07670,0.35780,0.08120,0.13760,0.08270,0.27490,0.08070,0.13470,0.08380,0.11740,0.07700,0.09690
3:50:34,0.17690,0.11420,0.15790,0.09070,0.32540,0.10320,0.15400,0.11710,0.69180,0.12580,0.19890,0.07830,0.14290,0.25910,0.13450,0.24530,0.26210,0.28590,0.16160,0.18390,0.55040,1.02900,0.15260,0.16510,0.11880,0.22220,0.11270,0.17770,0.17570,0.23200,0.12340,0.16160,0.35530,1.05060,0.13450,0.13210,0.09040,0.15900,0.10590,0.13450,0.08660,0.17270,0.10470,0.11900,0.09930,0.98380,0.12010,0.11210,0.30550,0.09380,0.16450,0.08630,0.19040,0.09320,0.16080,0.11100,0.15030,0.09010,0.88920,0.08060,0.22830,0.74920,0.14850,0.22270,0.15840,0.62470,0.14260,0.21020,0.13420,0.16810,0.76260,0.13550,0.16210,0.58730,0.11830,0.18710,0.13750,0.46360,0.11950,0.18540,0.10240,0.14260,0.52470,0.11640,0.07670,0.36820,0.08130,0.14010,0.08290,0.28260,0.08090,0.13700,0.08400,0.11890,0.07700,0.09760
4:00:34,0.18070,0.11540,0.16100,0.09130,0.33440,0.10460,0.15710,0.11860,0.70920,0.12730,0.20330,0.07830,0.14530,0.26570,0.13660,0.25160,0.26930,0.29360,0.16450,0.18780,0.56590,1.02710,0.15560,0.16870,0.12040,0.22760,0.11400,0.18210,0.17960,0.23790,0.12560,0.16500,0.36560,1.04960,0.13690,0.13410,0.09040,0.16350,0.10700,0.13700,0.08700,0.17750,0.10610,0.12080,0.10060,0.99200,0.12150,0.11330,0.31390,0.09450,0.16790,0.08670,0.19480,0.09400,0.16410,0.11230,0.15320,0.09070,0.90060,0.08070,0.23390,0.76580,0.15150,0.22830,0.16160,0.64050,0.14530,0.21540,0.13630,0.17160,0.77860,0.13740,0.16540,0.60300,0.12000,0.19140,0.13990,0.47670,0.12120,0.18970,0.10320,0.14500,0.53890,0.11800,0.07680,0.37850,0.08150,0.14250,0.08310,0.29010,0.08090,0.13940,0.08410,0.12050,0.07700,0.09830
4:10:34,0.18450,0.11660,0.16440,0.09180,0.34380,0.10590,0.16020,0.12000,0.72530,0.12890,0.20770,0.07850,0.14800,0.27230,0.13870,0.25770,0.27670,0.30120,0.16740,0.19180,0.58130,1.02440,0.15880,0.17240,0.12200,0.23290,0.11550,0.18650,0.18360,0.24370,0.12760,0.16810,0.37580,1.04850,0.13930,0.13630,0.09070,0.16800,0.10820,0.13950,0.08740,0.17860,0.10740,0.12260,0.10190,0.99920,0.12280,0.11460,0.32210,0.09530,0.17160,0.08710,0.19940,0.09490,0.16750,0.11370,0.15610,0.09140,0.91110,0.08090,0.23940,0.78140,0.15440,0.23390,0.16480,0.65680,0.14790,0.22070,0.13850,0.17510,0.79410,0.13970,0.16880,0.61820,0.12180,0.19590,0.14240,0.48960,0.12300,0.19400,0.10410,0.14760,0.55300,0.11960,0.07680,0.38880,0.08160,0.14500,0.08330,0.29770,0.08120,0.14180,0.08440,0.12220,0.07700,0.09900
4:20:34,0.18830,0.11770,0.16780,0.09250,0.35280,0.10740,0.16340,0.12160,0.74100,0.13050,0.21220,0.07870,0.15060,0.27890,0.14100,0.26390,0.28410,0.30890,0.17030,0.19570,0.59600,1.02260,0.16200,0.17610,0.12370,0.23810,0.11710,0.19100,0.18790,0.24950,0.12980,0.17130,0.38580,1.04780,0.14180,0.13860,0.09100,0.17240,0.10940,0.14210,0.08780,0.18180,0.10880,0.12470,0.10330,1.00520,0.12410,0.11600,0.33050,0.09610,0.17510,0.08750,0.20390,0.09580,0.17080,0.11510,0.15910,0.09220,0.92080,0.08110,0.24490,0.79580,0.15730,0.23940,0.16810,0.67210,0.15050,0.22600,0.14070,0.17870,0.80850,0.14170,0.17210,0.63270,0.12340,0.19990,0.14480,0.50230,0.12470,0.19830,0.10500,0.15010,0.56660,0.12110,0.07690,0.39880,0.08170,0.14740,0.08350,0.30520,0.08140,0.14420,0.08460,0.12380,0.07710,0.09980
4:30:34,0.19200,0.11880,0.17150,0.09350,0.36180,0.10900,0.16680,0.12310,0.75590,0.13210,0.21650,0.07890,0.15320,0.28560,0.14340,0.27010,0.29160,0.31650,0.17330,0.19970,0.61090,1.02200,0.16540,0.18030,0.12540,0.24380,0.11880,0.19550,0.19210,0.25540,0.13200,0.17450,0.39590,1.04630,0.14430,0.14070,0.09110,0.17590,0.11050,0.14480,0.08840,0.18790,0.11030,0.12670,0.10480,1.00980,0.12560,0.11740,0.33870,0.09700,0.17860,0.08800,0.20860,0.09690,0.17420,0.11640,0.16210,0.09310,0.92860,0.08130,0.25030,0.81010,0.16020,0.24520,0.17140,0.68690,0.15310,0.23150,0.14310,0.18250,0.82230,0.14390,0.17540,0.64710,0.12520,0.20450,0.14740,0.51490,0.12660,0.20260,0.10600,0.15260,0.57990,0.12260,0.07700,0.40870,0.08180,0.14990,0.08380,0.31250,0.08150,0.14670,0.08490,0.12540,0.07710,0.10040
4:40:34,0.19570,0.11980,0.17510,0.09430,0.37080,0.11060,0.17010,0.12480,0.77060,0.13360,0.22080,0.07880,0.15570,0.29230,0.14590,0.27600,0.29900,0.32400,0.17610,0.20360,0.62490,1.02030,0.16870,0.18430,0.12710,0.24890,0.12050,0.20000,0.19640,0.26110,0.13410,0.17750,0.40570,1.04440,0.14680,0.14280,0.09140,0.17900,0.11180,0.14750,0.08900,0.19130,0.11180,0.12880,0.10620,1.01390,0.12700,0.11870,0.34680,0.09790,0.18240,0.08850,0.21320,0.09790,0.17760,0.11780,0.16490,0.09410,0.93580,0.08130,0.25560,0.82330,0.16320,0.25070,0.17470,0.70160,0.15570,0.23690,0.14530,0.18620,0.83540,0.14590,0.17870,0.66070,0.12700,0.20830,0.14990,0.52710,0.12840,0.20690,0.10690,0.15500,0.59290,0.12400,0.07700,0.41820,0.08210,0.15240,0.08400,0.31970,0.08160,0.14920,0.08510,0.12690,0.07710,0.10100
4:50:34,0.19930,0.12100,0.17840,0.09480,0.37960,0.11190,0.17330,0.12600,0.78460,0.13510,0.22500,0.07880,0.15820,0.29870,0.14810,0.28200,0.30630,0.33130,0.17880,0.20740,0.63800,1.01850,0.17190,0.18810,0.12870,0.25440,0.12200,0.20450,0.20050,0.26680,0.13630,0.18060,0.41540,1.04330,0.14920,0.14470,0.09160,0.18070,0.11290,0.15000,0.08950,0.19290,0.11330,0.13080,0.10770,1.01730,0.12830,0.11990,0.35480,0.09880,0.18580,0.08890,0.21780,0.09890,0.18080,0.11910,0.16790,0.09490,0.94130,0.08150,0.26090,0.83550,0.16630,0.25620,0.17800,0.71620,0.15840,0.24220,0.14750,0.18970,0.84720,0.14800,0.18190,0.67430,0.12880,0.21280,0.15230,0.53890,0.13020,0.21110,0.10780,0.15750,0.60540,0.12550,0.07710,0.42770,0.08210,0.15480,0.08410,0.32690,0.08180,0.15170,0.08530,0.12850,0.07710,0.10170
5:00:34,0.20300,0.12200,0.18200,0.09560,0.38810,0.11350,0.17650,0.12760,0.79760,0.13670,0.22920,0.07910,0.16080,0.30520,0.15040,0.28790,0.31350,0.33860,0.18150,0.21130,0.65110,1.01670,0.17510,0.19210,0.13050,0.25970,0.12370,0.20890,0.20480,0.27230,0.13840,0.18380,0.42520,1.04110,0.15180,0.14690,0.09190,0.18150,0.11410,0.15270,0.09000,0.19640,0.11490,0.13290,0.10920,1.02030,0.12960,0.12130,0.36260,0.09980,0.18930,0.08940,0.22230,0.10000,0.18420,0.12050,0.17080,0.09580,0.94740,0.08160,0.26630,0.84700,0.16930,0.26180,0.18150,0.73010,0.16100,0.24760,0.14980,0.19340,0.85840,0.15000,0.18510,0.68720,0.13060,0.21720,0.15490,0.55070,0.13210,0.21540,0.10870,0.16010,0.61760,0.12700,0.07720,0.43730,0.08230,0.15730,0.08440,0.33400,0.08190,0.15430,0.08560,0.13010,0.07720,0.10240
5:10:34,0.20650,0.12300,0.18530,0.09620,0.39670,0.11490,0.17990,0.12890,0.81030,0.13800,0.23340,0.07910,0.16320,0.31150,0.15260,0.29370,0.32080,0.34570,0.18420,0.21510,0.66480,1.01550,0.17830,0.19580,0.13200,0.26470,0.12520,0.21300,0.20890,0.27780,0.14040,0.18660,0.43440,1.03970,0.15410,0.14890,0.09200,0.18350,0.11520,0.15520,0.09050,0.20130,0.11630,0.13480,0.11050,1.02170,0.13080,0.12250,0.37030,0.10060,0.19270,0.08970,0.22680,0.10090,0.18730,0.12160,0.17360,0.09660,0.95130,0.08160,0.27140,0.85780,0.17220,0.26710,0.18470,0.74360,0.16350,0.25280,0.15190,0.19690,0.86870,0.15200,0.18830,0.69940,0.13220,0.22100,0.15730,0.56210,0.13380,0.21950,0.10950,0.16250,0.62920,0.12840,0.07720,0.44650,0.08240,0.15960,0.08460,0.34100,0.08210,0.15660,0.08580,0.13160,0.07720,0.10300
5:20:34,0.21010,0.12400,0.18870,0.09690,0.40510,0.11630,0.18300,0.13010,0.82190,0.13960,0.23760,0.07910,0.16560,0.31770,0.15470,0.29940,0.32780,0.35300,0.18680,0.21880,0.67720,1.01430,0.18130,0.19960,0.13370,0.26970,0.12680,0.21730,0.21310,0.28320,0.14250,0.18960,0.44380,1.03820,0.15640,0.15090,0.09220,0.18670,0.11630,0.15780,0.09090,0.20530,0.11790,0.13700,0.11190,1.02330,0.13200,0.12380,0.37810,0.10150,0.19620,0.09020,0.23130,0.10200,0.19050,0.12290,0.17630,0.09760,0.95530,0.08170,0.27660,0.86740,0.17510,0.27260,0.18790,0.75630,0.16600,0.25790,0.15400,0.20050,0.87820,0.15410,0.19140,0.71130,0.13390,0.22570,0.15980,0.57350,0.13550,0.22370,0.11040,0.16500,0.64090,0.12990,0.07730,0.45540,0.08250,0.16200,0.08470,0.34800,0.08220,0.15910,0.08600,0.13310,0.07720,0.10360
5:30:34,0.21360,0.12510,0.19210,0.09770,0.41340,0.11770,0.18630,0.13140,0.83370,0.14090,0.24160,0.07920,0.16810,0.32400,0.15700,0.30520,0.33480,0.36000,0.18940,0.22240,0.69020,1.01220,0.18440,0.20330,0.13540,0.27520,0.12840,0.22170,0.21720,0.28870,0.14450,0.19250,0.45310,1.03790,0.15880,0.15290,0.09250,0.19010,0.11730,0.16040,0.09150,0.20710,0.11930,0.13920,0.11330,1.02440,0.13330,0.12510,0.38560,0.10230,0.19950,0.09070,0.23570,0.10300,0.19370,0.12420,0.17910,0.09850,0.95830,0.08180,0.28180,0.87670,0.17800,0.27810,0.19110,0.76810,0.16860,0.26300,0.15610,0.20400,0.88700,0.15600,0.19460,0.72300,0.13560,0.22990,0.16230,0.58450,0.13730,0.22780,0.11130,0.16750,0.65220,0.13130,0.07740,0.46450,0.08270,0.16430,0.08500,0.35470,0.08240,0.16150,0.08630,0.13470,0.07730,0.10430
5:40:34,0.21710,0.12610,0.19550,0.09840,0.42180,0.11910,0.18940,0.13270,0.84460,0.14240,0.24570,0.07920,0.17050,0.33010,0.15920,0.31080,0.34210,0.36690,0.19200,0.22620,0.70200,1.01050,0.18740,0.20710,0.13690,0.28000,0.12990,0.22580,0.22130,0.29400,0.14650,0.19520,0.46220,1.03540,0.16090,0.15490,0.09270,0.19350,0.11830,0.16290,0.09200,0.21020,0.12110,0.14120,0.11470,1.02540,0.13440,0.12620,0.39310,0.10310,0.20290,0.09110,0.24010,0.10400,0.19670,0.12540,0.18190,0.09940,0.96110,0.08190,0.28700,0.88530,0.18090,0.28350,0.19420,0.78060,0.17110,0.26800,0.15810,0.20750,0.89540,0.15800,0.19760,0.73410,0.13730,0.23370,0.16470,0.59510,0.13890,0.23200,0.11210,0.16990,0.66310,0.13280,0.07750,0.47330,0.08270,0.16660,0.08510,0.36140,0.08250,0.16380,0.08640,0.13610,0.07730,0.10490
5:50:34,0.22070,0.12700,0.19880,0.09890,0.42990,0.12030,0.19230,0.13380,0.85440,0.14350,0.24950,0.07930,0.17290,0.33610,0.16120,0.31620,0.34860,0.37380,0.19440,0.22970,0.71240,1.00910,0.19030,0.21080,0.13840,0.28480,0.13140,0.22980,0.22520,0.29930,0.14850,0.19800,0.47110,1.03400,0.16320,0.15690,0.09290,0.19710,0.11930,0.16530,0.09230,0.21540,0.12330,0.14320,0.11590,1.02540,0.13560,0.12750,0.40040,0.10380,0.20640,0.09150,0.24430,0.10490,0.19970,0.12650,0.18450,0.10040,0.96250,0.08210,0.29200,0.89300,0.18370,0.28870,0.19730,0.79060,0.17350,0.27300,0.16020,0.21100,0.90250,0.15990,0.20070,0.74470,0.13890,0.23760,0.16710,0.60550,0.14060,0.23600,0.11290,0.17240,0.67340,0.13420,0.07760,0.48180,0.08290,0.16880,0.08530,0.36810,0.08260,0.16620,0.08660,0.13770,0.07730,0.10550
6:00:34,0.22400,0.12800,0.20200,0.09940,0.43780,0.12150,0.19520,0.13500,0.86360,0.14470,0.25340,0.07950,0.17530,0.34190,0.16320,0.32170,0.35520,0.38050,0.19670,0.23320,0.72410,1.00790,0.19320,0.21440,0.13950,0.28980,0.13270,0.23360,0.22910,0.30440,0.15020,0.20060,0.47990,1.03260,0.16530,0.15900,0.09290,0.20040,0.12020,0.16770,0.09260,0.21890,0.12450,0.14510,0.11710,1.02550,0.13670,0.12870,0.40770,0.10450,0.20950,0.09190,0.24860,0.10570,0.20260,0.12760,0.18710,0.10110,0.96350,0.08220,0.29720,0.90050,0.18650,0.29370,0.20030,0.80240,0.17580,0.27790,0.16210,0.21440,0.90950,0.16170,0.20390,0.75510,0.14040,0.24170,0.16950,0.61580,0.14220,0.23990,0.11360,0.17460,0.68370,0.13560,0.07760,0.49030,0.08310,0.17120,0.08550,0.37460,0.08270,0.16850,0.08670,0.13920,0.07730,0.10590
6:10:34,0.22760,0.12910,0.20530,0.10010,0.44580,0.12270,0.19820,0.13620,0.87280,0.14600,0.25730,0.07950,0.17780,0.34800,0.16540,0.32720,0.36210,0.38700,0.19920,0.23690,0.73570,1.00670,0.19610,0.21800,0.14080,0.29460,0.13430,0.23780,0.23320,0.30960,0.15230,0.20350,0.48870,1.03170,0.16770,0.16110,0.09340,0.20440,0.12130,0.17040,0.09320,0.22080,0.12590,0.14710,0.11840,1.02570,0.13790,0.13020,0.41500,0.10540,0.21290,0.09260,0.25300,0.10670,0.20560,0.12870,0.18990,0.10220,0.96550,0.08240,0.30220,0.90720,0.18940,0.29920,0.20360,0.81320,0.17840,0.28300,0.16410,0.21800,0.91590,0.16360,0.20690,0.76510,0.14220,0.24600,0.17190,0.62590,0.14390,0.24390,0.11470,0.17730,0.69350,0.13710,0.07780,0.49900,0.08330,0.17360,0.08590,0.38130,0.08300,0.17090,0.08710,0.14070,0.07730,0.10670
6:20:34,0.23100,0.13010,0.20870,0.10100,0.45390,0.12410,0.20130,0.13750,0.88130,0.14730,0.26130,0.07970,0.18030,0.35390,0.16760,0.33280,0.36870,0.39390,0.20170,0.24040,0.74650,1.00490,0.19910,0.22180,0.14200,0.29970,0.13600,0.24190,0.23730,0.31490,0.15430,0.20630,0.49740,1.03040,0.16990,0.16320,0.09370,0.20760,0.12240,0.17300,0.09380,0.22420,0.12770,0.14920,0.11980,1.02530,0.13910,0.13170,0.42220,0.10640,0.21660,0.09340,0.25740,0.10770,0.20860,0.12990,0.19240,0.10340,0.96630,0.08260,0.30730,0.91330,0.19230,0.30450,0.20680,0.82260,0.18080,0.28820,0.16630,0.22170,0.92160,0.16560,0.21000,0.77490,0.14410,0.25010,0.17440,0.63590,0.14550,0.24790,0.11560,0.17990,0.70320,0.13850,0.07790,0.50710,0.08340,0.17610,0.08620,0.38770,0.08310,0.17330,0.08740,0.14230,0.07740,0.10720
6:30:34,0.23440,0.13110,0.21210,0.10170,0.46190,0.12530,0.20430,0.13880,0.88910,0.14870,0.26520,0.07990,0.18270,0.35990,0.16980,0.33810,0.37540,0.40060,0.20410,0.24390,0.75690,1.00320,0.20200,0.22550,0.14310,0.30500,0.13760,0.24610,0.24150,0.32000,0.15620,0.20900,0.50580,1.02920,0.17220,0.16520,0.09390,0.21090,0.12340,0.17550,0.09450,0.22930,0.12920,0.15120,0.12110,1.02500,0.14030,0.13290,0.42910,0.10730,0.21990,0.09420,0.26170,0.10880,0.21170,0.13100,0.19520,0.10450,0.96670,0.08270,0.31220,0.91880,0.19510,0.30970,0.21000,0.83240,0.18330,0.29310,0.16830,0.22520,0.92660,0.16760,0.21300,0.78400,0.14580,0.25400,0.17680,0.64530,0.14720,0.25190,0.11650,0.18240,0.71210,0.13990,0.07800,0.51500,0.08350,0.17830,0.08640,0.39410,0.08330,0.17570,0.08760,0.14390,0.07750,0.10780
6:40:34,0.23790,0.13210,0.21550,0.10250,0.46970,0.12670,0.20740,0.14010,0.89700,0.15020,0.26900,0.08000,0.18510,0.36590,0.17200,0.34350,0.38190,0.40710,0.20650,0.24750,0.76670,1.00270,0.20500,0.22920,0.14420,0.30940,0.13930,0.25010,0.24550,0.32510,0.15820,0.21170,0.51440,1.02760,0.17440,0.16710,0.09420,0.21510,0.12440,0.17810,0.09510,0.23090,0.13030,0.15330,0.12240,1.02440,0.14160,0.13420,0.43610,0.10830,0.22330,0.09490,0.26600,0.10990,0.21460,0.13220,0.19770,0.10560,0.96690,0.08300,0.31720,0.92430,0.19800,0.31500,0.21320,0.84170,0.18570,0.29820,0.17020,0.22880,0.93140,0.16950,0.21610,0.79260,0.14770,0.25810,0.17930,0.65490,0.14890,0.25580,0.11740,0.18490,0.72120,0.14140,0.07820,0.52300,0.08380,0.18070,0.08680,0.40040,0.08350,0.17810,0.08790,0.14540,0.07760,0.10840
6:50:34,0.24110,0.13290,0.21900,0.10300,0.47710,0.12770,0.21010,0.14110,0.90410,0.15120,0.27280,0.07980,0.18740,0.37150,0.17390,0.34870,0.38800,0.41330,0.20880,0.25080,0.77590,1.00300,0.20770,0.23270,0.14510,0.31400,0.14070,0.25400,0.24940,0.33000,0.15990,0.21410,0.52260,1.02510,0.17660,0.16910,0.09430,0.22000,0.12520,0.18050,0.09550,0.23370,0.13140,0.15510,0.12350,1.02340,0.14260,0.13550,0.44290,0.10900,0.22680,0.09540,0.27020,0.11070,0.21750,0.13310,0.20010,0.10650,0.96790,0.08300,0.32200,0.92850,0.20070,0.32000,0.21630,0.84970,0.18800,0.30290,0.17220,0.23240,0.93520,0.17130,0.21910,0.80090,0.14930,0.26190,0.18170,0.66420,0.15050,0.25970,0.11810,0.18720,0.72940,0.14270,0.07830,0.53090,0.08380,0.18290,0.08690,0.40660,0.08360,0.18030,0.08790,0.14670,0.07750,0.10890
7:00:34,0.24450,0.13370,0.22220,0.10360,0.48450,0.12900,0.21280,0.14210,0.91170,0.15240,0.27630,0.07990,0.18980,0.37710,0.17590,0.35400,0.39440,0.41990,0.21120,0.25410,0.78500,1.00040,0.21050,0.23610,0.14630,0.31870,0.14220,0.25770,0.25320,0.33480,0.16160,0.21680,0.53080,1.02510,0.17870,0.17100,0.09440,0.22390,0.12610,0.18290,0.09590,0.23980,0.13250,0.15700,0.12460,1.02260,0.14380,0.13670,0.44980,0.10990,0.22990,0.09600,0.27460,0.11170,0.22030,0.13420,0.20250,0.10740,0.96790,0.08320,0.32680,0.93260,0.20350,0.32510,0.21920,0.85890,0.19030,0.30790,0.17410,0.23570,0.93850,0.17330,0.22200,0.80860,0.15090,0.26550,0.18400,0.67280,0.15190,0.26350,0.11890,0.18950,0.73790,0.14420,0.07840,0.53850,0.08390,0.18510,0.08710,0.41280,0.08380,0.18260,0.08810,0.14820,0.07760,0.10940
7:10:34,0.24780,0.13460,0.22570,0.10440,0.49210,0.13010,0.21580,0.14330,0.91780,0.15380,0.28000,0.08000,0.19220,0.38270,0.17800,0.35940,0.40050,0.42620,0.21340,0.25750,0.79560,0.99900,0.21330,0.23960,0.14770,0.32350,0.14380,0.26170,0.25720,0.33990,0.16350,0.21940,0.53880,1.02320,0.18090,0.17300,0.09480,0.22670,0.12710,0.18540,0.09650,0.24330,0.13360,0.15890,0.12580,1.02140,0.14490,0.13800,0.45650,0.11080,0.23310,0.09660,0.27860,0.11260,0.22330,0.13530,0.20500,0.10840,0.96720,0.08330,0.33160,0.93630,0.20620,0.33010,0.22240,0.86690,0.19260,0.31260,0.17600,0.23910,0.94220,0.17520,0.22500,0.81620,0.15260,0.26960,0.18630,0.68140,0.15360,0.26730,0.11980,0.19190,0.74580,0.14560,0.07850,0.54610,0.08420,0.18730,0.08750,0.41890,0.08390,0.18490,0.08830,0.14970,0.07760,0.11010
7:20:34,0.25110,0.13550,0.22910,0.10520,0.49950,0.13140,0.21860,0.14450,0.92300,0.15490,0.28370,0.08010,0.19450,0.38840,0.18010,0.36430,0.40690,0.43220,0.21570,0.26080,0.80340,0.99810,0.21610,0.24290,0.14900,0.32820,0.14540,0.26570,0.26110,0.34460,0.16530,0.22200,0.54680,1.02290,0.18310,0.17500,0.09510,0.22970,0.12800,0.18790,0.09700,0.24650,0.13470,0.16090,0.12700,1.02140,0.14610,0.13940,0.46310,0.11180,0.23660,0.09730,0.28290,0.11350,0.22610,0.13630,0.20740,0.10950,0.96730,0.08350,0.33630,0.93980,0.20910,0.33520,0.22550,0.87480,0.19480,0.31750,0.17800,0.24260,0.94510,0.17710,0.22800,0.82340,0.15430,0.27390,0.18870,0.69000,0.15520,0.27120,0.12070,0.19440,0.75350,0.14700,0.07880,0.55340,0.08440,0.18960,0.08780,0.42500,0.08420,0.18720,0.08860,0.15130,0.07770,0.11060
7:30:34,0.25420,0.13630,0.23240,0.10580,0.50670,0.13230,0.22140,0.14540,0.92880,0.15610,0.28720,0.08020,0.19680,0.39370,0.18210,0.36940,0.41300,0.43850,0.21780,0.26420,0.81270,0.99590,0.21890,0.24630,0.15030,0.33340,0.14680,0.26940,0.26490,0.34950,0.16710,0.22450,0.55470,1.02110,0.18520,0.17700,0.09510,0.23230,0.12880,0.19020,0.09760,0.24710,0.13580,0.16280,0.12820,1.02020,0.14720,0.14080,0.46960,0.11270,0.23980,0.09800,0.28700,0.11440,0.22880,0.13720,0.20970,0.11040,0.96650,0.08370,0.34110,0.94280,0.21170,0.34020,0.22850,0.88140,0.19700,0.32230,0.17970,0.24600,0.94750,0.17900,0.23090,0.83030,0.15610,0.27740,0.19100,0.69800,0.15670,0.27490,0.12160,0.19690,0.76080,0.14830,0.07880,0.56060,0.08440,0.19190,0.08810,0.43080,0.08430,0.18940,0.08880,0.15280,0.07770,0.11100
7:40:34,0.25730,0.13720,0.23580,0.10650,0.51400,0.13340,0.22430,0.14660,0.93390,0.15730,0.29090,0.08030,0.19920,0.39930,0.18430,0.37450,0.41930,0.44480,0.22000,0.26740,0.82140,0.99460,0.22160,0.24980,0.15160,0.33750,0.14840,0.27330,0.26890,0.35420,0.16870,0.22710,0.56240,1.02180,0.18730,0.17900,0.09560,0.23440,0.12970,0.19280,0.09820,0.24950,0.13690,0.16480,0.12940,1.01890,0.14830,0.14230,0.47610,0.11360,0.24310,0.09870,0.29140,0.11540,0.23160,0.13830,0.21220,0.11150,0.96560,0.08380,0.34560,0.94560,0.21450,0.34530,0.23170,0.88810,0.19930,0.32710,0.18170,0.24960,0.94980,0.18090,0.23380,0.83680,0.15780,0.28140,0.19330,0.70640,0.15830,0.27870,0.12250,0.19940,0.76790,0.14970,0.07890,0.56780,0.08460,0.19420,0.08840,0.43670,0.08450,0.19170,0.08910,0.15430,0.07780,0.11150
7:50:34,0.26060,0.13800,0.23900,0.10710,0.52100,0.13440,0.22700,0.14740,0.93870,0.15840,0.29440,0.08020,0.20140,0.40470,0.18630,0.37960,0.42540,0.45080,0.22210,0.27050,0.82910,0.99340,0.22440,0.25310,0.15270,0.34240,0.14990,0.27700,0.27280,0.35890,0.17050,0.22960,0.56990,1.02010,0.18940,0.18080,0.09580,0.23660,0.13050,0.19510,0.09870,0.25260,0.13790,0.16670,0.13050,1.01780,0.14940,0.14340,0.48240,0.11430,0.24660,0.09940,0.29560,0.11630,0.23440,0.13910,0.21460,0.11250,0.96460,0.08390,0.35040,0.94790,0.21710,0.35020,0.23480,0.89570,0.20160,0.33190,0.18350,0.25300,0.95200,0.18280,0.23670,0.84310,0.15940,0.28510,0.19560,0.71420,0.15980,0.28240,0.12340,0.20170,0.77460,0.15110,0.07910,0.57470,0.08480,0.19640,0.08860,0.44250,0.08470,0.19400,0.08920,0.15560,0.07780,0.11210
8:00:34,0.26370,0.13860,0.24200,0.10760,0.52800,0.13540,0.22970,0.14830,0.94320,0.15950,0.29790,0.08020,0.20360,0.40980,0.18820,0.38450,0.43130,0.45680,0.22410,0.27360,0.83610,0.99210,0.22690,0.25620,0.15400,0.34680,0.15130,0.28070,0.27640,0.36370,0.17200,0.23210,0.57750,1.01840,0.19130,0.18260,0.09580,0.23860,0.13120,0.19750,0.09910,0.25770,0.13890,0.16850,0.13160,1.01640,0.15050,0.14460,0.48860,0.11510,0.24980,0.10000,0.29960,0.11710,0.23700,0.14000,0.21680,0.11340,0.96320,0.08410,0.35490,0.94970,0.21980,0.35500,0.23780,0.90160,0.20370,0.33640,0.18520,0.25640,0.95370,0.18460,0.23960,0.84880,0.16110,0.28920,0.19790,0.72180,0.16130,0.28610,0.12400,0.20400,0.78110,0.15240,0.07920,0.58150,0.08490,0.19860,0.08870,0.44820,0.08480,0.19620,0.08930,0.15700,0.07790,0.11250
8:10:34,0.26680,0.13950,0.24530,0.10810,0.53500,0.13640,0.23230,0.14920,0.94780,0.16080,0.30160,0.08030,0.20590,0.41510,0.19020,0.38930,0.43720,0.46290,0.22610,0.27690,0.84450,0.99020,0.22960,0.25940,0.15540,0.35100,0.15290,0.28450,0.28040,0.36840,0.17370,0.23460,0.58500,1.01740,0.19330,0.18450,0.09610,0.23980,0.13210,0.19980,0.09960,0.26100,0.13990,0.17030,0.13270,1.01580,0.15150,0.14590,0.49480,0.11590,0.25300,0.10060,0.30370,0.11790,0.23970,0.14090,0.21910,0.11430,0.96240,0.08430,0.35940,0.95170,0.22240,0.35990,0.24080,0.90740,0.20600,0.34100,0.18710,0.25990,0.95480,0.18660,0.24260,0.85440,0.16280,0.29290,0.20020,0.72920,0.16280,0.28970,0.12480,0.20620,0.78750,0.15390,0.07940,0.58820,0.08500,0.20070,0.08890,0.45390,0.08500,0.19830,0.08950,0.15850,0.07790,0.11300
8:20:34,0.26990,0.14030,0.24840,0.10880,0.54170,0.13740,0.23490,0.15020,0.95150,0.16180,0.30500,0.08050,0.20820,0.42050,0.19210,0.39430,0.44330,0.46860,0.22830,0.28010,0.85210,0.98880,0.23220,0.26260,0.15730,0.35560,0.15430,0.28820,0.28420,0.37280,0.17530,0.23710,0.59220,1.01590,0.19540,0.18650,0.09640,0.24300,0.13280,0.20220,0.10030,0.26170,0.14110,0.17220,0.13380,1.01450,0.15260,0.14730,0.50120,0.11680,0.25610,0.10120,0.30770,0.11880,0.24240,0.14190,0.22140,0.11530,0.96170,0.08450,0.36410,0.95330,0.22510,0.36470,0.24380,0.91340,0.20810,0.34560,0.18890,0.26310,0.95610,0.18850,0.24530,0.85950,0.16440,0.29670,0.20240,0.73660,0.16420,0.29340,0.12560,0.20860,0.79350,0.15520,0.07960,0.59480,0.08520,0.20290,0.08920,0.45950,0.08520,0.20050,0.08970,0.16000,0.07800,0.11340
8:30:34,0.27310,0.14110,0.25170,0.10950,0.54850,0.13840,0.23780,0.15130,0.95500,0.16310,0.30850,0.08120,0.21060,0.42610,0.19420,0.39910,0.44910,0.47460,0.23050,0.28320,0.85880,0.98780,0.23490,0.26600,0.15900,0.36020,0.15580,0.29190,0.28810,0.37760,0.17700,0.23960,0.59940,1.01450,0.19750,0.18840,0.09680,0.24630,0.13370,0.20450,0.10090,0.26490,0.14230,0.17400,0.13490,1.01340,0.15370,0.14860,0.50720,0.11760,0.25960,0.10190,0.31200,0.11960,0.24510,0.14270,0.22380,0.11630,0.95980,0.08470,0.36860,0.95480,0.22790,0.36960,0.24690,0.91810,0.21040,0.35030,0.19070,0.26660,0.95700,0.19040,0.24830,0.86470,0.16610,0.30060,0.20460,0.74370,0.16580,0.29710,0.12650,0.21090,0.79910,0.15650,0.07980,0.60150,0.08540,0.20510,0.08950,0.46500,0.08540,0.20270,0.08990,0.16140,0.07810,0.11400
8:40:34,0.27600,0.14190,0.25480,0.11020,0.55510,0.13960,0.24050,0.15230,0.95780,0.16420,0.31190,0.08140,0.21280,0.43140,0.19610,0.40390,0.45520,0.48030,0.23260,0.28630,0.86600,0.98670,0.23750,0.26910,0.16050,0.36400,0.15730,0.29560,0.29180,0.38220,0.17870,0.24220,0.60650,1.01380,0.19940,0.19030,0.09720,0.24990,0.13450,0.20690,0.10150,0.26750,0.14360,0.17580,0.13600,1.01230,0.15480,0.14990,0.51310,0.11850,0.26280,0.10260,0.31600,0.12060,0.24780,0.14360,0.22630,0.11730,0.95860,0.08480,0.37300,0.95580,0.23040,0.37430,0.24990,0.92370,0.21260,0.35500,0.19240,0.27010,0.95820,0.19220,0.25120,0.86930,0.16780,0.30420,0.20690,0.75090,0.16720,0.30070,0.12730,0.21340,0.80490,0.15790,0.07990,0.60760,0.08550,0.20720,0.08980,0.47050,0.08560,0.20490,0.09020,0.16300,0.07820,0.11440
8:50:34,0.27910,0.14260,0.25790,0.11080,0.56170,0.14060,0.24310,0.15320,0.96040,0.16510,0.31500,0.08140,0.21500,0.43690,0.19810,0.40860,0.46060,0.48590,0.23470,0.28940,0.87100,0.98570,0.24000,0.27220,0.16190,0.36820,0.15880,0.29890,0.29550,0.38650,0.18030,0.24460,0.61350,1.01300,0.20140,0.19200,0.09760,0.25350,0.13530,0.20920,0.10220,0.27310,0.14460,0.17760,0.13700,1.01070,0.15580,0.15100,0.51900,0.11930,0.26590,0.10310,0.31990,0.12140,0.25040,0.14450,0.22850,0.11820,0.95740,0.08490,0.37740,0.95650,0.23300,0.37900,0.25280,0.92840,0.21470,0.35920,0.19400,0.27350,0.95820,0.19400,0.25400,0.87370,0.16930,0.30810,0.20900,0.75730,0.16860,0.30420,0.12810,0.21560,0.80980,0.15920,0.08010,0.61370,0.08570,0.20920,0.09000,0.47580,0.08570,0.20700,0.09030,0.16430,0.07810,0.11480
9:00:34,0.28200,0.14320,0.26090,0.11140,0.56860,0.14160,0.24570,0.15430,0.96370,0.16610,0.31850,0.08130,0.21720,0.44230,0.20010,0.41330,0.46630,0.49150,0.23670,0.29240,0.87780,0.98390,0.24250,0.27540,0.16330,0.37290,0.16020,0.30290,0.29900,0.39080,0.18180,0.24700,0.62020,1.01110,0.20330,0.19380,0.09790,0.25670,0.13600,0.21140,0.10260,0.27660,0.14580,0.17930,0.13800,1.00970,0.15680,0.15210,0.52480,0.11990,0.26890,0.10370,0.32400,0.12220,0.25290,0.14530,0.23050,0.11910,0.95680,0.08510,0.38170,0.95730,0.23560,0.38370,0.25570,0.93340,0.21670,0.36380,0.19570,0.27680,0.95840,0.19590,0.25670,0.87770,0.17090,0.31160,0.21120,0.76380,0.17000,0.30770,0.12880,0.21790,0.81480,0.16050,0.08020,0.61970,0.08580,0.21130,0.09010,0.48120,0.08580,0.20910,0.09040,0.16560,0.07830,0.11530
9:10:34,0.28500,0.14380,0.26370,0.11160,0.57490,0.14230,0.24810,0.15500,0.96570,0.16710,0.32170,0.08110,0.21920,0.44740,0.20190,0.41760,0.47150,0.49660,0.23870,0.29520,0.88300,0.98330,0.24490,0.27830,0.16430,0.37680,0.16150,0.30630,0.30260,0.39520,0.18310,0.24940,0.62710,1.01040,0.20510,0.19540,0.09800,0.25960,0.13670,0.21340,0.10290,0.27630,0.14670,0.18080,0.13910,1.00860,0.15790,0.15310,0.53040,0.12060,0.27200,0.10420,0.32770,0.12300,0.25540,0.14610,0.23270,0.11990,0.95500,0.08520,0.38610,0.95730,0.23820,0.38830,0.25860,0.93710,0.21870,0.36810,0.19730,0.28000,0.95850,0.19770,0.25950,0.88130,0.17250,0.31490,0.21330,0.76990,0.17140,0.31110,0.12940,0.22000,0.81930,0.16190,0.08050,0.62550,0.08590,0.21320,0.09020,0.48640,0.08600,0.21110,0.09040,0.16690,0.07830,0.11580
9:20:34,0.28790,0.14450,0.26660,0.11210,0.58090,0.14330,0.25050,0.15590,0.96740,0.16820,0.32500,0.08120,0.22150,0.45260,0.20380,0.42220,0.47720,0.50260,0.24050,0.29820,0.88950,0.98160,0.24730,0.28120,0.16570,0.38120,0.16280,0.31010,0.30610,0.39940,0.18460,0.25170,0.63400,1.00970,0.20690,0.19730,0.09830,0.26260,0.13740,0.21570,0.10320,0.27900,0.14730,0.18240,0.14000,1.00720,0.15880,0.15410,0.53590,0.12110,0.27530,0.10460,0.33150,0.12370,0.25800,0.14690,0.23480,0.12070,0.95360,0.08540,0.39040,0.95760,0.24060,0.39280,0.26140,0.94030,0.22070,0.37260,0.19890,0.28320,0.95850,0.19950,0.26220,0.88500,0.17390,0.31860,0.21540,0.77570,0.17270,0.31470,0.13000,0.22210,0.82390,0.16320,0.08070,0.63130,0.08600,0.21510,0.09030,0.49150,0.08600,0.21310,0.09050,0.16830,0.07840,0.11620
9:30:34,0.29090,0.14520,0.26950,0.11280,0.58730,0.14410,0.25310,0.15680,0.96850,0.16930,0.32820,0.08140,0.22380,0.45800,0.20580,0.42690,0.48280,0.50800,0.24270,0.30130,0.89450,0.98090,0.24980,0.28440,0.16710,0.38550,0.16430,0.31330,0.30980,0.40380,0.18610,0.25420,0.64070,1.00810,0.20880,0.19930,0.09870,0.26590,0.13820,0.21790,0.10380,0.28270,0.14830,0.18420,0.14110,1.00620,0.15990,0.15540,0.54190,0.12190,0.27840,0.10520,0.33550,0.12450,0.26060,0.14770,0.23700,0.12170,0.95220,0.08560,0.39480,0.95780,0.24320,0.39730,0.26440,0.94420,0.22280,0.37690,0.20070,0.28650,0.95850,0.20150,0.26520,0.88830,0.17560,0.32220,0.21760,0.78160,0.17410,0.31810,0.13090,0.22450,0.82820,0.16460,0.08090,0.63710,0.08640,0.21730,0.09070,0.49670,0.08640,0.21520,0.09080,0.16980,0.07860,0.11670
9:40:34,0.29380,0.14580,0.27210,0.11330,0.59360,0.14500,0.25560,0.15770,0.97040,0.17020,0.33140,0.08160,0.22590,0.46320,0.20770,0.43130,0.48810,0.51330,0.24460,0.30430,0.89950,0.97930,0.25230,0.28730,0.16850,0.38910,0.16570,0.31690,0.31330,0.40810,0.18760,0.25660,0.64730,1.00680,0.21060,0.20110,0.09900,0.27020,0.13890,0.22020,0.10430,0.28710,0.14870,0.18590,0.14210,1.00430,0.16080,0.15660,0.54720,0.12250,0.28140,0.10580,0.33930,0.12530,0.26310,0.14850,0.23910,0.12260,0.95060,0.08570,0.39910,0.95790,0.24590,0.40200,0.26730,0.94640,0.22480,0.38130,0.20230,0.28970,0.95830,0.20330,0.26800,0.89150,0.17720,0.32560,0.21960,0.78730,0.17550,0.32160,0.13170,0.22680,0.83230,0.16590,0.08110,0.64260,0.08650,0.21930,0.09100,0.50180,0.08650,0.21720,0.09090,0.17120,0.07870,0.11710
9:50:34,0.29660,0.14640,0.27500,0.11390,0.59980,0.14580,0.25800,0.15860,0.97240,0.17120,0.33470,0.08160,0.22800,0.46820,0.20960,0.43590,0.49360,0.51860,0.24640,0.30740,0.90540,0.97860,0.25460,0.29030,0.16960,0.39380,0.16710,0.32040,0.31690,0.41230,0.18910,0.25900,0.65390,1.00590,0.21250,0.20280,0.09940,0.27430,0.13950,0.22230,0.10480,0.29030,0.14920,0.18750,0.14300,1.00360,0.16180,0.15770,0.55290,0.12310,0.28470,0.10620,0.34320,0.12600,0.26550,0.14920,0.24130,0.12340,0.94940,0.08590,0.40330,0.95740,0.24830,0.40650,0.27020,0.95010,0.22690,0.38550,0.20390,0.29290,0.95780,0.20520,0.27070,0.89420,0.17870,0.32920,0.22180,0.79260,0.17680,0.32500,0.13240,0.22900,0.83620,0.16730,0.08140,0.64790,0.08670,0.22130,0.09110,0.50680,0.08670,0.21920,0.09110,0.17250,0.07870,0.11750
10:00:34,0.29950,0.14710,0.27800,0.11450,0.60590,0.14700,0.26040,0.15940,0.97320,0.17230,0.33800,0.08170,0.23030,0.47350,0.21160,0.44030,0.49900,0.52400,0.24840,0.31030,0.91050,0.97780,0.25710,0.29310,0.17100,0.39800,0.16860,0.32350,0.32040,0.41640,0.19060,0.26130,0.65990,1.00490,0.21430,0.20470,0.09960,0.27780,0.14030,0.22450,0.10540,0.29050,0.14960,0.18930,0.14400,1.00200,0.16270,0.15890,0.55810,0.12390,0.28790,0.10690,0.34690,0.12680,0.26800,0.15000,0.24330,0.12430,0.94840,0.08610,0.40760,0.95730,0.25090,0.41100,0.27300,0.95380,0.22880,0.38980,0.20560,0.29610,0.95720,0.20700,0.27350,0.89710,0.18030,0.33280,0.22380,0.79770,0.17820,0.32830,0.13310,0.23110,0.83990,0.16870,0.08160,0.65330,0.08690,0.22340,0.09130,0.51160,0.08690,0.22120,0.09120,0.17390,0.07890,0.11780

