420

Time,A1,A2,A3,A4,A5,A6,A7,A8,A9,A10,A11,A12,B1,B2,B3,B4,B5,B6,B7,B8,B9,B10,B11,B12,C1,C2,C3,C4,C5,C6,C7,C8,C9,C10,C11,C12,D1,D2,D3,D4,D5,D6,D7,D8,D9,D10,D11,D12,E1,E2,E3,E4,E5,E6,E7,E8,E9,E10,E11,E12,F1,F2,F3,F4,F5,F6,F7,F8,F9,F10,F11,F12,G1,G2,G3,G4,G5,G6,G7,G8,G9,G10,G11,G12,H1,H2,H3,H4,H5,H6,H7,H8,H9,H10,H11,H12
0:00:09,0.19340,0.07750,0.25910,0.07590,0.19330,0.07600,0.24500,0.07660,0.24720,0.07650,0.20160,0.07760,0.15470,0.26590,0.18820,0.28280,0.15990,0.22850,0.17490,0.22500,0.19600,0.15150,0.17060,0.09040,0.13040,0.20740,0.16510,0.22280,0.14310,0.21170,0.15020,0.18430,0.15650,0.13950,0.13810,0.08360,0.07630,0.16000,0.07580,0.16220,0.07600,0.15810,0.07580,0.14410,0.07710,0.10910,0.07660,0.08100,0.31320,0.07830,0.23880,0.07640,0.26640,0.07790,0.24190,0.07720,0.15580,0.07640,0.13500,0.07670,0.26150,0.25710,0.21140,0.27260,0.20730,0.22490,0.22740,0.22590,0.14770,0.12820,0.11920,0.07800,0.18320,0.24660,0.16750,0.24440,0.16490,0.18250,0.17430,0.19110,0.12870,0.11970,0.10410,0.07870,0.07590,0.17590,0.07670,0.18930,0.07700,0.17340,0.07610,0.15100,0.07570,0.10600,0.07670,0.07970
0:01:49,0.24380,0.07730,0.34050,0.07570,0.27090,0.07590,0.35450,0.07630,0.34660,0.07630,0.29270,0.07720,0.18810,0.33930,0.23450,0.36970,0.21320,0.31960,0.22780,0.32580,0.27330,0.21390,0.24440,0.09440,0.15460,0.26750,0.19880,0.30070,0.17450,0.24410,0.18710,0.25630,0.20330,0.18690,0.18290,0.08730,0.07590,0.20330,0.07560,0.19990,0.07580,0.19450,0.07560,0.18410,0.07690,0.13000,0.07620,0.08270,0.40900,0.07800,0.30770,0.07610,0.35950,0.07760,0.33880,0.07690,0.20910,0.07630,0.17540,0.07640,0.32340,0.34420,0.26670,0.35940,0.27300,0.29700,0.29660,0.29550,0.18580,0.16220,0.15490,0.07780,0.22470,0.30230,0.19770,0.32140,0.20380,0.24200,0.21530,0.24260,0.15860,0.14430,0.11980,0.07810,0.07560,0.21050,0.07630,0.23120,0.07690,0.21570,0.07580,0.18650,0.07540,0.11780,0.07630,0.07920
0:03:29,0.29530,0.07710,0.40890,0.07560,0.35350,0.07580,0.45740,0.07610,0.45110,0.07610,0.40580,0.07710,0.22330,0.41650,0.29420,0.46070,0.26700,0.40410,0.29560,0.41990,0.35050,0.27870,0.31670,0.10050,0.17910,0.33050,0.23120,0.37120,0.20350,0.31780,0.22580,0.32700,0.25000,0.23580,0.23180,0.09120,0.07580,0.24610,0.07540,0.24120,0.07580,0.22980,0.07560,0.21620,0.07690,0.15300,0.07620,0.08490,0.51110,0.07920,0.37600,0.07600,0.45470,0.07750,0.44030,0.07680,0.26820,0.07610,0.21960,0.07630,0.38760,0.44180,0.32380,0.44590,0.33960,0.37320,0.36220,0.35630,0.22910,0.19830,0.18530,0.07750,0.26630,0.35970,0.22600,0.39130,0.24200,0.31820,0.25890,0.30340,0.18190,0.17310,0.13430,0.07880,0.07550,0.24520,0.07620,0.27280,0.07710,0.25720,0.07590,0.22340,0.07540,0.13000,0.07620,0.07900
0:05:09,0.34810,0.07700,0.49060,0.07530,0.42990,0.07570,0.55340,0.07600,0.54840,0.07610,0.51360,0.07700,0.25940,0.50720,0.36010,0.56130,0.32100,0.48600,0.36510,0.51430,0.42730,0.34240,0.39260,0.10790,0.20360,0.39230,0.26310,0.44970,0.23270,0.38870,0.26290,0.40060,0.29930,0.28300,0.27910,0.09560,0.07570,0.28380,0.07530,0.28080,0.07570,0.26380,0.07540,0.25370,0.07670,0.17790,0.07610,0.08740,0.61100,0.07920,0.44180,0.07590,0.54330,0.07730,0.54680,0.07670,0.33540,0.07600,0.26190,0.07620,0.45270,0.52770,0.38020,0.53210,0.40640,0.45570,0.42870,0.43460,0.27730,0.23790,0.21170,0.07750,0.30450,0.41810,0.25350,0.45820,0.27860,0.38400,0.30120,0.36400,0.20940,0.20440,0.15000,0.07850,0.07550,0.28010,0.07600,0.31500,0.07690,0.29800,0.07570,0.26170,0.07530,0.14360,0.07620,0.07880
0:06:49,0.40040,0.07690,0.57580,0.07530,0.50030,0.07550,0.64340,0.07590,0.64570,0.07600,0.61710,0.07690,0.29590,0.59320,0.42380,0.64420,0.37310,0.57720,0.42990,0.60160,0.50010,0.40700,0.46500,0.11700,0.22710,0.45370,0.29630,0.52510,0.26150,0.45460,0.30100,0.47030,0.34800,0.32890,0.32420,0.09960,0.07560,0.31800,0.07520,0.32190,0.07550,0.29920,0.07530,0.29110,0.07660,0.20560,0.07600,0.08990,0.69890,0.07920,0.50620,0.07580,0.62360,0.07710,0.64680,0.07660,0.40380,0.07590,0.30690,0.07600,0.51910,0.60840,0.43390,0.61880,0.47200,0.53800,0.49750,0.53570,0.32730,0.27700,0.23860,0.07750,0.34290,0.47660,0.28310,0.52690,0.31410,0.44550,0.34670,0.42310,0.23980,0.23210,0.16460,0.07860,0.07530,0.31430,0.07580,0.35490,0.07670,0.33860,0.07570,0.30190,0.07530,0.15830,0.07610,0.07860
0:08:29,0.45460,0.07680,0.65990,0.07520,0.57120,0.07550,0.72900,0.07600,0.73500,0.07600,0.71710,0.07690,0.33270,0.67080,0.48700,0.71650,0.43140,0.66380,0.49730,0.68060,0.56890,0.47100,0.53550,0.12670,0.25020,0.51460,0.33060,0.59820,0.29020,0.52930,0.34240,0.53990,0.39630,0.37710,0.36940,0.10440,0.07560,0.35110,0.07510,0.36330,0.07560,0.33650,0.07530,0.33240,0.07650,0.23480,0.07590,0.09250,0.77780,0.08070,0.57040,0.07580,0.69750,0.07710,0.74160,0.07650,0.46920,0.07580,0.35260,0.07600,0.58480,0.68480,0.48540,0.70020,0.53340,0.62660,0.56530,0.62720,0.37620,0.31660,0.27010,0.07760,0.38130,0.53320,0.31450,0.59410,0.34950,0.50840,0.38900,0.48730,0.27160,0.25950,0.17930,0.07840,0.07530,0.34800,0.07570,0.39490,0.07670,0.37980,0.07570,0.34200,0.07530,0.17340,0.07590,0.07850
0:10:09,0.50860,0.07680,0.74050,0.07520,0.63790,0.07550,0.80880,0.07580,0.81720,0.07590,0.81040,0.07690,0.36920,0.74430,0.54800,0.79780,0.48670,0.74800,0.56720,0.75420,0.63530,0.53500,0.60640,0.13690,0.27370,0.57180,0.36520,0.66660,0.31900,0.60560,0.38420,0.61010,0.44620,0.42670,0.41480,0.10960,0.07560,0.38840,0.07510,0.40560,0.07550,0.37430,0.07530,0.37690,0.07650,0.26600,0.07610,0.09530,0.84840,0.08050,0.63390,0.07570,0.76800,0.07710,0.82570,0.07650,0.53480,0.07590,0.39850,0.07600,0.64680,0.75500,0.53750,0.77470,0.59200,0.71790,0.63520,0.71690,0.42620,0.36010,0.30090,0.07750,0.41780,0.58980,0.34550,0.65780,0.38480,0.57200,0.43330,0.55780,0.30270,0.29080,0.19440,0.07840,0.07520,0.38070,0.07570,0.43360,0.07670,0.42050,0.07560,0.38130,0.07530,0.18970,0.07590,0.07840
0:11:49,0.56090,0.07670,0.81550,0.07510,0.70300,0.07540,0.87850,0.07580,0.88340,0.07580,0.89070,0.07670,0.40580,0.81170,0.60910,0.87440,0.54540,0.82650,0.63190,0.82010,0.69990,0.59940,0.67580,0.14610,0.29740,0.63020,0.40040,0.72880,0.34820,0.67660,0.42740,0.67570,0.49530,0.47290,0.46570,0.11500,0.07540,0.42570,0.07500,0.44790,0.07540,0.41370,0.07520,0.41690,0.07630,0.29650,0.07590,0.09790,0.90930,0.08060,0.69430,0.07560,0.83080,0.07700,0.90260,0.07640,0.59620,0.07580,0.44570,0.07590,0.70520,0.81990,0.58910,0.84280,0.64980,0.80070,0.70350,0.79840,0.47300,0.40680,0.33500,0.07740,0.45380,0.64760,0.37680,0.71420,0.42050,0.62940,0.47950,0.62120,0.33540,0.32470,0.20960,0.07840,0.07530,0.41420,0.07560,0.47340,0.07650,0.46000,0.07560,0.41910,0.07520,0.20650,0.07580,0.07840
0:13:29,0.61180,0.07680,0.88350,0.07510,0.76650,0.07530,0.93670,0.07580,0.94600,0.07590,0.95900,0.07680,0.44190,0.87360,0.66730,0.93840,0.60270,0.89250,0.69450,0.88060,0.76160,0.65930,0.74310,0.15550,0.32110,0.69000,0.43520,0.78880,0.37890,0.74070,0.47020,0.73790,0.54480,0.52140,0.51710,0.12110,0.07550,0.46200,0.07510,0.49000,0.07530,0.45480,0.07520,0.45770,0.07620,0.32760,0.07590,0.10070,0.96230,0.08090,0.75080,0.07570,0.88840,0.07700,0.96810,0.07650,0.65510,0.07580,0.49420,0.07590,0.75950,0.88080,0.63860,0.90330,0.70570,0.87620,0.76810,0.86960,0.51780,0.45050,0.36880,0.07740,0.49080,0.70420,0.40970,0.76830,0.45700,0.68600,0.52660,0.68250,0.36670,0.35910,0.22660,0.07840,0.07520,0.44790,0.07560,0.51530,0.07650,0.49920,0.07550,0.45580,0.07540,0.22400,0.07580,0.07830
0:15:09,0.66030,0.07670,0.94090,0.07510,0.82260,0.07520,0.98550,0.07570,0.99770,0.07580,1.01320,0.07660,0.47780,0.92530,0.72170,0.99140,0.65370,0.94320,0.75270,0.93340,0.81770,0.71490,0.80570,0.16510,0.34560,0.74470,0.47020,0.84660,0.41120,0.79640,0.51140,0.79680,0.59220,0.57050,0.56700,0.12750,0.07540,0.49840,0.07500,0.53200,0.07530,0.49510,0.07510,0.49890,0.07630,0.35800,0.07580,0.10360,1.00650,0.08090,0.80490,0.07560,0.94260,0.07680,1.02170,0.07640,0.71030,0.07570,0.54320,0.07570,0.81040,0.92980,0.68630,0.95650,0.75890,0.93960,0.82850,0.92970,0.56030,0.49200,0.40290,0.07750,0.52910,0.75740,0.44190,0.81840,0.49410,0.73860,0.57530,0.74310,0.39710,0.39260,0.24260,0.07840,0.07510,0.48100,0.07550,0.55780,0.07630,0.53830,0.07550,0.49210,0.07520,0.24130,0.07570,0.07830
0:16:49,0.70740,0.07660,0.98920,0.07600,0.87410,0.07530,1.02510,0.07570,1.03860,0.07580,1.05750,0.07670,0.51340,0.97050,0.77320,1.03350,0.70300,0.98170,0.80510,0.97830,0.86760,0.76620,0.86340,0.17490,0.37000,0.79420,0.50490,0.89690,0.44400,0.84920,0.55140,0.85030,0.63940,0.61890,0.61620,0.13410,0.07540,0.53220,0.07500,0.57290,0.07530,0.53440,0.07510,0.53830,0.07630,0.38850,0.07580,0.10670,1.04370,0.08110,0.85460,0.07560,0.99000,0.07680,1.06240,0.07640,0.76230,0.07580,0.59150,0.07580,0.85820,0.97110,0.73170,1.00000,0.81180,0.99200,0.88200,0.97820,0.60290,0.53460,0.43740,0.07770,0.56830,0.80580,0.47310,0.86710,0.53170,0.78770,0.62170,0.79870,0.42910,0.42600,0.25960,0.07840,0.07510,0.51380,0.07540,0.59920,0.07630,0.57590,0.07550,0.52880,0.07530,0.25890,0.07570,0.07830
0:18:29,0.75080,0.07660,1.02750,0.07590,0.91830,0.07530,1.05560,0.07560,1.06850,0.07570,1.08780,0.07660,0.54840,1.00710,0.81880,1.06640,0.74880,1.01200,0.85240,1.01440,0.91180,0.81260,0.91480,0.18460,0.39400,0.83560,0.53940,0.93970,0.47590,0.89570,0.59040,0.89780,0.68440,0.66510,0.66660,0.14080,0.07530,0.56390,0.07500,0.61140,0.07510,0.57240,0.07500,0.57590,0.07620,0.41890,0.07580,0.10980,1.07300,0.08100,0.89920,0.07550,1.02880,0.07680,1.09280,0.07630,0.80950,0.07560,0.63750,0.07570,0.90150,1.00540,0.77400,1.03590,0.86050,1.03620,0.92800,1.01820,0.64500,0.57540,0.47020,0.07770,0.60680,0.85030,0.50290,0.91160,0.56940,0.83440,0.66580,0.84660,0.46130,0.45720,0.27640,0.07830,0.07490,0.54560,0.07540,0.64100,0.07620,0.61240,0.07540,0.56370,0.07510,0.27690,0.07560,0.07810
0:20:09,0.79280,0.07640,1.05510,0.07580,0.95830,0.07510,1.07910,0.07560,1.08920,0.07590,1.10850,0.07650,0.58260,1.03760,0.85870,1.09050,0.78870,1.03650,0.89500,1.04300,0.95260,0.85480,0.96060,0.19490,0.41830,0.87450,0.57350,0.97570,0.50640,0.93480,0.62840,0.93960,0.72520,0.70890,0.71730,0.14790,0.07530,0.59640,0.07480,0.64770,0.07500,0.60940,0.07500,0.61210,0.07620,0.44790,0.07580,0.11270,1.09520,0.08070,0.93960,0.07550,1.05850,0.07680,1.11250,0.07620,0.85250,0.07560,0.68140,0.07570,0.94010,1.03340,0.81220,1.06470,0.90460,1.06950,0.96850,1.05010,0.68650,0.61520,0.50220,0.07780,0.64350,0.89070,0.53130,0.95130,0.60640,0.87580,0.70680,0.88700,0.49200,0.48910,0.29290,0.07830,0.07490,0.57720,0.07530,0.68280,0.07620,0.64750,0.07530,0.59750,0.07500,0.29480,0.07560,0.07810
0:21:49,0.83320,0.07660,1.07410,0.07590,0.99310,0.07530,1.09550,0.07560,1.10240,0.07600,1.11980,0.07660,0.61610,1.05910,0.89490,1.10640,0.82600,1.05450,0.93250,1.06370,0.99040,0.89260,0.99960,0.20530,0.44210,0.90990,0.60690,1.00340,0.53580,0.96940,0.66600,0.97560,0.76470,0.75130,0.76750,0.15490,0.07540,0.62830,0.07490,0.68360,0.07510,0.64410,0.07510,0.64730,0.07630,0.47650,0.07590,0.11590,1.11200,0.08080,0.97520,0.07560,1.08120,0.07670,1.12660,0.07630,0.89150,0.07580,0.72320,0.07580,0.97360,1.05880,0.84730,1.08640,0.94330,1.09410,1.00280,1.07600,0.72660,0.65490,0.53360,0.07800,0.67620,0.92720,0.55920,0.98520,0.64080,0.91460,0.74530,0.92300,0.52230,0.52020,0.30980,0.07860,0.07500,0.60830,0.07530,0.72370,0.07630,0.68220,0.07540,0.63020,0.07500,0.31310,0.07560,0.07820
0:23:29,0.86980,0.07660,1.08840,0.07580,1.02040,0.07510,1.10690,0.07560,1.11050,0.07620,1.12700,0.07660,0.64860,1.07370,0.92510,1.11730,0.86040,1.06350,0.96460,1.07750,1.02220,0.92660,1.03250,0.21610,0.46570,0.94240,0.63910,1.02750,0.56280,0.99770,0.70190,1.00620,0.80070,0.79110,0.81190,0.16170,0.07530,0.65930,0.07500,0.71910,0.07510,0.67900,0.07510,0.68100,0.07630,0.50460,0.07600,0.11920,1.12380,0.08080,1.00460,0.07550,1.09690,0.07670,1.13430,0.07630,0.92590,0.07570,0.76210,0.07590,1.00240,1.07740,0.87840,1.10110,0.97550,1.10990,1.03080,1.09570,0.76330,0.69070,0.56440,0.07820,0.70690,0.95890,0.58640,1.01220,0.67270,0.94870,0.78160,0.95510,0.55160,0.54990,0.32600,0.07870,0.07490,0.63780,0.07530,0.76080,0.07630,0.71540,0.07530,0.66100,0.07500,0.33060,0.07550,0.07810
0:25:09,0.90390,0.07670,1.09810,0.07590,1.04360,0.07530,1.11290,0.07570,1.11570,0.07650,1.13010,0.07660,0.67960,1.08470,0.95280,1.12140,0.89020,1.07240,0.99070,1.08720,1.04750,0.95580,1.05770,0.22680,0.48860,0.97070,0.67040,1.04720,0.58920,1.01900,0.73540,1.03050,0.83540,0.82760,0.84930,0.16860,0.07540,0.69000,0.07510,0.75160,0.07510,0.71230,0.07500,0.71500,0.07630,0.53180,0.07630,0.12280,1.13180,0.08100,1.03090,0.07560,1.10830,0.07670,1.13810,0.07630,0.95700,0.07590,0.79900,0.07610,1.02630,1.09050,0.90790,1.11150,1.00380,1.12060,1.05350,1.11100,0.79850,0.72340,0.59370,0.07850,0.73710,0.98700,0.61340,1.03430,0.70310,0.97920,0.81560,0.98360,0.58070,0.57830,0.34210,0.07890,0.07500,0.66660,0.07530,0.79430,0.07620,0.74660,0.07530,0.69110,0.07510,0.34670,0.07550,0.07810
0:26:49,0.93360,0.07670,1.10250,0.07590,1.06130,0.07520,1.11810,0.07580,1.11810,0.07690,1.13130,0.07670,0.70970,1.09290,0.97830,1.12620,0.91770,1.07460,1.01340,1.09280,1.07000,0.98150,1.07800,0.23750,0.51170,0.99540,0.70050,1.06340,0.61490,1.03740,0.76690,1.05090,0.86760,0.86050,0.88280,0.17540,0.07540,0.71760,0.07520,0.78370,0.07510,0.74270,0.07520,0.74660,0.07640,0.55810,0.07660,0.12650,1.13700,0.08080,1.05280,0.07570,1.11630,0.07690,1.13790,0.07640,0.98370,0.07610,0.83180,0.07630,1.04560,1.10240,0.93480,1.11840,1.02720,1.12740,1.07160,1.12180,0.83080,0.75390,0.62270,0.07890,0.76750,1.01060,0.63950,1.05210,0.73200,1.00560,0.84680,1.00770,0.60870,0.60550,0.35820,0.07930,0.07490,0.69440,0.07530,0.82490,0.07630,0.77520,0.07540,0.71970,0.07510,0.36280,0.07560,0.07830
0:28:29,0.96000,0.07670,1.10400,0.07590,1.07510,0.07510,1.12020,0.07580,1.11590,0.07750,1.13140,0.07670,0.73820,1.09860,1.00030,1.12650,0.94180,1.07530,1.03160,1.09490,1.08610,1.00350,1.09360,0.24790,0.53400,1.01540,0.72860,1.07450,0.64070,1.05180,0.79670,1.06600,0.89670,0.89110,0.91300,0.18220,0.07560,0.74490,0.07530,0.81250,0.07500,0.77050,0.07520,0.77600,0.07660,0.58370,0.07710,0.13040,1.13900,0.08010,1.06930,0.07560,1.12060,0.07680,1.13620,0.07650,1.00700,0.07620,0.86100,0.07640,1.06120,1.10880,0.95920,1.12190,1.04560,1.13060,1.08460,1.13010,0.86030,0.78270,0.65030,0.07920,0.79690,1.03100,0.66520,1.06490,0.75970,1.02780,0.87590,1.02990,0.63500,0.63110,0.37370,0.07950,0.07480,0.72060,0.07520,0.85290,0.07620,0.80170,0.07530,0.74730,0.07510,0.37830,0.07540,0.07810
0:30:09,0.98380,0.07670,1.10490,0.07590,1.08520,0.07520,1.12080,0.07580,1.11150,0.07830,1.13170,0.07670,0.76540,1.10180,1.01820,1.12580,0.96240,1.07510,1.04640,1.09540,1.10020,1.02270,1.10490,0.25850,0.55630,1.03150,0.75610,1.08210,0.66570,1.06280,0.82440,1.07900,0.92320,0.91760,0.94170,0.18900,0.07550,0.77030,0.07550,0.84010,0.07510,0.79870,0.07520,0.80400,0.07680,0.60920,0.07780,0.13470,1.13970,0.08020,1.08260,0.07570,1.12370,0.07690,1.13300,0.07670,1.02650,0.07670,0.88850,0.07680,1.07440,1.11290,0.98070,1.12450,1.06010,1.13210,1.09490,1.13340,0.88810,0.81050,0.67680,0.07970,0.82410,1.04820,0.69020,1.07670,0.78670,1.04700,0.90250,1.04590,0.66060,0.65600,0.38990,0.08000,0.07470,0.74600,0.07520,0.87860,0.07630,0.82720,0.07530,0.77380,0.07510,0.39360,0.07550,0.07810
0:31:49,1.00490,0.07690,1.10600,0.07610,1.09230,0.07530,1.11930,0.07610,1.10910,0.07930,1.12980,0.07690,0.79100,1.10340,1.03390,1.12370,0.98200,1.07140,1.05780,1.09510,1.11100,1.03950,1.11380,0.26920,0.57740,1.04560,0.78210,1.08680,0.69020,1.07050,0.85100,1.08830,0.94710,0.94190,0.96690,0.19590,0.07580,0.79460,0.07580,0.86520,0.07510,0.82500,0.07550,0.83040,0.07730,0.63480,0.07900,0.13900,1.13880,0.07890,1.09340,0.07590,1.12470,0.07720,1.13020,0.07690,1.04350,0.07730,0.91290,0.07720,1.08460,1.11640,0.99970,1.12510,1.07130,1.13230,1.10250,1.13340,0.91370,0.83620,0.70230,0.08040,0.84920,1.06270,0.71420,1.08490,0.81240,1.06180,0.92560,1.06090,0.68460,0.67940,0.40520,0.08050,0.07480,0.76980,0.07530,0.90300,0.07640,0.85040,0.07540,0.79910,0.07500,0.40870,0.07550,0.07810
0:33:29,1.02260,0.07690,1.10300,0.07610,1.09590,0.07530,1.11870,0.07630,1.10650,0.08050,1.12750,0.07690,0.81500,1.10370,1.04630,1.12010,0.99730,1.07030,1.06640,1.09530,1.11760,1.05180,1.11830,0.27990,0.59830,1.05650,0.80640,1.09110,0.71350,1.07640,0.87510,1.09570,0.97000,0.96560,0.99010,0.20270,0.07590,0.81740,0.07630,0.88820,0.07520,0.85060,0.07570,0.85470,0.07780,0.65940,0.08020,0.14340,1.13810,0.07870,1.10200,0.07600,1.12330,0.07740,1.12790,0.07700,1.05690,0.07810,0.93650,0.07780,1.09240,1.11640,1.01690,1.12480,1.07970,1.13100,1.10770,1.13340,0.93710,0.86040,0.72650,0.08090,0.87280,1.07440,0.73660,1.09150,0.83660,1.07360,0.94700,1.07180,0.70810,0.70240,0.42080,0.08100,0.07480,0.79270,0.07520,0.92500,0.07640,0.87230,0.07540,0.82270,0.07510,0.42360,0.07560,0.07820
0:35:09,1.03620,0.07700,1.10040,0.07620,1.09880,0.07520,1.11600,0.07640,1.10190,0.08170,1.12470,0.07690,0.83800,1.10270,1.05490,1.11580,1.01080,1.06700,1.07280,1.09460,1.12320,1.06260,1.12060,0.29010,0.61860,1.06570,0.82980,1.09530,0.73630,1.07870,0.89720,1.09890,0.98850,0.98510,1.01010,0.20960,0.07610,0.83900,0.07670,0.90790,0.07510,0.87440,0.07590,0.87690,0.07850,0.68300,0.08190,0.14790,1.13540,0.07790,1.10750,0.07610,1.12160,0.07770,1.12500,0.07760,1.06830,0.07900,0.95720,0.07830,1.09840,1.11660,1.03060,1.12330,1.08540,1.12770,1.11150,1.13030,0.95830,0.88310,0.73870,0.08150,0.89450,1.08270,0.75800,1.09570,0.85860,1.08350,0.96610,1.07950,0.73100,0.72450,0.43610,0.08150,0.07470,0.81410,0.07520,0.94510,0.07640,0.89290,0.07540,0.84500,0.07490,0.43810,0.07550,0.07820
0:36:49,1.04930,0.07730,1.09730,0.07630,1.09950,0.07540,1.11420,0.07680,1.09820,0.08320,1.12340,0.07720,0.85930,1.10120,1.06180,1.11080,1.02240,1.06330,1.07640,1.09160,1.12570,1.07240,1.12290,0.30070,0.63890,1.07150,0.85190,1.09420,0.75760,1.08100,0.91850,1.10340,1.00520,1.00230,1.02830,0.21680,0.07640,0.85960,0.07740,0.92630,0.07530,0.89670,0.07630,0.89730,0.07950,0.70660,0.08350,0.15230,1.13260,0.07810,1.11200,0.07640,1.12000,0.07810,1.12240,0.07810,1.07700,0.08010,0.97550,0.07910,1.10270,1.11480,1.04280,1.12120,1.09090,1.12570,1.11300,1.12920,0.97670,0.90450,0.76310,0.08230,0.91400,1.08900,0.77840,1.09870,0.87960,1.09110,0.98310,1.08540,0.75340,0.74630,0.45140,0.08210,0.07470,0.83440,0.07530,0.96270,0.07660,0.91190,0.07540,0.86560,0.07490,0.45280,0.07560,0.07830
0:38:29,1.05990,0.07760,1.09340,0.07670,1.09930,0.07550,1.11090,0.07730,1.09300,0.08450,1.12070,0.07740,0.87980,1.09930,1.06530,1.10570,1.03230,1.05950,1.07940,1.08900,1.12710,1.07700,1.12260,0.31120,0.65780,1.07700,0.87280,1.09350,0.77770,1.08170,0.93760,1.10580,1.02020,1.01890,1.04390,0.22420,0.07680,0.87880,0.07820,0.94290,0.07550,0.91570,0.07670,0.91690,0.08060,0.72940,0.08530,0.15690,1.12900,0.07800,1.11370,0.07690,1.11800,0.07860,1.11890,0.07880,1.08410,0.08150,0.99220,0.08000,1.10430,1.11240,1.05150,1.11820,1.09300,1.12150,1.11370,1.12620,0.99320,0.92390,0.78400,0.08330,0.93170,1.09360,0.79790,1.10090,0.89870,1.09690,0.99800,1.09090,0.77460,0.76650,0.46660,0.08280,0.07480,0.85370,0.07530,0.97770,0.07680,0.92950,0.07560,0.88500,0.07490,0.46720,0.07560,0.07840
0:40:09,1.06790,0.07770,1.09050,0.07690,1.09710,0.07540,1.10760,0.07770,1.08810,0.08580,1.11830,0.07750,0.89840,1.09670,1.06980,1.10210,1.03800,1.05860,1.08070,1.08700,1.13030,1.08180,1.12340,0.32150,0.67630,1.07960,0.89280,1.09220,0.79650,1.08180,0.95530,1.10540,1.03210,1.03210,1.05530,0.23170,0.07700,0.89630,0.07890,0.95860,0.07550,0.93350,0.07730,0.93440,0.08180,0.75090,0.08710,0.16130,1.12400,0.07820,1.11170,0.07720,1.11410,0.07910,1.11610,0.07960,1.08910,0.08280,1.00680,0.08080,1.10420,1.11030,1.05780,1.11460,1.09290,1.11700,1.11380,1.12290,1.00790,0.94120,0.80290,0.08410,0.94800,1.09640,0.81610,1.10050,0.91580,1.10070,1.01080,1.09410,0.79420,0.78590,0.48150,0.08340,0.07470,0.87160,0.07520,0.99090,0.07690,0.94560,0.07560,0.90270,0.07500,0.48140,0.07570,0.07840
0:41:49,1.07480,0.07810,1.08690,0.07720,1.09440,0.07560,1.10360,0.07830,1.08460,0.08720,1.11580,0.07780,0.91570,1.09420,1.07220,1.09770,1.04410,1.05580,1.08140,1.08430,1.12970,1.08400,1.12130,0.33170,0.69370,1.08240,0.91070,1.09300,0.81500,1.08140,0.97050,1.10580,1.04370,1.04430,1.06610,0.23890,0.07740,0.91330,0.07970,0.97250,0.07570,0.95160,0.07810,0.95070,0.08300,0.77130,0.08870,0.16570,1.11920,0.07850,1.10920,0.07770,1.11090,0.07970,1.11330,0.08030,1.09290,0.08430,1.02010,0.08190,1.10390,1.10760,1.06360,1.11120,1.09250,1.11280,1.11410,1.12090,1.02070,0.95830,0.82140,0.08520,0.96280,1.09840,0.83400,1.09880,0.93180,1.10270,1.02240,1.09580,0.81320,0.80430,0.49630,0.08430,0.07470,0.88850,0.07520,1.00220,0.07710,0.95990,0.07570,0.91940,0.07490,0.49540,0.07580,0.07850
0:43:29,1.07880,0.07850,1.08440,0.07760,1.09160,0.07580,1.10040,0.07930,1.08090,0.08840,1.11350,0.07820,0.93160,1.09170,1.07440,1.09370,1.04880,1.05330,1.08160,1.08160,1.12710,1.08710,1.11990,0.34190,0.71150,1.08450,0.92830,1.09230,0.83200,1.08050,0.98470,1.10530,1.05280,1.05360,1.07540,0.24640,0.07800,0.92830,0.08070,0.98510,0.07600,0.96680,0.07890,0.96540,0.08410,0.79090,0.09020,0.17010,1.11500,0.07890,1.10770,0.07830,1.10720,0.08060,1.11050,0.08130,1.09560,0.08580,1.03230,0.08300,1.10290,1.10550,1.06750,1.10680,1.09020,1.10830,1.11240,1.11740,1.03130,0.97290,0.83940,0.08620,0.97630,1.09890,0.85100,1.09720,0.94660,1.10490,1.03210,1.09710,0.83110,0.82240,0.51100,0.08490,0.07480,0.90440,0.07530,1.01190,0.07740,0.97290,0.07580,0.93470,0.07500,0.50930,0.07580,0.07860
0:45:09,1.08190,0.07880,1.08160,0.07790,1.08910,0.07590,1.09750,0.08010,1.07680,0.08960,1.11160,0.07850,0.94600,1.08950,1.07540,1.08980,1.05240,1.05010,1.07980,1.07910,1.12520,1.08730,1.11820,0.35180,0.72790,1.08400,0.94380,1.08790,0.84830,1.07940,0.99720,1.10410,1.05960,1.06050,1.08150,0.25350,0.07830,0.94300,0.08140,0.99730,0.07620,0.98000,0.07960,0.97900,0.08520,0.80930,0.09150,0.17420,1.11140,0.07920,1.10600,0.07880,1.10430,0.08140,1.10770,0.08230,1.09680,0.08710,1.04270,0.08390,1.10140,1.10240,1.07090,1.10330,1.08920,1.10460,1.11070,1.11450,1.04040,0.98660,0.85580,0.08700,0.98810,1.09990,0.86740,1.09500,0.96020,1.10470,1.04110,1.09800,0.84770,0.83900,0.52560,0.08560,0.07470,0.91900,0.07530,1.02090,0.07760,0.98470,0.07570,0.94910,0.07490,0.52300,0.07580,0.07860
0:46:49,1.08390,0.07910,1.07850,0.07820,1.08560,0.07600,1.09440,0.08070,1.07400,0.09080,1.10910,0.07890,0.95930,1.08670,1.07590,1.08570,1.05500,1.04790,1.07880,1.07610,1.12340,1.09000,1.11700,0.36190,0.74440,1.08480,0.95830,1.08900,0.86330,1.07820,1.00870,1.10250,1.06560,1.06810,1.08710,0.26040,0.07880,0.95590,0.08210,1.00760,0.07650,0.99300,0.08040,0.99080,0.08620,0.82600,0.09280,0.17840,1.10780,0.07970,1.10410,0.07930,1.10000,0.08210,1.10470,0.08320,1.09780,0.08820,1.05060,0.08490,1.09960,1.09940,1.07410,1.09990,1.08670,1.10060,1.10770,1.11120,1.04790,0.99790,0.87140,0.08770,0.99920,1.09930,0.88240,1.09290,0.97230,1.10460,1.04790,1.09730,0.86330,0.85500,0.53970,0.08630,0.07460,0.93240,0.07530,1.02850,0.07790,0.99500,0.07590,0.96180,0.07490,0.53620,0.07570,0.07870
0:48:29,1.08510,0.07970,1.07570,0.07870,1.08320,0.07630,1.09100,0.08170,1.07070,0.09230,1.10720,0.07980,0.97160,1.08490,1.07670,1.08260,1.05780,1.04540,1.07660,1.07250,1.12230,1.08960,1.11540,0.37160,0.76020,1.08380,0.97220,1.08540,0.87830,1.07660,1.01870,1.10090,1.06960,1.07200,1.09230,0.26750,0.07930,0.96840,0.08300,1.01800,0.07690,1.00500,0.08130,1.00140,0.08720,0.84270,0.09420,0.18270,1.10420,0.08020,1.10110,0.08010,1.09750,0.08310,1.10110,0.08420,1.09740,0.08940,1.05780,0.08580,1.09720,1.09700,1.07630,1.09660,1.08470,1.09880,1.10550,1.10850,1.05440,1.00940,0.88670,0.08850,1.00920,1.09890,0.89720,1.09090,0.98360,1.10410,1.05440,1.09680,0.87880,0.87030,0.55370,0.08690,0.07460,0.94540,0.07530,1.03510,0.07830,1.00420,0.07620,0.97430,0.07480,0.54970,0.07590,0.07880
0:50:09,1.08560,0.08020,1.07420,0.07950,1.08030,0.07670,1.08720,0.08260,1.06810,0.09390,1.10510,0.08070,0.98310,1.08260,1.07730,1.07950,1.05880,1.04410,1.07600,1.06980,1.12010,1.09070,1.11380,0.38180,0.77510,1.08320,0.98460,1.08530,0.89210,1.07530,1.02770,1.09970,1.07420,1.07730,1.09520,0.27460,0.08010,0.97960,0.08390,1.02610,0.07730,1.01450,0.08220,1.01140,0.08830,0.85890,0.09590,0.18730,1.10150,0.08090,1.09940,0.08090,1.09460,0.08400,1.09910,0.08520,1.09660,0.09080,1.06380,0.08690,1.09500,1.09440,1.07800,1.09340,1.08230,1.09520,1.10300,1.10540,1.05970,1.01910,0.90060,0.08950,1.01730,1.09800,0.91080,1.08820,0.99420,1.10260,1.05930,1.09600,0.89300,0.88470,0.56750,0.08770,0.07470,0.95710,0.07540,1.04100,0.07880,1.01250,0.07640,0.98530,0.07490,0.56270,0.07600,0.07910
0:51:49,1.08590,0.08070,1.07190,0.08010,1.07730,0.07710,1.08450,0.08350,1.06590,0.09550,1.10370,0.08150,0.99280,1.08060,1.07680,1.07650,1.06090,1.04130,1.07430,1.06790,1.11640,1.09150,1.11220,0.39170,0.78940,1.08150,0.99580,1.08180,0.90550,1.07340,1.03530,1.09760,1.07670,1.08120,1.09820,0.28170,0.08070,0.98960,0.08470,1.03360,0.07780,1.02340,0.08310,1.01970,0.08960,0.87430,0.09740,0.19190,1.09810,0.08150,1.09760,0.08170,1.09250,0.08500,1.09610,0.08620,1.09590,0.09200,1.06890,0.08800,1.09280,1.09150,1.07900,1.09090,1.08040,1.09280,1.10070,1.10300,1.06440,1.02750,0.91420,0.09050,1.02520,1.09670,0.92350,1.08610,1.00300,1.10160,1.06360,1.09450,0.90650,0.89850,0.58100,0.08840,0.07470,0.96780,0.07550,1.04570,0.07910,1.02010,0.07660,0.99550,0.07490,0.57570,0.07620,0.07920
0:53:29,1.08570,0.08120,1.06940,0.08040,1.07520,0.07730,1.08100,0.08430,1.06300,0.09690,1.10180,0.08240,1.00210,1.07860,1.07620,1.07430,1.06130,1.03870,1.07220,1.06610,1.11370,1.09170,1.11030,0.40130,0.80340,1.08070,1.00620,1.08020,0.91720,1.07110,1.04140,1.09530,1.07850,1.08390,1.10090,0.28860,0.08110,0.99830,0.08540,1.04040,0.07800,1.03060,0.08370,1.02720,0.09070,0.88830,0.09900,0.19630,1.09530,0.08190,1.09610,0.08240,1.08910,0.08560,1.09220,0.08710,1.09430,0.09330,1.07320,0.08870,1.09050,1.08890,1.07950,1.08850,1.07810,1.09100,1.09760,1.10050,1.06820,1.03500,0.92660,0.09110,1.03200,1.09530,0.93540,1.08370,1.01090,1.10010,1.06710,1.09330,0.91920,0.91140,0.59430,0.08890,0.07450,0.97750,0.07540,1.04940,0.07950,1.02660,0.07670,1.00450,0.07480,0.58830,0.07620,0.07930
0:55:09,1.08660,0.08200,1.06850,0.08130,1.07240,0.07790,1.07740,0.08530,1.06150,0.09860,1.10020,0.08340,1.01020,1.07710,1.07550,1.07170,1.06140,1.03730,1.07080,1.06480,1.11210,1.09300,1.10880,0.41150,0.81670,1.07970,1.01550,1.08010,0.92880,1.07000,1.04810,1.09460,1.08090,1.08740,1.10320,0.29610,0.08190,1.00750,0.08640,1.04590,0.07870,1.03780,0.08470,1.03410,0.09220,0.90300,0.10090,0.20110,1.09270,0.08270,1.09450,0.08320,1.08670,0.08650,1.08980,0.08810,1.09380,0.09480,1.07740,0.08990,1.08830,1.08670,1.07970,1.08620,1.07660,1.08900,1.09590,1.09840,1.07170,1.04220,0.93850,0.09220,1.03800,1.09400,0.94710,1.08220,1.01840,1.09820,1.07020,1.09180,0.93140,0.92350,0.60760,0.08980,0.07460,0.98660,0.07570,1.05290,0.08000,1.03270,0.07720,1.01280,0.07500,0.60110,0.07660,0.07970
0:56:49,1.08560,0.08240,1.06580,0.08170,1.07020,0.07830,1.07560,0.08610,1.05920,0.10000,1.09860,0.08390,1.01740,1.07490,1.07450,1.06960,1.06280,1.03570,1.06930,1.06300,1.11010,1.09380,1.10770,0.42120,0.82980,1.07850,1.02370,1.07910,0.94040,1.06790,1.05300,1.09230,1.08280,1.08840,1.10480,0.30340,0.08250,1.01500,0.08720,1.05090,0.07930,1.04440,0.08550,1.04050,0.09360,0.91620,0.10250,0.20560,1.09070,0.08320,1.09340,0.08390,1.08480,0.08730,1.08670,0.08900,1.09250,0.09630,1.08020,0.09090,1.08610,1.08440,1.07980,1.08340,1.07450,1.08720,1.09370,1.09610,1.07460,1.04830,0.94930,0.09310,1.04300,1.09230,0.95740,1.08030,1.02500,1.09670,1.07270,1.09010,0.94270,0.93510,0.62070,0.09050,0.07470,0.99480,0.07560,1.05610,0.08050,1.03790,0.07750,1.02040,0.07510,0.61340,0.07660,0.07990
0:58:29,1.08440,0.08280,1.06380,0.08230,1.06780,0.07880,1.07190,0.08680,1.05670,0.10140,1.09670,0.08460,1.02360,1.07320,1.07330,1.06740,1.06110,1.03370,1.06750,1.06090,1.10640,1.09190,1.10590,0.43080,0.84200,1.07680,1.03120,1.07570,0.95010,1.06690,1.05730,1.09080,1.08440,1.09100,1.10510,0.31060,0.08290,1.02140,0.08790,1.05510,0.07970,1.04970,0.08630,1.04580,0.09490,0.92920,0.10400,0.21000,1.08800,0.08360,1.09090,0.08440,1.08320,0.08800,1.08510,0.08980,1.09140,0.09760,1.08300,0.09170,1.08360,1.08200,1.07950,1.08180,1.07240,1.08500,1.09220,1.09410,1.07700,1.05370,0.95910,0.09390,1.04730,1.09050,0.96720,1.07870,1.03140,1.09470,1.07420,1.08840,0.95330,0.94600,0.63310,0.09110,0.07470,1.00210,0.07570,1.05770,0.08090,1.04230,0.07780,1.02680,0.07500,0.62540,0.07680,0.07990
1:00:09,1.08370,0.08330,1.06210,0.08280,1.06560,0.07940,1.06950,0.08770,1.05520,0.10270,1.09520,0.08550,1.02940,1.07090,1.07250,1.06540,1.06070,1.03240,1.06660,1.05990,1.10500,1.09200,1.10430,0.44040,0.85410,1.07490,1.03750,1.07580,0.95970,1.06520,1.06110,1.08970,1.08510,1.09300,1.10450,0.31780,0.08340,1.02730,0.08880,1.05890,0.08030,1.05420,0.08720,1.05000,0.09620,0.94080,0.10570,0.21440,1.08570,0.08420,1.08910,0.08510,1.08020,0.08880,1.08180,0.09070,1.08960,0.09910,1.08520,0.09270,1.08080,1.07950,1.07850,1.07950,1.07000,1.08320,1.08990,1.09150,1.07840,1.05820,0.96810,0.09470,1.05030,1.08860,0.97590,1.07620,1.03560,1.09260,1.07550,1.08650,0.96330,0.95560,0.64540,0.09170,0.07450,1.00850,0.07570,1.05940,0.08130,1.04590,0.07800,1.03260,0.07500,0.63730,0.07680,0.08010

