Corrected [600]
	1	2	3	4	5	6	7	8	9	10	11	12
A	0.41134	0.08195	0.31239	0.07777	0.35574	0.07714	0.34786	0.07893	0.38152	0.07844	0.37957	0.07734	Corrected [600]
B	0.30052	0.32771	0.24114	0.34548	0.25744	0.30912	0.25073	0.35041	0.29111	0.38130	0.27296	0.38699	Corrected [600]
C	0.19892	0.22754	0.17022	0.24928	0.16529	0.24436	0.16785	0.27338	0.18797	0.27418	0.17544	0.28729	Corrected [600]
D	0.07950	0.15504	0.07675	0.16375	0.07680	0.15973	0.07675	0.17207	0.07780	0.17600	0.07786	0.17896	Corrected [600]
E	0.29993	0.07798	0.32360	0.07909	0.34339	0.07794	0.35888	0.07909	0.39970	0.07991	0.35053	0.07680	Corrected [600]
F	0.21956	0.31882	0.24065	0.33390	0.24645	0.32396	0.26133	0.35840	0.28729	0.34700	0.26934	0.45082	Corrected [600]
G	0.14207	0.22554	0.15578	0.24377	0.16375	0.24953	0.16651	0.27493	0.16640	0.25833	0.16776	0.34180	Corrected [600]
H	0.08021	0.15453	0.07812	0.16291	0.07655	0.16240	0.07777	0.17462	0.07823	0.16638	0.07930	0.20844	Corrected [600]

