Corrected [600]
	1	2	3	4	5	6	7	8	9	10	11	12
A	0.43253	0.08087	0.33483	0.09168	0.29792	0.07835	0.33799	0.07939	0.31506	0.07883	0.27397	0.07865	Corrected [600]
B	0.31827	0.35009	0.26968	0.30957	0.21889	0.28592	0.24000	0.31582	0.22921	0.27852	0.20533	0.27287	Corrected [600]
C	0.18295	0.24242	0.15535	0.23216	0.14586	0.20927	0.15750	0.24606	0.15339	0.20719	0.14334	0.21040	Corrected [600]
D	0.07977	0.15073	0.07835	0.15313	0.08039	0.13846	0.07846	0.15929	0.07652	0.14133	0.07815	0.13959	Corrected [600]
E	0.33435	0.07876	0.33299	0.08022	0.30839	0.07878	0.34886	0.08248	0.29964	0.07915	0.29207	0.07897	Corrected [600]
F	0.24315	0.32604	0.24729	0.30446	0.22615	0.31718	0.25274	0.31679	0.21170	0.29665	0.22686	0.33444	Corrected [600]
G	0.15066	0.25981	0.16019	0.22269	0.14639	0.25169	0.16456	0.23934	0.14131	0.21642	0.14396	0.25916	Corrected [600]
H	0.09515	0.16049	0.07900	0.14459	0.07835	0.15171	0.08011	0.14982	0.07888	0.14383	0.07903	0.15724	Corrected [600]

