Corrected [600]
	1	2	3	4	5	6	7	8	9	10	11	12
A	0.26240	0.07393	0.28783	0.07387	0.27131	0.07353	0.27427	0.07380	0.29495	0.07293	0.31994	0.07229	Corrected [600]
B	0.23017	0.40859	0.29710	0.35413	0.29248	0.40633	0.28229	0.37599	0.29618	0.38901	0.28635	0.31625	Corrected [600]
C	0.15208	0.29571	0.20569	0.29471	0.19631	0.29816	0.19917	0.30527	0.19897	0.30705	0.22622	0.26506	Corrected [600]
D	0.07363	0.19296	0.07355	0.19456	0.07406	0.20282	0.07211	0.20642	0.07295	1.90591	0.07229	0.18700	Corrected [600]
E	0.37899	0.07365	0.39604	0.07348	0.40201	0.07207	0.40621	0.07266	0.47297	0.07230	0.40289	0.07226	Corrected [600]
F	0.24290	0.39570	0.28771	0.45045	0.31627	0.41032	0.33640	0.41970	0.30168	0.44750	0.33617	0.34744	Corrected [600]
G	0.19733	0.28543	0.19280	0.30767	0.20577	0.29853	0.19638	0.33286	0.19900	0.30141	0.21567	0.24551	Corrected [600]
H	0.07336	0.17037	0.07325	0.18522	0.07491	0.17338	0.07211	0.18623	0.07300	0.17807	0.07163	0.17527	Corrected [600]

