Corrected [600]
	1	2	3	4	5	6	7	8	9	10	11	12
A	0.51147	0.07484	0.46077	0.07428	0.48407	0.07489	0.45647	0.07471	0.46915	0.07473	0.43196	0.10277	Corrected [600]
B	0.36301	0.53221	0.36528	0.51392	0.35838	0.49220	0.36392	0.46821	0.32901	0.46778	0.29584	0.43442	Corrected [600]
C	0.25585	0.39395	0.22219	0.35342	0.21155	0.36208	0.21335	0.35583	0.20950	0.33267	0.18404	0.31870	Corrected [600]
D	0.07408	0.22805	0.07411	0.21039	0.07439	0.21377	0.07448	0.20714	0.07426	0.20185	0.07320	0.19209	Corrected [600]
E	0.46989	0.07360	0.50127	0.07422	0.55356	0.07405	0.50568	0.07380	0.51714	0.07593	0.52000	0.07275	Corrected [600]
F	0.35938	0.57506	0.38153	0.56247	0.42540	0.58870	0.37129	0.52034	0.36801	0.48848	0.34002	0.46890	Corrected [600]
G	0.20265	0.44051	0.22858	0.40435	0.20844	0.42663	0.20909	0.38134	0.24162	0.38073	0.20381	0.33034	Corrected [600]
H	0.07555	0.21963	0.07464	0.21660	0.07814	0.22480	0.07489	0.22697	0.07415	0.20038	0.07388	0.22662	Corrected [600]

