420

Time,A1,A2,A3,A4,A5,A6,A7,A8,A9,A10,A11,A12,B1,B2,B3,B4,B5,B6,B7,B8,B9,B10,B11,B12,C1,C2,C3,C4,C5,C6,C7,C8,C9,C10,C11,C12,D1,D2,D3,D4,D5,D6,D7,D8,D9,D10,D11,D12,E1,E2,E3,E4,E5,E6,E7,E8,E9,E10,E11,E12,F1,F2,F3,F4,F5,F6,F7,F8,F9,F10,F11,F12,G1,G2,G3,G4,G5,G6,G7,G8,G9,G10,G11,G12,H1,H2,H3,H4,H5,H6,H7,H8,H9,H10,H11,H12
0:00:34,0.09470,0.07520,0.09590,0.08630,0.08870,0.09020,0.09250,0.07750,0.09060,0.07430,0.09090,0.08230,0.09350,0.09990,0.08650,0.09970,0.09600,0.10380,0.09530,0.10970,0.09200,0.14470,0.09160,0.10570,0.09330,0.09950,0.08600,0.10030,0.09990,0.08780,0.46420,0.09570,0.09140,0.12810,0.08890,0.09740,0.08460,0.38190,0.07560,0.09300,0.07600,0.09590,0.07570,0.09230,0.07380,0.11730,0.07350,0.09240,0.10420,0.07510,0.10920,0.09160,0.10360,0.08350,0.17750,0.07640,0.11970,0.08420,0.17810,0.07600,0.09090,0.42040,0.09390,0.09700,0.09300,0.20300,0.10640,0.14610,0.11040,0.09710,0.09460,0.13890,0.09650,0.52410,0.62300,0.09150,0.08680,0.34940,0.08970,0.09390,0.11320,0.10680,0.11040,0.09950,0.08060,0.13530,0.08150,0.08700,0.07460,0.08650,0.07920,0.08250,0.07500,0.08270,0.08030,0.09890
0:10:34,0.09790,0.07430,0.09550,0.08460,0.08340,0.09020,0.08650,0.07570,0.08780,0.07340,0.09520,0.07480,0.09590,0.09450,0.08810,0.09780,0.09660,0.10840,0.09230,0.10300,0.09840,0.34970,0.08850,0.10670,0.08960,0.09820,0.08570,0.09820,0.09820,0.09010,0.27230,0.09500,0.09270,0.33940,0.08590,0.09690,0.08380,0.35120,0.07460,0.08930,0.07460,0.09510,0.07490,0.08190,0.07310,0.25210,0.07290,0.09030,0.10060,0.07420,0.10510,0.08200,0.10610,0.08310,0.16940,0.07570,0.11360,0.08230,0.15810,0.07540,0.09300,0.39210,0.09310,0.09400,0.09160,0.18080,0.10310,0.14300,0.10460,0.09440,0.09590,0.14170,0.09160,0.48970,0.57830,0.08870,0.08480,0.32740,0.08790,0.09560,0.08870,0.10350,0.10350,0.09890,0.07540,0.12470,0.07900,0.08550,0.07390,0.08530,0.07500,0.08250,0.07420,0.08170,0.07770,0.09610
0:20:34,0.09840,0.07430,0.09540,0.08460,0.08120,0.09010,0.09020,0.07560,0.09760,0.07350,0.09590,0.07510,0.09490,0.09280,0.08960,0.09870,0.09660,0.10970,0.09060,0.09440,0.10080,0.55920,0.09080,0.10160,0.08860,0.09610,0.08660,0.09760,0.09690,0.09470,0.25170,0.09530,0.09590,0.54590,0.08710,0.09840,0.07670,0.32640,0.07450,0.08750,0.07460,0.09590,0.07470,0.08120,0.07310,0.39510,0.07280,0.09130,0.09830,0.07420,0.10220,0.08180,0.10420,0.08310,0.15680,0.07550,0.10950,0.08190,0.11290,0.07560,0.09140,0.08030,0.09070,0.09540,0.08940,0.17170,0.09840,0.14480,0.10010,0.09630,0.09980,0.14590,0.08970,0.45420,0.54020,0.08940,0.08570,0.30450,0.08760,0.10020,0.08900,0.10690,0.10330,0.09960,0.07530,0.11620,0.07880,0.08270,0.07410,0.08520,0.07510,0.08300,0.07440,0.08280,0.07770,0.09470
0:30:34,0.10590,0.07470,0.10060,0.08500,0.08320,0.08490,0.08830,0.07570,0.11150,0.07430,0.10630,0.07690,0.09800,0.09350,0.09310,0.09920,0.09660,0.11870,0.08310,0.08370,0.10930,0.79170,0.09150,0.10340,0.09010,0.09620,0.08830,0.09870,0.09700,0.10010,0.23050,0.09640,0.09960,0.74880,0.08930,0.09970,0.07590,0.29980,0.07490,0.08790,0.07480,0.09860,0.07480,0.08170,0.07360,0.55910,0.07320,0.09280,0.09660,0.07460,0.10080,0.08230,0.10840,0.08330,0.14750,0.07600,0.10650,0.08230,0.12130,0.07670,0.09000,0.08200,0.08870,0.09480,0.09160,0.15350,0.09580,0.14820,0.09620,0.10070,0.10640,0.14730,0.08860,0.41900,0.50160,0.09040,0.08150,0.38360,0.08800,0.10600,0.09000,0.11080,0.08820,0.10390,0.07530,0.11810,0.07900,0.08300,0.07460,0.08600,0.07550,0.08710,0.07510,0.08480,0.07840,0.09240
0:40:34,0.10440,0.07560,0.10840,0.08660,0.08460,0.08410,0.08860,0.07630,0.12960,0.07690,0.11600,0.08270,0.10450,0.08660,0.09720,0.10200,0.09770,0.12780,0.08410,0.08740,0.12150,1.06720,0.09970,0.11010,0.09260,0.09700,0.09040,0.10000,0.09720,0.10590,0.25400,0.09840,0.10090,0.95760,0.09240,0.10680,0.07680,0.28190,0.07580,0.08960,0.07570,0.10300,0.07520,0.08300,0.07530,0.73640,0.07420,0.09600,0.09530,0.07570,0.10150,0.08310,0.11520,0.08430,0.14040,0.07730,0.10450,0.08370,0.13440,0.07900,0.09020,0.08480,0.08800,0.09710,0.09560,0.14350,0.09490,0.15490,0.09430,0.10730,0.11400,0.11690,0.08860,0.38700,0.46410,0.09320,0.08410,0.38610,0.08710,0.10850,0.09040,0.11540,0.09340,0.10920,0.07520,0.11360,0.08090,0.08470,0.07580,0.08780,0.07660,0.09340,0.07660,0.08830,0.07980,0.08960
0:50:34,0.10490,0.07690,0.11750,0.08840,0.08520,0.08500,0.09110,0.07710,0.14330,0.08050,0.12300,0.08900,0.10900,0.08390,0.10420,0.10640,0.09940,0.14120,0.08410,0.08830,0.11910,1.25920,0.10460,0.11860,0.09600,0.09730,0.09310,0.10310,0.09870,0.11560,0.25430,0.10140,0.10400,1.14400,0.09650,0.11290,0.07820,0.26980,0.07770,0.09150,0.07760,0.10750,0.07600,0.08560,0.07830,0.90280,0.07560,0.10260,0.09540,0.07740,0.10300,0.08480,0.12300,0.08620,0.13350,0.07960,0.10510,0.08630,0.14370,0.08170,0.09080,0.08590,0.08970,0.10140,0.10140,0.13640,0.09560,0.13470,0.09400,0.11430,0.11850,0.13090,0.08880,0.34980,0.42170,0.09600,0.08790,0.34290,0.08890,0.11830,0.09220,0.12840,0.09920,0.11850,0.07550,0.10850,0.08140,0.08810,0.07760,0.09100,0.07830,0.09870,0.07870,0.09210,0.08180,0.08810
1:00:34,0.11000,0.07910,0.12690,0.09080,0.08780,0.08430,0.09400,0.07830,0.15900,0.08620,0.14090,0.09650,0.11230,0.08640,0.10820,0.11050,0.10070,0.15290,0.08560,0.09040,0.13200,1.24710,0.11570,0.12730,0.09920,0.09890,0.09700,0.10670,0.10000,0.12720,0.22750,0.10470,0.11510,1.25290,0.10120,0.12140,0.08000,0.24950,0.08000,0.09360,0.08010,0.11390,0.07740,0.08850,0.08220,1.05190,0.07730,0.10710,0.09630,0.07970,0.10530,0.08720,0.13160,0.08880,0.12920,0.08270,0.10680,0.08940,0.15120,0.08470,0.09200,0.08700,0.09150,0.10560,0.10750,0.13260,0.09680,0.15060,0.09500,0.12210,0.12820,0.14480,0.09000,0.32280,0.39350,0.09900,0.09160,0.30000,0.09110,0.12780,0.09460,0.13410,0.10470,0.12650,0.07550,0.10100,0.08300,0.09060,0.07970,0.09380,0.07980,0.10450,0.08120,0.09630,0.08410,0.08720
1:09:57,0.11430,0.08150,0.13600,0.09410,0.09170,0.08650,0.10000,0.08180,0.17940,0.09410,0.15280,0.10640,0.11370,0.08870,0.11610,0.10940,0.10260,0.16640,0.08990,0.09650,0.14850,1.28700,0.12370,0.13340,0.10260,0.10150,0.10310,0.10990,0.10170,0.13790,0.20050,0.10970,0.12730,1.29950,0.10880,0.12860,0.08210,0.22480,0.08290,0.09630,0.08350,0.12150,0.07930,0.09240,0.08770,1.15910,0.08100,0.12150,0.09730,0.08250,0.10820,0.08520,0.14120,0.09210,0.12710,0.08700,0.11000,0.09360,0.15610,0.08970,0.09350,0.08970,0.09400,0.10130,0.11370,0.12930,0.09980,0.16290,0.09720,0.13160,0.13810,0.15930,0.09140,0.29930,0.36730,0.10290,0.09560,0.26970,0.08850,0.13750,0.09350,0.13900,0.10950,0.13630,0.07560,0.09760,0.08250,0.09320,0.08250,0.09720,0.08240,0.11090,0.08430,0.10100,0.08710,0.08590
1:20:34,0.12340,0.08750,0.14860,0.09910,0.09730,0.09160,0.10600,0.08310,0.19900,0.10130,0.15410,0.11380,0.11580,0.09480,0.12670,0.11620,0.10570,0.18100,0.09520,0.10260,0.16580,1.29070,0.12850,0.13960,0.10800,0.10680,0.10960,0.11710,0.10490,0.15120,0.18470,0.11580,0.13800,1.30540,0.11150,0.13580,0.08590,0.20040,0.08770,0.10180,0.08840,0.13050,0.08200,0.09800,0.09410,1.23920,0.08280,0.12360,0.10060,0.08700,0.09810,0.09000,0.15250,0.09670,0.12810,0.09240,0.11450,0.09570,0.16160,0.09480,0.10290,0.09390,0.09780,0.10670,0.12100,0.12760,0.10400,0.17320,0.10000,0.14220,0.14930,0.17160,0.09410,0.28320,0.34320,0.10840,0.10110,0.24370,0.09180,0.14670,0.09370,0.14710,0.11310,0.14260,0.07600,0.09670,0.08580,0.09700,0.08620,0.10010,0.08570,0.11860,0.08820,0.10650,0.09050,0.08520
1:30:34,0.12790,0.08970,0.15650,0.09520,0.10030,0.09450,0.10900,0.08380,0.21710,0.10560,0.15920,0.11870,0.11680,0.09690,0.13330,0.11940,0.10610,0.19270,0.09840,0.10610,0.17920,1.27890,0.13200,0.14400,0.11090,0.10900,0.11340,0.12150,0.10570,0.16090,0.16790,0.11920,0.14440,1.29570,0.11480,0.13880,0.08770,0.17950,0.09050,0.09870,0.09150,0.13690,0.08340,0.10170,0.09810,1.28600,0.08330,0.12760,0.10200,0.08950,0.10050,0.09300,0.16130,0.09960,0.12770,0.09580,0.11710,0.09890,0.16830,0.09790,0.10240,0.09640,0.10000,0.11000,0.12640,0.12470,0.10650,0.18080,0.10160,0.15020,0.15810,0.18330,0.09530,0.26530,0.09120,0.11160,0.10510,0.21510,0.09370,0.15420,0.09370,0.15290,0.11700,0.14900,0.07600,0.09550,0.08760,0.09880,0.08860,0.10270,0.08790,0.12480,0.09060,0.10840,0.09270,0.08390
1:40:34,0.13320,0.09150,0.16470,0.09370,0.10310,0.09730,0.11210,0.08630,0.23490,0.10980,0.16920,0.12380,0.11910,0.09900,0.13920,0.12210,0.10720,0.20360,0.10110,0.11000,0.19210,1.26600,0.13870,0.14810,0.11350,0.11020,0.11670,0.12330,0.10660,0.16950,0.15470,0.12200,0.14920,1.27970,0.11260,0.14090,0.08890,0.16190,0.09250,0.10070,0.09390,0.14230,0.08500,0.10460,0.10150,1.31280,0.08440,0.12990,0.10310,0.09130,0.10230,0.09530,0.16890,0.10170,0.10190,0.09870,0.11940,0.10190,0.17700,0.10080,0.10210,0.09810,0.10130,0.11270,0.13100,0.12230,0.10810,0.19030,0.10320,0.18940,0.16680,0.19510,0.09610,0.24380,0.09270,0.11400,0.10860,0.19450,0.09530,0.16160,0.09410,0.15880,0.12120,0.15640,0.07610,0.09520,0.08890,0.10030,0.09030,0.10430,0.08960,0.13030,0.09250,0.11160,0.09450,0.08300
1:50:34,0.13900,0.09390,0.17350,0.09630,0.10630,0.10050,0.11580,0.08930,0.25290,0.11420,0.18030,0.12860,0.12170,0.10160,0.14570,0.12550,0.10880,0.21470,0.10460,0.11470,0.20570,1.20000,0.14780,0.15300,0.11630,0.11180,0.11840,0.12630,0.10810,0.17850,0.14710,0.12550,0.15470,1.26370,0.11830,0.14620,0.09070,0.14820,0.09480,0.10410,0.09660,0.14780,0.08710,0.10800,0.10520,1.21650,0.08670,0.13330,0.10480,0.09350,0.10440,0.09780,0.17640,0.10020,0.10470,0.10180,0.12230,0.10520,0.18540,0.10400,0.10270,0.10050,0.10320,0.11440,0.13590,0.12170,0.11020,0.20060,0.10560,0.18880,0.16250,0.20650,0.09740,0.22200,0.09460,0.11730,0.11240,0.17420,0.09710,0.16910,0.09430,0.16570,0.12550,0.16410,0.07620,0.09560,0.09050,0.10250,0.09230,0.10630,0.09150,0.13630,0.09490,0.11530,0.09680,0.08230
2:00:34,0.14470,0.09630,0.17990,0.09900,0.10940,0.10360,0.11920,0.09220,0.27000,0.11830,0.19110,0.13300,0.12430,0.10400,0.15210,0.12870,0.10990,0.22560,0.10800,0.11920,0.21900,1.16710,0.15590,0.15790,0.11570,0.11340,0.12220,0.11380,0.10870,0.18700,0.10220,0.12900,0.15980,1.15010,0.12360,0.14910,0.09240,0.13840,0.09730,0.10690,0.09940,0.15330,0.08900,0.11130,0.10860,1.22610,0.08860,0.13740,0.10650,0.09570,0.10660,0.10040,0.18380,0.09970,0.10750,0.10470,0.12530,0.10890,0.19380,0.10710,0.10370,0.10300,0.10520,0.11420,0.14090,0.12190,0.11200,0.21010,0.10780,0.18810,0.17140,0.21780,0.09880,0.20060,0.09660,0.12040,0.11640,0.16150,0.09910,0.17600,0.09430,0.17150,0.12960,0.17130,0.07630,0.09600,0.09220,0.10460,0.09440,0.10840,0.09360,0.14230,0.09720,0.11900,0.09900,0.08150
2:10:34,0.15010,0.09850,0.18780,0.10130,0.11220,0.10630,0.12220,0.09450,0.28620,0.12180,0.20140,0.13700,0.11890,0.10640,0.15220,0.13170,0.10070,0.23570,0.11100,0.12310,0.23160,1.16230,0.16300,0.16160,0.11840,0.11490,0.12560,0.11650,0.09940,0.19520,0.10470,0.13210,0.16500,1.13760,0.12830,0.15160,0.09400,0.13080,0.09960,0.10950,0.10200,0.15830,0.09090,0.11450,0.11180,1.22950,0.08980,0.14030,0.10810,0.09780,0.10870,0.10290,0.19080,0.10220,0.11020,0.10770,0.12800,0.11170,0.20190,0.11000,0.10050,0.10530,0.10700,0.11750,0.14570,0.12290,0.11420,0.21970,0.10970,0.16440,0.18000,0.22930,0.10000,0.18080,0.09840,0.12300,0.12010,0.15090,0.10100,0.18250,0.09430,0.17760,0.13350,0.17890,0.07640,0.09620,0.09380,0.10640,0.09640,0.11040,0.09560,0.14810,0.09940,0.12250,0.10110,0.08140
2:20:34,0.15560,0.10070,0.18860,0.10380,0.11510,0.10890,0.12520,0.09710,0.30210,0.12530,0.21170,0.14080,0.12160,0.10870,0.15800,0.13450,0.10130,0.24560,0.11390,0.12690,0.24400,1.15940,0.17020,0.16460,0.12110,0.11640,0.12900,0.12040,0.09890,0.18980,0.10720,0.13070,0.17020,1.12800,0.13330,0.15500,0.09550,0.12520,0.10180,0.11210,0.10460,0.16310,0.09270,0.11760,0.11480,1.22920,0.09140,0.14280,0.10960,0.09970,0.11070,0.10520,0.19730,0.10470,0.11280,0.11040,0.13060,0.11490,0.21040,0.11270,0.10190,0.10730,0.10870,0.12070,0.15040,0.12460,0.11630,0.22920,0.11170,0.17130,0.18840,0.24080,0.10120,0.16330,0.10000,0.12570,0.12370,0.14250,0.10300,0.18430,0.09450,0.18350,0.13760,0.18680,0.07660,0.09660,0.09530,0.10820,0.09830,0.11250,0.09740,0.15380,0.10160,0.12590,0.10320,0.08100
2:30:34,0.16100,0.10300,0.19620,0.10620,0.11780,0.11150,0.12810,0.09990,0.31760,0.12850,0.22190,0.14430,0.12410,0.11110,0.16400,0.13760,0.10220,0.25550,0.11690,0.13060,0.25610,1.15750,0.17740,0.16710,0.12390,0.11790,0.12750,0.12230,0.10060,0.19840,0.10980,0.13340,0.17540,1.11990,0.13830,0.15840,0.09720,0.10300,0.10400,0.11470,0.10700,0.15410,0.09470,0.12050,0.11770,1.22640,0.09310,0.14500,0.10560,0.10180,0.11280,0.10770,0.20370,0.10720,0.11550,0.11290,0.13330,0.11770,0.21890,0.11540,0.10340,0.10960,0.11050,0.12400,0.15510,0.12690,0.11180,0.23950,0.11390,0.17810,0.19690,0.25210,0.10250,0.14910,0.10180,0.12850,0.12740,0.13740,0.10500,0.19070,0.09460,0.18900,0.14170,0.19450,0.07660,0.09710,0.09690,0.11020,0.10030,0.11470,0.09930,0.15950,0.10390,0.12950,0.10520,0.08080
2:40:34,0.16660,0.10530,0.20400,0.10860,0.12040,0.11410,0.13090,0.10300,0.33290,0.13170,0.23180,0.14770,0.12660,0.11350,0.16980,0.14120,0.10310,0.26500,0.11990,0.13450,0.26810,1.15470,0.18500,0.16990,0.12570,0.11940,0.13150,0.12840,0.10240,0.20730,0.11250,0.13640,0.18050,1.11260,0.14350,0.16110,0.09890,0.10490,0.10620,0.11740,0.10960,0.15840,0.09690,0.12350,0.12070,1.22230,0.09500,0.14810,0.10740,0.10390,0.11490,0.11000,0.21010,0.10970,0.11830,0.11560,0.13610,0.12050,0.22780,0.11810,0.10500,0.11200,0.11240,0.12730,0.15990,0.12930,0.11440,0.24990,0.11630,0.18520,0.20550,0.26320,0.10400,0.13760,0.10370,0.12990,0.13120,0.13470,0.10600,0.19700,0.09490,0.19460,0.14580,0.20220,0.07680,0.09570,0.09850,0.11220,0.10240,0.11680,0.10140,0.16540,0.10610,0.13320,0.10750,0.08070
2:50:34,0.17200,0.10730,0.21130,0.11100,0.12300,0.11650,0.13340,0.10570,0.34740,0.13460,0.24140,0.15080,0.12920,0.11570,0.17560,0.14380,0.10390,0.27420,0.12250,0.13800,0.27960,1.15280,0.19200,0.17260,0.12840,0.12080,0.13530,0.12800,0.10390,0.21560,0.11500,0.13900,0.18540,1.10570,0.14840,0.16330,0.10050,0.10660,0.10830,0.11980,0.11180,0.16270,0.09890,0.12620,0.12330,1.21740,0.09650,0.15030,0.10900,0.10570,0.11690,0.11230,0.21590,0.11200,0.12090,0.11790,0.13850,0.12320,0.23660,0.12060,0.10650,0.11400,0.11410,0.13050,0.16440,0.13170,0.11680,0.25970,0.11850,0.19190,0.21380,0.27440,0.10520,0.12810,0.10550,0.13220,0.13470,0.13330,0.10800,0.20320,0.09520,0.20010,0.15000,0.21010,0.07700,0.09580,0.10000,0.11390,0.10420,0.11880,0.10310,0.17090,0.10810,0.13680,0.10950,0.08060
3:00:34,0.17800,0.10990,0.21930,0.11370,0.12580,0.11920,0.13490,0.10910,0.36230,0.13780,0.25140,0.15410,0.13190,0.11850,0.18180,0.14680,0.10550,0.28340,0.12560,0.14200,0.29160,1.15110,0.20000,0.17520,0.13180,0.12280,0.13960,0.13360,0.10640,0.22150,0.11780,0.14200,0.19140,1.10070,0.15420,0.16620,0.10260,0.10900,0.11070,0.12280,0.11440,0.16750,0.10150,0.12930,0.12630,1.21310,0.09910,0.15310,0.11130,0.10800,0.11920,0.11500,0.22240,0.11470,0.12390,0.12070,0.14150,0.12630,0.24590,0.12360,0.10860,0.11650,0.11630,0.13420,0.16930,0.13450,0.11960,0.27000,0.12150,0.19910,0.22240,0.28530,0.10710,0.12170,0.10780,0.13540,0.13870,0.13400,0.11040,0.20970,0.09610,0.20620,0.15470,0.21780,0.07720,0.09690,0.10200,0.11640,0.10650,0.12130,0.10530,0.17700,0.11060,0.14060,0.11210,0.08060
3:10:34,0.18360,0.11190,0.22670,0.11600,0.12810,0.12150,0.13730,0.11180,0.37640,0.14040,0.26040,0.15670,0.13430,0.12100,0.18760,0.14950,0.10660,0.29210,0.12830,0.14560,0.30280,1.14940,0.20710,0.17820,0.13490,0.12440,0.14350,0.13660,0.10840,0.23000,0.12040,0.14480,0.19660,1.09480,0.15940,0.16840,0.10440,0.11120,0.11290,0.12570,0.11680,0.17200,0.10390,0.13190,0.12900,1.20860,0.10100,0.15550,0.11340,0.11000,0.12140,0.11740,0.22820,0.11710,0.12660,0.12330,0.14410,0.12910,0.25440,0.12610,0.11050,0.11900,0.11830,0.13780,0.17390,0.13720,0.12220,0.28050,0.12390,0.20590,0.23080,0.29610,0.10870,0.11680,0.10980,0.13830,0.14240,0.13490,0.11270,0.21560,0.09630,0.21180,0.15870,0.22550,0.07730,0.09760,0.10370,0.11850,0.10860,0.12340,0.10720,0.18250,0.11300,0.14390,0.11420,0.08050
3:20:34,0.18930,0.11400,0.23420,0.11830,0.13070,0.12390,0.13970,0.11460,0.39040,0.14310,0.26960,0.15940,0.13670,0.12340,0.19340,0.15230,0.10780,0.30100,0.13100,0.14920,0.31410,1.14830,0.21430,0.18050,0.13790,0.12590,0.14740,0.13890,0.11060,0.23800,0.12300,0.14740,0.20200,1.08910,0.16480,0.17070,0.10630,0.11340,0.11520,0.12840,0.11920,0.17660,0.10620,0.13470,0.13160,1.20420,0.10320,0.15760,0.11550,0.11210,0.12360,0.11980,0.23410,0.11950,0.12930,0.12580,0.14660,0.13190,0.26270,0.12860,0.11240,0.12120,0.12020,0.14140,0.17850,0.13970,0.12480,0.29080,0.12650,0.21270,0.23900,0.30670,0.11040,0.11360,0.11190,0.14110,0.14620,0.13650,0.11500,0.22130,0.09660,0.21770,0.16280,0.23320,0.07740,0.09820,0.10540,0.12060,0.11060,0.12560,0.10910,0.18830,0.11510,0.14730,0.11640,0.08050
3:30:34,0.19420,0.11560,0.24080,0.12000,0.13250,0.12570,0.14150,0.11660,0.40390,0.14520,0.27790,0.16170,0.13870,0.12520,0.19840,0.15410,0.10820,0.30870,0.13330,0.15210,0.32430,1.14600,0.22080,0.18270,0.14040,0.12690,0.15070,0.14080,0.11200,0.24560,0.12500,0.14940,0.20690,1.08260,0.16920,0.17230,0.10750,0.11500,0.11700,0.13050,0.12100,0.18050,0.10790,0.13690,0.13360,1.19940,0.10440,0.15950,0.11700,0.11370,0.12520,0.12160,0.23920,0.12140,0.13130,0.12780,0.14830,0.13380,0.26960,0.13060,0.11360,0.12300,0.12160,0.14430,0.18250,0.14180,0.12690,0.30040,0.12820,0.21880,0.24650,0.31710,0.11140,0.11070,0.11330,0.14330,0.14930,0.13780,0.11670,0.22620,0.09610,0.22290,0.16590,0.24060,0.07730,0.09810,0.10660,0.12210,0.11220,0.12740,0.11060,0.19340,0.11680,0.15020,0.11810,0.08020
3:40:34,0.19920,0.11740,0.24770,0.12190,0.13450,0.12770,0.14340,0.11900,0.41720,0.14750,0.28650,0.16390,0.14120,0.12710,0.20360,0.15690,0.10890,0.31640,0.13530,0.15500,0.33490,1.14420,0.22730,0.18450,0.14300,0.12790,0.15400,0.14500,0.11350,0.25330,0.12700,0.15160,0.21220,1.07750,0.17380,0.17410,0.10890,0.11660,0.11870,0.13270,0.12290,0.18450,0.10970,0.13920,0.13580,1.19500,0.10580,0.16120,0.11860,0.11530,0.12680,0.12350,0.24420,0.12340,0.13350,0.12970,0.15020,0.13610,0.27810,0.13270,0.11490,0.12480,0.12310,0.14720,0.18660,0.14370,0.12890,0.30980,0.13000,0.22490,0.25410,0.32790,0.11250,0.10910,0.11470,0.14560,0.15240,0.13910,0.11850,0.23190,0.09650,0.22840,0.16980,0.24830,0.07740,0.09840,0.10790,0.12360,0.11380,0.12920,0.11210,0.19850,0.11850,0.15320,0.11980,0.08020
3:50:34,0.20430,0.11910,0.25450,0.12370,0.13640,0.12940,0.14540,0.12110,0.43020,0.14980,0.29480,0.16630,0.14350,0.12890,0.20880,0.15910,0.10960,0.32410,0.13760,0.15800,0.34520,1.14300,0.23400,0.18680,0.14560,0.12880,0.15740,0.14630,0.11510,0.26060,0.12910,0.15350,0.21740,1.07250,0.17840,0.17610,0.11020,0.11820,0.12040,0.13490,0.12470,0.18850,0.11150,0.14140,0.13800,1.19080,0.10730,0.16320,0.12020,0.11680,0.12840,0.12530,0.24930,0.12510,0.13570,0.13160,0.15210,0.13800,0.28660,0.13470,0.11630,0.12660,0.12440,0.15010,0.19060,0.14570,0.13100,0.31940,0.13180,0.23100,0.26160,0.33840,0.11360,0.10850,0.11630,0.14790,0.15560,0.14070,0.12020,0.23770,0.09710,0.23390,0.17390,0.25600,0.07760,0.09880,0.10910,0.12520,0.11530,0.13100,0.11360,0.20360,0.12020,0.15610,0.12150,0.08020
4:00:34,0.20980,0.12110,0.26160,0.12580,0.13850,0.13160,0.14750,0.12370,0.44330,0.15220,0.30350,0.16850,0.14650,0.13110,0.21410,0.15730,0.11100,0.33190,0.13980,0.16120,0.35580,1.14020,0.24090,0.18890,0.14850,0.12990,0.16100,0.14660,0.11700,0.26820,0.13130,0.15570,0.22270,1.06860,0.18350,0.17820,0.11200,0.12000,0.12220,0.13730,0.12670,0.19260,0.11360,0.14370,0.14030,1.18670,0.10940,0.16500,0.12210,0.11860,0.13030,0.12720,0.25460,0.12720,0.13800,0.13370,0.15410,0.14020,0.29610,0.13690,0.11810,0.12870,0.12610,0.15330,0.19480,0.14780,0.13320,0.32930,0.13390,0.23720,0.26930,0.34880,0.11520,0.10870,0.11810,0.15050,0.15890,0.14240,0.12220,0.24390,0.09790,0.23930,0.17840,0.26340,0.07780,0.09980,0.11060,0.12720,0.11710,0.13290,0.11530,0.20890,0.12210,0.15930,0.12350,0.08020
4:10:34,0.21530,0.12290,0.26860,0.12780,0.14070,0.13360,0.14970,0.12620,0.45610,0.15430,0.31180,0.17070,0.14890,0.13330,0.21960,0.16050,0.11260,0.33990,0.14220,0.16420,0.36640,1.13940,0.24780,0.19090,0.15150,0.13110,0.16470,0.15000,0.11920,0.27600,0.13360,0.15800,0.22810,1.06490,0.18840,0.18020,0.11370,0.12220,0.12420,0.13980,0.12870,0.19690,0.11570,0.14620,0.14250,1.18320,0.11170,0.16720,0.12430,0.12060,0.13240,0.12930,0.25980,0.12930,0.14050,0.13560,0.15620,0.14260,0.30480,0.13910,0.12000,0.13100,0.12790,0.15680,0.19920,0.15030,0.13550,0.33890,0.13630,0.24340,0.27700,0.35870,0.11680,0.10940,0.12000,0.15330,0.16240,0.14440,0.12450,0.24970,0.09860,0.24520,0.18270,0.27060,0.07800,0.10110,0.11230,0.12940,0.11890,0.13500,0.11720,0.21420,0.12410,0.16260,0.12540,0.08010
4:20:34,0.22030,0.12450,0.27530,0.12950,0.14260,0.13530,0.15150,0.12820,0.46830,0.15630,0.32000,0.17270,0.15110,0.13510,0.22470,0.16310,0.11360,0.34730,0.14430,0.16700,0.37650,1.13870,0.25400,0.19280,0.15410,0.13210,0.16800,0.15240,0.12100,0.28320,0.13550,0.15990,0.23330,1.06070,0.19300,0.18190,0.11510,0.12380,0.12570,0.14190,0.13050,0.20080,0.11750,0.14830,0.14450,1.18000,0.11320,0.16900,0.12600,0.12210,0.13400,0.13120,0.26470,0.13100,0.14260,0.13750,0.15780,0.14450,0.31250,0.14100,0.12150,0.13270,0.12940,0.15980,0.19950,0.15220,0.13740,0.34810,0.13800,0.24920,0.28420,0.36880,0.11810,0.10940,0.12150,0.15570,0.16550,0.14580,0.12620,0.25480,0.09880,0.25030,0.18620,0.27780,0.07800,0.10160,0.11360,0.13110,0.12050,0.13670,0.11860,0.21910,0.12570,0.16550,0.12700,0.08010
4:30:34,0.22580,0.12620,0.28220,0.13130,0.14460,0.13720,0.15360,0.13050,0.48110,0.15840,0.32800,0.17490,0.15370,0.13700,0.22990,0.16590,0.11500,0.35490,0.14640,0.17000,0.38640,1.13710,0.26050,0.19500,0.15700,0.13340,0.17150,0.15430,0.12300,0.29040,0.13760,0.16190,0.23860,1.05690,0.19770,0.18390,0.11670,0.12560,0.12750,0.14420,0.13230,0.20490,0.11940,0.15060,0.14660,1.17650,0.11510,0.17080,0.12780,0.12370,0.13580,0.13310,0.26960,0.13290,0.14470,0.13940,0.15970,0.14650,0.32090,0.14300,0.12320,0.13470,0.13100,0.16290,0.20370,0.15440,0.13940,0.35720,0.14000,0.25510,0.29160,0.37890,0.11950,0.10980,0.12320,0.15810,0.16870,0.14760,0.12800,0.26040,0.09930,0.25570,0.19040,0.28500,0.07830,0.10250,0.11510,0.13310,0.12210,0.13870,0.12030,0.22420,0.12740,0.16850,0.12880,0.08020
4:40:34,0.23090,0.12770,0.28880,0.13320,0.14660,0.13900,0.15550,0.13260,0.49300,0.16050,0.33620,0.17690,0.15630,0.13900,0.23500,0.16870,0.11630,0.36220,0.14840,0.17280,0.39630,1.13560,0.26700,0.19730,0.15970,0.13460,0.17480,0.15660,0.12490,0.29790,0.13950,0.16400,0.24380,1.05420,0.20240,0.18580,0.11830,0.12730,0.12920,0.14610,0.13410,0.20880,0.12120,0.15280,0.14850,1.17340,0.11710,0.17270,0.12970,0.12540,0.13760,0.13490,0.27440,0.13460,0.14680,0.14110,0.16150,0.14870,0.32950,0.14500,0.12490,0.13650,0.13260,0.16610,0.20800,0.15640,0.14150,0.36650,0.14210,0.26100,0.29890,0.38870,0.12100,0.11040,0.12490,0.16060,0.17190,0.14930,0.12980,0.26600,0.10010,0.26100,0.19460,0.29230,0.07850,0.10340,0.11650,0.13500,0.12380,0.14050,0.12190,0.22930,0.12920,0.17150,0.13060,0.08010
4:50:34,0.23620,0.12940,0.29560,0.13490,0.14860,0.14090,0.15750,0.13490,0.50490,0.16250,0.34420,0.17900,0.15870,0.14090,0.24010,0.17140,0.11800,0.36960,0.15050,0.17550,0.40590,1.13490,0.27350,0.19930,0.16270,0.13610,0.17840,0.15970,0.12680,0.30500,0.14160,0.16610,0.24930,1.05080,0.20720,0.18770,0.12000,0.12920,0.13110,0.14860,0.13610,0.21300,0.12330,0.15490,0.15050,1.17070,0.11930,0.17420,0.13170,0.12710,0.13960,0.13690,0.27940,0.13660,0.14910,0.14300,0.16330,0.15060,0.33830,0.14700,0.12680,0.13860,0.13430,0.16950,0.21230,0.15860,0.14370,0.37600,0.14420,0.26700,0.30620,0.39850,0.12260,0.11130,0.12680,0.16320,0.17520,0.15120,0.13180,0.27160,0.10080,0.26660,0.19900,0.29940,0.07860,0.10460,0.11810,0.13720,0.12560,0.14240,0.12360,0.23430,0.13100,0.17460,0.13250,0.08010
5:00:34,0.24130,0.13090,0.30200,0.13670,0.15040,0.14260,0.15910,0.13700,0.51700,0.16450,0.35180,0.18110,0.16100,0.14270,0.24500,0.17410,0.11920,0.37700,0.15260,0.17810,0.41560,1.13430,0.27970,0.20130,0.16530,0.13730,0.18150,0.16210,0.12860,0.31190,0.14350,0.16800,0.25460,1.04800,0.21160,0.18930,0.12150,0.13070,0.13270,0.15060,0.13770,0.21670,0.12510,0.15700,0.15250,1.16770,0.12120,0.17600,0.13350,0.12850,0.14120,0.13860,0.28410,0.13830,0.15110,0.14470,0.16500,0.15300,0.34600,0.14880,0.12840,0.14040,0.13580,0.17250,0.21650,0.16050,0.14560,0.38480,0.14610,0.27260,0.31330,0.40800,0.12400,0.11180,0.12830,0.16570,0.17840,0.15280,0.13350,0.27670,0.10130,0.27180,0.20290,0.30650,0.07870,0.10540,0.11950,0.13900,0.12700,0.14410,0.12500,0.23920,0.13270,0.17730,0.13410,0.08010
5:10:34,0.24630,0.13250,0.30860,0.13840,0.15220,0.14440,0.16090,0.13910,0.52880,0.16650,0.35950,0.18300,0.16340,0.14450,0.24980,0.17670,0.12060,0.38420,0.15450,0.18070,0.42510,1.13290,0.28580,0.20340,0.16800,0.13850,0.18480,0.16390,0.13030,0.31870,0.14530,0.16980,0.25930,1.04510,0.21620,0.19100,0.12300,0.13240,0.13440,0.15270,0.13940,0.22060,0.12690,0.15890,0.15410,1.16490,0.12310,0.17750,0.13530,0.13000,0.14300,0.14030,0.28900,0.14010,0.15320,0.14640,0.16680,0.15470,0.35420,0.15060,0.13010,0.14220,0.13740,0.17560,0.22070,0.16250,0.14760,0.39370,0.14810,0.27810,0.32050,0.41750,0.12540,0.11240,0.12990,0.16810,0.18140,0.15440,0.13520,0.28200,0.10200,0.27700,0.20690,0.31350,0.07890,0.10640,0.12070,0.14090,0.12860,0.14590,0.12650,0.24400,0.13430,0.18020,0.13570,0.08000
5:20:34,0.25170,0.13420,0.31510,0.14020,0.15420,0.14640,0.16280,0.14130,0.54020,0.16840,0.36710,0.18510,0.16630,0.14640,0.25500,0.17950,0.12230,0.39150,0.15650,0.18350,0.43470,1.13180,0.29220,0.20540,0.17090,0.14010,0.18820,0.16620,0.13230,0.32590,0.14730,0.17180,0.26480,1.04250,0.22080,0.19310,0.12460,0.13420,0.13600,0.15480,0.14120,0.22450,0.12880,0.16090,0.15600,1.16220,0.12530,0.17910,0.13730,0.13160,0.14480,0.14220,0.29370,0.14190,0.15520,0.14820,0.16850,0.15650,0.36270,0.15240,0.13190,0.14410,0.13910,0.17880,0.22480,0.16450,0.14960,0.40280,0.15020,0.28380,0.32750,0.42700,0.12700,0.11340,0.13170,0.17050,0.18450,0.15600,0.13710,0.28770,0.10290,0.28240,0.21120,0.32050,0.07920,0.10770,0.12240,0.14290,0.13030,0.14770,0.12820,0.24880,0.13600,0.18320,0.13740,0.08010
5:30:34,0.25700,0.13600,0.32170,0.14210,0.15630,0.14820,0.16470,0.14340,0.55180,0.17050,0.37490,0.18690,0.16870,0.14840,0.26020,0.18240,0.12410,0.39940,0.15870,0.18630,0.44370,1.13150,0.29850,0.20730,0.17380,0.14180,0.19190,0.16880,0.13440,0.33270,0.14920,0.17390,0.27020,1.04100,0.22540,0.19490,0.12640,0.13610,0.13780,0.15710,0.14300,0.22850,0.13090,0.16320,0.15790,1.16030,0.12750,0.18100,0.13940,0.13340,0.14680,0.14410,0.29870,0.14370,0.15730,0.15010,0.17050,0.15850,0.37110,0.15440,0.13380,0.14610,0.14100,0.18200,0.22910,0.16650,0.15170,0.41150,0.15220,0.28950,0.33460,0.43610,0.12870,0.11440,0.13350,0.17310,0.18790,0.15780,0.13900,0.29310,0.10390,0.28780,0.21560,0.32720,0.07930,0.10910,0.12390,0.14510,0.13210,0.14970,0.12990,0.25390,0.13780,0.18620,0.13910,0.08000
5:40:34,0.26160,0.13720,0.32770,0.14340,0.15770,0.14950,0.16620,0.14500,0.56290,0.17200,0.38210,0.18850,0.17050,0.14980,0.26460,0.18450,0.12510,0.40610,0.16020,0.18850,0.45270,1.13000,0.30420,0.20890,0.17600,0.14280,0.19460,0.17080,0.13570,0.33940,0.15070,0.17540,0.27490,1.03790,0.22930,0.19630,0.12760,0.13730,0.13900,0.15870,0.14430,0.23190,0.13220,0.16460,0.15920,1.15760,0.12900,0.18230,0.14070,0.13440,0.14820,0.14530,0.30300,0.14500,0.15880,0.15140,0.17160,0.16010,0.37840,0.15570,0.13510,0.14760,0.14200,0.18460,0.23290,0.16810,0.15320,0.42000,0.15370,0.29450,0.34110,0.44500,0.12980,0.11460,0.13470,0.17510,0.19050,0.15900,0.14030,0.29740,0.10390,0.29250,0.21880,0.33390,0.07920,0.10960,0.12480,0.14670,0.13320,0.15110,0.13110,0.25830,0.13910,0.18870,0.14020,0.07980
5:50:34,0.26660,0.13860,0.33390,0.14480,0.15940,0.15090,0.16780,0.14680,0.57380,0.17370,0.38940,0.19030,0.17280,0.15140,0.26950,0.18690,0.12640,0.41360,0.16210,0.19090,0.46180,1.12960,0.31000,0.21080,0.17850,0.14420,0.19780,0.17260,0.13740,0.34620,0.15220,0.17720,0.28030,1.03560,0.23360,0.19780,0.12890,0.13880,0.14060,0.16070,0.14580,0.23560,0.13380,0.16640,0.16080,1.15570,0.13080,0.18380,0.14230,0.13580,0.14960,0.14690,0.30790,0.14650,0.16060,0.15290,0.17320,0.16180,0.38600,0.15730,0.13650,0.14910,0.14350,0.18750,0.23680,0.16970,0.15500,0.42860,0.15550,0.30000,0.34790,0.45420,0.13110,0.11500,0.13610,0.17720,0.19330,0.16040,0.14190,0.30230,0.10420,0.29750,0.22240,0.34050,0.07920,0.11040,0.12600,0.14830,0.13460,0.15270,0.13260,0.26280,0.14050,0.19140,0.14170,0.07980
6:00:34,0.27130,0.14000,0.34020,0.14620,0.16110,0.15240,0.16930,0.14860,0.58430,0.17550,0.39650,0.19180,0.17510,0.15290,0.27400,0.18920,0.12770,0.42040,0.16360,0.19320,0.47060,1.12750,0.31580,0.21250,0.18100,0.14530,0.20070,0.17430,0.13880,0.35250,0.15370,0.17880,0.28530,1.03330,0.23770,0.19920,0.13000,0.14010,0.14190,0.16230,0.14720,0.23930,0.13530,0.16800,0.16250,1.15380,0.13260,0.18520,0.14380,0.13700,0.15110,0.14850,0.31250,0.14800,0.16220,0.15440,0.17460,0.16330,0.39390,0.15880,0.13790,0.15060,0.14490,0.19020,0.24060,0.17140,0.15650,0.43720,0.15710,0.30520,0.35440,0.46280,0.13230,0.11550,0.13740,0.17940,0.19620,0.16190,0.14330,0.30740,0.10490,0.30260,0.22630,0.34740,0.07940,0.11100,0.12730,0.15000,0.13590,0.15430,0.13390,0.26740,0.14180,0.19400,0.14290,0.07980
6:10:34,0.27590,0.14120,0.34590,0.14750,0.16260,0.15380,0.17080,0.15000,0.59460,0.17720,0.40350,0.19320,0.17700,0.15430,0.27850,0.19140,0.12870,0.42770,0.16530,0.19550,0.47900,1.12690,0.32130,0.21410,0.18340,0.14650,0.20350,0.17630,0.14030,0.35900,0.15510,0.18040,0.29010,1.03000,0.24170,0.20070,0.13120,0.14140,0.14310,0.16410,0.14850,0.24280,0.13660,0.16970,0.16400,1.15150,0.13420,0.18680,0.14530,0.13820,0.15250,0.14980,0.31700,0.14940,0.16370,0.15570,0.17580,0.16510,0.40110,0.16020,0.13930,0.15210,0.14620,0.19290,0.24440,0.17310,0.15810,0.44560,0.15860,0.31040,0.36080,0.47160,0.13340,0.11570,0.13870,0.18140,0.19890,0.16330,0.14460,0.31170,0.10500,0.30740,0.22960,0.35380,0.07930,0.11170,0.12840,0.15170,0.13720,0.15570,0.13520,0.27190,0.14330,0.19660,0.14420,0.07980
6:20:34,0.28060,0.14230,0.35190,0.14890,0.16410,0.15510,0.17250,0.15170,0.60570,0.17880,0.41040,0.19480,0.17940,0.15570,0.28300,0.19350,0.12970,0.43460,0.16670,0.19760,0.48760,1.12570,0.32670,0.21590,0.18570,0.14760,0.20630,0.17860,0.14160,0.36530,0.15650,0.18180,0.29500,1.02780,0.24550,0.20210,0.13230,0.14270,0.14430,0.16580,0.14970,0.24470,0.13790,0.17130,0.16550,1.14940,0.13560,0.18780,0.14670,0.13940,0.15380,0.15110,0.32130,0.15070,0.16530,0.15730,0.17720,0.16630,0.40810,0.16170,0.14050,0.15340,0.14740,0.19550,0.24810,0.17460,0.15950,0.45330,0.16020,0.31540,0.36720,0.48020,0.13450,0.11600,0.13980,0.18340,0.20150,0.16480,0.14610,0.31670,0.10540,0.31210,0.23310,0.36030,0.07940,0.11220,0.12940,0.15320,0.13840,0.15710,0.13640,0.27620,0.14450,0.19910,0.14540,0.07980
6:30:34,0.28520,0.14350,0.35800,0.15010,0.16540,0.15630,0.17400,0.15330,0.61560,0.18030,0.41720,0.19630,0.18190,0.15710,0.28740,0.19570,0.13090,0.44160,0.16820,0.19970,0.49600,1.12460,0.33220,0.21740,0.18800,0.14870,0.20910,0.18050,0.14290,0.37160,0.15770,0.18340,0.29980,1.02430,0.24940,0.20340,0.13340,0.14380,0.14550,0.16730,0.15090,0.24830,0.13930,0.17280,0.16690,1.14780,0.13700,0.18950,0.14800,0.14050,0.15510,0.15240,0.32570,0.15200,0.16670,0.15860,0.17850,0.16760,0.41520,0.16300,0.14170,0.15480,0.14860,0.19800,0.25170,0.17620,0.16100,0.46130,0.16160,0.32040,0.37340,0.48890,0.13550,0.11630,0.14100,0.18540,0.20420,0.16610,0.14730,0.32180,0.10600,0.31680,0.23670,0.36680,0.07970,0.11280,0.13040,0.15480,0.13960,0.15840,0.13740,0.28050,0.14580,0.20160,0.14670,0.07990
6:40:34,0.28980,0.14470,0.36410,0.15140,0.16700,0.15760,0.17550,0.15470,0.62570,0.18200,0.42440,0.19780,0.18450,0.15860,0.29180,0.19790,0.13220,0.44860,0.16980,0.20180,0.50440,1.12290,0.33780,0.21920,0.19030,0.15000,0.21200,0.18210,0.14440,0.37760,0.15910,0.18480,0.30490,1.02260,0.25340,0.20490,0.13460,0.14510,0.14690,0.16890,0.15240,0.25190,0.14070,0.17440,0.16850,1.14550,0.13880,0.19110,0.14940,0.14180,0.15640,0.15390,0.33020,0.15340,0.16840,0.15990,0.18000,0.16930,0.42300,0.16430,0.14310,0.15620,0.15000,0.20070,0.25540,0.17780,0.16250,0.46930,0.16330,0.32540,0.37970,0.49730,0.13670,0.11690,0.14230,0.18740,0.20670,0.16760,0.14870,0.32710,0.10690,0.32150,0.24070,0.37330,0.07980,0.11370,0.13150,0.15640,0.14070,0.15980,0.13860,0.28470,0.14710,0.20410,0.14810,0.07970
6:50:34,0.29440,0.14590,0.36990,0.15270,0.16840,0.15880,0.17700,0.15640,0.63530,0.18360,0.43090,0.19920,0.18670,0.15990,0.29620,0.20020,0.13330,0.45550,0.17110,0.20390,0.51290,1.12250,0.34300,0.22060,0.19280,0.15120,0.21470,0.18370,0.14590,0.38420,0.16050,0.18650,0.30970,1.02010,0.25720,0.20630,0.13580,0.14640,0.14820,0.17050,0.15360,0.25560,0.14210,0.17600,0.16980,1.14360,0.14030,0.19230,0.15090,0.14290,0.15770,0.15510,0.33460,0.15470,0.17000,0.16130,0.18140,0.17050,0.43050,0.16560,0.14450,0.15760,0.15130,0.20330,0.25900,0.17940,0.16410,0.47730,0.16490,0.33030,0.38590,0.50540,0.13790,0.11740,0.14350,0.18960,0.20930,0.16910,0.15020,0.33180,0.10740,0.32610,0.24430,0.37950,0.08000,0.11440,0.13250,0.15800,0.14200,0.16110,0.13990,0.28890,0.14830,0.20650,0.14940,0.07980
7:00:34,0.29880,0.14690,0.37560,0.15390,0.16980,0.15990,0.17840,0.15780,0.64470,0.18490,0.43780,0.20030,0.18900,0.16120,0.30040,0.20230,0.13450,0.46220,0.17240,0.20590,0.52060,1.11990,0.34840,0.22240,0.19500,0.15240,0.21750,0.18550,0.14720,0.39000,0.16170,0.18790,0.31440,1.01830,0.26080,0.20770,0.13670,0.14760,0.14940,0.17210,0.15480,0.25890,0.14340,0.17740,0.17120,1.14150,0.14190,0.19350,0.15220,0.14400,0.15900,0.15630,0.33900,0.15600,0.17150,0.16270,0.18270,0.17190,0.43780,0.16690,0.14580,0.15890,0.15240,0.20580,0.26260,0.18090,0.16560,0.48510,0.16630,0.33510,0.39210,0.51330,0.13900,0.11790,0.14470,0.19150,0.21180,0.17050,0.15140,0.33650,0.10790,0.33080,0.24800,0.38560,0.08000,0.11510,0.13360,0.15960,0.14310,0.16260,0.14100,0.29320,0.14950,0.20880,0.15050,0.07960
7:10:34,0.30330,0.14820,0.38120,0.15520,0.17110,0.16100,0.17960,0.15920,0.65420,0.18620,0.44400,0.20170,0.19120,0.16240,0.30460,0.20450,0.13540,0.46900,0.17370,0.20780,0.52870,1.11890,0.35360,0.22400,0.19720,0.15360,0.22010,0.18780,0.14860,0.39620,0.16300,0.18950,0.31940,1.01540,0.26450,0.20910,0.13790,0.14870,0.15060,0.17350,0.15610,0.26240,0.14460,0.17900,0.17260,1.13950,0.14330,0.19460,0.15350,0.14500,0.16020,0.15740,0.34340,0.15720,0.17290,0.16380,0.18390,0.17310,0.44470,0.16820,0.14690,0.16020,0.15370,0.20830,0.26600,0.18240,0.16710,0.49270,0.16770,0.33990,0.39820,0.52150,0.14010,0.11850,0.14580,0.19350,0.21440,0.17210,0.15270,0.34130,0.10840,0.33550,0.25160,0.39210,0.08010,0.11580,0.13460,0.16110,0.14430,0.16390,0.14190,0.29730,0.15060,0.21120,0.15170,0.07960
7:20:34,0.30770,0.14940,0.38690,0.15640,0.17260,0.16230,0.18130,0.16050,0.66420,0.18760,0.45050,0.20320,0.19380,0.16380,0.30890,0.20660,0.13680,0.47570,0.17550,0.20970,0.53650,1.11840,0.35900,0.22580,0.19950,0.15480,0.22300,0.18940,0.15010,0.40200,0.16440,0.19120,0.32450,1.01410,0.26830,0.21060,0.13910,0.15000,0.15190,0.17520,0.15750,0.26580,0.14610,0.18050,0.17400,1.13790,0.14490,0.19630,0.15490,0.14610,0.16150,0.15870,0.34770,0.15860,0.17460,0.16520,0.18530,0.17440,0.45200,0.16960,0.14820,0.16160,0.15490,0.21100,0.26960,0.18420,0.16850,0.50000,0.16930,0.34460,0.40390,0.52940,0.14120,0.11920,0.14710,0.19550,0.21700,0.17360,0.15410,0.34630,0.10930,0.34000,0.25530,0.39780,0.08020,0.11660,0.13570,0.16270,0.14550,0.16520,0.14320,0.30160,0.15170,0.21350,0.15280,0.07970
7:30:34,0.31220,0.15040,0.39230,0.15750,0.17380,0.16350,0.18250,0.16180,0.67350,0.18890,0.45670,0.20440,0.19590,0.16500,0.31300,0.20870,0.13760,0.48240,0.17680,0.21160,0.54440,1.11690,0.36400,0.22690,0.20170,0.15580,0.22560,0.19050,0.15130,0.40750,0.16550,0.19260,0.32890,1.01200,0.27180,0.21170,0.14000,0.15110,0.15290,0.17660,0.15850,0.26920,0.14740,0.18190,0.17520,1.13610,0.14620,0.19730,0.15620,0.14710,0.16280,0.15980,0.35200,0.15970,0.17610,0.16630,0.18660,0.17560,0.45880,0.17070,0.14940,0.16280,0.15610,0.21330,0.27300,0.18570,0.16980,0.50720,0.17060,0.34920,0.40990,0.53700,0.14230,0.11960,0.14820,0.19740,0.21930,0.17500,0.15520,0.35070,0.10960,0.34440,0.25870,0.40400,0.08030,0.11730,0.13660,0.16420,0.14660,0.16640,0.14420,0.30560,0.15270,0.21560,0.15390,0.07960
7:40:34,0.31650,0.15140,0.39800,0.15870,0.17520,0.16470,0.18390,0.16300,0.68220,0.19020,0.46320,0.20580,0.19830,0.16630,0.31710,0.21080,0.13890,0.48920,0.17820,0.21360,0.55250,1.11590,0.36930,0.22830,0.20390,0.15700,0.22840,0.19230,0.15260,0.41320,0.16680,0.19410,0.33390,1.00940,0.27560,0.21300,0.14120,0.15220,0.15410,0.17810,0.15960,0.27250,0.14870,0.18350,0.17650,1.13470,0.14770,0.19840,0.15750,0.14820,0.16400,0.16090,0.35630,0.16100,0.17760,0.16760,0.18790,0.17720,0.46590,0.17200,0.15060,0.16400,0.15730,0.21580,0.27650,0.18730,0.17110,0.51470,0.17200,0.35400,0.41570,0.54490,0.14340,0.12030,0.14950,0.19940,0.22190,0.17640,0.15650,0.35560,0.11040,0.34900,0.26250,0.41020,0.08050,0.11820,0.13770,0.16570,0.14770,0.16770,0.14530,0.30960,0.15390,0.21800,0.15500,0.07960
7:50:34,0.32080,0.15220,0.40310,0.15980,0.17630,0.16570,0.18510,0.16400,0.69070,0.19090,0.46920,0.20710,0.20020,0.16750,0.32110,0.21270,0.13990,0.49550,0.17940,0.21540,0.55960,1.11370,0.37420,0.22980,0.20600,0.15800,0.23090,0.19360,0.15380,0.41920,0.16790,0.19560,0.33870,1.00730,0.27910,0.21410,0.14220,0.15320,0.15500,0.17930,0.16070,0.27580,0.14990,0.18480,0.17780,1.13270,0.14910,0.19970,0.15870,0.14930,0.16520,0.16190,0.36050,0.16210,0.17890,0.16870,0.18920,0.17820,0.47290,0.17310,0.15180,0.16520,0.15850,0.21800,0.27980,0.18870,0.17240,0.52210,0.17330,0.35860,0.42140,0.55200,0.14440,0.12080,0.15040,0.20120,0.22430,0.17770,0.15750,0.35990,0.11090,0.35330,0.26580,0.41580,0.08030,0.11880,0.13860,0.16710,0.14880,0.16890,0.14630,0.31350,0.15490,0.22000,0.15610,0.07950
8:00:34,0.32510,0.15330,0.40850,0.16080,0.17760,0.16680,0.18650,0.16530,0.69920,0.19230,0.47520,0.20830,0.20230,0.16870,0.32520,0.21470,0.14090,0.50190,0.18070,0.21730,0.56730,1.11280,0.37920,0.23120,0.20810,0.15910,0.23350,0.19520,0.15500,0.42410,0.16930,0.19710,0.34340,1.00520,0.28250,0.21520,0.14310,0.15440,0.15610,0.18070,0.16180,0.27920,0.15110,0.18610,0.17920,1.13100,0.15040,0.20100,0.16000,0.15020,0.16650,0.16300,0.36490,0.16310,0.18040,0.16970,0.19050,0.17950,0.47970,0.17440,0.15290,0.16640,0.15960,0.22040,0.28320,0.19020,0.17370,0.52930,0.17480,0.36300,0.42710,0.55960,0.14550,0.12120,0.15150,0.20310,0.22680,0.17920,0.15880,0.36410,0.11120,0.35770,0.26930,0.42170,0.08040,0.11950,0.13960,0.16860,0.14990,0.17020,0.14730,0.31760,0.15590,0.22220,0.15720,0.07950
8:10:34,0.32910,0.15410,0.41370,0.16170,0.17860,0.16780,0.18760,0.16650,0.70770,0.19340,0.48140,0.20950,0.20410,0.16980,0.32900,0.21650,0.14160,0.50800,0.18180,0.21920,0.57480,1.11050,0.38410,0.23230,0.21010,0.16000,0.23580,0.19620,0.15600,0.42950,0.17030,0.19850,0.34770,1.00250,0.28570,0.21640,0.14390,0.15530,0.15680,0.18190,0.16260,0.28230,0.15210,0.18740,0.18030,1.12920,0.15150,0.20230,0.16090,0.15110,0.16740,0.16390,0.36890,0.16410,0.18160,0.17050,0.19170,0.18050,0.48600,0.17530,0.15390,0.16750,0.16060,0.22260,0.28640,0.19150,0.17470,0.53620,0.17590,0.36730,0.43270,0.56680,0.14630,0.12150,0.15240,0.20480,0.22890,0.18040,0.15980,0.36820,0.11140,0.36190,0.27230,0.42710,0.08030,0.11980,0.14030,0.16970,0.15070,0.17110,0.14820,0.32130,0.15670,0.22420,0.15820,0.07950
8:20:34,0.33320,0.15490,0.41890,0.16270,0.17980,0.16890,0.18890,0.16760,0.71550,0.19450,0.48750,0.21070,0.20660,0.17090,0.33280,0.21840,0.14260,0.51430,0.18310,0.22090,0.58190,1.11060,0.38900,0.23380,0.21210,0.16100,0.23820,0.19760,0.15700,0.43510,0.17130,0.19990,0.35230,1.00120,0.28900,0.21760,0.14480,0.15620,0.15760,0.18310,0.16360,0.28550,0.15310,0.18850,0.18140,1.12760,0.15270,0.20320,0.16200,0.15200,0.16840,0.16480,0.37320,0.16510,0.18270,0.17150,0.19290,0.18180,0.49260,0.17640,0.15480,0.16850,0.16160,0.22470,0.28960,0.19290,0.17590,0.54300,0.17720,0.37180,0.43810,0.57410,0.14710,0.12180,0.15330,0.20640,0.23120,0.18160,0.16090,0.37290,0.11190,0.36620,0.27570,0.43310,0.08060,0.12040,0.14110,0.17110,0.15150,0.17220,0.14930,0.32510,0.15770,0.22620,0.15920,0.07960
8:30:34,0.33720,0.15590,0.42420,0.16370,0.18100,0.17000,0.19010,0.16890,0.72390,0.19570,0.49380,0.21160,0.20880,0.17200,0.33680,0.22030,0.14360,0.52050,0.18420,0.22270,0.58920,1.10920,0.39390,0.23500,0.21420,0.16220,0.24090,0.19930,0.15820,0.44140,0.17250,0.20140,0.35690,0.99980,0.29260,0.21880,0.14570,0.15710,0.15860,0.18440,0.16450,0.28850,0.15410,0.18980,0.18260,1.12560,0.15420,0.20430,0.16310,0.15280,0.16960,0.16580,0.37740,0.16620,0.18400,0.17240,0.19410,0.18320,0.49920,0.17750,0.15590,0.16970,0.16280,0.22700,0.29290,0.19430,0.17700,0.54990,0.17860,0.37620,0.44370,0.58120,0.14810,0.12230,0.15450,0.20820,0.23350,0.18290,0.16210,0.37750,0.11260,0.37060,0.27910,0.43850,0.08060,0.12110,0.14190,0.17250,0.15250,0.17330,0.15030,0.32880,0.15890,0.22830,0.16030,0.07950
8:40:34,0.34130,0.15660,0.42920,0.16450,0.18210,0.17070,0.19120,0.16990,0.73230,0.19680,0.49970,0.21230,0.21060,0.17290,0.34060,0.22200,0.14440,0.52650,0.18550,0.22430,0.59640,1.10690,0.39860,0.23590,0.21610,0.16300,0.24340,0.20090,0.15920,0.44670,0.17340,0.20280,0.36140,0.99720,0.29580,0.21970,0.14650,0.15790,0.15940,0.18550,0.16520,0.29150,0.15500,0.19100,0.18360,1.12390,0.15540,0.20530,0.16410,0.15360,0.17070,0.16660,0.38150,0.16710,0.18510,0.17320,0.19530,0.18440,0.50530,0.17840,0.15680,0.17070,0.16370,0.22910,0.29590,0.19560,0.17810,0.55660,0.17980,0.38070,0.44920,0.58800,0.14890,0.12260,0.15540,0.20980,0.23570,0.18410,0.16300,0.38150,0.11290,0.37480,0.28220,0.44410,0.08040,0.12140,0.14260,0.17370,0.15320,0.17440,0.15100,0.33230,0.15980,0.23020,0.16120,0.07940
8:50:34,0.34520,0.15740,0.43430,0.16540,0.18320,0.17170,0.19250,0.17110,0.74020,0.19800,0.50530,0.21350,0.21250,0.17380,0.34430,0.22380,0.14510,0.53260,0.18660,0.22610,0.60320,1.10670,0.40320,0.23740,0.21800,0.16390,0.24570,0.20230,0.16020,0.45150,0.17450,0.20410,0.36590,0.99480,0.29900,0.22060,0.14730,0.15880,0.16020,0.18680,0.16600,0.29450,0.15600,0.19210,0.18460,1.12210,0.15670,0.20640,0.16510,0.15430,0.17160,0.16740,0.38570,0.16810,0.18630,0.17420,0.19660,0.18490,0.51140,0.17940,0.15770,0.17170,0.16470,0.23110,0.29900,0.19690,0.17910,0.56330,0.18100,0.38490,0.45460,0.59520,0.14970,0.12290,0.15620,0.21150,0.23790,0.18540,0.16390,0.38570,0.11310,0.37900,0.28540,0.45000,0.08050,0.12180,0.14340,0.17490,0.15400,0.17550,0.15180,0.33600,0.16060,0.23220,0.16220,0.07960
9:00:34,0.34920,0.15840,0.43940,0.16640,0.18440,0.17270,0.19370,0.17230,0.74820,0.19910,0.51140,0.21440,0.21540,0.17500,0.34830,0.22570,0.14630,0.53860,0.18790,0.22790,0.61040,1.10450,0.40800,0.23830,0.22010,0.16500,0.24820,0.20370,0.16130,0.45780,0.17570,0.20560,0.37050,0.99340,0.30260,0.22190,0.14820,0.15970,0.16120,0.18800,0.16710,0.29750,0.15710,0.19340,0.18580,1.12040,0.15810,0.20780,0.16630,0.15520,0.17290,0.16840,0.38990,0.16920,0.18750,0.17520,0.19790,0.18620,0.51790,0.18060,0.15890,0.17280,0.16580,0.23340,0.30220,0.19830,0.18030,0.56960,0.18240,0.38920,0.46030,0.60220,0.15070,0.12350,0.15720,0.21340,0.24030,0.18670,0.16510,0.39100,0.11400,0.38350,0.28910,0.45560,0.08100,0.12260,0.14420,0.17630,0.15490,0.17660,0.15290,0.33980,0.16170,0.23440,0.16320,0.07960
9:10:34,0.35310,0.15920,0.44440,0.16730,0.18550,0.17350,0.19480,0.17340,0.75570,0.20020,0.51730,0.21540,0.21770,0.17590,0.35210,0.22760,0.14730,0.54470,0.18920,0.22980,0.61780,1.10340,0.41260,0.23970,0.22230,0.16590,0.25050,0.20540,0.16230,0.46230,0.17670,0.20690,0.37490,0.99170,0.30590,0.22280,0.14910,0.16070,0.16210,0.18930,0.16790,0.30050,0.15810,0.19480,0.18690,1.11890,0.15940,0.20850,0.16740,0.15610,0.17410,0.16940,0.39410,0.17030,0.18880,0.17620,0.19920,0.18730,0.52470,0.18160,0.15990,0.17400,0.16680,0.23570,0.30540,0.19960,0.18130,0.57650,0.18350,0.39360,0.46560,0.60900,0.15180,0.12410,0.15830,0.21510,0.24250,0.18800,0.16620,0.39560,0.11480,0.38750,0.29270,0.46130,0.08100,0.12330,0.14520,0.17770,0.15570,0.17760,0.15370,0.34360,0.16270,0.23640,0.16430,0.07950
9:20:34,0.35710,0.16000,0.44940,0.16820,0.18680,0.17450,0.19610,0.17460,0.76300,0.20130,0.52300,0.21640,0.22000,0.17710,0.35580,0.22940,0.14850,0.55060,0.19060,0.23140,0.62450,1.10260,0.41730,0.24070,0.22420,0.16680,0.25290,0.20670,0.16340,0.46770,0.17790,0.20830,0.37950,0.98970,0.30900,0.22400,0.14980,0.16160,0.16310,0.19070,0.16890,0.30350,0.15920,0.19590,0.18790,1.11740,0.16060,0.20990,0.16850,0.15700,0.17510,0.17020,0.39820,0.17130,0.19000,0.17700,0.20050,0.18850,0.53110,0.18270,0.16100,0.17520,0.16800,0.23780,0.30860,0.20110,0.18240,0.58290,0.18470,0.39790,0.47090,0.61540,0.15260,0.12480,0.15930,0.21680,0.24460,0.18930,0.16720,0.39990,0.11550,0.39160,0.29610,0.46650,0.08100,0.12390,0.14600,0.17910,0.15650,0.17880,0.15470,0.34730,0.16350,0.23840,0.16520,0.07950
9:30:34,0.36100,0.16090,0.45450,0.16910,0.18790,0.17530,0.19740,0.17570,0.77030,0.20230,0.52840,0.21800,0.22190,0.17810,0.35950,0.23120,0.14950,0.55640,0.19180,0.23300,0.63140,1.10080,0.42180,0.24190,0.22620,0.16780,0.25520,0.20810,0.16450,0.47220,0.17870,0.20950,0.38380,0.98750,0.31240,0.22500,0.15070,0.16250,0.16380,0.19180,0.16970,0.30660,0.16020,0.19690,0.18910,1.11570,0.16180,0.21080,0.16950,0.15790,0.17620,0.17090,0.40230,0.17220,0.19120,0.17790,0.20160,0.18950,0.53740,0.18350,0.16200,0.17630,0.16900,0.23980,0.31160,0.20260,0.18350,0.58930,0.18590,0.40200,0.47610,0.62180,0.15350,0.12530,0.16020,0.21850,0.24680,0.19040,0.16810,0.40390,0.11600,0.39570,0.29940,0.47190,0.08110,0.12460,0.14670,0.18040,0.15740,0.17980,0.15550,0.35090,0.16430,0.24050,0.16610,0.07960
9:40:34,0.36490,0.16190,0.45950,0.16990,0.18890,0.17630,0.19870,0.17690,0.77780,0.20340,0.53430,0.21890,0.22420,0.17920,0.36330,0.23310,0.15050,0.56220,0.19290,0.23470,0.63820,1.10040,0.42640,0.24310,0.22810,0.16870,0.25760,0.20990,0.16550,0.47770,0.17960,0.21080,0.38810,0.98580,0.31580,0.22610,0.15160,0.16340,0.16470,0.19300,0.17060,0.30960,0.16120,0.19810,0.19010,1.11450,0.16310,0.21200,0.17070,0.15870,0.17720,0.17190,0.40630,0.17310,0.19230,0.17870,0.20290,0.19050,0.54380,0.18450,0.16290,0.17730,0.16990,0.24210,0.31490,0.20390,0.18460,0.59560,0.18710,0.40630,0.48140,0.62830,0.15430,0.12590,0.16110,0.22000,0.24900,0.19160,0.16910,0.40840,0.11660,0.39970,0.30280,0.47700,0.08120,0.12520,0.14750,0.18160,0.15830,0.18090,0.15650,0.35450,0.16510,0.24250,0.16710,0.07960
9:50:34,0.36870,0.16230,0.46450,0.17070,0.19010,0.17710,0.19980,0.17780,0.78460,0.20450,0.53990,0.21990,0.22640,0.18020,0.36700,0.23490,0.15140,0.56800,0.19400,0.23630,0.64450,1.09890,0.43090,0.24440,0.22980,0.16960,0.25980,0.21130,0.16640,0.48280,0.18070,0.21210,0.39190,0.98450,0.31890,0.22720,0.15230,0.16420,0.16540,0.19410,0.17150,0.31250,0.16210,0.19930,0.19100,1.11270,0.16430,0.21250,0.17160,0.15950,0.17810,0.17280,0.41050,0.17400,0.19350,0.17960,0.20420,0.19160,0.54980,0.18560,0.16390,0.17820,0.17070,0.24420,0.31790,0.20540,0.18560,0.60210,0.18830,0.41040,0.48640,0.63490,0.15520,0.12650,0.16200,0.22170,0.25120,0.19280,0.17010,0.41290,0.11720,0.40360,0.30620,0.48260,0.08140,0.12580,0.14840,0.18290,0.15910,0.18200,0.15740,0.35800,0.16600,0.24430,0.16800,0.07970
10:00:34,0.37280,0.16330,0.46970,0.17190,0.19160,0.17820,0.20120,0.17920,0.79160,0.20570,0.54560,0.22130,0.22930,0.18150,0.37090,0.23670,0.15300,0.57410,0.19540,0.23840,0.65130,1.09700,0.43570,0.24590,0.23200,0.17070,0.26250,0.21280,0.16790,0.48810,0.18180,0.21370,0.39660,0.98320,0.32240,0.22850,0.15340,0.16530,0.16650,0.19550,0.17260,0.31560,0.16330,0.20060,0.19240,1.11140,0.16590,0.21370,0.17300,0.16060,0.17940,0.17390,0.41470,0.17520,0.19480,0.18090,0.20570,0.19310,0.55660,0.18670,0.16510,0.17960,0.17190,0.24650,0.32110,0.20680,0.18690,0.60830,0.18970,0.41470,0.49190,0.64130,0.15640,0.12750,0.16320,0.22360,0.25350,0.19420,0.17130,0.41810,0.11850,0.40770,0.31020,0.48770,0.08190,0.12680,0.14930,0.18440,0.16020,0.18320,0.15850,0.36170,0.16710,0.24640,0.16910,0.07970

