Corrected [600]
	1	2	3	4	5	6	7	8	9	10	11	12
A	0.39655	0.07394	0.36965	0.07560	0.32141	0.07401	0.32945	0.07245	0.40889	0.07275	0.22937	0.07305	Corrected [600]
B	0.26906	0.37420	0.30334	0.40905	0.26650	0.43191	0.29356	0.43196	0.33856	0.37975	0.21026	0.23408	Corrected [600]
C	0.17795	0.46248	0.21596	0.30727	0.21365	0.35889	0.21971	0.32317	0.25183	0.31274	0.16310	0.18686	Corrected [600]
D	0.07337	0.19897	0.07260	0.22615	0.07423	0.23805	0.07233	0.22788	0.07185	0.22629	0.07112	0.13813	Corrected [600]
E	0.39917	0.07141	0.46818	0.07584	0.48802	0.07367	0.48892	0.07347	0.47000	0.07156	0.27858	0.07285	Corrected [600]
F	0.29080	0.40596	0.33534	0.50935	0.33197	0.44125	0.35250	0.45943	0.33262	0.46304	0.21592	0.27408	Corrected [600]
G	0.18264	0.30609	0.23757	0.38515	0.23567	0.32297	0.24036	0.34111	0.22307	0.35363	0.15282	0.23546	Corrected [600]
H	0.07366	0.17980	0.07290	0.20987	0.07316	0.18591	0.07271	0.19658	0.07320	0.21382	0.07278	0.16481	Corrected [600]

