420

Time,A1,A2,A3,A4,A5,A6,A7,A8,A9,A10,A11,A12,B1,B2,B3,B4,B5,B6,B7,B8,B9,B10,B11,B12,C1,C2,C3,C4,C5,C6,C7,C8,C9,C10,C11,C12,D1,D2,D3,D4,D5,D6,D7,D8,D9,D10,D11,D12,E1,E2,E3,E4,E5,E6,E7,E8,E9,E10,E11,E12,F1,F2,F3,F4,F5,F6,F7,F8,F9,F10,F11,F12,G1,G2,G3,G4,G5,G6,G7,G8,G9,G10,G11,G12,H1,H2,H3,H4,H5,H6,H7,H8,H9,H10,H11,H12
0:00:34,0.09570,0.09100,0.09670,0.08630,0.10030,0.08270,0.08820,0.08330,0.09180,0.08140,0.09170,0.08630,0.09280,0.09220,0.08830,0.10350,0.08580,0.08910,0.08580,0.08690,0.08570,0.10200,0.09390,0.09520,0.08610,0.09910,0.08780,0.13520,0.08900,0.09760,0.09410,0.08770,0.08860,0.08630,0.17040,0.08310,0.08620,0.08770,0.08210,0.09610,0.08890,0.08430,0.08960,0.09550,0.10460,0.08580,0.10680,0.09020,0.10070,0.08220,0.09930,0.08260,0.10470,0.09060,0.09930,0.08540,0.08000,0.09840,0.10700,0.08030,0.09200,0.09310,0.09540,0.09760,0.09330,0.09660,0.08850,0.10710,0.07810,0.09690,0.33960,0.09220,0.08860,0.09790,0.09480,0.09250,0.09060,0.08920,0.12260,0.08790,0.13360,0.13150,0.11260,0.09170,0.08010,0.08960,0.07940,0.08940,0.08230,0.08970,0.08510,0.08690,0.20180,0.09230,0.07620,0.08430
0:10:34,0.09690,0.08920,0.09690,0.08490,0.10190,0.08170,0.08830,0.08210,0.09170,0.08010,0.09430,0.08570,0.09300,0.09290,0.08790,0.09790,0.08630,0.08760,0.08420,0.09500,0.08500,0.11210,0.09270,0.09800,0.08600,0.09840,0.08650,0.12240,0.08800,0.09730,0.09180,0.09050,0.08580,0.09290,0.16270,0.08310,0.08580,0.08630,0.08090,0.09360,0.08750,0.08350,0.08870,0.09550,0.10230,0.08850,0.10430,0.08860,0.10590,0.08090,0.09730,0.08180,0.10170,0.08820,0.09750,0.08420,0.08010,0.09530,0.11060,0.07930,0.09410,0.09350,0.09160,0.09420,0.08770,0.09830,0.08850,0.10650,0.07820,0.09930,0.33640,0.09800,0.09000,0.09290,0.09110,0.09010,0.08670,0.08420,0.11740,0.08980,0.12940,0.12460,0.11020,0.09410,0.07940,0.08870,0.07820,0.09040,0.08130,0.08760,0.08380,0.08550,0.20670,0.09290,0.07550,0.08550
0:19:42,0.10030,0.08860,0.09950,0.08420,0.10690,0.08140,0.09080,0.08180,0.09410,0.07990,0.10120,0.08580,0.09470,0.09600,0.08890,0.09960,0.08940,0.08830,0.08540,0.10420,0.08660,0.13180,0.09500,0.10180,0.08640,0.09970,0.08660,0.11120,0.08860,0.09680,0.09190,0.09650,0.08530,0.10290,0.15230,0.08630,0.08630,0.08630,0.08030,0.09220,0.08690,0.08380,0.08130,0.09780,0.10030,0.09300,0.10100,0.08950,0.11160,0.08050,0.09720,0.08150,0.09880,0.08660,0.09920,0.08390,0.08190,0.09250,0.11130,0.07890,0.09900,0.09390,0.09140,0.09430,0.08570,0.10150,0.08900,0.10530,0.07960,0.10440,0.32220,0.10680,0.09260,0.09120,0.09020,0.09040,0.08610,0.08530,0.11500,0.09390,0.12580,0.12450,0.10830,0.09910,0.07920,0.08900,0.07810,0.08650,0.08090,0.08720,0.08320,0.08660,0.19960,0.09460,0.07540,0.08860
0:30:34,0.10420,0.08860,0.10100,0.08400,0.11390,0.08180,0.09280,0.08220,0.09700,0.08000,0.10330,0.08660,0.09740,0.10020,0.09040,0.10100,0.09160,0.09050,0.08580,0.11580,0.08880,0.14970,0.09670,0.10520,0.08760,0.10140,0.08710,0.10630,0.09020,0.09730,0.09240,0.10220,0.08640,0.11440,0.14320,0.08820,0.08760,0.08660,0.08030,0.09120,0.08680,0.08480,0.08130,0.10140,0.09820,0.09910,0.10010,0.09130,0.12060,0.08060,0.09750,0.08030,0.09790,0.08590,0.10330,0.08390,0.08370,0.09110,0.11870,0.07910,0.10440,0.09460,0.09290,0.09260,0.08600,0.10730,0.09090,0.10960,0.08020,0.11020,0.31020,0.11760,0.09490,0.09140,0.09000,0.09040,0.08690,0.08860,0.11480,0.09940,0.12330,0.12440,0.10750,0.10630,0.07920,0.08970,0.07950,0.08540,0.08100,0.08860,0.08310,0.08870,0.19540,0.09690,0.07580,0.09230
0:40:34,0.10850,0.08920,0.10530,0.08440,0.11850,0.08310,0.09700,0.08350,0.10280,0.08070,0.11050,0.08860,0.09490,0.10310,0.09180,0.10410,0.09470,0.09160,0.08730,0.12880,0.09230,0.16730,0.10070,0.11110,0.08920,0.10440,0.08820,0.10390,0.09220,0.09860,0.09340,0.11100,0.08800,0.12620,0.13640,0.08990,0.08810,0.08780,0.08070,0.09150,0.08320,0.08610,0.07620,0.10590,0.09660,0.10570,0.09790,0.09280,0.13100,0.08090,0.09860,0.08060,0.09970,0.08680,0.10750,0.08470,0.08540,0.09040,0.12680,0.07950,0.10920,0.09760,0.09410,0.09420,0.08660,0.11350,0.09330,0.11470,0.08120,0.11650,0.29960,0.12950,0.09800,0.09170,0.09080,0.09100,0.08800,0.09330,0.11330,0.10350,0.12140,0.12680,0.10620,0.11450,0.07940,0.09050,0.07830,0.08490,0.08130,0.09090,0.08060,0.09150,0.18340,0.09980,0.07650,0.09750
0:50:34,0.11270,0.09030,0.10700,0.08520,0.12420,0.08500,0.10050,0.08060,0.10780,0.08170,0.11720,0.09070,0.09760,0.10670,0.09380,0.10680,0.09900,0.09420,0.09020,0.14300,0.09650,0.18700,0.10440,0.11740,0.09100,0.10720,0.08960,0.10490,0.09460,0.10010,0.09510,0.12160,0.09080,0.14030,0.13140,0.09330,0.08870,0.08970,0.08170,0.09290,0.08440,0.08780,0.07760,0.11160,0.09630,0.11480,0.09580,0.09430,0.14060,0.08150,0.10040,0.08160,0.10200,0.07820,0.11200,0.08610,0.08730,0.09080,0.13090,0.08030,0.11540,0.09880,0.09610,0.09550,0.08710,0.11990,0.09730,0.12390,0.08250,0.12280,0.28780,0.14170,0.10140,0.09300,0.09190,0.09200,0.08890,0.09950,0.11040,0.10960,0.11930,0.12420,0.10610,0.12220,0.07970,0.09120,0.07810,0.08540,0.08200,0.09420,0.08100,0.09520,0.07870,0.10250,0.07760,0.10250
1:00:34,0.11620,0.09270,0.11040,0.08640,0.13140,0.08730,0.10470,0.08090,0.11390,0.08320,0.12580,0.09370,0.10490,0.10970,0.09610,0.11030,0.10380,0.09790,0.09440,0.15780,0.10150,0.20710,0.10840,0.12250,0.09360,0.11030,0.08420,0.10600,0.09820,0.10370,0.09740,0.13180,0.09450,0.15400,0.12830,0.09640,0.08940,0.09160,0.08330,0.09480,0.07950,0.08970,0.07950,0.11750,0.09710,0.12340,0.09650,0.09660,0.15020,0.08310,0.10290,0.08280,0.10460,0.07940,0.11750,0.08820,0.08940,0.09220,0.13790,0.08120,0.12140,0.10070,0.09820,0.09710,0.08860,0.12690,0.10080,0.13500,0.08430,0.12930,0.27810,0.15330,0.10520,0.09440,0.09300,0.09320,0.09040,0.10560,0.10900,0.11600,0.11840,0.12520,0.10730,0.12960,0.07870,0.09230,0.07940,0.08250,0.08290,0.10310,0.07850,0.10020,0.07990,0.10550,0.07860,0.10700
1:10:34,0.11890,0.09430,0.11240,0.08720,0.13770,0.08920,0.10920,0.08270,0.11920,0.08430,0.13290,0.09660,0.10690,0.11280,0.09770,0.11340,0.10760,0.10140,0.09760,0.17190,0.10590,0.22640,0.11200,0.12800,0.09540,0.11270,0.08580,0.10770,0.10120,0.10640,0.09900,0.14190,0.09790,0.16690,0.12600,0.09910,0.08970,0.09300,0.08440,0.09640,0.08100,0.09120,0.08120,0.12280,0.09760,0.13160,0.09610,0.09840,0.15910,0.08360,0.10440,0.08340,0.10650,0.08100,0.12270,0.09000,0.09110,0.09280,0.14420,0.08080,0.12710,0.10230,0.09940,0.09870,0.08960,0.13300,0.10290,0.14590,0.08560,0.13520,0.26770,0.16410,0.10860,0.09130,0.09370,0.09410,0.09140,0.11060,0.10830,0.12130,0.11680,0.12410,0.49600,0.13640,0.07890,0.09280,0.08040,0.08160,0.08350,0.10490,0.07930,0.10400,0.07950,0.10790,0.07930,0.11120
1:20:34,0.12180,0.09630,0.11490,0.08810,0.14450,0.09140,0.11360,0.08480,0.12520,0.08560,0.14070,0.10060,0.10860,0.11630,0.09950,0.11600,0.11170,0.10550,0.10100,0.18540,0.11130,0.24560,0.11640,0.13400,0.09700,0.11490,0.08750,0.10960,0.10430,0.10980,0.10100,0.15170,0.10190,0.17980,0.12530,0.10150,0.09020,0.09450,0.08600,0.09840,0.08290,0.09310,0.08310,0.12810,0.09880,0.13990,0.09710,0.10000,0.16760,0.08430,0.10620,0.08470,0.10860,0.08280,0.12770,0.09200,0.09260,0.09380,0.15070,0.08130,0.13230,0.10430,0.10090,0.10090,0.09110,0.14010,0.10550,0.15610,0.08640,0.14090,0.25780,0.17470,0.11220,0.09290,0.09460,0.09490,0.09190,0.11560,0.10780,0.12690,0.11530,0.12510,0.46910,0.14290,0.07820,0.09330,0.08160,0.08270,0.08430,0.10760,0.08020,0.10750,0.08030,0.11020,0.08020,0.11500
1:30:34,0.12360,0.09750,0.11680,0.08850,0.14980,0.09260,0.11680,0.08620,0.13020,0.08680,0.14720,0.10380,0.11040,0.11940,0.10070,0.11800,0.11500,0.10840,0.10330,0.19730,0.11530,0.26410,0.12030,0.13860,0.09820,0.11670,0.08870,0.11150,0.10670,0.11190,0.10230,0.16070,0.10470,0.19180,0.12430,0.10380,0.09050,0.09580,0.08700,0.09280,0.08420,0.09420,0.08450,0.13280,0.09980,0.14740,0.15100,0.10120,0.17530,0.08480,0.10780,0.08550,0.10900,0.08420,0.13270,0.09340,0.09430,0.09430,0.15720,0.08160,0.13730,0.10550,0.10210,0.10250,0.09240,0.14610,0.10810,0.16530,0.08730,0.14610,0.24730,0.18440,0.11530,0.09350,0.09540,0.09610,0.09200,0.12060,0.10750,0.13170,0.11420,0.12570,0.43770,0.14910,0.07860,0.09360,0.08250,0.08330,0.08480,0.10310,0.08090,0.11080,0.08090,0.11230,0.08070,0.11860
1:40:34,0.12690,0.09920,0.11920,0.08920,0.15560,0.09430,0.12070,0.08820,0.13610,0.08830,0.15400,0.10760,0.11230,0.12220,0.10210,0.12030,0.11850,0.11130,0.10630,0.20950,0.12030,0.28160,0.12450,0.14310,0.09930,0.11850,0.09030,0.11400,0.10940,0.11460,0.10410,0.16960,0.10820,0.20360,0.12550,0.10600,0.09080,0.09740,0.08820,0.09180,0.08570,0.09590,0.08620,0.13780,0.10110,0.15540,0.14420,0.10250,0.18280,0.08530,0.10960,0.08660,0.11040,0.08570,0.13720,0.09500,0.09600,0.09510,0.16400,0.08180,0.14210,0.10670,0.10330,0.10440,0.09370,0.15180,0.11050,0.16930,0.08830,0.15130,0.23850,0.19370,0.11840,0.09440,0.09610,0.09710,0.09270,0.12590,0.10800,0.13640,0.11310,0.12680,0.41020,0.15490,0.07900,0.09400,0.08340,0.08410,0.08530,0.10610,0.08170,0.11440,0.08160,0.11430,0.08120,0.12210
1:50:34,0.13030,0.10080,0.12150,0.09000,0.16110,0.09600,0.12420,0.09010,0.14130,0.08960,0.16030,0.11090,0.11450,0.12490,0.10340,0.12270,0.12170,0.11390,0.10890,0.22130,0.12500,0.29920,0.12830,0.14770,0.10040,0.12040,0.09170,0.11660,0.11180,0.11720,0.10550,0.17990,0.11160,0.21550,0.12930,0.10830,0.09090,0.10000,0.08920,0.09340,0.08700,0.09730,0.08760,0.14240,0.10230,0.16290,0.13780,0.10380,0.19030,0.08580,0.11080,0.08750,0.11190,0.08710,0.14110,0.09640,0.09790,0.09580,0.17040,0.08200,0.14700,0.10810,0.10420,0.10590,0.09500,0.15740,0.11320,0.17850,0.08930,0.15640,0.23070,0.20310,0.12110,0.09510,0.09650,0.09790,0.09290,0.13130,0.10870,0.14110,0.11230,0.12860,0.38750,0.16070,0.07930,0.09420,0.08430,0.08490,0.08560,0.10910,0.08240,0.11840,0.08220,0.11610,0.08170,0.12560
2:00:34,0.13390,0.10320,0.12450,0.09170,0.16750,0.09870,0.12840,0.09310,0.14730,0.09190,0.16730,0.11480,0.11680,0.12810,0.10500,0.12570,0.12590,0.11760,0.11260,0.23420,0.13040,0.31730,0.13310,0.15300,0.10150,0.12250,0.09390,0.11990,0.11510,0.12080,0.10810,0.18810,0.11310,0.22810,0.13250,0.11070,0.09120,0.10230,0.09090,0.09590,0.08910,0.09960,0.09010,0.14770,0.10460,0.17130,0.13330,0.10510,0.19810,0.08650,0.11240,0.08920,0.11410,0.08940,0.14590,0.09870,0.10000,0.09740,0.17810,0.08220,0.15200,0.10940,0.10560,0.10960,0.09670,0.16360,0.11610,0.18740,0.09030,0.16180,0.22480,0.21230,0.12390,0.09630,0.09670,0.09920,0.09380,0.13700,0.11010,0.14600,0.11190,0.13050,0.35610,0.16660,0.07980,0.09470,0.08550,0.08580,0.08610,0.11240,0.08330,0.12280,0.08300,0.11820,0.08250,0.12910
2:10:34,0.13710,0.10540,0.12770,0.09330,0.17340,0.10130,0.13250,0.09600,0.15310,0.09420,0.17390,0.11860,0.11910,0.13100,0.10650,0.12870,0.13010,0.12110,0.11640,0.24710,0.13580,0.33490,0.13830,0.15850,0.10250,0.12440,0.09600,0.12330,0.11850,0.12420,0.11070,0.19920,0.11720,0.24070,0.13530,0.11300,0.09130,0.10400,0.09280,0.09850,0.09120,0.10190,0.09260,0.15330,0.10720,0.18010,0.12890,0.10660,0.20560,0.08710,0.11390,0.09090,0.11650,0.09150,0.15110,0.10110,0.10220,0.09920,0.18560,0.08240,0.15680,0.11070,0.10690,0.11160,0.09860,0.16970,0.11910,0.19600,0.09150,0.16740,0.21880,0.22150,0.12670,0.09750,0.09730,0.10010,0.09380,0.14280,0.11160,0.15080,0.11190,0.13270,0.33070,0.17230,0.08010,0.09510,0.08680,0.08680,0.08650,0.11380,0.08440,0.12730,0.08380,0.12020,0.08320,0.13250
2:20:34,0.14030,0.10770,0.13060,0.09500,0.17920,0.10380,0.13640,0.09880,0.15900,0.09680,0.18040,0.12210,0.12120,0.13410,0.10800,0.13190,0.13440,0.12450,0.11980,0.25960,0.14090,0.35240,0.14340,0.16400,0.10340,0.12610,0.09830,0.12660,0.12180,0.12750,0.11350,0.20740,0.12130,0.25350,0.13860,0.11520,0.09140,0.10560,0.09470,0.10130,0.09350,0.10430,0.09520,0.15870,0.10980,0.18850,0.12610,0.10780,0.21300,0.08780,0.11590,0.09280,0.11900,0.09400,0.15620,0.10350,0.10410,0.10120,0.19350,0.08250,0.16150,0.11180,0.10780,0.10690,0.10070,0.17600,0.12220,0.20450,0.09230,0.17290,0.21410,0.23010,0.12920,0.09870,0.09980,0.10120,0.09460,0.14850,0.11340,0.15550,0.11210,0.13510,0.30490,0.17780,0.08040,0.09530,0.08800,0.08770,0.08500,0.11720,0.08540,0.13180,0.08460,0.12200,0.08390,0.13590
2:30:34,0.14340,0.10940,0.13300,0.09630,0.18420,0.10590,0.13980,0.10140,0.16400,0.09890,0.18620,0.12520,0.12310,0.13710,0.10900,0.13430,0.13800,0.12760,0.12260,0.27090,0.14550,0.36890,0.14760,0.16880,0.10430,0.12740,0.10000,0.12920,0.12470,0.13020,0.11550,0.21630,0.12480,0.26550,0.14130,0.11740,0.09140,0.10670,0.09610,0.10360,0.09540,0.10610,0.09720,0.16360,0.11170,0.19650,0.12300,0.10900,0.22010,0.08810,0.11740,0.09400,0.12080,0.09580,0.16080,0.10560,0.10620,0.10260,0.20060,0.08260,0.16620,0.11270,0.10860,0.10880,0.10240,0.18160,0.12500,0.21270,0.09330,0.17810,0.21000,0.23850,0.13150,0.09950,0.09930,0.10000,0.09560,0.15400,0.11500,0.15980,0.11190,0.13750,0.29000,0.18320,0.08070,0.09550,0.08890,0.08840,0.08540,0.12040,0.08620,0.13600,0.08530,0.12370,0.08450,0.13910
2:40:34,0.14680,0.11140,0.13550,0.09790,0.18920,0.10810,0.14350,0.10410,0.16920,0.10160,0.19220,0.12830,0.12510,0.14050,0.11060,0.13730,0.14210,0.13070,0.12570,0.28240,0.15020,0.38590,0.15230,0.17390,0.10510,0.12900,0.10220,0.13220,0.12810,0.13320,0.11810,0.22470,0.12850,0.27790,0.14470,0.11970,0.09150,0.10820,0.09790,0.10620,0.09740,0.10830,0.09960,0.16850,0.11410,0.20440,0.12150,0.11020,0.22730,0.08890,0.11930,0.09590,0.12310,0.09800,0.16570,0.10770,0.10850,0.10320,0.20840,0.08280,0.17080,0.11380,0.11000,0.11100,0.10450,0.18750,0.12840,0.22130,0.09430,0.18350,0.20740,0.24700,0.13420,0.10090,0.09950,0.10120,0.09610,0.15990,0.11720,0.16460,0.11250,0.14040,0.26610,0.18840,0.08110,0.09580,0.09030,0.08950,0.08610,0.12390,0.08750,0.14050,0.08620,0.12550,0.08530,0.14230
2:50:34,0.15010,0.11310,0.13800,0.09950,0.19400,0.11020,0.14680,0.10660,0.17420,0.10420,0.19760,0.13140,0.12710,0.14360,0.11190,0.13990,0.14570,0.13350,0.12860,0.29360,0.15450,0.40240,0.15670,0.17890,0.10600,0.13030,0.10420,0.13480,0.13150,0.13580,0.12130,0.23240,0.13200,0.29020,0.14780,0.12210,0.09160,0.10930,0.09960,0.10850,0.09940,0.11050,0.10180,0.17270,0.11610,0.21210,0.12020,0.11160,0.23250,0.08960,0.12100,0.09740,0.12520,0.10000,0.17020,0.10970,0.11090,0.10500,0.21590,0.08300,0.17550,0.11460,0.11120,0.11300,0.10650,0.19330,0.13180,0.22980,0.09540,0.18900,0.20500,0.25540,0.13620,0.10190,0.09980,0.10220,0.09690,0.16560,0.11910,0.16910,0.11280,0.14340,0.24990,0.19360,0.08150,0.09610,0.09150,0.09050,0.08670,0.12720,0.08860,0.14490,0.08710,0.12720,0.08610,0.14550
3:00:34,0.15400,0.11520,0.14090,0.10140,0.19910,0.11270,0.15030,0.10940,0.17920,0.10730,0.20330,0.13460,0.12960,0.14770,0.11400,0.14320,0.15010,0.13680,0.13180,0.30500,0.15910,0.41940,0.16160,0.18400,0.10710,0.13240,0.10680,0.13780,0.13530,0.13870,0.12360,0.24150,0.13580,0.30270,0.15110,0.12500,0.09190,0.11100,0.10180,0.11150,0.10170,0.11280,0.10440,0.17650,0.11870,0.22000,0.12030,0.11320,0.23960,0.09090,0.12330,0.09940,0.12780,0.10240,0.17530,0.11210,0.11370,0.10750,0.22380,0.08300,0.18050,0.11610,0.11320,0.11560,0.10890,0.19950,0.13570,0.23880,0.09670,0.19480,0.20520,0.26350,0.13850,0.10370,0.10090,0.10380,0.09860,0.17180,0.12170,0.17430,0.11430,0.14680,0.23520,0.19900,0.08200,0.09670,0.09310,0.09210,0.08770,0.13110,0.09030,0.14960,0.08850,0.12940,0.08730,0.14870
3:10:34,0.15720,0.11710,0.14340,0.10300,0.20370,0.11490,0.15340,0.11190,0.18360,0.10980,0.20840,0.13710,0.13160,0.15060,0.11550,0.14620,0.15390,0.13960,0.13470,0.31590,0.16320,0.43550,0.16600,0.18880,0.10780,0.13390,0.10910,0.14050,0.13920,0.14110,0.12680,0.24930,0.13920,0.31450,0.15390,0.12720,0.09210,0.11270,0.10390,0.11410,0.10390,0.11480,0.10660,0.18040,0.12070,0.22750,0.12030,0.11440,0.24560,0.09180,0.12530,0.10120,0.13000,0.10460,0.17980,0.11410,0.11600,0.10960,0.23130,0.08320,0.18530,0.11730,0.11480,0.11810,0.11120,0.20530,0.13930,0.24740,0.09780,0.20010,0.20440,0.27210,0.14100,0.10520,0.10200,0.10510,0.09940,0.17760,0.12410,0.17900,0.11540,0.14990,0.22490,0.20400,0.08240,0.09700,0.09460,0.09340,0.08850,0.13470,0.09170,0.15430,0.08960,0.13140,0.08840,0.15180
3:20:34,0.15980,0.11830,0.14540,0.10410,0.20760,0.11650,0.15620,0.11380,0.18810,0.11180,0.21330,0.13920,0.13290,0.15280,0.11620,0.14820,0.15730,0.14190,0.13700,0.32610,0.16660,0.45050,0.16980,0.19280,0.10820,0.13460,0.11080,0.14270,0.14200,0.14290,0.12830,0.25600,0.14210,0.32570,0.15630,0.12900,0.09170,0.11340,0.10540,0.11630,0.10570,0.11630,0.10850,0.18470,0.12230,0.23430,0.12020,0.11500,0.25180,0.09230,0.12690,0.10270,0.13180,0.10620,0.18410,0.11580,0.11770,0.11140,0.23820,0.08310,0.18950,0.11790,0.11610,0.12010,0.11290,0.21060,0.14260,0.25540,0.09850,0.20530,0.20440,0.27960,0.14320,0.10620,0.10250,0.10600,0.10030,0.18300,0.12590,0.18320,0.11590,0.15250,0.21070,0.20860,0.08260,0.09700,0.09570,0.09430,0.08880,0.13790,0.09270,0.15850,0.09030,0.13270,0.08900,0.15460
3:30:34,0.16320,0.11970,0.14750,0.10550,0.21160,0.11830,0.15910,0.11600,0.19210,0.11420,0.21810,0.14150,0.13470,0.15520,0.11730,0.15050,0.16070,0.14420,0.13940,0.33620,0.17020,0.46560,0.17360,0.19710,0.10890,0.13550,0.11260,0.14490,0.14450,0.14470,0.12990,0.26330,0.14510,0.33670,0.15860,0.13110,0.09180,0.11420,0.10690,0.11840,0.10740,0.11780,0.11040,0.18950,0.12400,0.24120,0.12030,0.11620,0.25770,0.09310,0.12840,0.10400,0.13340,0.10790,0.18810,0.11740,0.11980,0.11300,0.24500,0.08320,0.19370,0.11870,0.11720,0.12200,0.11450,0.21580,0.14570,0.26340,0.09950,0.21000,0.20420,0.28710,0.14570,0.10720,0.10320,0.10680,0.10080,0.18840,0.12770,0.18750,0.11660,0.15590,0.19860,0.21340,0.08290,0.09710,0.09660,0.09510,0.08920,0.14100,0.09370,0.16260,0.09100,0.13410,0.08950,0.15750
3:40:34,0.16600,0.12080,0.14940,0.10650,0.21530,0.11990,0.16170,0.11780,0.19550,0.11620,0.22270,0.14340,0.13630,0.15740,0.11810,0.15250,0.16390,0.14620,0.14170,0.34610,0.17350,0.48010,0.17710,0.20110,0.10940,0.13630,0.11410,0.14690,0.14680,0.14610,0.13150,0.27060,0.14780,0.34730,0.16080,0.13290,0.09150,0.11520,0.10810,0.12050,0.10900,0.11920,0.11210,0.19390,0.12560,0.24770,0.12060,0.11710,0.26300,0.09390,0.12990,0.10530,0.13490,0.10950,0.19180,0.11870,0.12170,0.11440,0.25160,0.08310,0.19780,0.11940,0.11830,0.12400,0.11610,0.22100,0.14870,0.27120,0.10030,0.21450,0.20480,0.29420,0.14800,0.10810,0.10350,0.10770,0.10220,0.19340,0.12950,0.19160,0.11730,0.15880,0.19060,0.21810,0.08300,0.09690,0.09760,0.09600,0.08960,0.14410,0.09470,0.16660,0.09160,0.13520,0.09000,0.16030
3:50:34,0.16920,0.12220,0.15160,0.10800,0.21910,0.12170,0.16430,0.12000,0.19970,0.11840,0.22760,0.14560,0.13830,0.16000,0.11930,0.15490,0.16740,0.14840,0.14420,0.35610,0.17710,0.49480,0.18090,0.20520,0.11020,0.13750,0.11590,0.14910,0.15160,0.14750,0.13310,0.27790,0.15070,0.35830,0.16330,0.13540,0.09170,0.11600,0.10950,0.12270,0.11070,0.12090,0.11390,0.19860,0.12720,0.25430,0.12160,0.11840,0.26890,0.09490,0.13160,0.10670,0.13660,0.11110,0.19560,0.12040,0.12390,0.11620,0.25830,0.08320,0.20210,0.12040,0.11950,0.12600,0.11770,0.22440,0.15170,0.27910,0.10130,0.21930,0.20640,0.30170,0.15050,0.10920,0.10420,0.10890,0.10270,0.19890,0.13140,0.19600,0.11830,0.16190,0.18320,0.22290,0.08330,0.09710,0.09860,0.09700,0.09030,0.14730,0.09580,0.17090,0.09250,0.13670,0.09090,0.16310
4:00:34,0.17180,0.12300,0.15340,0.10880,0.22270,0.12300,0.16660,0.12150,0.20270,0.12020,0.23180,0.14730,0.13960,0.16210,0.12000,0.15670,0.17020,0.15020,0.14610,0.36530,0.18010,0.50880,0.18410,0.20900,0.11050,0.13820,0.11740,0.15080,0.15370,0.14860,0.13450,0.28430,0.15330,0.36850,0.16550,0.13700,0.09140,0.11660,0.11070,0.12470,0.11200,0.12220,0.11550,0.20290,0.12850,0.26040,0.12220,0.11910,0.27430,0.09550,0.13320,0.10790,0.13780,0.11250,0.19930,0.12150,0.12570,0.11740,0.26460,0.08310,0.20610,0.12110,0.12060,0.12790,0.11920,0.22910,0.15440,0.28660,0.10190,0.22360,0.20790,0.30860,0.15270,0.11010,0.10480,0.10960,0.10010,0.20390,0.13300,0.20010,0.11900,0.16460,0.17600,0.22730,0.08340,0.09700,0.09950,0.09770,0.09060,0.15030,0.09670,0.17470,0.09310,0.13790,0.09130,0.16590
4:10:34,0.17460,0.12410,0.15540,0.10990,0.22620,0.12460,0.16900,0.12340,0.20620,0.12230,0.23650,0.14910,0.14140,0.16450,0.12100,0.15880,0.17350,0.15230,0.14840,0.37470,0.18320,0.52260,0.18760,0.21290,0.11100,0.13900,0.11890,0.15290,0.15580,0.14970,0.13580,0.29100,0.15590,0.37910,0.16780,0.13940,0.09140,0.11770,0.11180,0.12670,0.11350,0.12360,0.11720,0.20720,0.12990,0.26640,0.12300,0.12010,0.27990,0.09630,0.13470,0.10910,0.13930,0.11400,0.20290,0.12300,0.12780,0.11890,0.27120,0.08310,0.21020,0.12190,0.12170,0.12980,0.12080,0.23420,0.15730,0.29440,0.10300,0.22830,0.21020,0.31540,0.15500,0.11100,0.10550,0.11060,0.10120,0.20900,0.13490,0.20420,0.12000,0.16740,0.17080,0.23200,0.08360,0.09710,0.10040,0.09870,0.09120,0.15330,0.09770,0.17880,0.09390,0.13930,0.09200,0.16860
4:20:34,0.17750,0.12510,0.15730,0.11100,0.22990,0.12620,0.17150,0.12520,0.20960,0.12430,0.24100,0.15110,0.14280,0.16680,0.12190,0.16070,0.17670,0.15420,0.15040,0.38370,0.18630,0.53640,0.19090,0.21650,0.11160,0.13980,0.12040,0.15480,0.15760,0.15090,0.13710,0.29800,0.15860,0.38930,0.17000,0.14170,0.09140,0.11840,0.11290,0.12860,0.11490,0.12490,0.11870,0.21150,0.13120,0.27260,0.12380,0.12130,0.28540,0.09700,0.13610,0.11030,0.14060,0.11540,0.20640,0.12410,0.12980,0.12030,0.27760,0.08330,0.21410,0.12260,0.12280,0.13160,0.12230,0.23900,0.16010,0.30170,0.10390,0.23290,0.21260,0.32210,0.15730,0.11190,0.10600,0.11150,0.10220,0.21400,0.13650,0.20820,0.12070,0.17020,0.16520,0.23650,0.08380,0.09700,0.10130,0.09940,0.09160,0.15630,0.09870,0.18280,0.09460,0.14060,0.09250,0.17120
4:30:34,0.18100,0.12640,0.15970,0.11240,0.23380,0.12800,0.17430,0.12730,0.21320,0.12670,0.24580,0.15300,0.14510,0.17000,0.12370,0.16300,0.18020,0.15640,0.15290,0.39330,0.18980,0.55010,0.19460,0.22080,0.11280,0.14160,0.12230,0.15700,0.16020,0.15230,0.13890,0.30500,0.16150,0.39980,0.17260,0.14480,0.09190,0.11980,0.11440,0.13070,0.11660,0.12660,0.12050,0.21610,0.13280,0.27880,0.12510,0.12340,0.29110,0.09820,0.13800,0.11180,0.14220,0.11720,0.21020,0.12570,0.13220,0.12210,0.28510,0.08340,0.21850,0.12370,0.12420,0.13360,0.12420,0.24410,0.16310,0.30950,0.10550,0.23740,0.21610,0.32940,0.16000,0.11330,0.10700,0.11290,0.10380,0.21930,0.13860,0.21300,0.12210,0.17370,0.16210,0.24150,0.08420,0.09750,0.10260,0.10080,0.09250,0.15960,0.10000,0.18690,0.09570,0.14230,0.09370,0.17420
4:40:34,0.18390,0.12730,0.16150,0.11350,0.23720,0.12960,0.17660,0.12900,0.21640,0.12860,0.25010,0.15460,0.14690,0.17270,0.12500,0.16520,0.18340,0.15830,0.15500,0.40210,0.19260,0.56360,0.19800,0.22430,0.11340,0.14270,0.12390,0.15900,0.16220,0.15320,0.14020,0.31150,0.16400,0.40970,0.17470,0.14720,0.09160,0.12110,0.11550,0.13260,0.11800,0.12800,0.12200,0.22020,0.13410,0.28460,0.12600,0.12470,0.29660,0.09910,0.13950,0.11310,0.14370,0.11870,0.21370,0.12690,0.13460,0.12350,0.29200,0.08350,0.22260,0.12520,0.12540,0.13550,0.12580,0.24920,0.16590,0.31690,0.10660,0.24210,0.21970,0.33580,0.16220,0.11440,0.10740,0.11410,0.10510,0.22420,0.14050,0.21730,0.12310,0.17680,0.15890,0.24580,0.08450,0.09750,0.10350,0.10190,0.09320,0.16260,0.10120,0.19090,0.09660,0.14390,0.09440,0.17690
4:50:34,0.18730,0.12850,0.16380,0.11470,0.24150,0.13120,0.17930,0.13080,0.22000,0.13060,0.25460,0.15660,0.14900,0.17530,0.12670,0.16740,0.18680,0.16040,0.15740,0.41130,0.19570,0.57660,0.20160,0.22850,0.11430,0.14440,0.12570,0.16110,0.16440,0.15440,0.14170,0.31760,0.16670,0.42010,0.17730,0.15040,0.09190,0.12260,0.11690,0.13470,0.11960,0.12970,0.12370,0.22460,0.13560,0.29040,0.12720,0.12650,0.30230,0.10040,0.14130,0.11460,0.14530,0.12030,0.21750,0.12840,0.13670,0.12520,0.29970,0.08350,0.22710,0.12700,0.12690,0.13760,0.12760,0.25430,0.16890,0.32450,0.10820,0.24680,0.22380,0.34250,0.16470,0.11590,0.10790,0.11550,0.10660,0.22940,0.14260,0.22180,0.12460,0.18010,0.15750,0.25050,0.08470,0.09770,0.10470,0.10330,0.09420,0.16570,0.10260,0.19490,0.09780,0.14570,0.09550,0.17960
5:00:34,0.19020,0.12950,0.16590,0.11590,0.24500,0.13300,0.18170,0.13260,0.22330,0.13240,0.25910,0.15820,0.15070,0.17810,0.12790,0.16980,0.18990,0.16220,0.15940,0.42010,0.19850,0.58960,0.20500,0.23210,0.11490,0.14570,0.12730,0.16300,0.16590,0.15540,0.13860,0.32380,0.16930,0.42990,0.17950,0.15300,0.09190,0.12350,0.11810,0.13660,0.12100,0.13130,0.12510,0.22880,0.13690,0.29610,0.12800,0.12790,0.31000,0.10130,0.14290,0.11570,0.14670,0.12150,0.22090,0.12940,0.13890,0.12650,0.30670,0.08360,0.23110,0.12840,0.12800,0.13930,0.12910,0.25920,0.17170,0.33160,0.10920,0.25130,0.22810,0.34890,0.16680,0.11710,0.10880,0.11680,0.10790,0.23430,0.14440,0.22600,0.12560,0.18310,0.15690,0.25480,0.08490,0.09760,0.10570,0.10430,0.09480,0.16870,0.10360,0.19880,0.09870,0.14740,0.09630,0.18220
5:10:34,0.19400,0.13070,0.16820,0.11730,0.24920,0.13480,0.18460,0.13460,0.22680,0.13450,0.26380,0.16010,0.15310,0.18190,0.12990,0.17240,0.19360,0.16440,0.16170,0.42930,0.20160,0.60290,0.20880,0.23630,0.11620,0.14770,0.12930,0.16520,0.16840,0.15660,0.14070,0.33130,0.17210,0.43980,0.18220,0.15680,0.09310,0.12550,0.11960,0.13880,0.12270,0.13300,0.12690,0.23320,0.13850,0.30230,0.12940,0.13020,0.31650,0.10270,0.14490,0.11720,0.14860,0.12310,0.22500,0.13090,0.14150,0.12830,0.31360,0.08390,0.23560,0.13050,0.12960,0.14150,0.13080,0.26450,0.17470,0.33920,0.11120,0.25620,0.23260,0.35610,0.16950,0.11870,0.11040,0.11850,0.10960,0.23950,0.14650,0.23080,0.12720,0.18670,0.15720,0.25990,0.08540,0.09820,0.10710,0.10590,0.09590,0.17200,0.10500,0.20290,0.10000,0.14940,0.09760,0.18500
5:20:34,0.19720,0.13190,0.17040,0.11840,0.25320,0.13640,0.18740,0.13620,0.23040,0.13640,0.26840,0.16160,0.15520,0.18460,0.13160,0.17500,0.19690,0.16640,0.16390,0.43820,0.20460,0.61510,0.21220,0.24050,0.11690,0.14940,0.13100,0.16710,0.17060,0.15780,0.14220,0.33760,0.17480,0.44980,0.18450,0.16000,0.09340,0.12700,0.12090,0.14060,0.12420,0.13450,0.12840,0.23740,0.13980,0.30800,0.13050,0.13200,0.32230,0.10390,0.14680,0.11850,0.15030,0.12450,0.22880,0.13230,0.14380,0.12980,0.32020,0.08390,0.24010,0.13240,0.13100,0.14350,0.13240,0.26970,0.17770,0.34650,0.11290,0.26120,0.23700,0.36370,0.17180,0.12020,0.11160,0.12020,0.11110,0.24440,0.14860,0.23530,0.12850,0.19010,0.15750,0.26430,0.08560,0.09850,0.10820,0.10720,0.09690,0.17500,0.10620,0.20700,0.10110,0.15130,0.09860,0.18760
5:30:34,0.20050,0.13290,0.17240,0.11940,0.25730,0.13810,0.19030,0.13770,0.23380,0.13820,0.27310,0.16320,0.15710,0.18770,0.13320,0.17760,0.19990,0.16850,0.16580,0.44710,0.20720,0.62790,0.21580,0.24480,0.11760,0.15130,0.13270,0.16910,0.17250,0.15890,0.14420,0.34370,0.17730,0.45960,0.18680,0.16340,0.09370,0.12840,0.12220,0.14250,0.12570,0.13570,0.12980,0.24150,0.14110,0.31360,0.13150,0.13380,0.32860,0.10500,0.14880,0.11980,0.15210,0.12580,0.23290,0.13370,0.14610,0.13110,0.32610,0.08390,0.24440,0.13440,0.13250,0.14540,0.13400,0.27500,0.18060,0.35360,0.11460,0.26600,0.24080,0.37050,0.17400,0.12150,0.11270,0.12170,0.11250,0.24930,0.15050,0.23970,0.12970,0.19350,0.15840,0.26870,0.08570,0.09860,0.10930,0.10840,0.09780,0.17810,0.10750,0.21090,0.10220,0.15320,0.09970,0.19010
5:40:34,0.20370,0.13380,0.17460,0.12040,0.26150,0.13950,0.19350,0.13920,0.23690,0.13990,0.27790,0.16470,0.15880,0.19090,0.13460,0.18060,0.20310,0.17040,0.16760,0.45600,0.20990,0.64020,0.21930,0.24930,0.11800,0.15300,0.13420,0.17090,0.17440,0.15980,0.14570,0.35010,0.17970,0.46930,0.18900,0.16620,0.09370,0.12950,0.12310,0.14420,0.12700,0.13670,0.13100,0.24540,0.14230,0.31900,0.13230,0.13500,0.33460,0.10580,0.15090,0.12100,0.15380,0.12700,0.23680,0.13470,0.14840,0.13240,0.33200,0.08400,0.24850,0.13630,0.13370,0.14720,0.13540,0.28010,0.18350,0.36060,0.11600,0.27110,0.24420,0.37640,0.17600,0.12260,0.11340,0.12320,0.11370,0.25400,0.15220,0.24400,0.13070,0.19650,0.15880,0.27240,0.08590,0.09840,0.11020,0.10950,0.09850,0.18100,0.10850,0.21470,0.10310,0.15480,0.10040,0.19270
5:50:34,0.20660,0.13450,0.17690,0.12130,0.26590,0.14090,0.19680,0.14050,0.24000,0.14150,0.28270,0.16630,0.16050,0.19420,0.13610,0.18340,0.20630,0.17230,0.16940,0.46500,0.21250,0.65280,0.22260,0.25380,0.11870,0.15470,0.13570,0.17280,0.17650,0.16080,0.14690,0.35730,0.18210,0.47870,0.19110,0.16930,0.09390,0.13090,0.12410,0.14590,0.12820,0.13790,0.13220,0.24940,0.14330,0.32420,0.13320,0.13650,0.34110,0.10670,0.15290,0.12210,0.15540,0.12810,0.24090,0.13590,0.15100,0.13360,0.33770,0.08390,0.25250,0.13840,0.13510,0.14880,0.13680,0.28540,0.18630,0.36740,0.11760,0.27620,0.24760,0.38290,0.17810,0.12390,0.11420,0.12470,0.11500,0.25870,0.15400,0.24810,0.13180,0.19960,0.15990,0.27680,0.08600,0.09860,0.11110,0.11060,0.09910,0.18380,0.10960,0.21830,0.10390,0.15660,0.10120,0.19520
6:00:34,0.20860,0.13550,0.17960,0.12230,0.27070,0.14240,0.20050,0.14200,0.24360,0.14300,0.28750,0.16770,0.16220,0.19770,0.13760,0.18640,0.20980,0.17440,0.17140,0.47440,0.21500,0.66490,0.22600,0.25830,0.11930,0.15660,0.13710,0.17470,0.17850,0.16170,0.14880,0.36350,0.18440,0.48850,0.19330,0.17230,0.09390,0.13190,0.12500,0.14770,0.12950,0.13930,0.13350,0.25340,0.14450,0.32960,0.13400,0.13780,0.34760,0.10760,0.15530,0.12320,0.15700,0.12930,0.24490,0.13690,0.15370,0.13480,0.34330,0.08390,0.25680,0.14050,0.13630,0.15060,0.13820,0.29070,0.18920,0.37430,0.11930,0.28120,0.25100,0.38910,0.18020,0.12500,0.11480,0.12630,0.11610,0.26330,0.15580,0.25250,0.13280,0.20270,0.16100,0.28090,0.08610,0.09870,0.11200,0.11170,0.09970,0.18660,0.11060,0.22210,0.10480,0.15820,0.10190,0.19760
6:10:34,0.21140,0.13600,0.18210,0.12290,0.27470,0.14360,0.20370,0.14310,0.24630,0.14430,0.29160,0.16900,0.16360,0.20100,0.13880,0.18880,0.21270,0.17600,0.17300,0.48350,0.21720,0.67660,0.22920,0.26250,0.11960,0.15790,0.13830,0.17640,0.18000,0.16250,0.15010,0.36930,0.18640,0.49770,0.19520,0.17510,0.09380,0.13280,0.12580,0.14910,0.13040,0.14070,0.13460,0.25710,0.14520,0.33480,0.13460,0.13890,0.35380,0.10810,0.15720,0.12410,0.15830,0.13020,0.24830,0.13770,0.15640,0.13570,0.34850,0.08380,0.26090,0.14230,0.13730,0.15210,0.13930,0.29540,0.19180,0.38080,0.12060,0.28610,0.25390,0.39530,0.18200,0.12580,0.11520,0.12770,0.11700,0.26760,0.15720,0.25650,0.13380,0.20540,0.16210,0.28490,0.08610,0.09840,0.11280,0.11240,0.10000,0.18920,0.11130,0.22570,0.10540,0.15970,0.10240,0.19990
6:20:34,0.21470,0.13690,0.18450,0.12390,0.27920,0.14510,0.20680,0.14460,0.24980,0.14600,0.29610,0.17030,0.16540,0.20440,0.14040,0.19140,0.21580,0.17810,0.17490,0.49280,0.21980,0.68790,0.23260,0.26670,0.12050,0.15960,0.13980,0.17830,0.18180,0.16360,0.15150,0.37570,0.18870,0.50710,0.19740,0.17820,0.09390,0.13390,0.12680,0.15070,0.13160,0.14220,0.13570,0.26110,0.14630,0.34000,0.13540,0.14040,0.36050,0.10890,0.15920,0.12510,0.15980,0.13140,0.25180,0.13880,0.15950,0.13700,0.35420,0.08400,0.26520,0.14430,0.13850,0.15380,0.14060,0.30000,0.19440,0.38750,0.12220,0.29100,0.25730,0.40180,0.18440,0.12690,0.11590,0.12910,0.11820,0.27230,0.15890,0.26090,0.13490,0.20840,0.16340,0.28920,0.08630,0.09880,0.11360,0.11340,0.10060,0.19200,0.11230,0.22920,0.10630,0.16140,0.10310,0.20260
6:30:34,0.21770,0.13770,0.18690,0.12480,0.28290,0.14640,0.20930,0.14580,0.25290,0.14740,0.30010,0.17180,0.16710,0.20730,0.14170,0.19370,0.21920,0.17990,0.17680,0.50140,0.22230,0.69880,0.23570,0.27050,0.12100,0.16130,0.14110,0.18010,0.18350,0.16440,0.15290,0.38190,0.19090,0.51610,0.19920,0.18100,0.09400,0.13500,0.12770,0.15230,0.13270,0.14350,0.13690,0.26500,0.14720,0.34520,0.13620,0.14170,0.36670,0.10960,0.16100,0.12610,0.16100,0.13240,0.25500,0.13970,0.16240,0.13800,0.35970,0.08400,0.26950,0.14570,0.13980,0.15540,0.14180,0.30450,0.19700,0.39400,0.12360,0.29560,0.26040,0.40820,0.18650,0.12790,0.11670,0.13030,0.11920,0.27670,0.16060,0.26510,0.13600,0.21130,0.16480,0.29340,0.08640,0.09900,0.11440,0.11430,0.10110,0.19470,0.11320,0.23280,0.10700,0.16320,0.10370,0.20510
6:40:34,0.22070,0.13840,0.18920,0.12540,0.28660,0.14750,0.21160,0.14690,0.25600,0.14870,0.30410,0.17310,0.16890,0.21030,0.14410,0.19600,0.22210,0.18160,0.17850,0.50960,0.22460,0.70900,0.23870,0.27410,0.12180,0.16290,0.14240,0.18200,0.18520,0.16540,0.15420,0.38770,0.19320,0.52490,0.20130,0.18370,0.09410,0.13620,0.12850,0.15370,0.13390,0.14470,0.13790,0.26860,0.14800,0.35020,0.13700,0.14310,0.37270,0.11040,0.16250,0.12710,0.16220,0.13350,0.25840,0.14070,0.16520,0.13920,0.36520,0.08400,0.27360,0.14710,0.14110,0.15700,0.14310,0.30890,0.19950,0.40060,0.12490,0.29980,0.26370,0.41440,0.18890,0.12900,0.11760,0.13160,0.12020,0.28120,0.16220,0.26940,0.13720,0.21410,0.16620,0.29750,0.08650,0.09930,0.11520,0.11530,0.10170,0.19740,0.11410,0.23620,0.10790,0.16510,0.10440,0.20770
6:50:34,0.22360,0.13920,0.19100,0.12620,0.29020,0.14880,0.21390,0.14810,0.25920,0.15010,0.30810,0.17440,0.17040,0.21280,0.14510,0.19820,0.22480,0.18330,0.18030,0.51750,0.22680,0.71930,0.24160,0.27770,0.12240,0.16440,0.14370,0.18210,0.18690,0.16650,0.15550,0.39380,0.19520,0.53370,0.20330,0.18630,0.09420,0.13710,0.12920,0.15520,0.13490,0.14580,0.13890,0.27230,0.14890,0.35530,0.13770,0.14450,0.37810,0.11110,0.16370,0.12790,0.16320,0.13440,0.26150,0.14150,0.16760,0.14010,0.37050,0.08410,0.27750,0.14820,0.14220,0.15840,0.14420,0.31320,0.20190,0.40700,0.12610,0.30400,0.26670,0.42040,0.19090,0.12980,0.11830,0.13260,0.12120,0.28550,0.16370,0.27350,0.13830,0.21670,0.16740,0.30160,0.08650,0.09940,0.11580,0.11610,0.10210,0.19990,0.11490,0.23970,0.10840,0.16690,0.10490,0.21010
7:00:34,0.22680,0.14010,0.19310,0.12710,0.29380,0.15010,0.21610,0.14940,0.26260,0.15160,0.31190,0.17580,0.17230,0.21550,0.14640,0.20060,0.22760,0.18510,0.18210,0.52540,0.22910,0.72910,0.24460,0.28120,0.12330,0.16590,0.14510,0.18420,0.18880,0.16780,0.15720,0.39880,0.19750,0.54220,0.20540,0.18910,0.09450,0.13830,0.13010,0.15680,0.13610,0.14700,0.14000,0.27600,0.14990,0.36030,0.13860,0.14600,0.38370,0.11200,0.16510,0.12890,0.16430,0.13560,0.26470,0.14250,0.17000,0.14120,0.37580,0.08410,0.28150,0.14940,0.14360,0.16000,0.14550,0.31760,0.20440,0.41370,0.12750,0.30820,0.26990,0.42650,0.19330,0.13090,0.11930,0.13380,0.12230,0.29000,0.16550,0.27760,0.13960,0.21960,0.16880,0.30590,0.08680,0.09980,0.11670,0.11710,0.10270,0.20270,0.11590,0.24320,0.10930,0.16920,0.10560,0.21260
7:10:34,0.22980,0.14080,0.19490,0.12780,0.29720,0.15140,0.21810,0.15070,0.26580,0.15280,0.31580,0.17700,0.17410,0.21800,0.14760,0.20270,0.23040,0.18670,0.18380,0.53290,0.23140,0.73900,0.24730,0.28460,0.12400,0.16740,0.14650,0.18600,0.19040,0.16880,0.15860,0.40500,0.19960,0.55030,0.20730,0.19170,0.09460,0.13940,0.13070,0.15820,0.13710,0.14820,0.14100,0.27940,0.15080,0.36520,0.13930,0.14730,0.38910,0.11280,0.16650,0.12990,0.16530,0.13650,0.26770,0.14340,0.17200,0.14220,0.38120,0.08420,0.28510,0.15050,0.14470,0.16150,0.14660,0.32160,0.20660,0.41990,0.12860,0.31250,0.27310,0.43200,0.19540,0.13190,0.12010,0.13490,0.12330,0.29420,0.16700,0.28160,0.14070,0.22220,0.17020,0.30990,0.08690,0.10000,0.11740,0.11790,0.10320,0.20530,0.11680,0.24660,0.11000,0.17120,0.10610,0.21510
7:20:34,0.23330,0.14190,0.19700,0.12890,0.30090,0.15280,0.22040,0.15210,0.26910,0.15450,0.31970,0.17840,0.17630,0.22090,0.14920,0.20510,0.23370,0.18870,0.18570,0.54080,0.23410,0.74890,0.25050,0.28840,0.12530,0.16980,0.14790,0.18820,0.19240,0.17010,0.16030,0.41100,0.20190,0.55870,0.20940,0.19460,0.09530,0.14100,0.13190,0.16000,0.13840,0.14960,0.14230,0.28320,0.15200,0.37030,0.14050,0.14920,0.39500,0.11390,0.16820,0.13110,0.16670,0.13780,0.27100,0.14450,0.17430,0.14340,0.38680,0.08460,0.28920,0.15210,0.14620,0.16330,0.14800,0.32630,0.20930,0.42650,0.13020,0.31690,0.27670,0.43840,0.19800,0.13320,0.12120,0.13620,0.12450,0.29870,0.16880,0.28570,0.14220,0.22530,0.17210,0.31440,0.08750,0.10080,0.11850,0.11910,0.10410,0.20810,0.11780,0.25020,0.11100,0.17370,0.10710,0.21790
7:30:34,0.23610,0.14270,0.19850,0.12970,0.30430,0.15410,0.22260,0.15320,0.27200,0.15560,0.32340,0.17970,0.17810,0.22330,0.15040,0.20720,0.23620,0.19020,0.18740,0.54800,0.23620,0.75760,0.25320,0.29150,0.12600,0.17120,0.14910,0.19010,0.19380,0.17120,0.16150,0.41560,0.20400,0.56730,0.21120,0.19710,0.09560,0.14190,0.13270,0.16140,0.13930,0.15070,0.14320,0.28650,0.15270,0.37510,0.14120,0.15070,0.40020,0.11460,0.16950,0.13200,0.16760,0.13870,0.27400,0.14550,0.17630,0.14440,0.39220,0.08450,0.29290,0.15330,0.14750,0.16480,0.14920,0.33030,0.21160,0.43280,0.13140,0.32120,0.27980,0.44400,0.20010,0.13420,0.12200,0.13740,0.12550,0.30300,0.17040,0.28950,0.14340,0.22810,0.17350,0.31830,0.08750,0.10100,0.11920,0.12000,0.10470,0.21050,0.11870,0.25370,0.11170,0.17570,0.10760,0.22020
7:40:34,0.23900,0.14350,0.20030,0.13050,0.30770,0.15500,0.22450,0.15420,0.27500,0.15700,0.32720,0.18070,0.18010,0.22580,0.15180,0.20950,0.23890,0.19180,0.18900,0.55520,0.23860,0.76710,0.25600,0.29520,0.12690,0.17290,0.15040,0.19210,0.19540,0.17240,0.16290,0.42030,0.20630,0.57520,0.21330,0.19980,0.09590,0.14300,0.13350,0.16290,0.14050,0.15190,0.14420,0.29020,0.15380,0.37990,0.14210,0.15230,0.40620,0.11560,0.17100,0.13300,0.16880,0.13980,0.27720,0.14640,0.17810,0.14540,0.39780,0.08450,0.29670,0.15460,0.14890,0.16630,0.15040,0.33460,0.21400,0.43920,0.13280,0.32540,0.28330,0.44970,0.20230,0.13530,0.12290,0.13850,0.12670,0.30740,0.17220,0.29350,0.14470,0.23090,0.17510,0.32220,0.08770,0.10130,0.12000,0.12100,0.10540,0.21310,0.11960,0.25710,0.11250,0.17770,0.10830,0.22260
7:50:34,0.24210,0.14450,0.20210,0.13130,0.31150,0.15640,0.22670,0.15560,0.27830,0.15830,0.33090,0.18190,0.18200,0.22830,0.15320,0.21180,0.24140,0.19350,0.19070,0.56270,0.24090,0.77610,0.25890,0.29870,0.12770,0.17450,0.15170,0.19400,0.19720,0.17370,0.16440,0.42570,0.20840,0.58340,0.21520,0.20250,0.09630,0.14440,0.13440,0.16440,0.14150,0.15300,0.14520,0.29370,0.15480,0.38470,0.14300,0.15380,0.41180,0.11640,0.17230,0.13400,0.16980,0.14070,0.28050,0.14740,0.18000,0.14640,0.40300,0.08470,0.30040,0.15590,0.15020,0.16780,0.15150,0.33880,0.21640,0.44540,0.13410,0.32960,0.28660,0.45530,0.20450,0.13640,0.12380,0.13970,0.12780,0.31160,0.17390,0.29730,0.14580,0.23380,0.17660,0.32600,0.08780,0.10160,0.12080,0.12190,0.10610,0.21570,0.12050,0.26040,0.11340,0.17980,0.10910,0.22500
8:00:34,0.24520,0.14530,0.20400,0.13220,0.31490,0.15760,0.22870,0.15670,0.28130,0.15950,0.33470,0.18300,0.18410,0.23110,0.15460,0.21410,0.24420,0.19520,0.19240,0.56970,0.24310,0.78520,0.26170,0.30220,0.12880,0.17640,0.15290,0.19610,0.19900,0.17480,0.16550,0.43120,0.21050,0.59150,0.21700,0.20530,0.09690,0.14540,0.13520,0.16590,0.14260,0.15420,0.14630,0.29720,0.15580,0.38950,0.14410,0.15560,0.41690,0.11740,0.17390,0.13490,0.17100,0.14180,0.28360,0.14840,0.18180,0.14750,0.40840,0.08480,0.30440,0.15730,0.15160,0.16930,0.15280,0.34290,0.21870,0.45160,0.13570,0.33370,0.28970,0.46100,0.20700,0.13760,0.12480,0.14090,0.12890,0.31580,0.17560,0.30120,0.14700,0.23680,0.17840,0.33020,0.08830,0.10240,0.12160,0.12300,0.10690,0.21840,0.12150,0.26380,0.11420,0.18190,0.10990,0.22750
8:10:34,0.24860,0.14630,0.20580,0.13320,0.31840,0.15890,0.23070,0.15770,0.28450,0.16080,0.33860,0.18410,0.18630,0.23370,0.15610,0.21650,0.24700,0.19690,0.19410,0.57690,0.24520,0.79430,0.26460,0.30560,0.12980,0.17840,0.15420,0.19790,0.20090,0.17610,0.16690,0.43670,0.21260,0.59940,0.21890,0.20800,0.09740,0.14700,0.13610,0.16750,0.14360,0.15530,0.14740,0.30060,0.15650,0.39430,0.14500,0.15720,0.42250,0.11840,0.17540,0.13580,0.17220,0.14290,0.28680,0.14920,0.18360,0.14860,0.41390,0.08500,0.30820,0.15890,0.15300,0.17090,0.15390,0.34700,0.22120,0.45790,0.13730,0.33780,0.29300,0.46670,0.20930,0.13880,0.12580,0.14220,0.13000,0.31990,0.17730,0.30510,0.14820,0.23970,0.18010,0.33410,0.08850,0.10280,0.12240,0.12400,0.10770,0.22100,0.12240,0.26710,0.11510,0.18380,0.11070,0.23000
8:20:34,0.25160,0.14730,0.20770,0.13410,0.32200,0.16020,0.23280,0.15890,0.28770,0.16210,0.34240,0.18540,0.18840,0.23640,0.15770,0.21890,0.24960,0.19850,0.19570,0.58390,0.24760,0.80320,0.26750,0.30920,0.13090,0.18060,0.15550,0.20000,0.20300,0.17740,0.16840,0.44240,0.21470,0.60770,0.22080,0.21080,0.09810,0.14860,0.13710,0.16910,0.14480,0.15640,0.14860,0.30430,0.15760,0.39910,0.14600,0.15910,0.42820,0.11940,0.17710,0.13690,0.17340,0.14400,0.29000,0.15020,0.18560,0.14970,0.41920,0.08510,0.31220,0.16040,0.15440,0.17240,0.15530,0.35120,0.22370,0.46410,0.13880,0.34220,0.29630,0.47240,0.21170,0.14010,0.12690,0.14360,0.13120,0.32440,0.17910,0.30910,0.14940,0.24270,0.18190,0.33820,0.08870,0.10330,0.12330,0.12520,0.10860,0.22370,0.12340,0.27060,0.11610,0.18600,0.11160,0.23240
8:30:34,0.25450,0.14810,0.20960,0.13500,0.32540,0.16150,0.23490,0.16010,0.29080,0.16340,0.34630,0.18650,0.19060,0.23910,0.15930,0.22130,0.25220,0.20020,0.19750,0.59100,0.24990,0.81100,0.27040,0.31260,0.13190,0.18230,0.15670,0.20180,0.20480,0.17870,0.16960,0.44760,0.21680,0.61520,0.22290,0.21350,0.09860,0.14950,0.13800,0.17050,0.14570,0.15750,0.14970,0.30770,0.15860,0.40370,0.14690,0.16070,0.43400,0.12030,0.17860,0.13770,0.17450,0.14480,0.29320,0.15110,0.18740,0.15080,0.42450,0.08520,0.31610,0.16190,0.15570,0.17400,0.15640,0.35540,0.22610,0.47010,0.14030,0.34640,0.29950,0.47780,0.21390,0.14120,0.12790,0.14490,0.13220,0.32850,0.18070,0.31300,0.15050,0.24560,0.18360,0.34210,0.08890,0.10360,0.12410,0.12620,0.10940,0.22620,0.12430,0.27390,0.11690,0.18780,0.11230,0.23480
8:40:34,0.25760,0.14900,0.21150,0.13590,0.32910,0.16250,0.23680,0.16120,0.29380,0.16470,0.35000,0.18790,0.19270,0.24180,0.16080,0.22350,0.25490,0.20190,0.19910,0.59810,0.25220,0.81990,0.27320,0.31600,0.13290,0.18390,0.15800,0.20370,0.20680,0.17980,0.17070,0.45300,0.21890,0.62270,0.22490,0.21620,0.09920,0.15120,0.13880,0.17200,0.14690,0.15850,0.15080,0.31120,0.15950,0.40840,0.14790,0.16250,0.43970,0.12120,0.18000,0.13860,0.17580,0.14580,0.29640,0.15210,0.18920,0.15180,0.42990,0.08520,0.32000,0.16340,0.15710,0.17550,0.15760,0.35950,0.22850,0.47610,0.14180,0.35050,0.30280,0.48350,0.21610,0.14250,0.12900,0.14610,0.13350,0.33260,0.18250,0.31690,0.15160,0.24860,0.18530,0.34600,0.08900,0.10410,0.12500,0.12720,0.11020,0.22880,0.12520,0.27720,0.11780,0.18970,0.11320,0.23720
8:50:34,0.26030,0.14970,0.21320,0.13680,0.33260,0.16330,0.23870,0.16240,0.29640,0.16570,0.35370,0.18880,0.19460,0.24450,0.16210,0.22570,0.25750,0.20330,0.20070,0.60520,0.25430,0.82780,0.27590,0.31920,0.13360,0.18590,0.15920,0.20540,0.20860,0.18090,0.17210,0.45830,0.22080,0.63030,0.22670,0.21880,0.09950,0.15230,0.13940,0.17330,0.14780,0.15940,0.15170,0.31440,0.16040,0.41300,0.14860,0.16390,0.44490,0.12200,0.18140,0.13950,0.17690,0.14660,0.29940,0.15290,0.19090,0.15280,0.43470,0.08520,0.32380,0.16480,0.15820,0.17690,0.15870,0.36340,0.23070,0.48190,0.14300,0.35450,0.30580,0.48800,0.21800,0.14360,0.13000,0.14730,0.13430,0.33670,0.18400,0.32060,0.15240,0.25130,0.18670,0.34940,0.08890,0.10410,0.12560,0.12810,0.11080,0.23130,0.12600,0.28050,0.11860,0.19140,0.11370,0.23930
9:00:34,0.26280,0.15040,0.21490,0.13730,0.33570,0.16420,0.24050,0.16310,0.29910,0.16680,0.35720,0.19010,0.19630,0.24680,0.16320,0.22770,0.25980,0.20460,0.20200,0.61170,0.25610,0.83550,0.27840,0.32230,0.13400,0.18750,0.16010,0.20710,0.21000,0.18180,0.17300,0.46350,0.22270,0.63750,0.22830,0.22110,0.09950,0.15300,0.14010,0.17460,0.14860,0.16020,0.15250,0.31770,0.16090,0.41720,0.14930,0.16520,0.44970,0.12260,0.18290,0.14010,0.17780,0.14730,0.30230,0.15360,0.19250,0.15360,0.43990,0.08490,0.32720,0.16590,0.15910,0.17820,0.15960,0.36730,0.23280,0.48770,0.14410,0.35830,0.30870,0.49210,0.21980,0.14440,0.13070,0.14830,0.13520,0.34050,0.18550,0.32410,0.15340,0.25390,0.18790,0.35250,0.08870,0.10380,0.12610,0.12880,0.11120,0.23360,0.12660,0.28360,0.11920,0.19310,0.11410,0.24140
9:10:34,0.26570,0.15110,0.21650,0.13800,0.33930,0.16510,0.24230,0.16410,0.30200,0.16790,0.36070,0.19100,0.19810,0.24940,0.16440,0.22990,0.26220,0.20600,0.20360,0.61830,0.25830,0.84360,0.28120,0.32550,0.13470,0.18900,0.16110,0.20890,0.21170,0.18300,0.17410,0.46880,0.22480,0.64510,0.23000,0.22360,0.09960,0.15450,0.14080,0.17600,0.14950,0.16120,0.15340,0.32100,0.16180,0.42180,0.14980,0.16660,0.45470,0.12330,0.18420,0.14090,0.17900,0.14830,0.30530,0.15430,0.19380,0.15440,0.44480,0.08520,0.33090,0.16720,0.16020,0.17950,0.16060,0.37130,0.23510,0.49360,0.14530,0.36250,0.31180,0.49660,0.22160,0.14540,0.13150,0.14930,0.13610,0.34430,0.18700,0.32780,0.15410,0.25650,0.18920,0.35590,0.08880,0.10390,0.12670,0.12960,0.11180,0.23580,0.12740,0.28670,0.11980,0.19470,0.11470,0.24380
9:20:34,0.26850,0.15170,0.21810,0.13880,0.34230,0.16630,0.24410,0.16480,0.30470,0.16880,0.36420,0.19210,0.19970,0.25200,0.16540,0.23170,0.26430,0.20740,0.20480,0.62480,0.26030,0.85140,0.28360,0.32870,0.13520,0.19030,0.16200,0.21060,0.21280,0.18380,0.17500,0.47390,0.22630,0.65200,0.23150,0.22590,0.09970,0.15560,0.14130,0.17720,0.15000,0.16210,0.15420,0.32420,0.16250,0.42620,0.15030,0.16780,0.45980,0.12390,0.18540,0.14150,0.17990,0.14890,0.30830,0.15500,0.19540,0.15520,0.44970,0.08500,0.33450,0.16830,0.16120,0.18080,0.16150,0.37510,0.23720,0.49940,0.14630,0.36630,0.31470,0.50120,0.22340,0.14600,0.13200,0.15010,0.13690,0.34820,0.18840,0.33140,0.15480,0.25900,0.19040,0.35930,0.08880,0.10390,0.12720,0.13030,0.11220,0.23810,0.12810,0.28970,0.12040,0.19630,0.11510,0.24600
9:30:34,0.27160,0.15240,0.21990,0.13950,0.34610,0.16710,0.24610,0.16570,0.30740,0.16970,0.36810,0.19310,0.20150,0.25440,0.16660,0.23390,0.26660,0.20870,0.20630,0.63160,0.26240,0.85910,0.28620,0.33190,0.13600,0.19150,0.16300,0.21240,0.21450,0.18490,0.17610,0.47920,0.22830,0.65970,0.23340,0.22830,0.09990,0.15630,0.14200,0.17850,0.15090,0.16310,0.15500,0.32750,0.16350,0.43060,0.15100,0.16910,0.46490,0.12450,0.18690,0.14230,0.18100,0.14970,0.31140,0.15580,0.19730,0.15610,0.45490,0.08540,0.33800,0.16960,0.16210,0.18210,0.16250,0.37920,0.23940,0.50520,0.14740,0.37040,0.31760,0.50640,0.22550,0.14700,0.13280,0.15120,0.13780,0.35210,0.18990,0.33500,0.15570,0.26160,0.19170,0.36300,0.08890,0.10420,0.12770,0.13120,0.11270,0.24040,0.12880,0.29280,0.12100,0.19790,0.11560,0.24840
9:40:34,0.27430,0.15310,0.22150,0.14020,0.34950,0.16810,0.24790,0.16670,0.31020,0.17060,0.37140,0.19420,0.20300,0.25670,0.16780,0.23590,0.26890,0.21000,0.20750,0.63810,0.26440,0.86620,0.28870,0.33510,0.13670,0.19280,0.16400,0.21390,0.21590,0.18590,0.17700,0.48410,0.23010,0.66680,0.23500,0.23050,0.10000,0.15750,0.14260,0.17980,0.15160,0.16390,0.15570,0.33090,0.16420,0.43490,0.15160,0.17040,0.46980,0.12510,0.18820,0.14300,0.18210,0.15050,0.31430,0.15660,0.19880,0.15690,0.45980,0.08530,0.34160,0.17070,0.16320,0.18340,0.16360,0.38250,0.24150,0.51070,0.14840,0.37430,0.32060,0.51130,0.22730,0.14780,0.13350,0.15220,0.13860,0.35580,0.19140,0.33860,0.15660,0.26400,0.19290,0.36650,0.08890,0.10420,0.12830,0.13180,0.11310,0.24260,0.12940,0.29570,0.12160,0.19950,0.11600,0.25060
9:50:34,0.27720,0.15380,0.22280,0.14100,0.35260,0.16910,0.24980,0.16770,0.31310,0.17180,0.37480,0.19510,0.20470,0.25920,0.16900,0.23800,0.27150,0.21150,0.20880,0.64480,0.26660,0.87330,0.29120,0.33830,0.13750,0.19440,0.16500,0.21550,0.21760,0.18690,0.17810,0.48920,0.23200,0.67340,0.23680,0.23300,0.10010,0.15840,0.14340,0.18100,0.15230,0.16490,0.15640,0.33410,0.16480,0.43920,0.15220,0.17160,0.47470,0.12570,0.18980,0.14370,0.18320,0.15110,0.31720,0.15740,0.20050,0.15760,0.46500,0.08550,0.34520,0.17190,0.16410,0.18470,0.16450,0.38630,0.24360,0.51620,0.14950,0.37820,0.32360,0.51670,0.22940,0.14860,0.13420,0.15310,0.13950,0.35970,0.19280,0.34220,0.15720,0.26670,0.19410,0.37030,0.08910,0.10440,0.12880,0.13260,0.11350,0.24500,0.13000,0.29880,0.12220,0.20100,0.11660,0.25300
10:00:34,0.27980,0.15450,0.22470,0.14170,0.35590,0.16990,0.25170,0.16860,0.31580,0.17260,0.37850,0.19620,0.20640,0.26160,0.17010,0.24000,0.27390,0.21280,0.21010,0.65090,0.26860,0.88090,0.29390,0.34130,0.13830,0.19620,0.16590,0.21710,0.21900,0.18780,0.17910,0.49630,0.23370,0.68030,0.23850,0.23530,0.10030,0.15940,0.14400,0.18220,0.15290,0.16590,0.15720,0.33740,0.16560,0.44350,0.15290,0.17310,0.47970,0.12640,0.19100,0.14440,0.18410,0.15190,0.32020,0.15800,0.20210,0.15840,0.47000,0.08560,0.34870,0.17320,0.16510,0.18610,0.16540,0.39000,0.24570,0.52190,0.15060,0.38220,0.32660,0.52190,0.23140,0.14940,0.13490,0.15410,0.14030,0.36350,0.19430,0.34570,0.15790,0.26930,0.19550,0.37390,0.08910,0.10480,0.12940,0.13330,0.11400,0.24720,0.13070,0.30190,0.12270,0.20260,0.11700,0.25530

