Corrected [600]
	1	2	3	4	5	6	7	8	9	10	11	12
A	0.29034	0.07359	0.24987	0.07511	0.28751	0.07376	0.31058	0.07391	0.31905	0.07342	0.29685	0.07292	Corrected [600]
B	0.22452	0.39866	0.27384	0.38300	0.30246	0.42632	0.35118	0.37850	0.35915	0.42979	0.25276	0.35760	Corrected [600]
C	0.16283	0.31697	0.18020	0.26743	0.18531	0.31554	0.19936	0.29405	0.21510	0.35337	0.18316	0.28768	Corrected [600]
D	0.07453	0.19902	0.07536	0.20546	0.07502	0.20765	0.07351	0.18339	0.07340	0.21876	0.07296	0.18613	Corrected [600]
E	0.34383	0.08085	0.38296	0.08248	0.38744	0.07329	0.45490	0.07386	0.47050	0.07333	0.42770	0.07233	Corrected [600]
F	0.27246	0.42440	0.24208	0.38559	0.30676	0.33272	0.33481	0.47914	0.30261	0.28469	0.30434	0.31172	Corrected [600]
G	0.17094	0.26695	0.16763	0.26764	0.18667	0.23750	0.21017	0.29441	0.20348	0.21657	0.19872	0.23968	Corrected [600]
H	0.07491	0.16903	0.07414	0.17216	0.07404	0.15897	0.07233	0.18522	0.07296	0.14013	0.07255	0.16949	Corrected [600]

