Corrected [600]
	1	2	3	4	5	6	7	8	9	10	11	12
A	0.41189	0.07315	0.37188	0.07380	0.41986	0.07433	0.41896	0.07354	0.35549	0.07328	0.36422	0.09166	Corrected [600]
B	0.31168	0.47899	0.30781	0.46280	0.32122	0.44133	0.32949	0.44389	0.27324	0.36674	0.29067	0.35224	Corrected [600]
C	0.19513	0.34347	0.20126	0.33959	0.20777	0.32774	0.21691	0.33732	0.19337	0.29091	0.20170	0.27180	Corrected [600]
D	0.07229	0.21939	0.07259	0.22037	0.07211	0.22122	0.07241	0.21962	0.07182	0.19293	0.07297	0.18863	Corrected [600]
E	0.42941	0.07244	0.48752	0.07300	0.42633	0.07207	0.45830	0.07241	0.44040	0.07230	0.42381	0.07241	Corrected [600]
F	0.33793	0.41922	0.36851	0.42702	0.32796	0.49115	0.36228	0.42212	0.32595	0.42404	0.31443	0.39470	Corrected [600]
G	0.20731	0.31762	0.23084	0.31074	0.21431	0.34617	0.23303	0.33837	0.22940	0.32535	0.22146	0.29456	Corrected [600]
H	0.07229	0.19167	0.07215	0.20807	0.07293	0.21146	0.07189	0.20368	0.07222	0.20680	0.07222	0.17183	Corrected [600]

