Corrected [600]
	1	2	3	4	5	6	7	8	9	10	11	12
A	0.26280	0.19488	0.28211	0.07234	0.25643	0.07237	0.30393	0.07260	0.33766	0.07226	0.29789	0.07196	Corrected [600]
B	0.21869	0.35032	0.26413	0.45484	0.31234	0.40258	0.30628	0.41265	0.32691	0.35940	0.29210	0.29196	Corrected [600]
C	0.17359	0.29299	0.19126	0.33911	0.18723	0.32316	0.20312	0.32362	0.21409	0.28896	0.22187	0.23316	Corrected [600]
D	0.07297	0.19958	0.07207	0.23090	0.07245	0.21433	0.07134	0.21074	0.07148	0.18235	0.07189	0.17019	Corrected [600]
E	0.31530	0.07233	0.35528	0.07237	0.36679	0.07167	0.44932	0.07181	0.45418	0.07134	0.46282	0.07193	Corrected [600]
F	0.24752	0.42232	0.26200	0.40803	0.29443	0.51639	0.31174	0.47711	0.33261	0.45184	0.29172	0.30535	Corrected [600]
G	0.20712	0.25755	0.17161	0.30511	0.17290	0.31586	0.20220	0.38132	0.20306	0.29555	0.18942	0.24695	Corrected [600]
H	0.07304	0.16489	0.07233	0.21976	0.07152	0.18096	0.07141	0.19108	0.07145	0.17421	0.07167	0.16910	Corrected [600]

