420

Time,A1,A2,A3,A4,A5,A6,A7,A8,A9,A10,A11,A12,B1,B2,B3,B4,B5,B6,B7,B8,B9,B10,B11,B12,C1,C2,C3,C4,C5,C6,C7,C8,C9,C10,C11,C12,D1,D2,D3,D4,D5,D6,D7,D8,D9,D10,D11,D12,E1,E2,E3,E4,E5,E6,E7,E8,E9,E10,E11,E12,F1,F2,F3,F4,F5,F6,F7,F8,F9,F10,F11,F12,G1,G2,G3,G4,G5,G6,G7,G8,G9,G10,G11,G12,H1,H2,H3,H4,H5,H6,H7,H8,H9,H10,H11,H12
0:00:34,0.10430,0.07780,0.09280,0.07780,0.09940,0.07760,0.08250,0.07720,0.09190,0.07880,0.08160,0.07890,0.09970,0.11760,0.08760,0.09440,0.09730,0.10150,0.08080,0.08520,0.09270,0.12440,0.08250,0.08190,0.09430,0.10700,0.08380,0.09410,0.09490,0.09580,0.08000,0.08000,0.08650,0.10670,0.08120,0.08060,0.07780,0.09560,0.07730,0.09020,0.07830,0.08890,0.07850,0.08110,0.07910,0.10450,0.07860,0.08050,0.13900,0.07760,0.09820,0.07750,0.09850,0.07850,0.08280,0.07600,0.08240,0.07790,0.09520,0.07750,0.12270,0.15050,0.09380,0.11280,0.09350,0.10590,0.07970,0.08490,0.08030,0.08150,0.08860,0.07880,0.10060,0.13400,0.08940,0.10020,0.08610,0.09700,0.08010,0.08280,0.07940,0.08060,0.08640,0.07790,0.07580,0.11190,0.07590,0.09470,0.07640,0.09320,0.07600,0.08130,0.07710,0.08050,0.07700,0.07750
0:10:34,0.23020,0.07710,0.14710,0.07720,0.20990,0.07710,0.09800,0.07670,0.17470,0.07780,0.09840,0.07810,0.17150,0.25210,0.12050,0.18410,0.16450,0.19190,0.08880,0.10650,0.14740,0.40160,0.09250,0.09640,0.13330,0.21140,0.10250,0.15830,0.13650,0.15400,0.08530,0.09400,0.11670,0.27100,0.08730,0.09130,0.07710,0.14690,0.07700,0.12800,0.07780,0.12210,0.07800,0.08800,0.07820,0.21150,0.07800,0.08660,0.30360,0.07710,0.17720,0.07700,0.17100,0.07800,0.09710,0.07680,0.09600,0.07840,0.21010,0.07810,0.23210,0.37640,0.14730,0.22500,0.14650,0.21560,0.09030,0.11830,0.08980,0.10160,0.16360,0.08280,0.16210,0.29490,0.12020,0.17960,0.11540,0.16740,0.08670,0.10500,0.08530,0.09380,0.13240,0.08080,0.07650,0.21630,0.07680,0.14800,0.07720,0.14270,0.07680,0.09580,0.07740,0.08930,0.07770,0.07930
0:20:34,0.36760,0.07710,0.22560,0.07720,0.34000,0.07710,0.11830,0.07660,0.28670,0.07780,0.12250,0.07790,0.26380,0.40990,0.16680,0.29710,0.25390,0.29770,0.10060,0.13400,0.22210,0.70100,0.10950,0.11780,0.18290,0.32320,0.12680,0.23920,0.18550,0.22810,0.09260,0.11540,0.15880,0.50100,0.09760,0.10690,0.07720,0.20730,0.07670,0.17520,0.07780,0.16600,0.07790,0.09850,0.07810,0.34480,0.07790,0.09540,0.48230,0.07700,0.27860,0.07700,0.26490,0.07790,0.11720,0.07670,0.11450,0.07830,0.36200,0.07790,0.34670,0.60770,0.21080,0.36240,0.21420,0.34950,0.10290,0.16330,0.10260,0.12860,0.27680,0.08790,0.23370,0.46890,0.15320,0.27840,0.15240,0.25570,0.09430,0.13460,0.09300,0.11300,0.19320,0.08470,0.07650,0.32580,0.07680,0.20070,0.07710,0.19410,0.07670,0.11280,0.07710,0.10040,0.07770,0.08100
0:30:34,0.50240,0.07700,0.31290,0.07730,0.45880,0.07720,0.13940,0.07680,0.39680,0.07810,0.14700,0.07790,0.35200,0.55960,0.21320,0.40820,0.34460,0.41120,0.11340,0.16200,0.29650,0.91450,0.12690,0.14280,0.23440,0.42610,0.15600,0.31820,0.23770,0.30620,0.10100,0.13630,0.20330,0.69120,0.10820,0.12440,0.07730,0.26950,0.07680,0.22230,0.07790,0.21460,0.07810,0.11020,0.07810,0.48100,0.07830,0.10540,0.64310,0.07720,0.38070,0.07710,0.35680,0.07800,0.13930,0.07700,0.13540,0.07840,0.50890,0.07820,0.47170,0.80010,0.27460,0.49500,0.28330,0.48640,0.11780,0.20780,0.11650,0.15700,0.38300,0.09360,0.30600,0.62680,0.19100,0.37250,0.19360,0.35000,0.10290,0.16470,0.10190,0.13410,0.25390,0.08870,0.07620,0.43170,0.07670,0.25160,0.07710,0.25050,0.07660,0.12930,0.07690,0.11220,0.07750,0.08280
0:40:34,0.61970,0.07700,0.39230,0.07720,0.56680,0.07750,0.16030,0.07700,0.50140,0.07900,0.17070,0.07790,0.43210,0.68970,0.26260,0.51340,0.42870,0.51900,0.12690,0.19050,0.36700,1.03640,0.14400,0.16710,0.28570,0.52740,0.18480,0.39640,0.28870,0.38320,0.10990,0.15740,0.24720,0.84160,0.11900,0.14190,0.07760,0.33110,0.07710,0.26990,0.07790,0.26120,0.07820,0.12280,0.07870,0.59950,0.07870,0.11570,0.78300,0.07740,0.47840,0.07740,0.44500,0.07820,0.16140,0.07760,0.15710,0.07880,0.64010,0.07860,0.58860,0.94350,0.33850,0.61690,0.35210,0.60850,0.13250,0.25340,0.13110,0.18570,0.48160,0.09940,0.37840,0.76330,0.22970,0.46160,0.23310,0.44420,0.11180,0.19440,0.11120,0.15450,0.31320,0.09280,0.07620,0.52910,0.07660,0.31120,0.07700,0.30920,0.07640,0.14880,0.07680,0.12340,0.07750,0.08450
0:50:34,0.72280,0.07720,0.46400,0.07750,0.66340,0.07820,0.18160,0.07740,0.59680,0.08090,0.19420,0.07810,0.51020,0.79810,0.31350,0.60640,0.50580,0.61950,0.14180,0.22060,0.43760,1.08200,0.16200,0.19080,0.33490,0.62300,0.21490,0.47350,0.33930,0.46000,0.11960,0.17870,0.29240,0.95340,0.13070,0.16010,0.07830,0.39100,0.07770,0.31580,0.07840,0.30640,0.07900,0.13590,0.08000,0.70540,0.07970,0.12650,0.89330,0.07810,0.57110,0.07810,0.52960,0.07890,0.18310,0.07870,0.17950,0.08000,0.75470,0.07950,0.69470,1.03610,0.40210,0.72210,0.41840,0.71610,0.14890,0.29940,0.14590,0.21420,0.57280,0.10540,0.44710,0.87040,0.26850,0.54700,0.27220,0.53150,0.12130,0.22530,0.12100,0.17570,0.37120,0.09750,0.07630,0.61940,0.07670,0.37220,0.07720,0.36640,0.07660,0.16780,0.07700,0.13440,0.07770,0.08640
1:00:34,0.80720,0.07740,0.53100,0.07780,0.74830,0.07920,0.20290,0.07800,0.68130,0.08310,0.21740,0.07830,0.57930,0.88310,0.36200,0.68790,0.57640,0.70170,0.15670,0.25030,0.50300,1.09450,0.17960,0.21420,0.38190,0.70480,0.24450,0.54500,0.38770,0.53060,0.12940,0.19950,0.33760,1.02670,0.14230,0.17770,0.07900,0.44690,0.07830,0.36170,0.07900,0.34980,0.07990,0.14900,0.08170,0.79220,0.08120,0.13700,0.97500,0.07890,0.65420,0.07880,0.60500,0.07970,0.20510,0.07990,0.20140,0.08130,0.84730,0.08040,0.78380,1.08300,0.46210,0.80820,0.48050,0.80630,0.16490,0.34390,0.16100,0.24350,0.65500,0.11150,0.51140,0.94620,0.30650,0.62630,0.30960,0.61200,0.13040,0.25580,0.13090,0.19580,0.42660,0.10170,0.07630,0.69790,0.07670,0.43180,0.07730,0.41980,0.07660,0.18690,0.07700,0.14520,0.07790,0.08820
1:10:34,0.87440,0.07760,0.59280,0.07820,0.81790,0.08040,0.22270,0.07880,0.75340,0.08610,0.23990,0.07870,0.64320,0.94680,0.40630,0.75730,0.64080,0.77180,0.17130,0.27910,0.56370,1.09160,0.19640,0.23650,0.42670,0.77630,0.27230,0.60960,0.43390,0.59460,0.13910,0.22050,0.38310,1.06740,0.15330,0.19460,0.07980,0.49810,0.07910,0.40480,0.07980,0.39200,0.08110,0.16190,0.08380,0.86310,0.08270,0.14720,1.02810,0.07990,0.72620,0.07980,0.67220,0.08080,0.22620,0.08130,0.22290,0.08290,0.91810,0.08140,0.85470,1.10230,0.51830,0.87890,0.53590,0.87950,0.18010,0.38690,0.17550,0.27100,0.72550,0.11730,0.57160,0.99850,0.34210,0.69660,0.34500,0.68240,0.13900,0.28530,0.14030,0.21470,0.47840,0.10580,0.07630,0.76700,0.07670,0.48440,0.07740,0.46930,0.07660,0.20520,0.07710,0.15570,0.07800,0.08990
1:20:34,0.92640,0.07780,0.64700,0.07860,0.87470,0.08150,0.24270,0.07950,0.81780,0.08930,0.26240,0.07910,0.70220,0.99030,0.44800,0.81700,0.69960,0.83210,0.18550,0.30780,0.62090,1.08670,0.21360,0.25810,0.46950,0.83670,0.29950,0.66810,0.47850,0.65380,0.14890,0.24130,0.42380,1.08840,0.16420,0.21100,0.08060,0.54650,0.08010,0.44550,0.08070,0.43240,0.08250,0.17490,0.08630,0.92200,0.08420,0.15710,1.05940,0.08110,0.78940,0.08090,0.73150,0.08200,0.24710,0.08290,0.24410,0.08450,0.97150,0.08230,0.91090,1.10620,0.57030,0.93540,0.58800,0.93660,0.19460,0.42800,0.18990,0.29770,0.78820,0.12300,0.62670,1.03360,0.37590,0.75820,0.37940,0.74300,0.14740,0.31320,0.14950,0.23330,0.52720,0.10980,0.07630,0.82560,0.07680,0.53210,0.07750,0.51620,0.07670,0.22310,0.07720,0.16610,0.07820,0.09170
1:30:34,0.96610,0.07810,0.69750,0.07900,0.91790,0.08290,0.26230,0.08030,0.87100,0.09260,0.28370,0.07950,0.75420,1.01810,0.48760,0.86730,0.75130,0.88370,0.19960,0.33560,0.67320,1.07880,0.23110,0.27910,0.51070,0.88830,0.32600,0.72140,0.52040,0.70680,0.15850,0.26240,0.45880,1.09710,0.17500,0.22720,0.08140,0.59150,0.08110,0.48410,0.08160,0.47170,0.08390,0.18770,0.08870,0.96750,0.08560,0.16690,1.07620,0.08250,0.84120,0.08200,0.78330,0.08310,0.26710,0.08450,0.26470,0.08620,1.00900,0.08290,0.95360,1.10020,0.61750,0.97630,0.63580,0.97850,0.20870,0.46690,0.20380,0.32330,0.84090,0.12830,0.67640,1.05290,0.40820,0.81040,0.41220,0.79500,0.15580,0.34000,0.15870,0.25190,0.57250,0.11370,0.07630,0.87340,0.07680,0.57590,0.07760,0.56030,0.07670,0.24060,0.07730,0.17630,0.07840,0.09330
1:40:34,0.99480,0.07840,0.74220,0.07950,0.95040,0.08450,0.28150,0.08120,0.91560,0.09610,0.30440,0.08030,0.80020,1.03500,0.52510,0.90810,0.79820,0.92520,0.21390,0.36350,0.72190,1.07200,0.24850,0.30010,0.55010,0.93000,0.35170,0.76930,0.56020,0.75420,0.16850,0.28310,0.49400,1.09830,0.18630,0.24320,0.08220,0.63390,0.08220,0.52080,0.08250,0.50890,0.08550,0.20050,0.09140,1.00150,0.08740,0.17660,1.08260,0.08380,0.88560,0.08330,0.82790,0.08450,0.28700,0.08620,0.28510,0.08820,1.03470,0.08360,0.98640,1.09240,0.66160,1.00550,0.67990,1.00770,0.22280,0.50380,0.21780,0.34860,0.88610,0.13380,0.72190,1.06200,0.43980,0.85520,0.44350,0.84020,0.16430,0.36610,0.16780,0.27020,0.61500,0.11750,0.07640,0.91320,0.07700,0.61710,0.07780,0.60120,0.07680,0.25750,0.07750,0.18640,0.07870,0.09500
1:50:34,1.01450,0.07860,0.78240,0.07990,0.97610,0.08610,0.30060,0.08210,0.95180,0.09970,0.32500,0.08100,0.84040,1.04380,0.56130,0.94120,0.83980,0.95920,0.22840,0.39050,0.76700,1.06580,0.26590,0.32080,0.58770,0.96310,0.37660,0.81160,0.59780,0.79770,0.17830,0.30390,0.53030,1.09620,0.19740,0.25940,0.08300,0.67270,0.08320,0.55590,0.08340,0.54500,0.08720,0.21350,0.09440,1.02690,0.08940,0.18610,1.08370,0.08500,0.92180,0.08450,0.86680,0.08590,0.30640,0.08810,0.30560,0.09050,1.05060,0.08400,1.01090,1.08460,0.70210,1.02620,0.72070,1.02800,0.23680,0.53930,0.23170,0.37340,0.92350,0.13900,0.76330,1.06490,0.47050,0.89290,0.47370,0.87800,0.17250,0.39130,0.17680,0.28770,0.65480,0.12100,0.07630,0.94520,0.07700,0.65580,0.07790,0.63930,0.07680,0.27410,0.07740,0.19630,0.07880,0.09660
2:00:34,1.02740,0.07900,0.81790,0.08050,0.99440,0.08840,0.31960,0.08330,0.98120,0.10310,0.34500,0.08170,0.87530,1.04780,0.59540,0.96800,0.87600,0.98500,0.24320,0.41730,0.80630,1.06220,0.28320,0.34140,0.62330,0.98890,0.40110,0.84900,0.63400,0.83690,0.18870,0.32460,0.56530,1.09310,0.20900,0.27550,0.08380,0.70960,0.08450,0.58990,0.08450,0.57930,0.08930,0.22670,0.09750,1.04520,0.09160,0.19580,1.08150,0.08640,0.95180,0.08580,0.89960,0.08730,0.32570,0.09030,0.32610,0.09330,1.06120,0.08460,1.02740,1.07690,0.73910,1.03950,0.75800,1.04160,0.25060,0.57360,0.24560,0.39800,0.95440,0.14420,0.80010,1.06390,0.50010,0.92460,0.50290,0.91010,0.18090,0.41600,0.18590,0.30530,0.69250,0.12480,0.07640,0.97090,0.07720,0.69180,0.07800,0.67510,0.07700,0.29040,0.07770,0.20620,0.07910,0.09830
2:10:34,1.03510,0.07940,0.84960,0.08100,1.00760,0.09100,0.33860,0.08480,1.00390,0.10640,0.36470,0.08300,0.90510,1.04870,0.62820,0.98820,0.90790,1.00550,0.25760,0.44330,0.84310,1.05960,0.30010,0.36250,0.65710,1.00910,0.42540,0.88270,0.66880,0.87080,0.19910,0.34480,0.59830,1.08910,0.22050,0.29150,0.08450,0.74340,0.08600,0.62210,0.08570,0.61270,0.09160,0.23980,0.10050,1.05750,0.09400,0.20560,1.07750,0.08760,0.97700,0.08730,0.92680,0.08920,0.34480,0.09270,0.34600,0.09590,1.06680,0.08520,1.03850,1.07020,0.77260,1.04740,0.79230,1.05010,0.26430,0.60610,0.25970,0.42200,0.97930,0.14940,0.83330,1.06090,0.52840,0.95070,0.53140,0.93610,0.18910,0.43990,0.19500,0.32240,0.72710,0.12830,0.07650,0.99060,0.07730,0.72510,0.07820,0.70820,0.07710,0.30630,0.07780,0.21590,0.07940,0.10000
2:20:34,1.03890,0.07960,0.87650,0.08150,1.01750,0.09340,0.35760,0.08620,1.02090,0.10950,0.38330,0.08400,0.93070,1.04790,0.65910,1.00380,0.93380,1.02070,0.27190,0.46790,0.87540,1.05480,0.31640,0.38250,0.68880,1.02300,0.44870,0.91110,0.70120,0.90120,0.20940,0.36450,0.62960,1.08540,0.23190,0.30710,0.08530,0.77490,0.08780,0.65320,0.08680,0.64390,0.09400,0.25270,0.10340,1.06560,0.09640,0.21490,1.07250,0.08900,0.99630,0.08890,0.95000,0.09110,0.36430,0.09500,0.36540,0.09850,1.06870,0.08570,1.04510,1.06450,0.79910,1.05190,0.82310,1.05480,0.27790,0.63750,0.27360,0.44540,0.99930,0.15440,0.86260,1.05680,0.55590,0.97160,0.55850,0.95740,0.19710,0.46310,0.20460,0.33900,0.75940,0.13180,0.07650,1.00480,0.07740,0.75510,0.07840,0.73890,0.07720,0.32190,0.07800,0.22540,0.07950,0.10150
2:30:34,1.04020,0.07990,0.89960,0.08200,1.02340,0.09570,0.37610,0.08760,1.03390,0.11220,0.40180,0.08500,0.95180,1.04600,0.68800,1.01480,0.95730,1.03140,0.28570,0.49200,0.90260,1.05120,0.33250,0.40200,0.71860,1.03380,0.47160,0.93520,0.73090,0.92680,0.21940,0.38370,0.66000,1.08200,0.24290,0.32230,0.08590,0.80360,0.08960,0.68210,0.08790,0.67380,0.09630,0.26530,0.10600,1.07040,0.09880,0.22410,1.06730,0.09020,1.01110,0.09050,0.96860,0.09310,0.38270,0.09720,0.38440,0.10100,1.06840,0.08610,1.04860,1.05940,0.82770,1.05350,0.85100,1.05710,0.29150,0.66760,0.28720,0.46820,1.01450,0.15930,0.88840,1.05230,0.58200,0.98850,0.58440,0.97440,0.20500,0.48550,0.21420,0.35510,0.78930,0.13520,0.07650,1.01530,0.07740,0.78270,0.07850,0.76700,0.07730,0.33710,0.07810,0.23480,0.07970,0.10310
2:40:34,1.03970,0.08040,0.91950,0.08250,1.02780,0.09800,0.39480,0.08950,1.04250,0.11480,0.41960,0.08610,0.96940,1.04330,0.71550,1.02280,0.97580,1.03930,0.29940,0.51560,0.92770,1.04890,0.34810,0.42120,0.74640,1.04120,0.49390,0.95610,0.75920,0.94880,0.22940,0.40240,0.69360,1.08000,0.25390,0.33720,0.08660,0.82950,0.09140,0.70960,0.08920,0.70240,0.09870,0.27760,0.10870,1.07320,0.10100,0.23320,1.06260,0.09140,1.02290,0.09230,0.98360,0.09490,0.40160,0.09940,0.40270,0.10330,1.06820,0.08660,1.04920,1.05470,0.85350,1.05410,0.87590,1.05760,0.30490,0.69620,0.30080,0.49040,1.02600,0.16410,0.91070,1.04780,0.60730,1.00150,0.60930,0.98750,0.21290,0.50730,0.22350,0.37110,0.81670,0.13860,0.07670,1.02220,0.07770,0.80760,0.07870,0.79290,0.07760,0.35210,0.07820,0.24420,0.07980,0.10470
2:50:34,1.03780,0.08060,0.93620,0.08290,1.02990,0.10000,0.41230,0.09100,1.04910,0.11710,0.43690,0.08730,0.98370,1.04050,0.74090,1.02760,0.99100,1.04420,0.31230,0.53780,0.94850,1.04500,0.36310,0.43980,0.77220,1.04470,0.51540,0.97280,0.78620,0.96780,0.23900,0.42050,0.72000,1.07710,0.26470,0.35180,0.08720,0.85340,0.09310,0.73520,0.09030,0.72880,0.10060,0.28960,0.11090,1.07410,0.10300,0.24200,1.05770,0.09260,1.03180,0.09400,0.99500,0.09670,0.41920,0.10130,0.42090,0.10540,1.06600,0.08690,1.04870,1.05060,0.87690,1.05250,0.89780,1.05700,0.31790,0.72310,0.31390,0.51190,1.03420,0.16890,0.93010,1.04360,0.63140,1.01140,0.63350,0.99760,0.22060,0.52840,0.23270,0.38660,0.84300,0.14180,0.07660,1.02640,0.07770,0.83000,0.07890,0.81630,0.07760,0.36670,0.07830,0.25320,0.07990,0.10620
3:00:34,1.03500,0.08100,0.95020,0.08350,1.03090,0.10220,0.43000,0.09300,1.05350,0.11950,0.45410,0.08900,0.99530,1.03750,0.76480,1.03140,1.00230,1.04770,0.32550,0.55960,0.96680,1.04310,0.37830,0.45810,0.79650,1.04860,0.53630,0.98700,0.80950,0.98270,0.24840,0.43810,0.74550,1.07460,0.27500,0.36610,0.08780,0.87440,0.09500,0.75960,0.09180,0.75410,0.10280,0.30140,0.11320,1.07360,0.10510,0.25070,1.05270,0.09410,1.03750,0.09560,1.00410,0.09850,0.43680,0.10330,0.43840,0.10760,1.06340,0.08730,1.04680,1.04690,0.89750,1.05090,0.91700,1.05550,0.33100,0.74830,0.32680,0.53260,1.03980,0.17350,0.94650,1.03950,0.65430,1.01860,0.65680,1.00490,0.22830,0.54900,0.24160,0.40180,0.86410,0.14520,0.07690,1.02850,0.07790,0.85010,0.07910,0.83720,0.07780,0.38080,0.07860,0.26230,0.08020,0.10780
3:10:34,1.03160,0.08140,0.96200,0.08400,1.03160,0.10440,0.44750,0.09510,1.05620,0.12180,0.47050,0.09080,1.00400,1.03460,0.78680,1.03310,1.01190,1.04900,0.33800,0.58080,0.98210,1.04090,0.39300,0.47610,0.81900,1.04830,0.55670,0.99850,0.83250,0.99650,0.25770,0.45550,0.76920,1.07190,0.28530,0.38020,0.08830,0.89300,0.09660,0.78230,0.09320,0.77780,0.10480,0.31310,0.11540,1.07260,0.10720,0.25940,1.04850,0.09530,1.04210,0.09730,1.01140,0.10030,0.45420,0.10530,0.45550,0.10960,1.06120,0.08770,1.04370,1.04310,0.91560,1.04860,0.93410,1.05380,0.34380,0.77150,0.33970,0.55280,1.04430,0.17820,0.96010,1.03540,0.67640,1.02380,0.67870,1.01040,0.23580,0.56880,0.25040,0.41690,0.88520,0.14840,0.07700,1.02890,0.07810,0.86840,0.07930,0.85600,0.07800,0.39490,0.07880,0.27120,0.08030,0.10930
3:20:34,1.02780,0.08170,0.97120,0.08460,1.03050,0.10630,0.46410,0.09710,1.05740,0.12390,0.48620,0.09270,1.01110,1.03210,0.80740,1.03410,1.02020,1.05060,0.35070,0.60100,0.99680,1.03880,0.40750,0.49330,0.83940,1.04850,0.57630,1.00650,0.85280,1.00700,0.26700,0.47260,0.79090,1.07030,0.29560,0.39430,0.08880,0.91000,0.09830,0.80370,0.09450,0.80030,0.10670,0.32450,0.11750,1.07160,0.10920,0.26810,1.04380,0.09650,1.04450,0.09910,1.01630,0.10200,0.47140,0.10720,0.47210,0.11160,1.05870,0.08810,1.04070,1.04000,0.93180,1.04640,0.94960,1.05180,0.35670,0.79470,0.35240,0.57270,1.04700,0.18290,0.97170,1.03160,0.69750,1.02720,0.69960,1.01410,0.24330,0.58780,0.25900,0.43170,0.90320,0.15160,0.07710,1.02820,0.07830,0.88430,0.07950,0.87290,0.07820,0.40870,0.07890,0.28000,0.08060,0.11090
3:30:34,1.02380,0.08190,0.97780,0.08510,1.03030,0.10820,0.48050,0.09920,1.05860,0.12610,0.50190,0.09480,1.01610,1.02930,0.82630,1.03440,1.02650,1.05090,0.36280,0.62080,1.00740,1.03760,0.42170,0.51060,0.85830,1.04730,0.59540,1.01290,0.87300,1.01620,0.27600,0.48900,0.80880,1.06760,0.30580,0.40780,0.08940,0.92530,0.09990,0.82330,0.09590,0.81970,0.10860,0.33560,0.11950,1.07000,0.11110,0.27660,1.03990,0.09770,1.04620,0.10080,1.01940,0.10370,0.48780,0.10890,0.48890,0.11350,1.05770,0.08840,1.03750,1.03740,0.94580,1.04410,0.96230,1.04950,0.36920,0.81530,0.36480,0.59170,1.04870,0.18750,0.98120,1.02870,0.71780,1.02960,0.71950,1.01650,0.25070,0.60630,0.26760,0.44600,0.91930,0.15480,0.07730,1.02650,0.07850,0.89820,0.07970,0.88820,0.07830,0.42220,0.07910,0.28850,0.08070,0.11230
3:40:34,1.02010,0.08220,0.98390,0.08570,1.02860,0.11010,0.49630,0.10120,1.05900,0.12820,0.51740,0.09680,1.02010,1.02650,0.84420,1.03360,1.03080,1.05090,0.37480,0.63950,1.01660,1.03690,0.43530,0.52710,0.87480,1.04650,0.61390,1.01820,0.89040,1.02240,0.28480,0.50520,0.82690,1.06620,0.31570,0.42100,0.09010,0.93810,0.10130,0.84150,0.09730,0.84000,0.11040,0.34690,0.12130,1.06860,0.11280,0.28480,1.03610,0.09870,1.04630,0.10230,1.02210,0.10530,0.50390,0.11060,0.50490,0.11540,1.05550,0.08870,1.03440,1.03460,0.95830,1.04180,0.97390,1.04720,0.38150,0.83540,0.37700,0.61020,1.04920,0.19200,0.98900,1.02520,0.73690,1.03070,0.73870,1.01780,0.25800,0.62410,0.27600,0.46050,0.93390,0.15790,0.07750,1.02410,0.07870,0.91060,0.07990,0.90130,0.07850,0.43570,0.07920,0.29690,0.08090,0.11390
3:50:34,1.01570,0.08260,0.98850,0.08640,1.02790,0.11210,0.51230,0.10330,1.05830,0.13020,0.53230,0.09900,1.02250,1.02390,0.85990,1.03270,1.03500,1.05000,0.38680,0.65830,1.02260,1.03430,0.44910,0.54330,0.89070,1.04450,0.63180,1.02380,0.90590,1.02840,0.29360,0.52080,0.84570,1.06330,0.32530,0.43400,0.09090,0.94980,0.10290,0.85840,0.09860,0.85700,0.11210,0.35760,0.12310,1.06630,0.11470,0.29290,1.03240,0.09980,1.04630,0.10390,1.02390,0.10690,0.51950,0.11230,0.52060,0.11710,1.05290,0.08900,1.03110,1.03170,0.96850,1.03950,0.98320,1.04550,0.39360,0.85350,0.38910,0.62790,1.04930,0.19640,0.99470,1.02200,0.75500,1.03150,0.75670,1.01830,0.26530,0.64120,0.28420,0.47440,0.94620,0.16100,0.07760,1.02150,0.07900,0.92070,0.08010,0.91280,0.07870,0.44870,0.07940,0.30510,0.08100,0.11540
4:00:34,1.01160,0.08290,0.99220,0.08710,1.02590,0.11380,0.52760,0.10530,1.05720,0.13210,0.54690,0.10150,1.02450,1.02120,0.87520,1.03190,1.03710,1.04970,0.39850,0.67590,1.03000,1.03190,0.46230,0.55950,0.90430,1.04280,0.64950,1.02630,0.92080,1.03280,0.30230,0.53620,0.86260,1.06270,0.33510,0.44670,0.09190,0.95990,0.10440,0.87360,0.10010,0.87340,0.11390,0.36850,0.12490,1.06450,0.11640,0.30110,1.02930,0.10100,1.04650,0.10550,1.02430,0.10860,0.53520,0.11400,0.53590,0.11880,1.05180,0.08950,1.02840,1.02960,0.97810,1.03750,0.99140,1.04360,0.40580,0.87050,0.40090,0.64560,1.04850,0.20110,0.99940,1.01950,0.77240,1.03110,0.77380,1.01800,0.27260,0.65790,0.29250,0.48830,0.95780,0.16420,0.07790,1.01850,0.07930,0.92980,0.08050,0.92270,0.07890,0.46150,0.07960,0.31340,0.08120,0.11690
4:10:34,1.00720,0.08330,0.99470,0.08800,1.02510,0.11580,0.54250,0.10730,1.05650,0.13400,0.56070,0.10390,1.02640,1.01870,0.88860,1.03040,1.03890,1.04860,0.41000,0.69310,1.03510,1.02920,0.47560,0.57480,0.91700,1.04110,0.66650,1.03010,0.93420,1.03630,0.31070,0.55140,0.87880,1.06080,0.34450,0.45910,0.09290,0.96830,0.10590,0.88800,0.10170,0.88870,0.11570,0.37900,0.12680,1.06290,0.11820,0.30910,1.02530,0.10240,1.04600,0.10720,1.02430,0.11020,0.54990,0.11570,0.55120,0.12060,1.04950,0.08980,1.02550,1.02770,0.98560,1.03520,0.99790,1.04130,0.41770,0.88640,0.41260,0.66250,1.04770,0.20570,1.00290,1.01700,0.78840,1.03030,0.79040,1.01750,0.27970,0.67380,0.30060,0.50180,0.96770,0.16730,0.07810,1.01500,0.07960,0.93720,0.08080,0.93100,0.07910,0.47400,0.07980,0.32130,0.08140,0.11840
4:20:34,1.00340,0.08360,0.99620,0.08880,1.02330,0.11740,0.55680,0.10910,1.05450,0.13580,0.57420,0.10610,1.02740,1.01650,0.90070,1.02930,1.03990,1.04730,0.42110,0.70950,1.03900,1.02910,0.48820,0.58990,0.92830,1.04040,0.68270,1.03210,0.94490,1.03790,0.31920,0.56570,0.89450,1.05930,0.35350,0.47150,0.09380,0.97520,0.10730,0.90120,0.10320,0.90350,0.11730,0.38930,0.12840,1.06080,0.11980,0.31680,1.02170,0.10370,1.04380,0.10870,1.02500,0.11180,0.56450,0.11720,0.56590,0.12220,1.04760,0.09000,1.02270,1.02550,0.99220,1.03350,1.00350,1.03870,0.42940,0.90120,0.42400,0.67890,1.04640,0.21020,1.00520,1.01420,0.80380,1.02940,0.80580,1.01670,0.28670,0.68930,0.30860,0.51500,0.97610,0.17030,0.07830,1.01140,0.07980,0.94340,0.08110,0.93830,0.07930,0.48620,0.07990,0.32910,0.08150,0.11980
4:30:34,0.99920,0.08410,0.99810,0.08960,1.02290,0.11920,0.57100,0.11100,1.05320,0.13770,0.58760,0.10860,1.02790,1.01390,0.91120,1.02730,1.04010,1.04620,0.43240,0.72550,1.04110,1.02650,0.50090,0.60460,0.93890,1.03840,0.69840,1.03310,0.95630,1.04040,0.32780,0.58030,0.90870,1.05730,0.36280,0.48380,0.09480,0.98160,0.10880,0.91340,0.10480,0.91720,0.11900,0.39970,0.13030,1.05890,0.12150,0.32460,1.01890,0.10500,1.04300,0.11040,1.02390,0.11350,0.57930,0.11880,0.58020,0.12390,1.04570,0.09060,1.02010,1.02410,0.99840,1.03180,1.00860,1.03730,0.44110,0.91470,0.43560,0.69530,1.04550,0.21470,1.00710,1.01190,0.81820,1.02810,0.82020,1.01590,0.29370,0.70400,0.31680,0.52790,0.98370,0.17340,0.07860,1.00790,0.08020,0.94830,0.08140,0.94420,0.07960,0.49840,0.08020,0.33690,0.08180,0.12130
4:40:34,0.99530,0.08440,0.99750,0.09030,1.02110,0.12080,0.58500,0.11280,1.05120,0.13940,0.59960,0.11090,1.02760,1.01240,0.92220,1.02590,1.04040,1.04540,0.44330,0.74080,1.04340,1.02450,0.51310,0.61850,0.94780,1.03590,0.71310,1.03180,0.96560,1.04110,0.33580,0.59410,0.92140,1.05540,0.37170,0.49560,0.09560,0.98740,0.11020,0.92400,0.10610,0.92790,0.12060,0.40950,0.13180,1.05690,0.12310,0.33220,1.01590,0.10610,1.04160,0.11180,1.02350,0.11500,0.59290,0.12040,0.59400,0.12540,1.04360,0.09070,1.01740,1.02200,1.00210,1.02950,1.01190,1.03520,0.45250,0.92720,0.44630,0.71020,1.04380,0.21890,1.00760,1.00960,0.83180,1.02650,0.83390,1.01430,0.30060,0.71830,0.32450,0.54050,0.98990,0.17630,0.07890,1.00390,0.08050,0.95250,0.08170,0.94910,0.07980,0.51000,0.08040,0.34450,0.08190,0.12270
4:50:34,0.99170,0.08480,0.99810,0.09120,1.01880,0.12270,0.59830,0.11470,1.04950,0.14120,0.61210,0.11340,1.02750,1.01010,0.93070,1.02450,1.04060,1.04340,0.45370,0.75550,1.04500,1.02430,0.52520,0.63280,0.95660,1.03490,0.72790,1.03390,0.97360,1.04180,0.34390,0.60770,0.93330,1.05450,0.38070,0.50730,0.09650,0.99140,0.11160,0.93400,0.10760,0.93900,0.12230,0.41980,0.13350,1.05550,0.12480,0.33970,1.01270,0.10740,1.03950,0.11330,1.02260,0.11660,0.60710,0.12180,0.60770,0.12700,1.04150,0.09110,1.01470,1.02050,1.00630,1.02790,1.01520,1.03360,0.46380,0.93860,0.45740,0.72490,1.04220,0.22320,1.00790,1.00730,0.84470,1.02510,0.84680,1.01270,0.30750,0.73180,0.33240,0.55310,0.99550,0.17930,0.07930,1.00050,0.08090,0.95550,0.08210,0.95300,0.08010,0.52150,0.08070,0.35210,0.08220,0.12410
5:00:34,0.98790,0.08530,0.99810,0.09210,1.01690,0.12430,0.61150,0.11650,1.04800,0.14290,0.62440,0.11570,1.02660,1.00800,0.93950,1.02280,1.04080,1.04180,0.46440,0.76990,1.04630,1.02320,0.53680,0.64600,0.96370,1.03150,0.74210,1.03220,0.98160,1.04250,0.35190,0.62100,0.94450,1.05270,0.38980,0.51860,0.09720,0.99560,0.11290,0.94310,0.10910,0.94930,0.12380,0.42950,0.13510,1.05400,0.12630,0.34720,1.00950,0.10850,1.03840,0.11470,1.02160,0.11790,0.62070,0.12320,0.62120,0.12850,1.04030,0.09130,1.01190,1.01930,1.00920,1.02640,1.01760,1.03220,0.47480,0.94910,0.46850,0.73920,1.04050,0.22740,1.00790,1.00450,0.85720,1.02320,0.85890,1.01190,0.31440,0.74520,0.34000,0.56530,0.99990,0.18220,0.07960,0.99690,0.08130,0.95820,0.08250,0.95650,0.08040,0.53280,0.08090,0.35940,0.08230,0.12560
5:10:34,0.98420,0.08570,0.99770,0.09300,1.01640,0.12580,0.62440,0.11820,1.04630,0.14450,0.63590,0.11790,1.02570,1.00600,0.94640,1.02090,1.03940,1.04060,0.47440,0.78280,1.04720,1.02080,0.54830,0.65830,0.97070,1.03030,0.75570,1.03340,0.98840,1.04220,0.35990,0.63390,0.95450,1.05140,0.39850,0.52990,0.09790,0.99850,0.11420,0.95120,0.11040,0.95810,0.12530,0.43900,0.13660,1.05210,0.12770,0.35430,1.00670,0.10970,1.03670,0.11610,1.02040,0.11940,0.63330,0.12450,0.63450,0.12990,1.03870,0.09150,1.00950,1.01690,1.01180,1.02470,1.01910,1.02980,0.48580,0.95880,0.47900,0.75280,1.03940,0.23140,1.00710,1.00210,0.86850,1.02180,0.87010,1.01040,0.32120,0.75750,0.34770,0.57720,1.00380,0.18510,0.07990,0.99320,0.08170,0.95950,0.08280,0.95870,0.08060,0.54350,0.08100,0.36660,0.08240,0.12700
5:20:34,0.98080,0.08610,0.99670,0.09370,1.01440,0.12730,0.63700,0.11970,1.04420,0.14610,0.64710,0.11990,1.02490,1.00400,0.95250,1.01940,1.03890,1.03890,0.48500,0.79630,1.04820,1.02010,0.55980,0.67080,0.97670,1.02880,0.76850,1.03250,0.99310,1.04170,0.36750,0.64670,0.96380,1.04890,0.40670,0.54070,0.09870,1.00070,0.11540,0.95870,0.11180,0.96540,0.12660,0.44850,0.13810,1.05040,0.12920,0.36170,1.00360,0.11090,1.03420,0.11740,1.01920,0.12080,0.64660,0.12570,0.64720,0.13130,1.03720,0.09170,1.00680,1.01540,1.01300,1.02290,1.02030,1.02830,0.49640,0.96740,0.48920,0.76620,1.03740,0.23540,1.00580,1.00020,0.87930,1.01970,0.88100,1.00810,0.32770,0.76950,0.35500,0.58890,1.00670,0.18790,0.08020,0.98970,0.08210,0.96040,0.08320,0.96000,0.08090,0.55410,0.08120,0.37380,0.08270,0.12840
5:30:34,0.97700,0.08670,0.99630,0.09490,1.01300,0.12890,0.64870,0.12150,1.04260,0.14790,0.65830,0.12220,1.02370,1.00220,0.95890,1.01820,1.03780,1.03840,0.49510,0.80850,1.04830,1.01850,0.57100,0.68270,0.98230,1.02630,0.78110,1.03180,0.99870,1.04080,0.37540,0.65930,0.97200,1.04830,0.41540,0.55160,0.09980,1.00260,0.11680,0.96540,0.11320,0.97390,0.12800,0.45800,0.13950,1.04890,0.13070,0.36860,1.00130,0.11220,1.03280,0.11890,1.01840,0.12240,0.65860,0.12720,0.65990,0.13280,1.03540,0.09220,1.00470,1.01470,1.01490,1.02160,1.02120,1.02730,0.50710,0.97550,0.49970,0.77880,1.03610,0.23970,1.00490,0.99790,0.88950,1.01840,0.89050,1.00710,0.33460,0.78120,0.36240,0.60070,1.00940,0.19100,0.08070,0.98610,0.08260,0.96100,0.08370,0.96160,0.08140,0.56490,0.08160,0.38090,0.08290,0.12990
5:40:34,0.97370,0.08710,0.99490,0.09610,1.01200,0.13050,0.66130,0.12320,1.04090,0.14950,0.66890,0.12430,1.02250,1.00030,0.96460,1.01640,1.03710,1.03710,0.50520,0.82050,1.04840,1.01650,0.58190,0.69500,0.98660,1.02480,0.79320,1.03090,1.00420,1.04030,0.38320,0.67130,0.97990,1.04660,0.42400,0.56210,0.10070,1.00440,0.11810,0.97070,0.11470,0.98020,0.12930,0.46710,0.14110,1.04740,0.13220,0.37580,0.99840,0.11350,1.03220,0.12030,1.01620,0.12390,0.67100,0.12850,0.67190,0.13420,1.03460,0.09260,1.00230,1.01410,1.01600,1.01990,1.02190,1.02550,0.51750,0.98290,0.51000,0.79130,1.03470,0.24410,1.00320,0.99580,0.89890,1.01660,0.89990,1.00520,0.34110,0.79240,0.37000,0.61220,1.01160,0.19400,0.08110,0.98240,0.08310,0.96070,0.08430,0.96210,0.08170,0.57510,0.08190,0.38790,0.08320,0.13120
5:50:34,0.97030,0.08750,0.99340,0.09710,1.01020,0.13190,0.67230,0.12470,1.03930,0.15110,0.67840,0.12650,1.02130,0.99850,0.96870,1.01460,1.03560,1.03620,0.51490,0.83200,1.04710,1.01520,0.59250,0.70620,0.99060,1.02350,0.80440,1.02990,1.00720,1.03940,0.39070,0.68320,0.98710,1.04520,0.43220,0.57240,0.10150,1.00480,0.11940,0.97590,0.11610,0.98820,0.13080,0.47630,0.14250,1.04550,0.13360,0.38260,0.99580,0.11480,1.03000,0.12170,1.01540,0.12530,0.68290,0.12990,0.68350,0.13560,1.03180,0.09300,1.00010,1.01210,1.01610,1.01830,1.02200,1.02400,0.52780,0.98920,0.51990,0.80310,1.03270,0.24830,1.00150,0.99420,0.90760,1.01500,0.90820,1.00370,0.34770,0.80300,0.37720,0.62320,1.01340,0.19680,0.08150,0.97930,0.08360,0.96020,0.08470,0.96210,0.08210,0.58480,0.08200,0.39470,0.08340,0.13260
6:00:34,0.96680,0.08810,0.99280,0.09820,1.00920,0.13350,0.68370,0.12630,1.03690,0.15270,0.68790,0.12860,1.02000,0.99640,0.97260,1.01350,1.03500,1.03500,0.52470,0.84270,1.04660,1.01320,0.60320,0.71690,0.99440,1.02110,0.81560,1.02870,1.01090,1.03940,0.39830,0.69420,0.99400,1.04420,0.44070,0.58270,0.10260,1.00540,0.12080,0.98070,0.11770,0.99380,0.13220,0.48540,0.14390,1.04410,0.13510,0.38970,0.99320,0.11620,1.02860,0.12310,1.01430,0.12670,0.69490,0.13110,0.69500,0.13700,1.03040,0.09340,0.99790,1.00960,1.01660,1.01680,1.02190,1.02290,0.53790,0.99510,0.53010,0.81460,1.03140,0.25250,0.99970,0.99220,0.91620,1.01330,0.91660,1.00190,0.35420,0.81320,0.38440,0.63390,1.01430,0.19970,0.08200,0.97550,0.08410,0.95940,0.08520,0.96180,0.08240,0.59470,0.08240,0.40150,0.08360,0.13400
6:10:34,0.96350,0.08850,0.99090,0.09940,1.00670,0.13480,0.69450,0.12780,1.03520,0.15420,0.69680,0.13070,1.01910,0.99480,0.97550,1.01200,1.03330,1.03340,0.53380,0.85320,1.04550,1.01230,0.61340,0.72820,0.99760,1.01930,0.82590,1.02780,1.01460,1.03780,0.40560,0.70520,0.99950,1.04290,0.44870,0.59270,0.10350,1.00540,0.12200,0.98470,0.11910,0.99660,0.13360,0.49420,0.14530,1.04260,0.13640,0.39640,0.99070,0.11740,1.02730,0.12450,1.01240,0.12810,0.70610,0.13240,0.70640,0.13840,1.02930,0.09370,0.99560,1.00980,1.01660,1.01530,1.02160,1.02080,0.54800,1.00030,0.53930,0.82520,1.02980,0.25670,0.99750,0.99060,0.92360,1.01130,0.92390,1.00050,0.36050,0.82260,0.39150,0.64450,1.01520,0.20250,0.08240,0.97200,0.08460,0.95830,0.08570,0.96100,0.08280,0.60420,0.08260,0.40810,0.08380,0.13530
6:20:34,0.96070,0.08900,0.99020,0.10040,1.00610,0.13620,0.70540,0.12940,1.03380,0.15580,0.70650,0.13270,1.01750,0.99330,0.97870,1.01030,1.03270,1.03270,0.54350,0.86310,1.04530,1.01200,0.62350,0.73820,1.00040,1.01670,0.83600,1.02670,1.01630,1.03710,0.41310,0.71620,1.00460,1.04100,0.45680,0.60240,0.10440,1.00570,0.12330,0.98790,0.12040,1.00180,0.13500,0.50300,0.14670,1.04110,0.13760,0.40310,0.98820,0.11870,1.02560,0.12580,1.01130,0.12930,0.71740,0.13360,0.71700,0.13970,1.02840,0.09380,0.99360,1.00910,1.01660,1.01390,1.02120,1.01970,0.55780,1.00480,0.54890,0.83550,1.02840,0.26080,0.99530,0.98870,0.93030,1.00970,0.93040,0.99900,0.36700,0.83170,0.39840,0.65490,1.01560,0.20520,0.08290,0.96880,0.08510,0.95680,0.08620,0.96010,0.08310,0.61320,0.08280,0.41470,0.08390,0.13670
6:30:34,0.95720,0.08940,0.98810,0.10140,1.00480,0.13750,0.71550,0.13080,1.03160,0.15730,0.71500,0.13460,1.01600,0.99110,0.98110,1.00850,1.03130,1.03110,0.55290,0.87280,1.04480,1.01010,0.63350,0.74800,1.00270,1.01510,0.84560,1.02480,1.01830,1.03600,0.42030,0.72700,1.00910,1.03960,0.46470,0.61170,0.10530,1.00510,0.12450,0.99110,0.12170,1.00550,0.13620,0.51160,0.14800,1.03950,0.13880,0.40950,0.98560,0.11990,1.02370,0.12700,1.01010,0.13060,0.72760,0.13480,0.72750,0.14100,1.02650,0.09410,0.99140,1.00770,1.01610,1.01240,1.02050,1.01810,0.56730,1.00890,0.55850,0.84550,1.02680,0.26470,0.99300,0.98690,0.93650,1.00770,0.93700,0.99710,0.37320,0.84010,0.40520,0.66470,1.01570,0.20800,0.08340,0.96540,0.08560,0.95500,0.08670,0.95860,0.08340,0.62220,0.08300,0.42110,0.08410,0.13800
6:40:34,0.95420,0.08990,0.98640,0.10230,1.00350,0.13890,0.72570,0.13230,1.03020,0.15880,0.72280,0.13640,1.01470,0.98990,0.98290,1.00760,1.02950,1.02940,0.56200,0.88160,1.04440,1.00780,0.64320,0.75750,1.00410,1.01380,0.85480,1.02400,1.02060,1.03460,0.42730,0.73720,1.01420,1.03890,0.47250,0.62110,0.10620,1.00480,0.12580,0.99370,0.12300,1.00880,0.13760,0.51990,0.14940,1.03830,0.14010,0.41600,0.98350,0.12120,1.02260,0.12830,1.00840,0.13190,0.73840,0.13610,0.73810,0.14240,1.02590,0.09420,0.98890,1.00570,1.01590,1.01110,1.01990,1.01680,0.57670,1.01210,0.56790,0.85510,1.02530,0.26860,0.99090,0.98510,0.94240,1.00640,0.94240,0.99570,0.37970,0.84810,0.41200,0.67430,1.01600,0.21070,0.08390,0.96210,0.08620,0.95330,0.08730,0.95710,0.08400,0.63090,0.08330,0.42760,0.08430,0.13940
6:50:34,0.95090,0.09010,0.98530,0.10290,1.00160,0.14000,0.73490,0.13340,1.02770,0.16040,0.73090,0.13790,1.01310,0.98750,0.98480,1.00600,1.02800,1.02850,0.57070,0.89070,1.04320,1.00610,0.65250,0.76640,1.00600,1.01110,0.86340,1.02260,1.02210,1.03330,0.43440,0.74670,1.01750,1.03810,0.48020,0.63010,0.10690,1.00430,0.12680,0.99600,0.12410,1.01170,0.13870,0.52820,0.15050,1.03690,0.14120,0.42200,0.98110,0.12230,1.02180,0.12930,1.00600,0.13300,0.74770,0.13710,0.74790,0.14350,1.02480,0.09400,0.98690,1.00230,1.01560,1.00970,1.01900,1.01510,0.58590,1.01580,0.57700,0.86390,1.02410,0.27220,0.98840,0.98320,0.94730,1.00500,0.94730,0.99370,0.38560,0.85550,0.41840,0.68360,1.01520,0.21330,0.08430,0.95880,0.08670,0.95110,0.08770,0.95560,0.08430,0.63920,0.08350,0.43390,0.08430,0.14070
7:00:34,0.94790,0.09050,0.98330,0.10360,1.00100,0.14110,0.74460,0.13470,1.02580,0.16170,0.73830,0.13960,1.01160,0.98610,0.98530,1.00450,1.02800,1.02690,0.57910,0.89950,1.03990,1.00510,0.66180,0.77530,1.00660,1.01060,0.87120,1.02100,1.02170,1.03160,0.44140,0.75640,1.02080,1.03640,0.48760,0.63860,0.10750,1.00300,0.12790,0.99750,0.12530,1.01440,0.13980,0.53670,0.15170,1.03520,0.14220,0.42810,0.97850,0.12330,1.01950,0.13050,1.00560,0.13410,0.75730,0.13810,0.75800,0.14460,1.02200,0.09400,0.98460,1.00050,1.01450,1.00830,1.01810,1.01350,0.59500,1.01850,0.58610,0.87240,1.02210,0.27590,0.98590,0.98160,0.95210,1.00280,0.95180,0.99260,0.39170,0.86260,0.42520,0.69270,1.01480,0.21580,0.08480,0.95550,0.08730,0.94890,0.08830,0.95330,0.08460,0.64710,0.08370,0.44000,0.08450,0.14200
7:10:34,0.94500,0.09070,0.98220,0.10390,0.99890,0.14210,0.75330,0.13580,1.02450,0.16280,0.74520,0.14130,1.01010,0.98390,0.98660,1.00330,1.02590,1.02580,0.58800,0.90680,1.03930,1.00330,0.67080,0.78320,1.00760,1.00770,0.87910,1.01860,1.02320,1.03110,0.44800,0.76580,1.02330,1.03480,0.49520,0.64680,0.10810,1.00250,0.12880,0.99850,0.12630,1.01640,0.14090,0.54490,0.15260,1.03340,0.14320,0.43390,0.97600,0.12430,1.01850,0.13150,1.00370,0.13530,0.76700,0.13900,0.76740,0.14560,1.02110,0.09390,0.98230,0.99840,1.01360,1.00690,1.01700,1.01210,0.60390,1.02070,0.59500,0.88070,1.02050,0.27940,0.98340,0.97970,0.95630,1.00120,0.95620,0.99090,0.39780,0.86920,0.43130,0.70150,1.01430,0.21840,0.08530,0.95240,0.08780,0.94640,0.08870,0.95110,0.08500,0.65510,0.08390,0.44620,0.08460,0.14330
7:20:34,0.94230,0.09110,0.98020,0.10440,0.99730,0.14310,0.76310,0.13690,1.02270,0.16410,0.75220,0.14280,1.00840,0.98200,0.98710,1.00180,1.02460,1.02460,0.59640,0.91410,1.03840,1.00280,0.67980,0.79140,1.00790,1.00510,0.88640,1.01720,1.02430,1.02900,0.45480,0.77500,1.02590,1.03430,0.50260,0.65520,0.10860,1.00100,0.12990,1.00010,0.12740,1.01740,0.14180,0.55260,0.15370,1.03180,0.14420,0.43960,0.97400,0.12520,1.01710,0.13250,1.00220,0.13630,0.77620,0.14000,0.77660,0.14680,1.02000,0.09390,0.98010,0.99750,1.01260,1.00580,1.01600,1.01020,0.61250,1.02270,0.60370,0.88840,1.01920,0.28300,0.98090,0.97770,0.96040,0.99940,0.95990,0.98930,0.40390,0.87540,0.43770,0.71020,1.01330,0.22110,0.08580,0.94960,0.08840,0.94400,0.08930,0.94890,0.08550,0.66280,0.08410,0.45190,0.08480,0.14460
7:30:34,0.93940,0.09170,0.97850,0.10500,0.99610,0.14430,0.77090,0.13820,1.02080,0.16540,0.75890,0.14440,1.00700,0.98030,0.98660,0.99980,1.02260,1.02300,0.60460,0.92150,1.03680,1.00140,0.68830,0.79930,1.00840,1.00350,0.89360,1.01730,1.02410,1.02850,0.46150,0.78370,1.02820,1.03200,0.50980,0.66360,0.10910,1.00010,0.13090,1.00100,0.12860,1.01820,0.14290,0.56060,0.15480,1.03050,0.14530,0.44500,0.97100,0.12610,1.01570,0.13360,1.00120,0.13740,0.78500,0.14090,0.78590,0.14770,1.01780,0.09400,0.97760,0.99550,1.01170,1.00410,1.01520,1.00880,0.62120,1.02490,0.61200,0.89600,1.01730,0.28670,0.97850,0.97550,0.96370,0.99760,0.96310,0.98760,0.40990,0.88110,0.44400,0.71820,1.01210,0.22370,0.08640,0.94650,0.08900,0.94200,0.09010,0.94640,0.08600,0.67040,0.08450,0.45800,0.08510,0.14600
7:40:34,0.93690,0.09210,0.97700,0.10560,0.99460,0.14530,0.77930,0.13930,1.01880,0.16660,0.76490,0.14600,1.00540,0.97870,0.98760,0.99880,1.02190,1.02240,0.61270,0.92770,1.03620,1.00090,0.69700,0.80680,1.00830,1.00280,0.90000,1.01550,1.02440,1.02670,0.46830,0.79220,1.03030,1.03010,0.51670,0.67110,0.10960,0.99840,0.13190,1.00180,0.12960,1.01950,0.14390,0.56820,0.15590,1.02910,0.14620,0.45060,0.96890,0.12700,1.01310,0.13470,0.99960,0.13850,0.79370,0.14180,0.79410,0.14880,1.01650,0.09430,0.97580,0.99420,1.01010,1.00270,1.01370,1.00770,0.62980,1.02570,0.62030,0.90300,1.01600,0.29040,0.97610,0.97390,0.96650,0.99580,0.96640,0.98590,0.41590,0.88670,0.45050,0.72640,1.01130,0.22650,0.08700,0.94360,0.08970,0.93900,0.09070,0.94410,0.08640,0.67750,0.08470,0.46370,0.08530,0.14730
7:50:34,0.93430,0.09270,0.97480,0.10630,0.99340,0.14650,0.78710,0.14060,1.01750,0.16800,0.77110,0.14760,1.00400,0.97690,0.98680,0.99730,1.02110,1.02010,0.62100,0.93440,1.03490,0.99860,0.70540,0.81400,1.00810,0.99980,0.90640,1.01280,1.02450,1.02540,0.47510,0.80110,1.03210,1.03020,0.52440,0.67890,0.11020,0.99710,0.13300,1.00220,0.13080,1.02130,0.14500,0.57580,0.15710,1.02740,0.14730,0.45620,0.96680,0.12780,1.01240,0.13580,0.99840,0.13960,0.80120,0.14280,0.80290,0.15000,1.01490,0.09480,0.97390,0.99550,1.00920,1.00170,1.01240,1.00630,0.63820,1.02690,0.62850,0.90960,1.01440,0.29420,0.97390,0.97190,0.96980,0.99440,0.96890,0.98440,0.42190,0.89210,0.45670,0.73450,1.01000,0.22930,0.08760,0.94060,0.09030,0.93650,0.09150,0.94140,0.08690,0.68500,0.08510,0.46980,0.08550,0.14860
8:00:34,0.93170,0.09330,0.97380,0.10710,0.99230,0.14750,0.79490,0.14180,1.01540,0.16940,0.77650,0.14940,1.00270,0.97540,0.98800,0.99640,1.01980,1.01990,0.62900,0.94040,1.03390,0.99750,0.71380,0.82080,1.00800,0.99880,0.91250,1.01320,1.02500,1.02490,0.48150,0.80930,1.03300,1.02930,0.53130,0.68640,0.11080,0.99650,0.13410,1.00230,0.13190,1.02200,0.14610,0.58370,0.15820,1.02610,0.14840,0.46190,0.96450,0.12830,1.01080,0.13690,0.99720,0.14070,0.81000,0.14370,0.81110,0.15120,1.01360,0.09500,0.97180,0.99450,1.00830,1.00060,1.01130,1.00440,0.64640,1.02780,0.63680,0.91620,1.01300,0.29820,0.97130,0.97020,0.97210,0.99250,0.97150,0.98330,0.42770,0.89690,0.46310,0.74270,1.00910,0.23200,0.08810,0.93780,0.09100,0.93380,0.09220,0.93930,0.08750,0.69190,0.08540,0.47560,0.08570,0.14990
8:10:34,0.92930,0.09360,0.97240,0.10770,0.99050,0.14850,0.80270,0.14300,1.01390,0.17070,0.78230,0.15080,1.00140,0.97370,0.98750,0.99540,1.01940,1.01860,0.63710,0.94620,1.03230,0.99600,0.72190,0.82770,1.00770,0.99720,0.91830,1.01140,1.02520,1.02380,0.48820,0.81730,1.03470,1.02770,0.53850,0.69400,0.11140,0.99520,0.13520,1.00230,0.13300,1.02280,0.14710,0.59090,0.15930,1.02490,0.14930,0.46720,0.96240,0.12880,1.00970,0.13790,0.99600,0.14180,0.81780,0.14460,0.81870,0.15220,1.01260,0.09510,0.96980,0.99310,1.00720,0.99910,1.01020,1.00350,0.65460,1.02860,0.64480,0.92230,1.01130,0.30190,0.96900,0.96860,0.97470,0.99120,0.97360,0.98160,0.43370,0.90150,0.46930,0.75000,1.00800,0.23460,0.08880,0.93470,0.09170,0.93110,0.09280,0.93650,0.08790,0.69860,0.08560,0.48100,0.08580,0.15110
8:20:34,0.92670,0.09370,0.97090,0.10800,0.98880,0.14940,0.81010,0.14400,1.01210,0.17180,0.78700,0.15220,0.99950,0.97220,0.98700,0.99400,1.01680,1.01760,0.64480,0.95120,1.03110,0.99480,0.72940,0.83370,1.00690,0.99550,0.92320,1.01010,1.02430,1.02240,0.49440,0.82470,1.03550,1.02630,0.54500,0.70090,0.11180,0.99280,0.13590,1.00200,0.13390,1.02260,0.14790,0.59800,0.16030,1.02290,0.15020,0.47200,0.95980,0.12920,1.00770,0.13880,0.99390,0.14280,0.82530,0.14530,0.82630,0.15310,1.01090,0.09480,0.96740,0.99120,1.00550,0.99770,1.00900,1.00190,0.66260,1.02970,0.65260,0.92770,1.01030,0.30530,0.96620,0.96650,0.97630,0.98920,0.97530,0.98010,0.43930,0.90550,0.47540,0.75720,1.00620,0.23690,0.08930,0.93170,0.09220,0.92870,0.09330,0.93370,0.08830,0.70470,0.08580,0.48620,0.08590,0.15240
8:30:34,0.92460,0.09470,0.96960,0.10860,0.98770,0.15040,0.81720,0.14510,1.00980,0.17320,0.79170,0.15390,0.99830,0.97090,0.98630,0.99290,1.01580,1.01650,0.65250,0.95670,1.03000,0.99400,0.73720,0.83970,1.00630,0.99390,0.92830,1.00870,1.02420,1.02050,0.50080,0.83220,1.03600,1.02540,0.55210,0.70790,0.11230,0.99230,0.13700,1.00250,0.13510,1.02130,0.14890,0.60550,0.16140,1.02210,0.15110,0.47690,0.95780,0.13010,1.00670,0.13990,0.99290,0.14390,0.83310,0.14630,0.83330,0.15420,1.00910,0.09510,0.96540,0.98920,1.00440,0.99670,1.00780,1.00070,0.67040,1.02960,0.66030,0.93340,1.00850,0.30890,0.96390,0.96500,0.97830,0.98800,0.97720,0.97860,0.44520,0.90940,0.48130,0.76440,1.00510,0.23970,0.09000,0.92910,0.09310,0.92570,0.09420,0.93130,0.08900,0.71120,0.08620,0.49200,0.08630,0.15380
8:40:34,0.92210,0.09560,0.96880,0.10970,0.98680,0.15170,0.82430,0.14660,1.00900,0.17470,0.79740,0.15570,0.99710,0.96940,0.98560,0.99190,1.01480,1.01540,0.66040,0.96200,1.02800,0.99240,0.74500,0.84580,1.00570,0.99220,0.93310,1.00810,1.02380,1.02030,0.50740,0.83970,1.03670,1.02400,0.55900,0.71450,0.11310,0.99130,0.13820,1.00190,0.13640,1.02390,0.15010,0.61290,0.16250,1.02030,0.15230,0.48240,0.95600,0.13110,1.00550,0.14100,0.99180,0.14500,0.84020,0.14730,0.84130,0.15540,1.00800,0.09590,0.96400,0.98740,1.00330,0.99570,1.00670,0.99930,0.67820,1.02970,0.66830,0.93850,1.00730,0.31300,0.96260,0.96340,0.97990,0.98640,0.97860,0.97740,0.45120,0.91350,0.48760,0.77170,1.00370,0.24270,0.09070,0.92640,0.09390,0.92320,0.09500,0.92870,0.08970,0.71750,0.08680,0.49750,0.08660,0.15510
8:50:34,0.92030,0.09620,0.96770,0.11070,0.98540,0.15270,0.83150,0.14790,1.00720,0.17610,0.80120,0.15720,0.99550,0.96800,0.98540,0.99090,1.01380,1.01400,0.66770,0.96590,1.02700,0.99180,0.75230,0.85150,1.00510,0.99110,0.93770,1.00680,1.02280,1.01890,0.51350,0.84680,1.03740,1.02300,0.56590,0.72170,0.11370,0.98990,0.13930,1.00170,0.13760,1.02210,0.15110,0.62000,0.16380,1.01920,0.15330,0.48800,0.95390,0.13210,1.00420,0.14220,0.99060,0.14600,0.84760,0.14820,0.84800,0.15660,1.00710,0.09640,0.96180,0.98760,1.00200,0.99470,1.00560,0.99810,0.68580,1.03020,0.67580,0.94350,1.00620,0.31700,0.96010,0.96220,0.98100,0.98510,0.97980,0.97610,0.45710,0.91710,0.49380,0.77870,1.00240,0.24550,0.09130,0.92400,0.09460,0.92070,0.09580,0.92620,0.09020,0.72350,0.08720,0.50280,0.08690,0.15640
9:00:34,0.91780,0.09700,0.96620,0.11190,0.98500,0.15390,0.83780,0.14930,1.00560,0.17750,0.80580,0.15900,0.99440,0.96730,0.98440,0.98950,1.01290,1.01320,0.67540,0.97070,1.02590,0.99220,0.75980,0.85690,1.00460,0.98920,0.94190,1.00580,1.02210,1.01740,0.52020,0.85350,1.03790,1.02200,0.57270,0.72810,0.11460,0.98820,0.14050,1.00160,0.13900,1.02090,0.15230,0.62720,0.16510,1.01820,0.15440,0.49370,0.95250,0.13330,1.00400,0.14350,0.98950,0.14720,0.85430,0.14940,0.85540,0.15790,1.00580,0.09700,0.96050,0.98740,1.00100,0.99390,1.00450,0.99740,0.69370,1.03050,0.68350,0.94830,1.00480,0.32110,0.95790,0.96110,0.98210,0.98400,0.98130,0.97500,0.46290,0.92040,0.49980,0.78560,1.00090,0.24850,0.09200,0.92130,0.09540,0.91790,0.09660,0.92350,0.09080,0.72940,0.08760,0.50820,0.08720,0.15770
9:10:34,0.91590,0.09780,0.96530,0.11320,0.98370,0.15530,0.84480,0.15080,1.00420,0.17910,0.80960,0.16070,0.99360,0.96620,0.98350,0.98920,1.01190,1.01320,0.68310,0.97410,1.02470,0.98940,0.76670,0.86220,1.00390,0.98840,0.94630,1.00500,1.02170,1.01690,0.52670,0.86020,1.03850,1.02130,0.57970,0.73460,0.11560,0.98680,0.14180,1.00130,0.14040,1.02310,0.15360,0.63420,0.16630,1.01690,0.15570,0.49930,0.95080,0.13460,1.00240,0.14480,0.98900,0.14850,0.86090,0.15060,0.86200,0.15920,1.00480,0.09760,0.95870,0.98680,1.00030,0.99290,1.00340,0.99640,0.70100,1.03060,0.69110,0.95300,1.00400,0.32520,0.95580,0.96000,0.98330,0.98290,0.98210,0.97410,0.46870,0.92380,0.50580,0.79260,0.99990,0.25140,0.09270,0.91850,0.09620,0.91550,0.09750,0.92080,0.09150,0.73530,0.08820,0.51340,0.08750,0.15900
9:20:34,0.91400,0.09850,0.96440,0.11450,0.98220,0.15650,0.85120,0.15210,1.00330,0.18040,0.81430,0.16260,0.99250,0.96530,0.98300,0.98850,1.01070,1.01270,0.69050,0.97840,1.02440,0.98910,0.77410,0.86710,1.00300,0.98710,0.95090,1.00410,1.02200,1.01590,0.53300,0.86670,1.03790,1.02070,0.58650,0.74020,0.11650,0.98580,0.14300,1.00050,0.14170,1.02200,0.15460,0.64130,0.16750,1.01550,0.15690,0.50500,0.94900,0.13600,1.00180,0.14610,0.98840,0.14970,0.86710,0.15160,0.86970,0.16040,1.00480,0.09800,0.95720,0.98640,0.99870,0.99280,1.00260,0.99510,0.70830,1.03040,0.69830,0.95740,1.00260,0.32920,0.95360,0.95900,0.98430,0.98210,0.98340,0.97290,0.47430,0.92700,0.51190,0.79930,0.99900,0.25410,0.09340,0.91630,0.09700,0.91310,0.09830,0.91890,0.09230,0.74090,0.08860,0.51850,0.08780,0.16030
9:30:34,0.91230,0.09920,0.96370,0.11580,0.98100,0.15770,0.85660,0.15350,1.00190,0.18170,0.81830,0.16420,0.99100,0.96490,0.98250,0.98730,1.01040,1.01140,0.69760,0.98150,1.02480,0.98740,0.78070,0.87180,1.00260,0.98670,0.95350,1.00320,1.02140,1.01470,0.53950,0.87330,1.03830,1.01990,0.59280,0.74750,0.11750,0.98460,0.14420,1.00010,0.14300,1.02060,0.15590,0.64810,0.16880,1.01440,0.15800,0.51090,0.94710,0.13730,1.00170,0.14730,0.98670,0.15090,0.87330,0.15270,0.87590,0.16160,1.00390,0.09860,0.95620,0.98580,0.99820,0.99190,1.00150,0.99460,0.71540,1.03080,0.70570,0.96150,1.00170,0.33320,0.95140,0.95810,0.98490,0.98080,0.98380,0.97190,0.48010,0.92980,0.51810,0.80570,0.99760,0.25700,0.09410,0.91370,0.09780,0.91040,0.09910,0.91600,0.09300,0.74630,0.08910,0.52360,0.08820,0.16150
9:40:34,0.91060,0.09950,0.96260,0.11700,0.98010,0.15880,0.86300,0.15460,1.00040,0.18290,0.82090,0.16580,0.99030,0.96390,0.98180,0.98680,1.00950,1.01110,0.70420,0.98500,1.02300,0.98660,0.78770,0.87660,1.00150,0.98490,0.95650,1.00270,1.02020,1.01370,0.54520,0.87870,1.03850,1.01790,0.59970,0.75310,0.11850,0.98320,0.14540,0.99950,0.14430,1.02030,0.15700,0.65470,0.16990,1.01340,0.15910,0.51620,0.94580,0.13850,1.00110,0.14850,0.98570,0.15210,0.87900,0.15380,0.88190,0.16280,1.00300,0.09880,0.95490,0.98570,0.99720,0.99130,1.00020,0.99360,0.72250,1.03040,0.71280,0.96560,1.00070,0.33730,0.94910,0.95710,0.98580,0.98000,0.98430,0.97070,0.48530,0.93240,0.52390,0.81190,0.99610,0.25950,0.09470,0.91090,0.09850,0.90750,0.09990,0.91330,0.09350,0.75130,0.08940,0.52840,0.08830,0.16270
9:50:34,0.90940,0.09940,0.96200,0.11760,0.97870,0.15970,0.86810,0.15560,0.99890,0.18410,0.82220,0.16730,0.98950,0.96290,0.98070,0.98570,1.00770,1.01030,0.71120,0.98860,1.02180,0.98510,0.79360,0.88080,1.00040,0.98420,0.95960,1.00060,1.01880,1.01310,0.55130,0.88470,1.03770,1.01770,0.60570,0.75930,0.11920,0.98170,0.14650,0.99870,0.14540,1.01960,0.15800,0.66140,0.17080,1.01210,0.15990,0.52110,0.94310,0.13970,1.00040,0.14960,0.98550,0.15300,0.88560,0.15460,0.88790,0.16370,1.00110,0.09850,0.95340,0.98530,0.99620,0.99110,0.99930,0.99310,0.72960,1.02950,0.71980,0.96900,0.99930,0.34080,0.94690,0.95600,0.98590,0.97860,0.98500,0.96910,0.49060,0.93460,0.52950,0.81750,0.99480,0.26150,0.09540,0.90830,0.09910,0.90470,0.10050,0.91040,0.09400,0.75600,0.08950,0.53310,0.08830,0.16400
10:00:34,0.90760,0.09990,0.96070,0.11830,0.97760,0.16060,0.87310,0.15660,0.99760,0.18520,0.82600,0.16860,0.98860,0.96230,0.97990,0.98470,1.00740,1.00950,0.71780,0.99100,1.02140,0.98500,0.80000,0.88460,0.99920,0.98280,0.96310,1.00040,1.01890,1.01190,0.55710,0.89030,1.03750,1.01640,0.61220,0.76490,0.11980,0.97990,0.14740,0.99770,0.14640,1.01890,0.15890,0.66790,0.17180,1.01060,0.16070,0.52610,0.94180,0.14070,0.99950,0.15060,0.98440,0.15400,0.89070,0.15550,0.89360,0.16470,1.00050,0.09820,0.95200,0.98510,1.00120,0.99070,0.99820,0.99190,0.73650,1.02870,0.72640,0.97240,0.99820,0.34430,0.94450,0.95470,0.98650,0.97740,0.98500,0.96830,0.49590,0.93620,0.53530,0.82290,0.99340,0.26380,0.09610,0.90570,0.09990,0.90220,0.10120,0.90720,0.09450,0.76050,0.08980,0.53790,0.08850,0.16530

